0	147.49000	2.2148144198186634	0.1803088150000000	0.1140313100000000
4	4.35645	2.2414177539957425	0.1514970250000000	0.1090689500000000
6	4.69902	2.2449971696336193	0.1573678250000000	0.1047383750000000
802	9.13833	2.2213638735003967	0.1225318400000000	0.0819397950000000
803	9.13833	2.1584982462735711	0.1288678350000000	0.1138472800000000
804	4.74542	2.2431579086387949	0.1505846150000000	0.1151901500000000
808	4.77777	2.2452116360168879	0.1541218600000000	0.0972033900000000
810	4.50192	2.2448297212453574	0.1529195200000000	0.0633033350000000
812	4.12992	2.2493751221743739	0.1411722250000000	0.1553993650000000
814	5.51014	2.2456272784561921	0.1822514100000000	0.1092085950000000
816	4.70120	2.2287036722128968	0.1670501000000000	0.0982646200000000
820	5.49543	2.2360839213510442	0.1588819050000000	0.1044854850000000
822	4.02000	2.2523421014508909	0.1393910250000000	0.0743060650000000
824	5.48187	2.2272064332047878	0.1612447100000000	0.1029827100000000
826	5.02823	2.2324531141925852	0.1523146950000000	0.0816203350000000
828	4.39944	2.2439914834635881	0.1448194100000000	0.0833095450000000
830	4.76516	2.2410267010297300	0.1582116050000000	0.0752480450000000
834	4.69003	2.2425424058135150	0.1505256350000000	0.0476287800000000
836	9.14174	2.2144075544717614	0.1612316300000000	0.1059498650000000
838	11.07470	2.2206527884930147	0.1501879150000000	0.1087561200000000
842	7.66761	2.4132120022684922	0.2732883700000000	0.1426204750000000
843	7.66761	2.1751126176753264	0.1513252250000000	0.0787663600000000
844	5.82782	2.2286761565590827	0.1449389100000000	0.0955029850000000
846	4.41559	2.2305282257383956	0.1695062450000000	0.0712216300000000
850	5.91751	2.2325070317120219	0.1368183000000000	0.0757756550000000
854	4.25077	2.1737371024550578	0.1608867100000000	0.1489158150000000
856	4.41190	2.2455196064573930	0.1460774500000000	0.0735026300000000
858	4.98057	2.2369398460237315	0.1396541650000000	0.1234291200000000
860	4.86085	2.2287291229953081	0.1573070850000000	0.1093117650000000
861	4.86085	2.2254907963915636	0.1802918850000000	0.1393801250000000
862	4.83234	2.2453190573578641	0.1537228200000000	0.1001395450000000
864	4.09047	2.2457534847917229	0.1564964500000000	0.1013881350000000
866	4.16608	2.2377797625998732	0.1530233600000000	0.1155540000000000
872	4.02906	2.2374071172461347	0.1234182750000000	0.0744768300000000
878	4.54933	2.2445682273175738	0.1264565350000000	0.0779169000000000
80	5.11851	2.2279178425290054	0.1516894950000000	0.0746345350000000
82	4.14228	2.2426382331110610	0.1370597400000000	0.0818574800000000
84	6.99024	2.2313764119994448	0.1672252900000000	0.1078931100000000
86	4.43023	2.2479397845265585	0.1523685950000000	0.1120196500000000
882	4.12996	2.2454156355553891	0.1536111550000000	0.1023580600000000
886	4.24842	2.2450196913480425	0.1470082000000000	0.0819315050000000
888	6.76593	2.2311578294761012	0.1529312350000000	0.0746992500000000
890	4.95505	2.2266383647508650	0.1223069500000000	0.0776553400000000
892	5.01257	2.2415157777644112	0.1573195950000000	0.0842978600000000
894	9.01225	2.2226308914030506	0.1439112450000000	0.1027071950000000
896	4.86598	2.2352341794365542	0.1304535150000000	0.0836590250000000
900	4.50584	2.2358752980157637	0.1357636950000000	0.0902961200000000
902	4.70921	2.2334483059086199	0.1484744550000000	0.1149807050000000
904	4.73006	2.2451028046923307	0.1441216250000000	0.0905961200000000
906	7.99125	2.2201938142067386	0.1018658600000000	0.0868158800000000
907	7.99125	2.1730139779051663	0.1568262400000000	0.0585972200000000
908	5.04026	2.2420722030224653	0.1537619250000000	0.1084254200000000
910	4.24570	2.2257838979292757	0.1545460050000000	0.0617436600000000
912	4.86089	2.2392637592654761	0.1608345700000000	0.1019892550000000
920	4.84378	2.2372821484788483	0.1707251000000000	0.1368534350000000
922	4.80728	2.2459038713991633	0.1544658850000000	0.1279324650000000
927	8.94695	2.3336251560188765	0.2548752850000000	0.1081493000000000
930	4.67121	2.2438735756206820	0.1796447500000000	0.1281280050000000
932	4.53006	2.2341291479667604	0.1351616750000000	0.1031176800000000
934	4.34599	2.2472368523420547	0.1682639850000000	0.0871090200000000
938	4.13974	2.2425850192509196	0.1491375250000000	0.0949397100000000
940	4.62017	2.2358438078609022	0.1596978750000000	0.0966539000000000
942	4.78462	2.2366331342601367	0.1273169200000000	0.0740517600000000
944	4.71987	2.2461386370986900	0.1465505950000000	0.0926639750000000
946	6.24975	2.2125234790174400	0.1164115200000000	0.0875401950000000
948	4.02000	2.2438653515487137	0.1517502500000000	0.1096248600000000
950	10.71510	2.2190967075177004	0.1329204550000000	0.0909983300000000
954	8.53221	2.2231738324286003	0.1634708700000000	0.1054792700000000
956	4.00829	2.2385066487738117	0.1383439250000000	0.0996801750000000
958	16.47030	2.2140040257556892	0.1342454450000000	0.1010678200000000
88	5.11225	2.2358677452092488	0.1545638900000000	0.1000508000000000
94	6.88144	2.2300888636984473	0.1532078100000000	0.0680696100000000
960	5.30527	2.2381143442809184	0.1274873750000000	0.0903365650000000
962	4.08396	2.2456111266004237	0.1545621000000000	0.0970002300000000
968	4.86595	2.2427858868393891	0.1540072750000000	0.1201289600000000
970	5.00324	2.2295553741819911	0.1545402050000000	0.1071622000000000
972	4.14000	2.2451756623555981	0.1584988150000000	0.0977814500000000
974	5.07010	2.2334545354640754	0.1234918100000000	0.0644794950000000
976	6.08247	2.2358760678740404	0.1633834300000000	0.0799016950000000
978	5.95959	2.2291504183262658	0.1445878600000000	0.0982087650000000
979	5.95959	2.3894806158445832	0.2635864250000000	0.1356678100000000
980	4.01998	2.2452816579202395	0.1265203700000000	0.0778278900000000
982	4.16579	2.2331423588419295	0.1108055250000000	0.0821755100000000
984	4.28682	2.2422343714262927	0.1366131700000000	0.0688294900000000
988	5.02105	2.2402638660643470	0.1412781800000000	0.1065743400000000
990	4.13117	2.2928138872834714	0.2040133850000000	0.1327197050000000
994	5.46914	2.2385201293896233	0.1643992000000000	0.1059017400000000
996	4.81901	2.2367198491405560	0.1508551250000000	0.0691487000000000
998	4.05999	2.2235682776883454	0.0974087950000000	0.0887143250000000
1000	6.84932	2.2306423250123948	0.1599822300000000	0.0377680750000000
1002	4.06005	2.2470189875299380	0.1403872300000000	0.0693248350000000
1004	4.05646	2.2512194994669317	0.1648910900000000	0.1251909600000000
1006	4.73002	2.2376087884957725	0.1490102500000000	0.0859940600000000
1008	10.74660	2.2175124070962928	0.1484052700000000	0.0958754950000000
1009	10.74660	2.1767948236600811	0.1352294450000000	0.0569351750000000
1010	7.48502	2.2236726386534786	0.1738863050000000	0.0862225650000000
1012	4.85771	2.2416083418314403	0.1601978800000000	0.0922943200000000
1014	4.79428	2.2452957639803666	0.1517418450000000	0.0695943150000000
1016	5.42450	2.2364002028914114	0.1207145200000000	0.0920683400000000
1018	4.35595	2.2391505498459892	0.1537800100000000	0.1097687000000000
1020	4.59215	2.2363038815860552	0.1160059300000000	0.0741303850000000
1024	4.11828	2.2391908046923863	0.1412011900000000	0.0919142650000000
1026	5.42788	2.2279870683696386	0.1581788000000000	0.0969936600000000
1030	5.39013	2.2412264181329560	0.1893655850000000	0.1252877300000000
1032	5.37206	2.2315838645094330	0.1507484550000000	0.1026329950000000
1036	6.19163	2.2320481533190906	0.1333353400000000	0.0777386050000000
1038	20.58720	2.2054729812228886	0.1433404100000000	0.1044508850000000
1039	20.58720	2.2024871133011037	0.1620173850000000	0.1119172400000000
96	4.49598	2.2444231680546971	0.1657522000000000	0.1124958350000000
100	4.44442	2.2410603875246804	0.1496895900000000	0.0775051300000000
102	11.84740	2.2176777960921594	0.1476919750000000	0.0834560150000000
103	11.84740	2.1899989607159727	0.1418564800000000	0.0817449600000000
1040	7.67028	2.2005724125933548	0.1864442600000000	0.1066417950000000
1042	8.97676	2.2262595765105107	0.1508487500000000	0.0893136250000000
1044	7.71618	2.2242724701088905	0.1498429850000000	0.1057752000000000
1045	7.71618	2.1734410078845134	0.1512323800000000	0.0855390350000000
1048	7.04994	2.2291512486149192	0.1494266750000000	0.1082772200000000
1049	7.04994	2.1884869744055377	0.1643321600000000	0.0547431200000000
1050	4.79443	2.2270724201083065	0.1066558550000000	0.0974513950000000
1054	5.00964	2.2357987511853699	0.1287983100000000	0.0917327650000000
1056	13.19180	2.2359668829661419	0.1568626850000000	0.0405100950000000
1057	13.19180	2.6078400172343446	0.3777942150000000	0.1356981800000000
1058	5.16946	2.2335298088318583	0.1525263900000000	0.1156306650000000
1060	4.42420	2.2450366320892923	0.1489772100000000	0.1102015400000000
1062	7.52754	2.2244169280599171	0.1481064350000000	0.0990858350000000
1064	4.13375	2.2461484761506809	0.1558336350000000	0.1136178700000000
1066	4.58473	2.2385484734709924	0.1386362200000000	0.0848502100000000
1068	4.03979	2.2460902095060309	0.1479198400000000	0.0898965350000000
1070	5.57741	2.2366596142218209	0.1534500850000000	0.1155887750000000
1074	5.15909	2.2332191525900975	0.1350063150000000	0.1077847350000000
1076	4.75638	2.2367409058271313	0.1333846300000000	0.0856915350000000
1078	9.13998	2.2200430676709573	0.1559611150000000	0.0892731350000000
1080	6.88055	2.2267451194640970	0.1381504200000000	0.0789198900000000
1082	4.01200	2.2379132606370002	0.1613452400000000	0.1318432050000000
1084	4.39977	2.2432949430950067	0.1379091050000000	0.0971590800000000
1090	5.32049	2.2340301355519419	0.1568077950000000	0.1171052650000000
1092	4.06107	2.2417262270846354	0.1400036550000000	0.0793003150000000
1094	5.02848	2.2421147716405878	0.1406285450000000	0.0889191000000000
1096	4.94043	2.2373159699579248	0.1385230250000000	0.0841241300000000
1098	4.99017	2.2311799443234999	0.1228211400000000	0.0658941750000000
1100	6.64546	2.2258886815661341	0.1443616000000000	0.0870536350000000
1104	4.56992	2.2355530533613956	0.1398579000000000	0.0665246700000000
1106	5.56954	2.2323168790857424	0.1553423300000000	0.0984827500000000
1108	4.29600	2.2464723188325877	0.1535496550000000	0.0992357800000000
1110	4.41101	2.2506720500542610	0.1504821950000000	0.0850175700000000
1114	6.80212	2.2248760796792775	0.1594689800000000	0.1053543100000000
1116	4.09318	2.2358655212401022	0.1465649250000000	0.0985827850000000
1118	4.94317	2.2390259567774171	0.1355226900000000	0.1243815550000000
104	4.17470	2.2442398358132540	0.1205678250000000	0.0832517800000000
106	4.24173	2.2393907137815656	0.1192329050000000	0.0967471600000000
108	6.74909	2.2357102916541405	0.1735129550000000	0.1235818750000000
110	4.95835	2.2404404227210941	0.1613560000000000	0.0849974000000000
1120	6.15791	2.2249195149804804	0.1320961350000000	0.0829047550000000
1122	4.50022	2.2306017607517719	0.1287640500000000	0.0864133100000000
1126	4.63993	2.2439420378825159	0.1498083800000000	0.1144916150000000
1128	4.73005	2.2425021875535784	0.1398701650000000	0.0795556700000000
1130	6.62189	2.2225771734062469	0.1492055350000000	0.1094941200000000
1132	4.82357	2.2411542881385591	0.1448884050000000	0.1098165650000000
1134	4.49785	2.2391674981522751	0.1553196800000000	0.1212056550000000
1136	4.52370	2.2411238223158314	0.1625145100000000	0.0754514950000000
1138	4.57963	2.2426412271637086	0.1579097750000000	0.0958311250000000
1140	4.33156	2.2425711293159991	0.1292544850000000	0.0687676750000000
1142	5.77021	2.2220399721708377	0.1398432950000000	0.1047126950000000
1147	8.21793	2.1740545581760329	0.1354438800000000	0.0854251550000000
1148	4.34715	2.2499998502618204	0.1495957500000000	0.1288302450000000
1149	4.34715	2.3887053670563305	0.2564225750000000	0.1342433450000000
1150	4.29202	2.2380695991151258	0.1595313050000000	0.0969832600000000
1152	6.15727	2.2268647297651114	0.1599682000000000	0.0901124100000000
1154	4.28273	2.2338175745941586	0.1427468600000000	0.1307997100000000
1156	4.92139	2.2501897214164268	0.1761948350000000	0.0881029700000000
1158	4.44046	2.2388043052809445	0.1208516750000000	0.0990282350000000
1162	5.65769	2.2428050894116418	0.1880481850000000	0.1552376250000000
1165	8.96572	2.3750218337594542	0.2729916900000000	0.1244777600000000
1166	4.99160	2.2404569179434946	0.1502082400000000	0.1298225200000000
1168	4.99998	2.2422077770263282	0.1229069250000000	0.0881173750000000
1170	4.44863	2.2423444870679581	0.1562087500000000	0.1164851950000000
1172	7.77621	2.2127345608303681	0.1300124000000000	0.0690404650000000
1176	8.82243	2.2178853026912679	0.1340296700000000	0.0997291150000000
1177	8.82243	2.1863242901419633	0.1493910800000000	0.0731204300000000
1178	4.03092	2.2497036558724992	0.1366179400000000	0.0795731600000000
1180	6.98595	2.2251132055641381	0.1332317800000000	0.1027182900000000
1182	4.13498	2.2370046286943279	0.1620342600000000	0.0618323250000000
1186	4.49995	2.2433550074348205	0.1517625500000000	0.0983877350000000
1188	4.47575	2.2244744483063910	0.1449850750000000	0.1321545950000000
1190	9.36204	2.2207052818047770	0.1514394350000000	0.0982596850000000
1192	4.60472	2.2391126129711010	0.1608681250000000	0.0631948300000000
1194	5.00000	2.2328983200304942	0.1485333350000000	0.0992450300000000
1195	5.00000	2.1664123348202571	0.1453894200000000	0.0521843750000000
1197	4.78462	2.2321167661361736	0.1667676850000000	0.0947975850000000
112	4.34973	2.2437204843077887	0.1363246350000000	0.0881597250000000
114	5.67070	2.2297747585832632	0.1381826750000000	0.0704704050000000
116	4.16424	2.2434484781480348	0.1401220300000000	0.0671175050000000
118	4.02935	2.2428727597534261	0.1244075700000000	0.0816409550000000
1200	7.75231	2.2205168437303939	0.1507710250000000	0.1161369650000000
1202	4.35313	2.2367397364822308	0.1460316700000000	0.1139272700000000
1204	6.77997	2.2263238531542293	0.1438679000000000	0.0996351700000000
1206	6.99988	2.2287387023289904	0.1457444650000000	0.1049065000000000
1207	6.99988	2.1744578817059370	0.1288621850000000	0.0960204950000000
1212	4.82000	2.2517846587094921	0.1855781500000000	0.1147573550000000
1214	10.74680	2.2204746195498077	0.1317683450000000	0.0690269400000000
1216	4.93969	2.2307463481617407	0.1422826800000000	0.0979785650000000
1218	7.34905	2.2249458901369334	0.1549172350000000	0.1255239850000000
1219	7.34905	2.3298849998058735	0.2382311750000000	0.1688692900000000
1220	12.93590	2.2166886395237193	0.1533587800000000	0.1145717350000000
1222	4.15682	2.2456982663387102	0.1588968500000000	0.1046954050000000
1224	4.57009	2.2391162586931195	0.1625676550000000	0.0678554350000000
1226	4.35377	2.2160774197325823	0.1264778750000000	0.0678102250000000
1228	4.42998	2.2406705181086339	0.1186718650000000	0.0850983250000000
1230	5.20353	2.2335557962259043	0.1568782150000000	0.0694248000000000
1232	4.57896	2.2424570232491714	0.1518165100000000	0.0804708600000000
1234	5.14180	2.2331086954975992	0.1388219750000000	0.1101180000000000
1236	4.22672	2.2418357513489022	0.1106032400000000	0.0915933500000000
1240	6.10483	2.2310861112174476	0.1580256200000000	0.0807083700000000
1242	5.75275	2.2285890940426101	0.1641117550000000	0.1101001950000000
1244	4.25318	2.2438300635920383	0.1372855500000000	0.0751691750000000
1246	4.67784	2.2405647011092400	0.1161296000000000	0.0574769450000000
1248	4.14212	2.2455426957909004	0.1208145550000000	0.0824767350000000
1250	7.39761	2.2320007171468927	0.1652301700000000	0.1135711550000000
1252	4.82270	2.2409646013654099	0.1345830250000000	0.0750166600000000
1254	4.41000	nan	nan	0.0000000000000000
1256	5.28996	2.2424119532662092	0.1618638700000000	0.0451082750000000
1258	6.13964	2.2256821433352014	0.1368971750000000	0.1123700450000000
1260	5.95341	2.2339849531794425	0.1753130150000000	0.1393390050000000
1264	4.59321	2.2439477307714450	0.1592587900000000	0.0701838300000000
1266	4.18517	2.3409192630809832	0.2297326800000000	0.1284673000000000
1268	7.77916	2.2241605925609549	0.1428428550000000	0.1089834500000000
1270	5.12282	2.2314790792156751	0.1202752400000000	0.1124857650000000
1274	7.78094	2.2143074900467479	0.1643717200000000	0.0407255150000000
1275	7.78094	2.1827589738267839	0.1699115550000000	0.1004515250000000
1276	6.23931	2.2286183560669062	0.1348287150000000	0.0607104050000000
120	4.49998	2.2474965387161725	0.1633946500000000	0.1066756900000000
122	4.12503	2.2432444627523558	0.1529662550000000	0.1063669800000000
124	4.01006	2.2502437124833077	0.1511573600000000	0.0846527800000000
126	4.67039	2.2422733089313485	0.1367056350000000	0.0514404400000000
1280	4.86258	2.2367888076875859	0.1588294400000000	0.0914848900000000
1282	9.14179	2.2232519564430220	0.1300670500000000	0.0837796100000000
1284	8.93260	2.2229047908964410	0.1447843250000000	0.1024455000000000
1286	16.78930	2.2105303137853931	0.1394652550000000	0.0867513050000000
1288	4.10059	2.2446031973694680	0.1192799200000000	0.0893713700000000
1290	4.41996	2.2443134787609580	0.1591258650000000	0.0888995350000000
1294	41.53440	2.2021136013766318	0.1384914450000000	0.0847214100000000
1295	41.53440	2.1952258591811478	0.1297661550000000	0.1017172000000000
1296	4.83472	2.2332618432820004	0.1459019300000000	0.0724087050000000
1298	4.20010	2.2424695205859275	0.1576973650000000	0.1048496400000000
1300	5.56063	2.2411873247423557	0.1581383400000000	0.1091993900000000
1306	26.52460	2.2080622485172792	0.1611939000000000	0.0731628650000000
1308	5.28082	2.2365658475539987	0.1499311150000000	0.1038689300000000
1310	4.21926	2.2573562785792047	0.1431917000000000	0.0805350950000000
1312	4.92507	2.2370476294160171	0.1275375500000000	0.0951981900000000
1316	8.20009	2.2124271115368956	0.1160976100000000	0.0928306250000000
1318	4.28512	2.2440179214610176	0.1542159400000000	0.1320951850000000
1320	4.50593	2.2383346025330391	0.1343871150000000	0.1069292600000000
1322	4.92764	2.2337929469100590	0.1473529850000000	0.1206698000000000
1324	4.19051	2.2450008902379612	0.1265586250000000	0.0924338600000000
1326	5.08958	2.2262908354463740	0.1699423550000000	0.1036711650000000
1327	5.08958	2.2525438798008808	0.2142773500000000	0.0581342900000000
1328	6.31772	2.2256124000033504	0.1266492700000000	0.0725398200000000
1330	4.42435	2.2451387937112965	0.1349710350000000	0.0802440500000000
1332	11.47260	2.2154769847587246	0.1599127850000000	0.1027361250000000
1334	6.43223	2.2300563918318685	0.1293880500000000	0.0670738950000000
1336	5.40002	2.2328908421994180	0.1667000000000000	0.0924707700000000
1338	4.29983	2.2435567548992132	0.1175119400000000	0.0892420750000000
1340	4.74091	2.2025253640171201	0.1137192350000000	0.1438111800000000
1342	9.22604	2.2180163116923453	0.1566603500000000	0.1053268150000000
1343	9.22604	2.1652988985327779	0.1325030150000000	0.1032769300000000
1346	4.12469	2.2410279389713237	0.1567046500000000	0.0901012500000000
1348	4.19133	2.2425549494580506	0.1435310500000000	0.1096839950000000
1350	19.24980	2.2164392748586494	0.1697510550000000	0.0849632300000000
1352	6.49995	2.2298095139344469	0.1312612650000000	0.0749808000000000
1353	6.49995	2.2755892235578026	0.2291780200000000	0.1091724750000000
1354	4.93868	2.2385620489127054	0.1524807550000000	0.1214243400000000
1356	5.16798	2.2378739306955260	0.1711321200000000	0.0803364900000000
130	4.41998	2.2398858710524818	0.1324143250000000	0.1100317000000000
132	4.26004	2.2441340337307123	0.1251952750000000	0.0981551150000000
135	11.47650	2.1931582095307443	0.1626132900000000	0.1003586750000000
1360	4.34000	2.2452952098567485	0.1306131550000000	0.0782972750000000
1362	4.19857	2.2407398565772150	0.1211351700000000	0.0828384300000000
1366	4.28500	2.2494260604867495	0.1449407650000000	0.0660477750000000
1368	4.33103	2.2406665110706530	0.1611490450000000	0.0841280450000000
1370	5.01810	2.2425927881889813	0.1364221600000000	0.0952524700000000
1372	4.83900	2.2349945316352113	0.1164362650000000	0.0802379600000000
1374	11.70160	2.2182066714324451	0.1384831300000000	0.0979776050000000
1376	4.18779	2.2406170765350817	0.1187156450000000	0.0748018650000000
1378	4.30225	2.2431680580644104	0.1465506750000000	0.0823648450000000
1380	4.47979	2.2440044815862334	0.1234953650000000	0.0745670100000000
1382	4.19429	2.2464871300536542	0.1538955950000000	0.0999228000000000
1384	4.74990	2.2385170769763159	0.1428581900000000	0.0830358350000000
1386	4.46202	2.2400873672630381	0.1427070500000000	0.0705298800000000
1388	7.51339	2.2173364922914764	0.1114603100000000	0.0982252950000000
1390	4.07593	2.2440893765574210	0.1360483550000000	0.0807586650000000
1392	4.50586	2.2371833285723817	0.1391962250000000	0.1163559850000000
1394	5.40028	2.2341493020272267	0.1385651150000000	0.1055283800000000
1396	4.21001	2.2525285132703980	0.1731505700000000	0.1003176050000000
1398	4.55972	2.2297848320798321	0.1766933900000000	0.1195242300000000
1400	6.45934	2.2295746769411693	0.1526418700000000	0.1200115650000000
1404	5.63143	2.2352320463116389	0.1386974000000000	0.0608477550000000
1406	5.45344	2.2264746646123403	0.1014451400000000	0.1004982800000000
1410	3.99999	2.2441361131246613	0.1407419950000000	0.1185149050000000
1412	5.06884	2.2317246261932810	0.1511871600000000	0.1037792200000000
1414	5.17088	2.2380147659472645	0.1269766100000000	0.0586586450000000
1416	4.16630	2.2442635075769402	0.1425256500000000	0.0915326750000000
1418	4.45962	2.2450160662957472	0.1582779950000000	0.0720804550000000
1420	4.96768	2.2410916489214885	0.1209004400000000	0.0756459300000000
1422	6.48742	2.2765022640220276	0.1663094500000000	0.1174658100000000
1424	4.55737	2.2287024612637008	0.1395180850000000	0.1139811050000000
1426	4.59597	2.2230337260723125	0.1587358100000000	0.0999162800000000
1430	4.82750	2.2357622948933007	0.1569166850000000	0.0929704900000000
1432	4.74588	2.2333044889033942	0.1662510300000000	0.0312902250000000
1436	4.05549	2.3342900996691682	0.2314687950000000	0.1212120550000000
1438	4.35346	2.2300112776924412	0.1171339100000000	0.1130714650000000
136	8.85313	2.2470339871038845	0.1790153750000000	0.1230333800000000
138	5.65792	2.2149686144600076	0.1337813650000000	0.0859032350000000
142	7.11878	2.2306240373153288	0.1244365300000000	0.0843509200000000
1440	14.84560	2.2164729908561887	0.1490239550000000	0.0952106650000000
1442	5.15863	2.2287159288874467	0.1541193750000000	0.1033021800000000
1444	4.52015	2.2351715358526318	0.1136876950000000	0.0815348850000000
1446	13.19560	2.2056481184867396	0.1363398550000000	0.0884703000000000
1447	13.19560	2.1882479278281357	0.1304900550000000	0.0980765500000000
1449	5.21879	2.3583241232223044	0.2539676150000000	0.1180090650000000
1451	4.43024	2.1534899468973046	0.1046492550000000	0.0918764350000000
1452	26.14010	2.2014207656643290	0.1474331200000000	0.0924790650000000
1453	26.14010	2.1959706230095923	0.1404417500000000	0.1007641000000000
1454	4.41029	2.1509059227879206	0.1278890200000000	0.1092723850000000
1458	6.81732	2.2296619000960241	0.1530847750000000	0.1012371900000000
1459	6.81732	2.1671226639139061	0.1149718050000000	0.0817493350000000
1462	4.30914	2.2438428005669873	0.1414283900000000	0.0922840900000000
1463	4.30914	2.1701944688777983	0.1693427550000000	0.0473210500000000
1464	4.88418	2.2424813446484793	0.1558093850000000	0.0886096200000000
1466	5.14388	2.2359222704497452	0.1398876900000000	0.1253446800000000
1468	5.40044	2.2364555763652691	0.1379991750000000	0.1086666550000000
1474	16.46020	2.2091543409706209	0.1529253250000000	0.0912319350000000
1476	4.04919	2.2407581410968658	0.1095486950000000	0.0811784000000000
1478	4.73253	2.2387863521177493	0.1519273950000000	0.0949955400000000
1480	4.41109	2.2418451588364707	0.1486505700000000	0.0650812200000000
1482	8.11443	2.2250307454115492	0.1766664250000000	0.0805281450000000
1484	4.90953	2.2394293819911768	0.1436036750000000	0.0934653850000000
1486	4.76000	2.2350423909299262	0.1448467750000000	0.0979735750000000
1488	4.99997	2.2383122307509042	0.1485013950000000	0.1037707300000000
1492	4.27256	2.2436645297360260	0.1445826400000000	0.0874872050000000
1494	8.85629	2.2199856157285747	0.1384762950000000	0.0787411450000000
1496	4.43155	2.3201551842096384	0.2125131200000000	0.1447866950000000
1498	5.33950	2.2364501645008819	0.1305462000000000	0.0764177750000000
1500	10.05860	2.2110479919699224	0.1413755650000000	0.0986729900000000
1501	10.05860	2.1109006950857250	0.1585658700000000	0.0711080300000000
1502	5.32626	2.2382403597424725	0.1518477500000000	0.1130469950000000
1504	5.00547	2.2380135194380357	0.1477558200000000	0.1088409350000000
1506	6.05950	2.2312469090408613	0.1426883100000000	0.1002749200000000
1508	4.98861	2.2388855468128761	0.1501954250000000	0.1087636400000000
1510	7.57217	2.2230846081798701	0.1601403600000000	0.0887246450000000
1512	6.33965	2.2225895915827087	0.1284049450000000	0.0778443400000000
1513	6.33965	2.1765905916231731	0.1476252550000000	0.0705310300000000
1514	4.41009	2.2392098221341814	0.1628522200000000	0.1312386650000000
1518	4.00000	2.2303032703889665	0.1501268800000000	0.0685995500000000
144	4.19992	2.2480122873721236	0.1527818850000000	0.0771678350000000
145	4.19992	2.1455369893245737	0.1194933300000000	0.0627280850000000
146	4.16991	2.2468057593546353	0.1301333150000000	0.0847343600000000
148	4.15883	2.2510712159226607	0.1475797100000000	0.1367683350000000
150	5.97077	2.2309215192395238	0.1528011850000000	0.1074743300000000
1526	4.13878	2.2556852942434795	0.1983679100000000	0.1146880200000000
1530	6.61898	2.2262767346842409	0.1578275200000000	0.0984777950000000
1534	4.40991	2.2484079606285099	0.1559537300000000	0.1022972200000000
1536	6.77581	2.2303277766254825	0.1548872500000000	0.1204863700000000
1539	6.34045	2.1723881751063563	0.1363960300000000	0.0848769950000000
1540	5.93810	2.2304888105392018	0.1291646450000000	0.0725482500000000
1542	4.00992	2.2456644847652605	0.1625018200000000	0.0898252000000000
1544	6.17991	2.2330322487355154	0.1488165800000000	0.0972679250000000
1546	5.33599	2.2393920767182030	0.1669949200000000	0.0976846200000000
1548	4.86100	2.2411414216372254	0.1702028350000000	0.0632189800000000
1550	4.11980	2.2492663166497255	0.1307370400000000	0.0810927400000000
1552	4.80348	2.2338856563489329	0.1568319650000000	0.1073644400000000
1554	9.48333	2.2235567783795767	0.1652100000000000	0.0810947450000000
1555	9.48333	2.1772713752524568	0.1453715950000000	0.0852065150000000
1556	5.13316	2.2358980195172222	0.1396836400000000	0.1011971150000000
1558	6.80042	2.2305166042694129	0.1526021350000000	0.0945142900000000
1561	6.99947	2.1651965935893576	0.1286922550000000	0.1067137050000000
1562	5.98505	2.2141514371275357	0.0855135250000000	0.0568805550000000
1566	5.19021	2.2247957198592938	0.1398854500000000	0.0805244400000000
1568	4.75006	2.2344512477210907	0.1078378900000000	0.0867773200000000
1570	5.24969	2.2306272917836223	0.1178131200000000	0.0789038850000000
1572	5.57786	2.2164744213107532	0.1421971800000000	0.0951315900000000
1578	5.96102	2.2286945868027050	0.1525089200000000	0.0946445150000000
1580	6.63143	2.2259447023958403	0.1236226000000000	0.0863727300000000
1582	4.83719	2.2357310899090899	0.1523671700000000	0.1027483150000000
1584	8.53797	2.2292311528094917	0.1568371400000000	0.0980457350000000
1585	8.53797	2.1791044635936543	0.1468250850000000	0.0783878750000000
1586	7.09003	2.2126613847244041	0.1304228600000000	0.0942260600000000
1588	5.52782	2.2366615995212928	0.1478930800000000	0.1053954550000000
1590	4.29175	2.2390381975675031	0.1634011150000000	0.0777320850000000
1592	4.96853	2.2354223329501677	0.1197527950000000	0.0883550150000000
1594	4.28156	2.2358082661361451	0.1438023150000000	0.1278643000000000
1596	11.63420	2.2203768737140352	0.1546512600000000	0.1033825400000000
1597	11.63420	2.1882155807714168	0.1558176650000000	0.1081300150000000
152	4.46989	2.2412414583812903	0.1212530700000000	0.0861890550000000
154	4.73684	2.2377999247095501	0.1256754550000000	0.0935646150000000
156	5.91927	2.2365771259356544	0.1459766000000000	0.0822664850000000
158	4.24722	2.2465701424861790	0.1409253200000000	0.0751794750000000
9	7.67354	2.2932923021344416	0.2258107150000000	0.0878515900000000
10	6.61961	2.2277881543338411	0.1475334650000000	0.0989561800000000
1600	5.91412	2.2301055245483918	0.1612729000000000	0.1202645400000000
1601	5.91412	2.2234936156276368	0.1912952500000000	0.1355581800000000
1602	4.45082	2.2425493891897457	0.1642756050000000	0.1204762450000000
1604	4.01197	2.2494387326437422	0.1331219600000000	0.0699761900000000
1606	7.80313	2.2249302372369568	0.1402866950000000	0.1034566850000000
1607	7.80313	2.1796853094190172	0.1330000650000000	0.1102858000000000
1608	4.35612	2.2410160865391919	0.1299397050000000	0.0795318800000000
1610	6.87927	2.2247251651957947	0.1520621250000000	0.1002475900000000
1612	11.05520	2.2127628879077670	0.1701569800000000	0.0962570550000000
1614	4.00000	2.2505491809483051	0.1418970700000000	0.0714854900000000
1616	4.47015	2.2475097292666684	0.1960291700000000	0.0531854750000000
1618	5.73820	2.2276555318192552	0.1555603400000000	0.0955146350000000
1620	7.00016	2.2283807549994710	0.1260801750000000	0.0760302750000000
1622	12.58970	2.2136063359153080	0.1620157600000000	0.0887708900000000
1624	4.48996	2.2474018547026136	0.1205582650000000	0.0846148450000000
1626	4.90009	2.2323353085021456	0.1475163950000000	0.1024884150000000
1627	4.90009	2.1647979414496419	0.1261931500000000	0.0874021550000000
1630	4.68953	2.2385072748009329	0.1244343550000000	0.0826159550000000
1636	4.18877	2.2305660948988177	0.1529795400000000	0.1041430900000000
1639	4.64040	2.1678023614001516	0.1279214450000000	0.1065728750000000
1640	4.79451	2.2394092884423427	0.1293453050000000	0.1027623250000000
1642	12.51970	2.2170953233761641	0.1626077450000000	0.1000491450000000
1644	7.68019	2.2212938108414479	0.1172242750000000	0.0715271650000000
1648	4.34003	2.2449659429065401	0.1395087550000000	0.0862996500000000
1650	4.01793	2.2401167902092256	0.1513787150000000	0.0389276250000000
1651	4.01793	2.1614107688384432	0.1932173150000000	0.0589827550000000
1653	4.59385	2.1392644460722496	0.1078219000000000	0.0857540500000000
1654	12.19800	2.2219016548673776	0.1671216250000000	0.0901804400000000
1656	4.50001	2.2448255864596538	0.1487003400000000	0.1026479750000000
1658	4.83879	2.2358886403550904	0.1793455799999999	0.0849937200000000
1660	5.07562	2.2154469938785013	0.1135183300000000	0.1098827300000000
1662	8.78127	2.2228023809947071	0.1538639200000000	0.1051513350000000
1664	4.94033	2.2394442668665659	0.1433179800000000	0.0992433750000000
1670	7.31305	2.2287609483124959	0.1616382750000000	0.1206578850000000
1671	7.31305	2.1977998017903784	0.1776595150000000	0.0817057700000000
1674	11.11390	2.2182984689528702	0.1192468100000000	0.0677634500000000
1675	11.11390	2.1911065538987966	0.1370629500000000	0.0786691750000000
1676	4.40009	2.2383199748698974	0.1563798850000000	0.0949707450000000
1678	4.18668	2.2452534634766086	0.1421646000000000	0.1018775150000000
162	5.93497	2.2324541518354666	0.1580820600000000	0.0727312000000000
164	5.68967	2.2335099872789006	0.1186090950000000	0.0792887650000000
166	5.78332	2.2242828065311251	0.1471060400000000	0.1039348150000000
1680	4.03869	2.2431950046617737	0.1324245850000000	0.0932600500000000
1682	4.61938	2.2453924707772468	0.1310918800000000	0.0643881550000000
1684	4.34643	2.2514248895395070	0.1781951700000000	0.1472741450000000
1686	4.16990	2.2466830572013037	0.1346342100000000	0.0725622100000000
1688	6.46034	2.2302502794318526	0.1540705650000000	0.0881713500000000
1690	4.63023	2.2222724755886971	0.1551733150000000	0.0847723050000000
1692	4.23272	2.2419965676682461	0.1339966550000000	0.0937465400000000
1693	4.23272	2.1681868905151482	0.1208699250000000	0.0942463800000000
1694	5.91378	2.2375415619871393	0.1603043300000000	0.0910921000000000
1696	6.10417	2.2347348452829636	0.1462524650000000	0.1116567050000000
1698	4.87797	2.2358513014048302	0.1331819600000000	0.0995057150000000
1700	7.91949	2.2256580484042794	0.1368078050000000	0.0980401950000000
1702	5.64337	2.2385593109506776	0.1659983250000000	0.0813602100000000
1704	4.22001	2.2425827319849785	0.1619506450000000	0.1455396400000000
1706	4.40746	2.2425101488536821	0.1407008450000000	0.0919231650000000
1708	5.48181	2.2316160876919473	0.1429754300000000	0.1049336000000000
1712	4.60117	2.2359138482310810	0.1410666150000000	0.0932613550000000
1716	9.08621	2.2190163233209019	0.1631454100000000	0.1044979650000000
1718	7.71937	2.2236253956875260	0.1413158000000000	0.1024843250000000
1720	6.48811	2.2365615025343972	0.1648939000000000	0.0982623700000000
1722	4.73518	2.2436852503028875	0.1505516750000000	0.0964323800000000
1724	5.38985	2.2623814190244125	0.1818168600000000	0.1360605100000000
1725	5.38985	2.1703178506751746	0.1170587400000000	0.0868440850000000
1726	6.50072	2.2299554800578738	0.1557499150000000	0.0960555500000000
1728	4.27002	2.2432403984156548	0.1288540050000000	0.0863404350000000
1736	5.01793	2.2346047584286088	0.1506248200000000	0.1012428000000000
1738	8.36069	2.2202647444669146	0.1444238000000000	0.0983578950000000
1740	13.08860	2.2165073914367714	0.1476003200000000	0.0964228350000000
1742	4.35559	2.2473309719558237	0.1506272150000000	0.0920587800000000
1744	4.70019	2.2417467650383873	0.1551338400000000	0.0970209550000000
1745	4.70019	2.1596220496235632	0.1224670300000000	0.0870796900000000
1746	4.08501	2.2447801161609151	0.1548534950000000	0.0930822400000000
1748	6.24506	2.2248313629370742	0.1609408650000000	0.1099096450000000
1750	6.87963	2.2294320120499536	0.1367927350000000	0.0894836750000000
1752	6.34639	2.2286573737557784	0.1387492650000000	0.1061123600000000
1756	5.33757	2.2393994110187161	0.1428680600000000	0.1195010150000000
1758	8.89967	2.2211125491478199	0.1573740500000000	0.0803272200000000
170	4.28517	2.2374325426765256	0.0982753850000000	0.0776475900000000
172	10.17370	2.2955101868792345	0.2483849050000000	0.1304960550000000
174	8.08467	2.2229098275548895	0.1563718950000000	0.0758393650000000
1760	5.55909	2.2378230421155281	0.1328807600000000	0.0969886050000000
1762	5.89161	2.2359255156039084	0.1521113750000000	0.1168830850000000
1764	4.26026	2.2413256758367148	0.1302009650000000	0.0845947650000000
1766	6.50125	2.2299847806472877	0.1498417450000000	0.0972100600000000
1768	4.34000	2.2431374934165071	0.1615572100000000	0.1038531200000000
1770	4.19462	2.2496956612218546	0.1467378300000000	0.0706711700000000
1776	4.24900	2.2416181874465693	0.1317073900000000	0.0727723400000000
1778	5.36257	2.2321041996640241	0.1615605600000000	0.0987217200000000
1780	10.91730	2.2207018677638577	0.1316901350000000	0.0688217850000000
1782	7.36541	2.2265929469822598	0.1385524800000000	0.0710622650000000
1786	4.37997	2.2419017087599378	0.1417184500000000	0.1106947350000000
1788	4.46975	2.2409187319209320	0.1373492600000000	0.0836858750000000
1790	5.02970	2.2418255205014654	0.1561499000000000	0.1076032800000000
1793	7.78590	2.1845488382312968	0.1224942850000000	0.1063626500000000
1796	4.43979	2.2393237856796557	0.1674159100000000	0.0985629150000000
1798	4.58448	2.2378049718539783	0.1702607400000000	0.0993551650000000
1800	4.07502	2.2425545863683496	0.1357948750000000	0.0891091000000000
1803	16.69810	2.2582192727984047	0.2168228600000000	0.1034027850000000
1804	4.14194	2.2478440847694219	0.1526987200000000	0.1167257250000000
1806	5.71642	2.2368459497492852	0.1591569050000000	0.1241456350000000
1811	4.86071	2.1823447300047820	0.1836151150000000	0.0873202250000000
1812	6.14934	2.2369997934500727	0.1633486000000000	0.1260916550000000
1814	4.17537	2.2496810909187497	0.1592583650000000	0.0923780600000000
1816	8.09001	2.2225607665520064	0.1663021300000000	0.0773472000000000
1817	8.09001	2.2441006998094699	0.1270454600000000	0.1467511400000000
1818	4.05004	2.2549519353227865	0.1536610450000000	0.0910048700000000
1822	6.33983	2.2334261824690960	0.1939264250000000	0.1106323100000000
1824	5.01750	2.2326490163262673	0.1061092350000000	0.0499612350000000
1826	4.27361	2.2435199831086421	0.1493483150000000	0.1030682950000000
1828	4.80502	2.2415612364212469	0.1639969650000000	0.0898538550000000
1830	4.04717	2.2272035658980593	0.1615975550000000	0.1274650750000000
1832	4.33506	2.2359964042348612	0.1401684900000000	0.1025999050000000
1834	6.04510	2.2246031580997410	0.1379467200000000	0.1022527900000000
1836	4.83045	2.2433455035882925	0.1556954450000000	0.1082633200000000
1838	4.24767	2.2263098712507836	0.1460033500000000	0.0898076200000000
176	6.35654	2.2318834212374683	0.1422298950000000	0.1061376550000000
180	6.95937	2.2248780972958944	0.1428022400000000	0.0697181150000000
182	4.04727	2.2413838766400200	0.1424311400000000	0.1101263300000000
1840	5.76000	2.2349969065470177	0.1325568600000000	0.0850028700000000
1841	5.76000	2.2691322502933744	0.2291130900000000	0.1509377750000000
1842	4.19228	2.2442649943394044	0.1369179300000000	0.0891779700000000
1846	4.13014	2.2476559148900619	0.1408065450000000	0.0931087100000000
1848	7.04093	2.2302573786574076	0.1491408250000000	0.1148762250000000
1850	5.00731	2.2375268551967853	0.1240542250000000	0.0660101500000000
1852	4.56028	2.2359829793027823	0.1375258600000000	0.1109098400000000
1854	4.18300	2.2464676747716825	0.1364717250000000	0.1154595500000000
1860	4.39127	2.2425801861071215	0.1524429450000000	0.0903420850000000
1862	13.18530	2.2124278127725403	0.1563167000000000	0.0959872100000000
1864	12.57260	2.2186243862851862	0.1701357400000000	0.1056767900000000
1868	5.77880	2.2328461808160172	0.1568842400000000	0.0974272300000000
1870	4.38822	2.2464327007098097	0.1459925150000000	0.0883789000000000
1872	4.18016	2.2411132513330045	0.1391859800000000	0.0806958550000000
1874	4.38937	2.2411349914947070	0.1397131750000000	0.0818476750000000
1876	4.80798	2.2397453079479770	0.1524603600000000	0.1087503100000000
1878	6.23233	2.2295629644807882	0.1384762450000000	0.1009504200000000
1879	6.23233	2.1792371108646216	0.1324106400000000	0.0793803800000000
1880	4.14205	2.2351123805628963	0.1533179700000000	0.1181662800000000
1882	6.14244	2.2248651373730870	0.1432807000000000	0.1178934700000000
1883	6.14244	2.1496183457872435	0.1227571700000000	0.1086410850000000
1884	4.47101	2.2365574065604781	0.1491680000000000	0.1035693650000000
1886	4.59031	2.2384420886671044	0.1181662250000000	0.0816362350000000
1888	8.27008	2.2173340028221276	0.1379704100000000	0.0504248850000000
1891	7.66980	1.8041224800962932	0.1563280550000000	0.6117871050000000
1892	6.53008	2.2283130190954288	0.1603543400000000	0.1161715850000000
1893	6.53008	2.1717412634290509	0.1123821100000000	0.0930384100000000
1896	4.45915	2.2425124177483906	0.1559375750000000	0.0970759700000000
1900	6.39020	2.2292447148310406	0.1490596200000000	0.0810610500000000
1904	4.07259	2.2456727027867101	0.2167859950000000	0.1586659100000000
1906	6.61739	2.2305835220621879	0.1628607650000000	0.0549899900000000
1908	4.82403	2.2432667671156628	0.1428835350000000	0.0630292400000000
1910	16.46690	2.2019472501524131	0.1594184200000000	0.0680861500000000
1911	16.46690	2.1869642360461099	0.1434679650000000	0.0941503750000000
1913	12.25900	2.1861141260667774	0.1521687700000000	0.1293931300000000
1916	5.98995	2.2281547037993814	0.1293692200000000	0.0606842450000000
1918	5.56728	2.2425350108286182	0.1834363600000000	0.1153264450000000
184	5.27085	2.2382823201913671	0.1636611050000000	0.0720520050000000
186	4.12611	2.2357800054155192	0.1065596650000000	0.0980436150000000
190	6.25027	2.2309476696111616	0.1459742900000000	0.0999614400000000
1920	4.47102	2.2424338711899616	0.1394947850000000	0.0844294200000000
1922	4.58188	2.2408171486075177	0.1252110750000000	0.0858779800000000
1926	6.96936	2.2184338152419074	0.1425197900000000	0.0984570850000000
1928	4.69985	2.2358754370580112	0.1516803150000000	0.0795017400000000
1930	4.57472	2.2287516847549673	0.1906987200000000	0.1304324450000000
1932	11.82330	2.2159542858139258	0.1477988850000000	0.1132196200000000
1934	4.62575	2.2323909449899100	0.1503963800000000	0.0860246150000000
1936	4.23855	2.2477535746562434	0.1270358750000000	0.0895547050000000
1939	16.47600	2.1879383899266638	0.1417902400000000	0.1212206500000000
1940	4.14098	2.2496393412675699	0.1376042700000000	0.0766996200000000
1942	5.97899	2.2280678540016479	0.1264942400000000	0.1080739200000000
1944	13.31540	2.2176274519574282	0.1396423200000000	0.0769808400000000
1946	7.10612	2.2293174569543615	0.1458860500000000	0.0558557500000000
1948	4.40992	2.2359278936614735	0.1575245150000000	0.0642090400000000
1950	4.13001	2.2435178150799162	0.1378837950000000	0.0944609050000000
1952	5.00849	2.2522634813011013	0.1577297950000000	0.1335165550000000
1954	4.41097	2.2285528430420904	0.1467800050000000	0.0577931150000000
1956	4.33100	2.2403568457265712	0.1317340400000000	0.0788804050000000
1958	4.28230	2.2467008759449349	0.1459270050000000	0.1026768900000000
1960	4.81984	2.2344169223636081	0.1504559350000000	0.0680563050000000
1962	4.58831	2.2417834271942207	0.1515675200000000	0.1025900750000000
1964	4.15438	2.2408454656754149	0.1426183550000000	0.0962026050000000
1967	5.13324	2.2911616424996391	0.1945339900000000	0.1198837750000000
1968	6.51561	2.2296201524477666	0.1240816800000000	0.0766648600000000
1972	4.42705	2.2383298997483401	0.1639552700000000	0.1146015100000000
1974	5.00888	2.2365355818887740	0.1541425100000000	0.0851096650000000
1976	4.14179	2.2443269014966298	0.1301736300000000	0.0778247350000000
1978	4.75150	2.2326225270107427	0.1582863450000000	0.1116712500000000
1980	4.27992	2.2474493450459794	0.1466718100000000	0.1300114600000000
1984	4.29983	2.2428978675888560	0.1537843700000000	0.0779702050000000
1986	5.28977	2.2303561126880953	0.1278803950000000	0.0702265000000000
1990	4.86217	2.2334937791036418	0.1594736300000000	0.1240015200000000
1992	4.94400	2.2419674268318452	0.1350336900000000	0.0637765050000000
1994	6.98118	2.2449860516494078	0.1782804400000000	0.1379999900000000
1996	5.06186	2.2426294905418489	0.1608448750000000	0.1274031250000000
1998	4.77968	2.2333490589449521	0.1492015350000000	0.1060008700000000
192	5.18987	2.2255819714789769	0.0675895150000000	0.0448198800000000
194	4.73165	2.2404165313472015	0.1379207900000000	0.0903293300000000
196	5.01785	2.2346441954224878	0.1532117650000000	0.1053289800000000
197	5.01785	2.1707052939259861	0.1207115300000000	0.1298538150000000
198	6.59951	2.2335007653529431	0.1689193500000000	0.0974194000000000
199	6.59951	2.1812519975874318	0.1427252550000000	0.0643034250000000
2000	4.63641	2.2401481858000203	0.1437041600000000	0.0738179250000000
2001	4.63641	2.1752002069038259	0.1516944800000000	0.0357869600000000
2002	4.21002	2.2359897328910678	0.1592849900000000	0.1073652250000000
2005	6.05026	2.1717475675118689	0.1367349650000000	0.0874562000000000
2006	4.60571	2.2462907553019664	0.1460980850000000	0.0699531550000000
2009	9.13914	2.2332049242192520	0.2188769800000000	0.1198650050000000
2012	5.96074	2.2306076273667546	0.1489638900000000	0.0675577800000000
2014	6.50528	2.2307055826047786	0.1465678400000000	0.1055904000000000
2016	4.90000	2.2392707326978702	0.1502911550000000	0.1107904850000000
2018	5.71973	2.2318787382594962	0.1468420650000000	0.1168534850000000
2020	4.17423	2.2589308473262082	0.1952204600000000	0.1595213600000000
2022	5.30051	2.2370956378320384	0.1259658700000000	0.0927361150000000
2026	4.89723	2.2374152505951863	0.1352702700000000	0.0970846650000000
2028	4.12020	2.2452070528654606	0.1539722150000000	0.0828565000000000
2030	4.07470	2.2429529468667995	0.1432452100000000	0.0753777200000000
2032	7.86804	2.2232978330905850	0.1400020900000000	0.1176374550000000
2036	4.45063	2.2444306028549796	0.1420824100000000	0.0613472600000000
2038	4.71942	2.2271085842535974	0.1471986150000000	0.1135340800000000
2039	4.71942	2.1517045532486345	0.1503568150000000	0.0561016400000000
2042	7.59734	2.2257819511292771	0.1373819800000000	0.1175423900000000
2044	5.45900	2.2296068156584079	0.1358042800000000	0.0865202050000000
2046	4.32232	2.2447395524940581	0.1300124750000000	0.0825971100000000
2048	4.69000	2.2372102311514213	0.1574381350000000	0.1163397450000000
2050	5.42755	2.2331847430235210	0.1472160350000000	0.1015682000000000
2057	14.65630	2.1837239749387574	0.1331116050000000	0.0928003350000000
2058	8.22613	2.2124737475862442	0.1322609200000000	0.0817134900000000
2062	4.76312	2.2395887429601467	0.1466732400000000	0.0587931000000000
2066	5.20017	2.2392494571214376	0.1211003050000000	0.0789959600000000
2068	5.23793	2.2358137524198161	0.1516001100000000	0.1151330900000000
2070	4.54763	2.2336910158929304	0.1435490200000000	0.1129485250000000
2072	4.25762	2.2394741452655524	0.1425865050000000	0.1027924650000000
2074	7.33799	2.2285438429617463	0.1307332350000000	0.0707029250000000
2076	13.21610	2.2179872746133893	0.1452439450000000	0.0485612050000000
2077	13.21610	2.1967619827506661	0.1454745600000000	0.0824576050000000
2078	4.62607	2.2392670502744885	0.1400377650000000	0.0841965950000000
202	4.11536	2.2555909676770507	0.1378603350000000	0.0644192000000000
204	5.59931	2.2384880620608567	0.1554006850000000	0.0932971950000000
205	5.59931	2.2821838165211323	0.2153577200000000	0.0666284500000000
206	6.43016	2.2314114490221706	0.1701447350000000	0.1456350050000000
2080	6.52993	2.2162269417575473	0.1717861200000000	0.0946843900000000
2082	20.88530	2.2083345837192767	0.1488943100000000	0.1016756850000000
2083	20.88530	2.1895693642043339	0.1487880050000000	0.0877708400000000
2084	5.29028	2.2370742514685711	0.1231973700000000	0.0778674200000000
2086	5.04000	2.2368339469802363	0.1551976600000000	0.0919669950000000
2088	5.10973	2.2393037010593386	0.1443642950000000	0.0896464850000000
2090	6.91809	2.2297492016828335	0.1509128200000000	0.1188022350000000
2092	4.28292	2.2481792260536944	0.1503367750000000	0.1340012050000000
2094	4.93995	2.3226923597205325	0.2283274000000000	0.1333760000000000
2100	4.79986	2.2388735369413562	0.1443187100000000	0.0615574050000000
2104	5.18390	2.2265769464524174	0.1449596450000000	0.1155630050000000
2106	19.63850	2.2092342378871912	0.1590626500000000	0.1059285750000000
2110	5.01005	2.2296733307101788	0.1182739750000000	0.0823698850000000
2112	4.40635	2.2358783859518816	0.1463083400000000	0.1058109650000000
2114	4.93994	2.2406466255087643	0.1489690800000000	0.0698386100000000
2116	4.53304	2.2249802619424472	0.1367996850000000	0.1390708250000000
2118	4.40994	2.2419891734796726	0.1477192850000000	0.0882962000000000
2120	4.25985	2.2301123390751356	0.1713416500000000	0.1353176250000000
2124	4.39748	2.2449869056094656	0.1772338500000000	0.1038707300000000
2126	4.81993	2.2335657942355436	0.1474328900000000	0.1108759450000000
2128	4.05005	2.2311989187073742	0.1643748800000000	0.0315164200000000
2130	4.12003	2.2452094284407029	0.1140736600000000	0.0852504800000000
2132	4.59966	2.2425265897099989	0.1512825600000000	0.0998443900000000
2134	7.98999	2.2242062116676449	0.1357896300000000	0.1037402300000000
2136	11.35650	2.2201285520243710	0.1623515600000000	0.0942214200000000
2138	4.97123	2.2324290467182419	0.1441449700000000	0.1077136150000000
2144	11.50940	2.3395878618834072	0.2476055450000000	0.0901051000000000
2146	4.33999	2.2390623247286290	0.1469371800000000	0.1046183100000000
2147	4.33999	2.3540744931263200	0.2503138950000000	0.1408389800000000
2150	8.91215	2.2225439615519931	0.1505145450000000	0.1075908600000000
2152	4.40007	2.2409528590104006	0.1473640000000000	0.0937580400000000
2156	4.19661	2.2432600971476186	0.1374451250000000	0.0857908600000000
2158	7.90423	2.2258405487599382	0.1403319150000000	0.0949728550000000
208	8.47765	2.2260050556324966	0.1529462850000000	0.1068598550000000
210	4.19882	2.2512121637783427	0.1561000250000000	0.1142267950000000
212	6.96937	2.2255537141295783	0.1409948050000000	0.1009820650000000
213	6.96937	2.1759814517336613	0.1457765500000000	0.0809070300000000
2162	7.44116	2.2259363165017954	0.1618477350000000	0.0878912450000000
2164	4.87773	2.2376271986559013	0.1509325350000000	0.1014848300000000
2166	5.23061	2.2296963403230401	0.1599634700000000	0.0609467000000000
2170	5.14179	2.2375794139476115	0.1422602700000000	0.0859558100000000
2172	4.25928	2.2426178504805416	0.1429804850000000	0.0590526300000000
2174	4.72264	2.2386066007780645	0.1526739000000000	0.1015473000000000
2176	4.05502	2.2488031985903332	0.1262827400000000	0.0870601500000000
2178	4.05080	2.2241367263388172	0.1124167000000000	0.1385884750000000
2180	4.13502	2.2431416851232822	0.1374300600000000	0.1187206300000000
2182	4.92703	2.2413811031680648	0.1458131350000000	0.0979035200000000
2184	4.26802	2.2487389487877381	0.1415474200000000	0.0683600800000000
2186	9.13856	2.2125031677239044	0.1280774650000000	0.0360620150000000
2190	5.22439	2.2420351800526279	0.1544234800000000	0.0761724700000000
2192	4.08508	2.2202915328026758	0.1708590000000000	0.1438606700000000
2194	4.07712	2.2407322437465687	0.1348457450000000	0.0845080800000000
2196	5.67482	2.2369111511611854	0.1565817150000000	0.0686430200000000
2198	5.32678	2.2328557856442157	0.1433522500000000	0.1167222250000000
2202	4.45561	2.2404832801558432	0.1523680500000000	0.1243850200000000
2204	4.79078	2.2403446902585480	0.1439088200000000	0.0675931050000000
2206	6.88521	2.2282415094022805	0.1290571350000000	0.0772481100000000
2208	4.03176	2.2465571758775833	0.1595688550000000	0.1210579750000000
2210	5.30647	2.2373900290452262	0.1502547700000000	0.0711935050000000
2212	8.61331	2.2232247240509788	0.1557299700000000	0.1229560950000000
2214	8.53267	2.2267459669008836	0.1507028300000000	0.1167368850000000
2216	5.74185	2.2365701808904874	0.1446705800000000	0.1044742500000000
2222	5.65161	2.2282483980590455	0.1242129600000000	0.0794915700000000
2224	5.75049	2.2351235086638783	0.1416776900000000	0.1166431600000000
2226	4.58643	2.2447896712887774	0.1459915850000000	0.0750666900000000
2228	12.30510	2.2123937103922331	0.1583522100000000	0.1158056050000000
2231	15.17590	2.1848719931633545	0.1275816450000000	0.0816867750000000
2232	5.55595	2.2350840325219048	0.1415544800000000	0.0903038500000000
2237	5.16616	2.1752883288303564	0.1324630750000000	0.0692939600000000
2238	5.19071	2.2404940743306541	0.1345313850000000	0.0888603150000000
218	7.47851	2.2264610493297128	0.1703027000000000	0.1264679950000000
220	4.04241	2.2366292099587457	0.1253923300000000	0.0887641850000000
222	4.78988	2.2300987074861904	0.1237781400000000	0.0893826950000000
2240	4.01854	2.2498752099548098	0.1186318850000000	0.0872476100000000
2242	7.67028	2.2248052822434556	0.1435075400000000	0.0554664550000000
2244	4.49999	2.2425479369942063	0.1497722600000000	0.1164336400000000
2246	4.20006	2.2374900663598294	0.1395719350000000	0.1352233400000000
2248	5.10066	2.2358641701352946	0.1460380900000000	0.1023002400000000
2250	4.79503	2.2406507242662563	0.1483297650000000	0.1077702250000000
2252	4.19468	2.2450070244439306	0.1493494650000000	0.1117730650000000
2253	4.19468	2.1567810940073899	0.1370755450000000	0.0686899950000000
2254	5.38651	2.2378351687109483	0.1534252200000000	0.1044014600000000
2256	5.06968	2.2402835206440215	0.1466720850000000	0.0856971850000000
2258	4.62982	2.2397972337800276	0.1860917700000000	0.0957887750000000
2264	6.71177	2.1966173948710255	0.1479693700000000	0.0928477950000000
2265	6.71177	2.2173760290126929	0.2075947050000000	0.0501520700000000
2269	5.98929	2.1984057940362245	0.1507076450000000	0.0990269200000000
2274	5.89059	2.2222582303490714	0.1219031100000000	0.0685980750000000
2276	7.77805	2.2235106459836560	0.1426981500000000	0.0959267750000000
2278	4.56889	2.2488582416686405	0.1482990500000000	0.0685931250000000
2280	4.30126	2.2358461924255759	0.1208017300000000	0.0792658500000000
2282	4.82332	2.2277414394345292	0.1341445000000000	0.0517348400000000
2284	4.21059	2.2491464053915515	0.1598291350000000	0.1177214800000000
2286	5.19002	2.2365344677067904	0.1487313650000000	0.1015418600000000
2288	4.21002	2.2494244479871579	0.1665988250000000	0.0837490500000000
2290	5.23098	2.2215267171798132	0.1926362150000000	0.1362325150000000
2292	4.41278	2.2442264673102001	0.1504860100000000	0.0942944500000000
2293	4.41278	2.5381861918749919	0.1529652900000000	0.1220070650000000
2294	4.58509	2.2396969682828964	0.1413673850000000	0.1025010600000000
2296	4.83457	2.2391837008604956	0.1567361000000000	0.1037071600000000
2304	5.00864	2.2394167161375607	0.1371286350000000	0.1154699350000000
2306	4.33997	2.2432834895524536	0.1416760300000000	0.1090094950000000
2308	6.43072	2.2294811955818123	0.1035444900000000	0.0685626950000000
2310	4.48006	2.2386071033946671	0.1675414700000000	0.1335969150000000
2312	5.47919	2.2336354122875721	0.1290308100000000	0.0805573700000000
2314	6.49465	2.2302912656250569	0.1436585950000000	0.1137564150000000
2316	4.08024	2.2451619307238269	0.1404252800000000	0.0916111100000000
2318	4.17074	2.2394102176884356	0.1507951350000000	0.1046797700000000
226	4.01982	2.2449597145713054	0.1550101750000000	0.0798362600000000
230	4.44085	2.2433176427928432	0.1350643100000000	0.0853590600000000
2320	4.31623	2.2378897604364885	0.1283378300000000	0.0861657000000000
2324	4.25323	2.2453272661029722	0.1444420900000000	0.0536783200000000
2326	4.01220	2.2409017694314577	0.1510365900000000	0.1350948950000000
2332	5.57607	2.2334392336350928	0.1397137850000000	0.0913020950000000
2333	5.57607	2.3575733749684580	0.2630920000000000	0.1035058250000000
2334	8.07432	2.2226916549299185	0.1526981450000000	0.0997038450000000
2336	5.06049	2.2653494747818672	0.2115331600000000	0.1386777600000000
2338	10.11930	2.2125301436653837	0.1243110650000000	0.0728013100000000
2340	4.16587	2.2410524435840142	0.1548599650000000	0.1003181500000000
2341	4.16587	2.1890309548985196	0.1710386850000000	0.0893266900000000
2342	4.70859	2.2374685430374761	0.1274174750000000	0.0692189100000000
2344	4.30697	2.2406541757988587	0.1628703950000000	0.1160718850000000
2346	4.89999	2.2374726886311520	0.1161487950000000	0.0844361950000000
2349	4.57901	2.3049953526588571	0.2654085150000000	0.1209670150000000
2352	4.02994	2.2452366330662166	0.1395159800000000	0.0962398550000000
2354	4.01158	2.2508306269769220	0.1452452500000000	0.0708675100000000
2356	4.74062	2.2475637499509298	0.1521402000000000	0.0804434400000000
2358	4.05500	2.2496998000222810	0.1503121550000000	0.1010553100000000
2360	4.59340	2.2487275979329309	0.1667847100000000	0.1039775650000000
2362	4.92326	2.2350750075835761	0.1226898000000000	0.1058852850000000
2364	4.35580	2.2415344293025621	0.1282208150000000	0.0951943250000000
2366	4.31302	2.2526354259742982	0.1805925350000000	0.0966966350000000
2368	3.99999	2.2430668397056710	0.1331825200000000	0.1107292950000000
2370	12.34250	2.2209096130324970	0.1597429800000000	0.0965735100000000
2371	12.34250	2.1933451530982162	0.1424769150000000	0.0979213150000000
2372	4.90161	2.2382513484453925	0.1575955800000000	0.1303363300000000
2373	4.90161	2.1636012246204626	0.1488497100000000	0.0676806900000000
2374	16.47150	2.2075076562898523	0.1655201500000000	0.0808242050000000
2375	16.47150	2.1914219082840503	0.1507889100000000	0.0891925400000000
2378	4.75031	2.2383481069493985	0.1387676150000000	0.0945130600000000
2380	4.45364	2.2358536549986132	0.1342252050000000	0.0990031700000000
2382	4.59106	2.2373545292027099	0.1521233900000000	0.1232643050000000
2384	7.24841	2.2269878529614600	0.1532452450000000	0.1022629750000000
2385	7.24841	2.1763926717653570	0.1375645700000000	0.0866691050000000
2386	4.80803	2.2287085696014892	0.1517134450000000	0.0731723800000000
2388	5.51822	2.2323554554068039	0.1513636450000000	0.0900998600000000
2390	4.94079	2.2391968585090649	0.1572171050000000	0.0778857650000000
2392	4.41901	2.2478727865548525	0.1441057350000000	0.0623834300000000
2394	7.50984	2.4007190334320345	0.2844535800000000	0.1608979250000000
2395	7.50984	2.1636683595501620	0.1420373450000000	0.0764211100000000
2396	4.08572	2.2498188649344875	0.1322938500000000	0.0736429900000000
2398	4.74527	2.2425764589093129	0.1543474350000000	0.1153611750000000
232	12.26340	2.2123167208801124	0.1520977600000000	0.1077118550000000
234	5.78232	2.2378836964995776	0.1297119700000000	0.0766078400000000
236	4.33431	2.2474557301984635	0.1387932500000000	0.0862340200000000
238	5.61069	2.2305978581696504	0.1618931650000000	0.1064399400000000
239	5.61069	2.1664801482804310	0.1397315200000000	0.0654085600000000
16	5.98005	2.2385492298933949	0.1442396100000000	0.1090894300000000
20	5.62748	2.2256522620095809	0.1621988300000000	0.1110737300000000
22	4.99103	2.2377976666433694	0.1500564200000000	0.0955307450000000
2400	7.88262	2.2358264820917011	0.1707785050000000	0.0972968850000000
2402	4.08570	2.2482167599238578	0.1233175300000000	0.0926889950000000
2404	4.06501	2.2467696924870495	0.1377195250000000	0.1119123500000000
2406	4.45094	2.2412082382340683	0.1416353950000000	0.1005480750000000
2412	4.49850	2.2454233804077033	0.1564527600000000	0.0624078900000000
2414	4.04883	2.2493929593802386	0.1480994050000000	0.0979017800000000
2416	4.54257	2.2441939892684468	0.1328085050000000	0.0974038600000000
2421	7.12177	2.1823298903302208	0.1161847600000000	0.1023025650000000
2422	9.15709	2.2197690093969742	0.1519944100000000	0.0761365950000000
2426	4.85214	2.2370790253963420	0.1337328350000000	0.0938088250000000
2428	5.56826	2.2270435182293125	0.1391879300000000	0.1122535550000000
2430	4.10002	2.2505055221234267	0.1468635550000000	0.0796029800000000
2432	5.48099	2.2351766131533561	0.1480302700000000	0.0965049900000000
2434	4.47713	2.2438111425729867	0.1725169700000000	0.0823347700000000
2438	4.25976	2.2397501613718154	0.1452941450000000	0.0700299850000000
2440	5.95377	2.2316428641121453	0.1385369550000000	0.0976022350000000
2442	7.23954	2.2274794693235553	0.1456443350000000	0.1114739350000000
2444	4.28977	2.2343669497788339	0.1430618950000000	0.1015936100000000
2446	5.77132	2.2312536941665284	0.1403012800000000	0.1005330100000000
2448	5.66994	2.2322154904465825	0.1241247550000000	0.0887749900000000
2450	10.92920	2.2214132561550444	0.1400678200000000	0.1203268950000000
2452	4.65062	2.2435019656104700	0.1293908650000000	0.0963045550000000
2454	6.76463	2.2336410398695006	0.1574788200000000	0.0936640200000000
2456	4.98975	2.2346303275185551	0.1367920400000000	0.0887668700000000
2458	4.14186	2.2497937371052736	0.1489030750000000	0.0852071250000000
2460	5.78045	2.2286035371306858	0.1177288850000000	0.0782930550000000
2462	5.94902	2.2323552877633230	0.1514840400000000	0.1023658950000000
2463	5.94902	2.1915522448188138	0.1448949950000000	0.0947199950000000
2464	4.42413	2.2425085812393979	0.1308403000000000	0.0778972500000000
2470	5.46645	2.2363866834054846	0.1454069300000000	0.1153350050000000
2472	5.58451	2.2313580657125511	0.1385600400000000	0.0954087800000000
2478	5.55707	2.2357219180456371	0.1263749200000000	0.0747379600000000
240	5.50983	2.2286089062857672	0.1244898150000000	0.0740291850000000
242	5.45059	2.2216325199855467	0.1431843100000000	0.1211179300000000
244	4.24928	2.2361143715080849	0.1598136850000000	0.0815403850000000
246	4.35462	2.2281758383216048	0.1168590450000000	0.0628108850000000
2480	5.62859	2.2269286657892073	0.1575105300000000	0.1167740700000000
2482	4.28059	2.2304142081491318	0.1577052850000000	0.1081385000000000
2484	5.95322	2.2304856791925078	0.1244005000000000	0.0881462950000000
2486	6.79841	2.2228232096640461	0.1358834550000000	0.1021381850000000
2487	6.79841	2.3051939560885337	0.2443086950000000	0.1134090700000000
2488	5.46554	2.2358503627079402	0.1562984300000000	0.0719900900000000
2490	4.49999	2.2425199911860032	0.1352347800000000	0.0690124800000000
2494	4.25000	2.2442701629919495	0.1435487850000000	0.0932868100000000
2496	6.50146	2.2356367923768801	0.1582644300000000	0.1362645300000000
2498	4.34841	2.2327117599454032	0.1329403600000000	0.0678113500000000
2502	8.62901	2.2234185140044977	0.1472418400000000	0.1143375800000000
2504	10.74330	2.2181951843723366	0.1375192000000000	0.1002921700000000
2510	6.05950	2.2300528118356016	0.1327629200000000	0.1214412700000000
2512	5.28933	2.2317361395907627	0.1536382150000000	0.0773818800000000
2514	4.41001	2.2443100477664708	0.1485750850000000	0.0693910150000000
2516	4.26802	2.2479197919603293	0.1446228200000000	0.1120786550000000
2518	5.13055	2.2314581232829056	0.1331324750000000	0.0409841150000000
2522	6.40295	2.2326152306131806	0.1532149700000000	0.1240027150000000
2526	14.64260	2.2073925899721281	0.1479144150000000	0.1038588550000000
2532	4.14002	2.2244194523892129	0.1335896550000000	0.1018836350000000
2534	4.80702	2.2399843533141333	0.1385217000000000	0.0875607750000000
2536	4.76015	2.2298116998135344	0.1471992950000000	0.1031962550000000
2538	6.04764	2.2282698987314036	0.1032386500000000	0.0893339300000000
2542	5.83197	2.2251961610722830	0.1510748400000000	0.1573874650000000
2544	4.51350	2.2470242264044105	0.1597514750000000	0.1175584400000000
2546	4.96316	2.2256073481562768	0.1204017050000000	0.0878497300000000
2550	5.43885	2.2349495875765961	0.1573495650000000	0.0872895550000000
2552	4.17057	2.2278359763602533	0.1608116250000000	0.1145160350000000
2554	5.93308	2.2325683012507849	0.1571778600000000	0.0706288800000000
2555	5.93308	2.1691039507578274	0.1416707800000000	0.0841465950000000
2556	4.15730	2.2485538680098194	0.1265238000000000	0.0785945150000000
2559	5.00000	2.4047759651505851	0.2691696550000000	0.0743832250000000
248	4.31335	2.2428335090089835	0.1142340650000000	0.0859193500000000
250	6.62067	2.2201758266750673	0.1329525600000000	0.0847189450000000
252	4.55085	2.2390521919932693	0.1590345600000000	0.1131974800000000
254	4.41005	2.2460842366354359	0.1714307100000000	0.1412220750000000
2560	4.25962	2.2485707379624809	0.1671839650000000	0.1018114250000000
2562	5.04993	2.2358535942378182	0.1198015100000000	0.0860318700000000
2564	4.49000	2.2097859402689282	0.1295199100000000	0.0976899600000000
2566	5.95871	2.2342178414330203	0.1517846000000000	0.0958217050000000
2570	4.20187	2.2422784235919213	0.1265841050000000	0.0889244300000000
2572	5.68831	2.2346718489616335	0.1444621150000000	0.0973638450000000
2574	4.99999	2.2381121476693178	0.1643014000000000	0.1071827400000000
2580	5.55984	2.2372302138220257	0.1377971350000000	0.0786128050000000
2584	5.25287	2.2375865971389000	0.1314133250000000	0.0956300650000000
2588	4.63899	2.2350967336759897	0.1580204200000000	0.0989319250000000
2590	4.11994	2.2457048877768075	0.1265427000000000	0.0680766000000000
2592	4.07504	2.2491102140711909	0.1599414400000000	0.1052938200000000
2594	5.96073	2.2266196840547092	0.1101440000000000	0.0719166950000000
2597	23.17250	2.2004758635170356	0.1580662350000000	0.0663117250000000
2598	7.49862	2.2277042465230106	0.1399293000000000	0.1158165400000000
2600	4.63991	2.2375195420781822	0.1753142100000000	0.1434012300000000
2602	4.29987	2.2494796916386650	0.1485166000000000	0.1122608050000000
2604	10.60660	2.2122129769478613	0.1586589750000000	0.1094608850000000
2606	4.23221	2.2324233977217625	0.1547693150000000	0.1213097050000000
2608	6.26069	2.2237470648293307	0.1299926900000000	0.0667421850000000
2614	4.81994	2.2358057119017056	0.1363858600000000	0.0931746500000000
2616	4.26804	2.2377744271925968	0.1419962850000000	0.0786227800000000
2622	4.51028	2.2396031659116460	0.1202408500000000	0.0759700300000000
2624	4.50770	2.2449147310037092	0.1473693400000000	0.0578697650000000
2626	4.33115	2.2425113072917759	0.1738358250000000	0.0898958950000000
2628	4.61964	2.2416211208312080	0.1482116250000000	0.0519126150000000
2630	4.97066	2.2366578798487686	0.1255664650000000	0.0786127600000000
2632	6.25048	2.2291569099037316	0.1420196150000000	0.0927334350000000
2634	4.39901	2.2367070733605110	0.1386600600000000	0.1229656450000000
2636	5.13421	2.2413508793031625	0.1557180200000000	0.0837241650000000
2638	7.14109	2.2215142101503171	0.1509299500000000	0.0884471200000000
256	4.32200	2.2383510194863874	0.1644841250000000	0.0646432600000000
260	4.96843	2.2286888153418420	0.1741074800000000	0.1347182850000000
2640	4.25273	2.2314323307373343	0.1456014850000000	0.0969601700000000
2642	4.31018	2.2468031438073099	0.1503382800000000	0.0845604250000000
2644	4.54641	2.2375710107869180	0.1490628050000000	0.0985739850000000
2646	4.56044	2.2365079113735171	0.1322827800000000	0.0890451950000000
2648	4.30162	2.2316488815672253	0.1436644000000000	0.1080201850000000
2650	6.40168	2.2226899580754096	0.1719658300000000	0.0992857500000000
2652	7.80242	2.2084700604870320	0.1347319950000000	0.0972394750000000
2654	7.23947	2.2308297996809681	0.1593381200000000	0.1007932700000000
2656	7.37276	2.2194686961628460	0.1331436700000000	0.0932048300000000
2658	4.10350	2.2456625894287456	0.1647528250000000	0.1236855750000000
2662	5.21238	2.2351941596377261	0.1351678000000000	0.0626007950000000
2666	4.94037	2.2399194569536780	0.1478539900000000	0.0951338250000000
2668	5.32015	2.2408789526946529	0.1532996350000000	0.1239776200000000
2670	7.96881	2.2241356500275988	0.1404240100000000	0.1004338600000000
2672	5.42989	2.2312083519794217	0.1513957000000000	0.1039924000000000
2674	6.18038	2.2298699986101704	0.1543182850000000	0.0723821150000000
2678	4.67021	2.2387918100886419	0.1313019250000000	0.1021858650000000
2682	11.59270	2.2182030214511501	0.1531145100000000	0.1098500500000000
2684	4.85792	2.2308227990061380	0.1831820150000000	0.0867249500000000
2687	8.91157	2.1875510623686081	0.1600240500000000	0.0595421150000000
2688	11.84740	2.2232548165601931	0.1492279350000000	0.0963274650000000
2689	11.84740	2.1260596004104015	0.1633360400000000	0.1004229650000000
2690	4.02890	2.2385600168099558	0.1467959950000000	0.1158575700000000
2692	4.24923	2.2486250587402412	0.1355490550000000	0.0566899250000000
2698	4.00000	2.2364572176665081	0.1339466600000000	0.1208631300000000
2700	4.00689	2.2527054449338464	0.1526507250000000	0.0822302900000000
2702	4.83927	2.2358113525114081	0.1567227350000000	0.1378622800000000
2703	4.83927	2.2182505361074014	0.1856068650000000	0.1007334850000000
2704	7.25036	2.2236553118202602	0.1752214350000000	0.1319541250000000
2706	5.48782	2.2182326627109648	0.0969017150000000	0.0702934450000000
2708	4.72899	2.2381196211604926	0.1384928750000000	0.1122200300000000
2710	5.00004	2.2321117363392280	0.1362368700000000	0.1018101800000000
2714	9.24012	2.2204898522759442	0.1478628600000000	0.1021705100000000
2715	9.24012	2.3094449549322822	0.2449463350000000	0.0955259300000000
264	5.25325	2.2370992713065858	0.1555117200000000	0.0975708200000000
266	4.65214	2.2385111734512364	0.0977108550000000	0.0945174050000000
270	6.35340	2.2281560436402530	0.1483807850000000	0.0983838200000000
2720	6.09093	2.2326254518708799	0.1608509450000000	0.0807880550000000
2722	4.12514	2.2493987386352376	0.1652047050000000	0.0759420700000000
2724	9.23853	2.2173420301370861	0.0980223650000000	0.0769772500000000
2726	4.60106	2.2625655053232050	0.1903717550000000	0.1193454150000000
2728	4.66500	2.2430136927390296	0.1492422500000000	0.1087468950000000
2730	4.92034	2.2382265568874455	0.1553986350000000	0.1048018100000000
2732	5.56273	2.2425834952982164	0.2110322550000000	0.1397645200000000
2734	8.35854	2.2225004656196452	0.1338477400000000	0.1049144100000000
2736	4.05690	2.3304390827595745	0.2194767700000000	0.0949192650000000
2738	4.49996	2.2501654353925886	0.1467128850000000	0.0900133800000000
2740	6.40598	2.2309474139404841	0.1517899050000000	0.1003394550000000
2742	4.18392	2.2429551760210282	0.1595688450000000	0.0833188800000000
2744	4.14386	2.2415228002690690	0.1189799300000000	0.0774799800000000
2746	4.16699	2.2384199799834787	0.1391418250000000	0.0823425750000000
2749	8.05054	2.1741590110547406	0.1464547000000000	0.0832431150000000
2750	4.46992	2.2461481053177437	0.1373699250000000	0.0798116750000000
2753	4.13998	2.1531691154814330	0.1300107000000000	0.0653221200000000
2756	4.18461	2.2419057918118352	0.1344393700000000	0.1011859650000000
2758	7.11963	2.2273816787087704	0.1530080050000000	0.1092028350000000
2760	5.01788	2.2378520405896825	0.1432712500000000	0.0895948500000000
2762	4.62710	2.2406901059486959	0.1361912450000000	0.1054880150000000
2766	4.86095	2.2433779279434525	0.1471916300000000	0.1128317300000000
2768	4.40001	2.2328383225878907	0.1301973900000000	0.0834589950000000
2772	4.18005	2.2487543765954547	0.1460288650000000	0.1306935350000000
2774	4.96965	2.2378061191380230	0.1349789900000000	0.0876409400000000
2776	4.31284	2.3701077866477984	0.2529139400000000	0.1548831150000000
2778	9.13888	2.2186996829927610	0.1435707900000000	0.1340075050000000
2780	6.99973	2.2206511629569214	0.1494200850000000	0.0976024450000000
2784	4.28057	2.2335573207507458	0.1153005450000000	0.1258583250000000
2786	4.73897	2.2351335262494771	0.1312594150000000	0.0724285450000000
2788	5.18812	2.2392025608721315	0.1433830350000000	0.1065696500000000
2790	4.99142	2.2299471277098095	0.1010765200000000	0.1132285900000000
2792	4.82661	2.2619692426440516	0.1293452200000000	0.1369676200000000
2794	4.66571	2.2436443999909437	0.1509296250000000	0.0963816850000000
2796	5.32699	2.2343597276360025	0.1583458550000000	0.1096174350000000
2798	5.64999	2.2369488396850459	0.1441418300000000	0.1085928000000000
272	4.72232	2.2415755347078776	0.1546382100000000	0.0875791100000000
274	4.71760	2.2287280362268236	0.1407157400000000	0.0953328150000000
276	4.17418	2.2284780232528720	0.0888414350000000	0.0631562050000000
278	4.44217	2.2358968104522261	0.1302026600000000	0.0857432000000000
2800	6.88302	2.2322054091576717	0.1475803900000000	0.1053922100000000
2801	6.88302	2.1642464793235590	0.1202394450000000	0.0895502900000000
2802	4.66222	2.2403487779232081	0.1453644850000000	0.0576488900000000
2803	4.66222	2.2193698592021893	0.2159846150000000	0.1012965700000000
2804	4.88168	2.2399556595987522	0.1543005700000000	0.0993924450000000
2805	4.88168	2.3363905471100477	0.2817015000000000	0.0964966950000000
2808	5.87316	2.2374413229925922	0.1487331550000000	0.1170892150000000
2810	4.39874	2.2480625963846887	0.1501149800000000	0.0708056800000000
2812	5.23815	2.2375435644197901	0.1422201600000000	0.0770053400000000
2814	5.57099	2.2375800315931369	0.1245096100000000	0.0840375450000000
2816	4.08318	2.2433569807531573	0.1379010750000000	0.0624992650000000
2818	7.18112	2.2125784708957754	0.1396223750000000	0.0804995250000000
2820	6.06766	2.2328806757638797	0.1413626500000000	0.1161091500000000
2822	4.01000	2.2399815657848139	0.1598604500000000	0.1084476050000000
2824	4.61980	2.2477356162005968	0.1458052600000000	0.0900081000000000
2826	6.46623	2.2288749105364336	0.1209410700000000	0.0822239400000000
2828	5.17079	2.2293525807632175	0.1337700300000000	0.0851997350000000
2831	6.17302	2.1650539335670662	0.1342936350000000	0.0832853450000000
2832	4.47691	2.2377776894911867	0.1702723100000000	0.0477003550000000
2834	5.11679	2.2416687987055743	0.1464130450000000	0.1009249500000000
2836	4.67993	2.1920375901598090	0.1149455050000000	0.0921988500000000
2838	6.50823	2.2323307027639232	0.1597256850000000	0.1132865100000000
2842	4.57021	2.2495741940177512	0.1550653950000000	0.0902997450000000
2844	4.76573	2.2431880566049163	0.1299004650000000	0.0966028850000000
2846	7.11878	2.2266218113563392	0.1553641100000000	0.0853226550000000
2847	7.11878	2.2660711683865808	0.2001312150000000	0.0880946250000000
2848	7.04899	2.2296707066083092	0.1476181600000000	0.0950442750000000
2849	7.04899	2.1783824608830007	0.1512268800000000	0.0679903900000000
2850	4.29009	2.2459460478797353	0.1605904900000000	0.0855506600000000
2852	4.63682	2.2399400920665609	0.1620854600000000	0.1304028750000000
2856	4.26809	2.2407340283588906	0.1238486250000000	0.0692100950000000
2858	4.35001	2.2421260382301611	0.1379136700000000	0.0746684000000000
2862	6.50001	2.2323864658923056	0.1472517000000000	0.0952635800000000
2864	5.26656	2.2369779520514341	0.1230948050000000	0.0701893450000000
2866	9.63891	2.2082948722682256	0.1358955900000000	0.0996457650000000
2868	5.06922	2.2416904407432203	0.1468156950000000	0.1201809900000000
2870	4.50002	2.2513649261044364	0.1576386000000000	0.0742529100000000
2871	4.50002	2.1659397229731119	0.1447882650000000	0.0814961000000000
2872	9.30238	2.2201488746712923	0.1360432650000000	0.1103403350000000
2873	9.30238	2.3565956909630148	0.2848832350000000	0.1164013500000000
2874	4.70978	2.2415971077521379	0.1443496450000000	0.1210135200000000
2876	4.47483	2.2307656656888537	0.1250340350000000	0.0923721900000000
280	4.40855	2.2191495014469651	0.1318803000000000	0.0845237950000000
282	8.46518	2.2233257529282224	0.1401441800000000	0.0909067850000000
286	6.38959	2.2363700794931711	0.1230359350000000	0.0892529000000000
2880	4.50001	2.2458672948647775	0.1451490900000000	0.0885794300000000
2882	5.59937	2.2286320973581026	0.1438539200000000	0.0995732850000000
2883	5.59937	2.1663886928723719	0.1392616450000000	0.0670009200000000
2884	4.43812	2.2358385767150839	0.1517723600000000	0.0941516650000000
2888	6.52649	2.2321096158612508	0.1459421900000000	0.0897168600000000
2890	4.04346	2.2461634128908412	0.1153493300000000	0.0904947150000000
2892	5.17000	2.2344510888466211	0.1471157550000000	0.1358405550000000
2894	4.59563	2.2411966686962934	0.1357175600000000	0.1017533250000000
2896	6.65399	2.2267829119452642	0.1214798200000000	0.0843456950000000
2900	4.42397	2.2459256674906989	0.1419953100000000	0.1076263150000000
2902	4.68997	2.2399261571359204	0.1299990750000000	0.0865933150000000
2904	4.17612	2.2438981977126349	0.1242818800000000	0.0766316900000000
2906	4.07000	2.2369457268558817	0.1673332750000000	0.1188195700000000
2907	4.07000	2.1719695995827761	0.1281803200000000	0.0906910300000000
2909	8.05395	2.1899377642620057	0.1497749200000000	0.0892282300000000
2910	4.00002	2.2513803566700323	0.1782841950000000	0.1262669700000000
2912	9.19568	2.2257404925181250	0.1554732550000000	0.1001029000000000
2916	4.69994	2.2359540470856123	0.1666303350000000	0.0871580050000000
2918	4.41195	2.2448363813259191	0.1505561200000000	0.1124347750000000
2920	5.91350	2.2329546555503885	0.1527676850000000	0.0918387200000000
2922	4.44081	2.2426537140991156	0.1634295550000000	0.1051037950000000
2924	4.26997	2.2377581061536191	0.1715100350000000	0.0543732100000000
2926	4.72330	2.2331828066699679	0.1551033000000000	0.0942437150000000
2928	5.95016	2.2286276592575320	0.1662199800000000	0.0741843850000000
2932	4.04891	2.2480525046889670	0.1508061500000000	0.1169479000000000
2934	4.17539	2.2413058647519830	0.1555234250000000	0.0897521300000000
2936	5.33228	2.2338373707975410	0.1468789100000000	0.1109079800000000
2940	4.15092	2.2408976658994173	0.1561672750000000	0.0905126850000000
2942	4.72946	2.2469210142080809	0.1324065250000000	0.0803090150000000
2944	5.12695	2.2262560303521255	0.0982670750000000	0.0673771150000000
2946	8.35572	2.2244889654606745	0.1466288500000000	0.0896917250000000
2950	6.40363	2.2286814048557821	0.1533845150000000	0.1014505800000000
2952	7.48225	2.2232663392836831	0.1450563600000000	0.0914655400000000
2954	9.01194	2.2210344746874795	0.1651297250000000	0.1044427700000000
2956	4.92169	2.2412932643907686	0.1437858650000000	0.1202815450000000
2958	4.00000	2.2371909243353318	0.1375044400000000	0.0610849450000000
290	4.56983	2.2358500217256334	0.1346150300000000	0.1104087900000000
292	4.74063	2.2384814985374328	0.1127282500000000	0.0725586000000000
2960	4.82794	2.2379059272976547	0.1529295400000000	0.1363116950000000
2962	7.04486	2.2233822056070709	0.1626952000000000	0.1085140900000000
2964	5.06386	2.2409551382378496	0.1463312500000000	0.1081383750000000
2968	4.49799	2.2498915972209055	0.1563049500000000	0.0949383100000000
2970	10.13270	2.2266817572349580	0.1769051950000000	0.0819039150000000
2971	10.13270	2.1872077072333482	0.1538697100000000	0.0963466600000000
2973	7.88851	2.1772693000234691	0.1474592150000000	0.0819187450000000
2974	9.21944	2.2203900467989048	0.1363228300000000	0.0802416250000000
2976	4.41979	2.2456279666879366	0.1519106350000000	0.1358441400000000
2978	5.88975	2.2228511765549199	0.1163633000000000	0.0839331400000000
2980	4.14296	2.2377632536934859	0.1218064900000000	0.0890489550000000
2982	12.90590	2.2052540923804682	0.1495651350000000	0.1073396750000000
2984	4.93568	2.2325890379526578	0.1323315200000000	0.0835309350000000
2986	4.49291	2.2450277576011128	0.1636975900000000	0.1221784150000000
2988	5.13341	2.2399108968468506	0.1406627600000000	0.1066623200000000
2990	4.25226	2.2449295470331534	0.1481294950000000	0.1128814800000000
2994	14.96590	2.2124733800503167	0.1570417400000000	0.1209296950000000
2998	4.95389	2.2431728314272790	0.1717580450000000	0.1432798150000000
3000	8.19245	2.2216436900572387	0.1565375700000000	0.0914266700000000
3002	9.68277	2.2193382518915326	0.1228511500000000	0.0851769250000000
3003	9.68277	2.1860989075824646	0.1589721400000000	0.0588210900000000
3006	9.66154	2.2154032772210277	0.1339545300000000	0.0817648650000000
3008	5.01363	2.2434284813914998	0.1789162800000000	0.1405285450000000
3012	4.27623	2.2510568885095199	0.1572720950000000	0.1133397950000000
3016	5.21969	2.3369174418962961	0.2281214650000000	0.1040384000000000
3018	5.26619	2.2375940887448169	0.1452815550000000	0.0787499500000000
3020	5.59896	2.2367374515937994	0.1377915200000000	0.1083369800000000
3021	5.59896	2.1654467389120313	0.1299475500000000	0.0581501700000000
3024	8.44299	2.2218343888487517	0.1494058050000000	0.1205382100000000
3025	8.44299	2.1882597666916812	0.1600604000000000	0.0810775350000000
3026	10.30760	2.2221615135447954	0.1512839700000000	0.0877470000000000
3028	5.95873	2.2319744050581574	0.1464232950000000	0.1123746450000000
3030	8.95530	2.2220287313736518	0.1482325550000000	0.0844404000000000
3031	8.95530	2.1822629853110174	0.1886950000000000	0.0806568500000000
3032	4.59982	2.2358894680849395	0.1453239150000000	0.1004202950000000
3034	4.74703	2.2377908610804589	0.1361017000000000	0.0605421650000000
3038	10.91730	2.2193445966367773	0.1380508750000000	0.0926047850000000
298	5.72922	2.2316288776211617	0.1476737600000000	0.0951192250000000
300	4.48033	2.2483527595384394	0.1626931450000000	0.0878731150000000
301	4.48033	2.1636670940250435	0.1399604550000000	0.0665880700000000
302	9.30426	2.2214697077059209	0.1435238650000000	0.1007701900000000
3040	4.47175	2.2456463312253536	0.1655291200000000	0.1078505650000000
3042	5.28955	2.2334680218886147	0.1385629850000000	0.0868110650000000
3046	4.45076	2.2486867145354772	0.1405898100000000	0.0623911650000000
3048	4.95637	2.2379757688629551	0.1433692850000000	0.1009908250000000
3050	6.73115	2.2305721158694083	0.1235810600000000	0.0812569350000000
3052	4.24874	2.2446390678883335	0.1455848250000000	0.1022656200000000
3058	5.59479	2.2327882645788870	0.1382487800000000	0.0913142250000000
3060	5.94015	2.2128008663548968	0.1701938850000000	0.0959950100000000
3062	4.57984	2.2488866317774314	0.1538906800000000	0.0802776150000000
3064	4.72266	2.2427100968060527	0.1547277100000000	0.1143899550000000
3067	6.16990	2.2385784914016882	0.1581191550000000	0.1161049450000000
3068	4.07954	2.2401055678784623	0.1112499900000000	0.0829591150000000
3070	5.25119	2.2261818913465783	0.1482752200000000	0.0876787000000000
3072	6.56144	2.2296415410815036	0.1544236350000000	0.0571391800000000
3078	4.22833	2.2513962376914969	0.1587300850000000	0.0854171600000000
3080	5.71492	2.2352086252361021	0.1413379300000000	0.0826112100000000
3084	4.92164	2.2434062774012187	0.1384012950000000	0.0945536000000000
3086	12.56050	2.2427992461271593	0.2116561900000000	0.0622376200000000
3088	6.05933	2.2316277086125100	0.1651082750000000	0.0900170750000000
3090	11.04760	2.2100751007533281	0.1708410000000000	0.1043681750000000
3092	9.08518	2.2186250479920480	0.1119453650000000	0.0770195200000000
3093	9.08518	2.1823165717606119	0.1405069900000000	0.0979464500000000
3094	4.01301	2.2502446064062180	0.1477347400000000	0.1142986950000000
3096	7.97027	2.2894211361208838	0.2207810750000000	0.1279229600000000
3097	7.97027	2.1837795802716369	0.1438490200000000	0.0804565150000000
3098	4.38017	2.2397845291406426	0.1653276750000000	0.0791280750000000
3100	6.43345	2.2316094364482648	0.1538233450000000	0.0992250250000000
3104	4.34008	2.2398785014358049	0.1231271350000000	0.0748491600000000
3110	13.23870	2.2162995497911324	0.1410815950000000	0.0707273250000000
3111	13.23870	2.1842143230102717	0.1562494450000000	0.0920819050000000
3112	4.78521	2.2245832375528707	0.1349455250000000	0.0657185300000000
3114	4.29999	2.2417195616934658	0.1431262550000000	0.0982823950000000
3116	4.66860	2.2435136998934961	0.1538232650000000	0.1092713900000000
3118	6.78583	2.2344441201317005	0.1383485300000000	0.0695022900000000
304	4.35666	2.2408700152945946	0.1288753000000000	0.0848569700000000
310	11.78130	2.2165375629984387	0.1507456100000000	0.1009406150000000
3120	5.42970	2.2263542296499788	0.1341759200000000	0.1031354000000000
3124	4.41995	2.2329191346585473	0.1203637950000000	0.0926414300000000
3128	4.06100	2.2504187491353687	0.1571229150000000	0.0980256300000000
3130	5.00992	2.2365575266486157	0.1501994900000000	0.0946525700000000
3132	13.21360	2.2077255117187504	0.1415424750000000	0.0607780700000000
3136	4.21009	2.2429457322217750	0.1439457600000000	0.1118961550000000
3138	4.94001	2.2407459711646713	0.1426128250000000	0.0641726100000000
3142	5.68922	2.2127087395513541	0.1817022750000000	0.0750301750000000
3144	4.11924	2.2474955441508730	0.1504124300000000	0.0880714000000000
3146	7.78009	2.2248176598245228	0.1252397000000000	0.0644597800000000
3148	4.41958	2.2463723098606789	0.1565933600000000	0.0516705400000000
3152	4.75031	2.2358838692165000	0.1450230850000000	0.0929746500000000
3153	4.75031	2.2358517584697846	0.1708447800000000	0.1435783050000000
3154	6.13193	2.2358531090561247	0.1546710500000000	0.1195451750000000
3155	6.13193	2.1833607202049232	0.2111972500000000	0.1323806700000000
3158	5.74657	2.2341217068764214	0.1629397000000000	0.1128111300000000
3160	4.38829	2.2402548765688093	0.1278051550000000	0.0959726500000000
3162	4.47027	2.2464052106599830	0.1604109000000000	0.0477963150000000
3164	5.20138	2.2352295965696647	0.1506819050000000	0.1035767600000000
3166	4.20967	2.2458569457202135	0.1330546350000000	0.0845034800000000
3168	4.81774	2.2416923011162475	0.1210698850000000	0.0946592100000000
3170	4.60942	2.2448425666784764	0.1322140400000000	0.1168640600000000
3172	4.35084	2.2447078024684246	0.1168855700000000	0.0782236150000000
3174	5.11026	2.2383971628267907	0.1418566700000000	0.0833786800000000
3176	4.34000	2.2358636282083624	0.1505018900000000	0.1016122750000000
3178	4.39618	2.2438610362266775	0.1649215650000000	0.1105614150000000
3180	4.29221	2.2425436531864511	0.1454668850000000	0.0756264800000000
3182	5.62373	2.2355852035545265	0.1428777550000000	0.0416848200000000
3184	6.99027	2.2255139128087289	0.1437093750000000	0.1077344000000000
3186	5.89004	2.2369792680853036	0.1611683300000000	0.0513587850000000
3188	4.75661	2.1995852950917518	0.1586971300000000	0.1285404550000000
3190	4.31221	2.2441828387663385	0.1365831150000000	0.1008872700000000
3192	5.32008	2.2406493690554852	0.1488066500000000	0.1120907750000000
3194	4.17145	2.2396934285013272	0.1548635800000000	0.0986163850000000
3195	4.17145	2.1668043115633471	0.1445781100000000	0.0629704250000000
312	6.42442	2.2307448067494180	0.1419458200000000	0.1122414050000000
314	5.20148	2.2403107673786393	0.1435542150000000	0.1064025400000000
315	5.20148	2.1821840416928882	0.1647686250000000	0.0631145400000000
316	8.45468	2.2231360471159207	0.1304573250000000	0.0687967450000000
318	4.10089	2.2377289574922483	0.1740868500000000	0.1385748600000000
24	6.39008	2.2254554546521153	0.1540913600000000	0.1078761150000000
26	6.09737	2.2338657763507697	0.1423951850000000	0.1134275400000000
28	5.95941	2.2293317289211565	0.1511207200000000	0.1055645850000000
30	4.08821	2.2463316348177953	0.1294436850000000	0.0739612250000000
320	11.69890	2.2213075257605488	0.1586095200000000	0.0869438200000000
322	4.72290	2.2387067067400177	0.1505184900000000	0.1070848900000000
324	5.87348	2.2249513882751781	0.1513470350000000	0.0788660100000000
326	6.53933	2.2316080137853613	0.1684209200000000	0.0872508200000000
328	6.99964	2.2315845510769114	0.1632022900000000	0.0926373200000000
330	4.00913	2.2475252420443481	0.1430349050000000	0.0956224150000000
332	5.18578	2.2404001454990055	0.1380852950000000	0.0592684700000000
334	4.27849	2.2451793028148894	0.1416938250000000	0.0826550350000000
336	4.86590	2.2354729647383573	0.1496657000000000	0.1064022700000000
338	4.59223	2.2466849243138522	0.1597549300000000	0.0929583400000000
340	7.84714	2.2254174203796024	0.1488149000000000	0.0934100750000000
342	5.06002	2.2354153092209117	0.1220460850000000	0.0823182550000000
344	5.97000	2.2128083608947393	0.1405988950000000	0.1199260650000000
352	5.20191	2.2413652786807741	0.1558538950000000	0.0694038250000000
354	12.23160	2.2286093064399655	0.1630612450000000	0.0966896250000000
356	5.38920	2.2396736092561098	0.1411408300000000	0.1305420750000000
358	6.98731	2.2887589998753639	0.1980553350000000	0.1275308700000000
362	4.48027	2.2454785973867599	0.1457416950000000	0.1070760650000000
364	5.02670	2.2333602140548758	0.1275659200000000	0.0750637500000000
366	4.28634	2.2334789688361893	0.1247267300000000	0.0961606600000000
368	4.57993	2.3662712081578987	0.2322100400000000	0.0954718400000000
370	4.38007	2.2406686430998763	0.1533493350000000	0.0983685450000000
372	4.99183	2.2437567325722383	0.1540388950000000	0.0676490200000000
374	7.54955	2.2293341403772415	0.1515361900000000	0.0827783350000000
375	7.54955	2.1718210491088872	0.1358021750000000	0.0746127350000000
376	4.88651	2.2449962300589492	0.1435665850000000	0.1075702550000000
378	8.36841	2.2212614942091435	0.1638667350000000	0.1148593650000000
380	5.25044	2.2373839745508857	0.1355188500000000	0.0682973100000000
382	5.55295	2.4284956701192693	0.2691532350000000	0.1377439700000000
384	7.69092	2.2622977356818881	0.2249130150000000	0.1319180650000000
386	8.63574	2.2231574348033960	0.1535012300000000	0.1003946300000000
388	5.01801	2.2341386346741960	0.1469389500000000	0.0982581100000000
390	4.07706	2.2480378633153046	0.1560203950000000	0.0853389650000000
392	4.76010	2.2336748393699484	0.1452743350000000	0.1147356350000000
393	4.76010	2.3687886617078355	0.2602100650000000	0.0847536650000000
394	4.96945	2.2415306395292789	0.1406805300000000	0.0893705900000000
396	5.97077	2.2303974790348997	0.1620495300000000	0.1267068200000000
397	5.97077	2.1661875836985076	0.1311294850000000	0.0851185000000000
32	5.00000	2.2365129893515938	0.1440104700000000	0.0735700200000000
34	4.59597	2.2418794000789002	0.1519387450000000	0.0717900900000000
36	11.42750	2.2125242372582310	0.1656381900000000	0.1133952450000000
37	11.42750	2.1859507342547229	0.1384472300000000	0.0866804650000000
38	7.71594	2.2270097737628105	0.1425652850000000	0.0631789500000000
400	13.25910	2.2146789972593841	0.1515732800000000	0.0858666650000000
402	4.80712	2.2373735351365394	0.1529259300000000	0.1148209000000000
404	5.17820	2.2320333423603063	0.1597160600000000	0.0610763900000000
406	4.72298	2.2333340556931591	0.1447290400000000	0.0902959200000000
408	4.83876	2.2358587978662507	0.1445600450000000	0.1104402700000000
414	5.02974	2.2403421734349034	0.1547249600000000	0.1063755900000000
416	19.16470	2.2070509890287617	0.1421840400000000	0.1107117450000000
417	19.16470	2.1858155000733306	0.1468729000000000	0.0833301800000000
418	4.62812	2.2358274673287859	0.1458534000000000	0.1238975850000000
420	10.91070	2.2238450214318468	0.1637283850000000	0.0739551700000000
422	4.49919	2.2513104192045454	0.1700695500000000	0.1069723600000000
424	4.41018	2.2498839926136585	0.1629819650000000	0.0962388450000000
426	4.14775	2.3048730199141390	0.2017873150000000	0.1302319250000000
428	4.01005	2.2525372727159723	0.1292797550000000	0.0636674900000000
432	12.00770	2.2164762571820664	0.1437315400000000	0.1090445500000000
433	12.00770	2.1867846231473944	0.1405372650000000	0.0848623750000000
440	4.69001	2.2279309520917412	0.1440200000000000	0.0950799200000000
442	5.97021	2.2294957407227631	0.1489241600000000	0.1099378850000000
444	4.01200	2.2436268148806517	0.1448872100000000	0.0919312750000000
445	4.01200	2.1581871601051561	0.1378563400000000	0.0498547450000000
446	3.99999	2.2425079099684360	0.1179575450000000	0.0841724700000000
448	4.38024	2.2357415656609163	0.1489004950000000	0.0897977300000000
450	10.69890	2.2131635348287131	0.1326190400000000	0.0956241250000000
451	10.69890	2.1847590712396880	0.1314862100000000	0.0878433350000000
452	5.10067	2.2320173001484198	0.1485080950000000	0.0939651150000000
454	5.28648	2.2428192276057199	0.1446544450000000	0.0528556750000000
456	7.52274	2.2271813445231459	0.1296405150000000	0.0799779850000000
458	5.24962	2.2188290845407312	0.1698919750000000	0.0754639050000000
460	4.80720	2.2399819800131042	0.1391451550000000	0.0882728150000000
462	5.32730	2.3517265006969477	0.2401695450000000	0.1530885000000000
464	4.45389	2.2472973985826590	0.1548597400000000	0.0757968750000000
466	5.10844	2.2412213064981197	0.1345640700000000	0.0819176900000000
468	4.35962	2.2722110150680779	0.2004453150000000	0.1298784950000000
470	4.69002	2.2379126519959134	0.1347381100000000	0.0807345650000000
472	5.52889	2.2331084302286883	0.1207691400000000	0.0902530450000000
473	5.52889	2.2935926485074214	0.2309937300000000	0.1122278500000000
474	5.01269	2.2381534671994472	0.1446562250000000	0.1095869600000000
476	4.28973	2.2343881093119937	0.1256440000000000	0.0913278350000000
40	4.72137	2.2395869875171042	0.1423812000000000	0.1012674050000000
42	5.30174	2.2325586756136762	0.1572978550000000	0.0858211100000000
43	5.30174	2.7345704474318335	0.2969726800000000	0.0660524800000000
44	4.88565	2.2386853851658630	0.1589356550000000	0.1287577750000000
46	4.86181	2.2406674260288475	0.1426431400000000	0.0918627200000000
480	9.18256	2.2196498207297828	0.1360290650000000	0.1041337450000000
482	4.07001	2.2412221297233690	0.1750210900000000	0.1564300300000000
484	4.84521	2.2399102262990205	0.1600564200000000	0.0787502200000000
486	5.16271	2.2374689362414122	0.1496402150000000	0.1268418750000000
487	5.16271	2.1540917456163204	0.1341959750000000	0.0884540400000000
488	6.47736	2.2312844192783197	0.1459224550000000	0.1075330150000000
490	6.05020	2.2383395471923895	0.1536909350000000	0.0980686900000000
492	4.09257	2.2281135584754561	0.1511542900000000	0.0431169050000000
494	8.00877	2.2236255570853958	0.1317927450000000	0.1063875250000000
496	4.60806	2.2432069980758498	0.1391736050000000	0.0927521400000000
497	4.60806	2.2409069909290764	0.2666048500000000	0.1094264300000000
500	9.56550	2.2224718110467818	0.1451451000000000	0.1035014300000000
501	9.56550	2.1740746274084377	0.1194040100000000	0.0921387000000000
502	4.17605	2.2338272956880645	0.1430299050000000	0.1059644300000000
504	4.23550	2.2506453358146579	0.1814371250000000	0.1330891900000000
506	4.44068	2.2371309376113491	0.1351213900000000	0.1332534950000000
512	4.50597	2.2421279007796819	0.1398584850000000	0.0941349600000000
514	5.80851	2.2315878282036183	0.1526470150000000	0.1156091200000000
516	5.57690	2.2330457879857124	0.1419206200000000	0.0765261950000000
520	4.83509	2.2298245540601278	0.1361338450000000	0.1084529150000000
522	4.93996	2.2408805822764437	0.1557042100000000	0.0694299350000000
524	5.93792	2.2343036924537416	0.1549075500000000	0.0909234350000000
526	5.33980	2.2368168987212838	0.1521091700000000	0.1265322100000000
528	5.22447	2.2325723660983843	0.1314442600000000	0.0981414400000000
530	7.65335	2.2236177855105632	0.1535835100000000	0.0888846400000000
532	4.49980	2.2460558194878590	0.1455201750000000	0.0896777300000000
534	4.17992	2.2400370885489145	0.1279936850000000	0.0785693500000000
536	6.17766	2.2328087078844034	0.1523404750000000	0.1266744000000000
538	5.51977	2.4236150684948701	0.2831884299999999	0.0932144000000000
542	4.78748	2.2390562855817939	0.1621985150000000	0.1047271600000000
544	8.30517	2.2180773975114096	0.1637626250000000	0.1238702800000000
546	4.66661	2.2316381248880930	0.1485813500000000	0.0987332250000000
548	4.13510	2.2444239253672289	0.1501084850000000	0.1070976100000000
550	5.97092	2.2308065062069620	0.1030543400000000	0.0688302700000000
551	5.97092	2.2297575916405594	0.1878144300000000	0.0639604400000000
552	4.13999	2.2506160965289048	0.1520178000000000	0.1078340550000000
553	4.13999	2.4183405611101243	0.2899516650000000	0.0441745000000000
554	4.87395	2.2376228111917333	0.1200118950000000	0.0764284850000000
556	5.28839	2.2296548013229778	0.1535149350000000	0.1131963700000000
558	4.91079	2.2298139733970270	0.1529240500000000	0.1149182500000000
48	5.98162	2.2321464067519119	0.1586650250000000	0.0994696500000000
50	4.65639	2.2183582578249155	0.1186580600000000	0.0872842200000000
52	16.74470	2.2100180978463908	0.1547594950000000	0.0815408450000000
54	5.94109	2.2225716501061572	0.1689851050000000	0.1174451550000000
560	6.12474	2.2325952190496436	0.1505513850000000	0.1145767900000000
562	5.92542	2.2199171542991660	0.1236228200000000	0.1058540800000000
564	5.28955	2.2336544610486682	0.1416610500000000	0.0889095600000000
566	4.54190	2.2314729719146436	0.1604509700000000	0.1513737500000000
568	5.29829	2.2332683450231956	0.1371769800000000	0.1179007100000000
570	13.32050	2.2182578454975181	0.1524066300000000	0.0815168250000000
572	8.19246	2.2258944851032347	0.1607635400000000	0.0778691550000000
574	5.42940	2.2349770063971608	0.1478084500000000	0.1054273000000000
576	5.51229	2.2285380048985077	0.1158062650000000	0.0711540900000000
578	6.71299	2.2322836022358108	0.1459428500000000	0.0912073750000000
580	7.37675	2.2233321410672033	0.1513676800000000	0.0944639400000000
582	4.27199	2.2409405844277508	0.1432927450000000	0.1020689300000000
585	5.13333	2.1751872667593410	0.1535806050000000	0.0525994550000000
588	4.95559	2.2344496581168651	0.1533837000000000	0.0881745850000000
590	10.20320	2.3236796248641203	0.2291808000000000	0.1008570600000000
591	10.20320	2.1954281296429476	0.1482154450000000	0.1199376700000000
592	5.47005	2.2334881029134621	0.1594560150000000	0.1125810950000000
594	4.59101	2.2426721637619895	0.1705193800000000	0.0953139750000000
598	6.13030	2.2307711271035640	0.1454713550000000	0.0988118750000000
602	4.91992	2.2479911640872476	0.1537462350000000	0.0830866700000000
604	7.96701	2.2176264869572688	0.1464344800000000	0.0927298750000000
606	4.24997	2.2419797386544111	0.1322922900000000	0.0853004950000000
608	4.74682	2.2413562981973674	0.1691117800000000	0.1088659700000000
612	15.79580	2.2071845216852455	0.1640113850000000	0.1215889150000000
614	7.96823	2.2242078098181031	0.1327112350000000	0.0671296300000000
616	5.75065	2.2240030200324328	0.1572158250000000	0.0936138400000000
618	5.39051	2.2312084967263726	0.1539209050000000	0.1013551550000000
620	4.99862	2.2402994262503202	0.1492975500000000	0.0923853700000000
622	4.00730	2.2468864023432378	0.1362835700000000	0.0703339900000000
624	5.00235	2.2182103923793015	0.1477737850000000	0.0808793750000000
626	7.71899	2.2248199444316166	0.1478982700000000	0.1091261350000000
628	7.78068	2.2256586449592639	0.1370514000000000	0.0923448750000000
630	7.58673	2.2157521184007138	0.0791249100000000	0.1041198400000000
631	7.58673	2.2139749469910410	0.2650532900000000	0.1323460450000000
632	4.51447	2.2295378624643369	0.1512405250000000	0.0742923950000000
638	5.39993	2.2405327883361910	0.1301900200000000	0.0795020850000000
56	4.27006	2.2510794114468990	0.1549615850000000	0.0783587100000000
60	4.04813	2.2473175190988108	0.1388437850000000	0.0625912600000000
640	6.60590	2.2341505474444716	0.1732672850000000	0.1050815800000000
641	6.60590	1.9158021704458070	0.0969277950000000	0.5629017900000000
642	5.30005	2.2406173376386791	0.1430577800000000	0.0804104200000000
644	4.20982	2.2365446454602314	0.1303163850000000	0.0680608100000000
646	5.04993	2.2358943427247673	0.1349102900000000	0.0702564200000000
648	5.16018	2.2372069929784115	0.1523029900000000	0.1315726350000000
650	5.68948	2.2315525058701877	0.1570545850000000	0.0748342450000000
652	5.04957	2.2385831878946405	0.1590162950000000	0.1180343800000000
658	11.91340	2.2188760737335524	0.1668883350000000	0.1001499950000000
660	4.39697	2.2463679256829723	0.1701621000000000	0.0813842550000000
662	4.80723	2.2372496783463292	0.1299887900000000	0.0761426250000000
664	4.25844	2.2358426936836113	0.1686172150000000	0.0738600200000000
666	4.26001	2.2435669393853699	0.1355582850000000	0.1065654550000000
668	6.19983	2.2319949385236351	0.1421949050000000	0.1136326400000000
672	8.53196	2.2727314695222880	0.2009065350000000	0.0971304600000000
673	8.53196	2.1890571646928860	0.1560123600000000	0.0943713650000000
674	6.29109	2.2370103264361973	0.1620375900000000	0.1212905950000000
677	4.82301	2.3500840308111743	0.2589592350000000	0.0934667200000000
680	5.55312	2.2358548454185194	0.1629294000000000	0.0768002450000000
684	4.81861	2.2358780216654921	0.1357021150000000	0.0945239250000000
686	6.88888	2.2217368973231495	0.1573255850000000	0.0593974800000000
690	8.86501	2.2175684783504099	0.1040097400000000	0.0740225550000000
692	4.72836	2.2433656295948046	0.1449231950000000	0.1054593150000000
694	4.26026	2.2387654330391098	0.1630480150000000	0.1103990950000000
696	7.24264	2.2228757568886879	0.1492690500000000	0.0961624700000000
700	6.63621	2.2287739803219484	0.1358497600000000	0.0709134150000000
702	4.01006	2.2362972041736953	0.1414238300000000	0.1178495400000000
704	4.18303	2.2328538107850346	0.1421202650000000	0.1058008750000000
706	4.21997	2.2496486992169333	0.1468877050000000	0.0415049150000000
710	4.99021	2.2417564323421408	0.1339510700000000	0.0793162950000000
712	4.16844	2.2525329552416244	0.1587155700000000	0.1101632950000000
714	4.85701	2.2328203083322649	0.1407587600000000	0.0814604650000000
718	4.49795	2.2406684037241029	0.1468631450000000	0.0414541100000000
64	4.05404	2.2456384915574450	0.1553257350000000	0.1000903250000000
66	4.12811	2.2446182279269600	0.1543246650000000	0.0947805050000000
70	4.99201	2.2399302577989051	0.1514207100000000	0.1152348650000000
720	4.86081	2.2441277019897394	0.1554542200000000	0.0892449450000000
722	9.55964	2.2238083524699945	0.1153383000000000	0.0803585850000000
724	5.58146	2.2279089954742899	0.1565422350000000	0.0738398050000000
726	4.48954	2.2300206772628304	0.1383028100000000	0.1004731900000000
728	5.37312	2.2335017059661251	0.1284669250000000	0.1205666750000000
730	4.04598	2.2516504473265808	0.1464719050000000	0.1230671050000000
734	5.81957	2.2323691665504493	0.1566270700000000	0.1156810150000000
736	4.71994	2.2456070779041908	0.1607486150000000	0.0911209400000000
738	4.39812	2.2999989782947812	0.1938056900000000	0.1149766100000000
740	5.73561	2.2370358543185485	0.1444581350000000	0.0988790900000000
741	5.73561	2.1823584776750189	0.1370247300000000	0.1123748250000000
742	4.34562	2.2324651110402538	0.0875277350000000	0.1049393650000000
746	5.02036	2.2413334873314028	0.1496656300000000	0.0855678350000000
748	10.29080	2.2225167414158551	0.1541955550000000	0.0745780350000000
752	7.13508	2.2264295281728033	0.1562629650000000	0.1134121000000000
754	4.57918	2.2370507124401708	0.1609931350000000	0.0976712900000000
756	5.96899	2.2231397840196458	0.1771838650000000	0.1299576500000000
760	4.93558	2.2403273716950132	0.1519425200000000	0.0984677500000000
762	4.49133	2.2413187845479938	0.1410789300000000	0.0736917900000000
764	5.32050	2.2196536583454725	0.1463551450000000	0.1379256850000000
765	5.32050	2.1644277611090317	0.1462756300000000	0.0603641450000000
766	6.03861	2.2332170279867638	0.1498412400000000	0.1030768750000000
768	6.49957	2.2226889670298728	0.1081542450000000	0.0846180200000000
772	4.01021	2.2199915507242380	0.1005608200000000	0.0793627950000000
774	4.84509	2.2287230171999930	0.1249239500000000	0.0946560750000000
776	6.40735	2.2286711432846977	0.1411321600000000	0.1031131700000000
778	6.98751	2.2320196829471062	0.1297622250000000	0.0828096750000000
780	4.63996	2.2437619617698563	0.1546520750000000	0.1277108750000000
782	5.28004	2.2314960382510951	0.1604670450000000	0.1212582200000000
784	6.20121	2.2301925538559457	0.1526875150000000	0.0970803100000000
786	6.00964	2.2292293629153650	0.1110375800000000	0.0786156150000000
788	5.78503	2.2251963388544533	0.1300479000000000	0.1071084100000000
790	5.27576	2.2307626851088371	0.1535421750000000	0.1133438350000000
792	4.44731	2.2378587338164300	0.1457761000000000	0.1053785050000000
793	4.44731	2.1621750558802524	0.1324890200000000	0.0836941550000000
794	4.28445	2.2456221051368934	0.1642261200000000	0.1208960750000000
796	5.91367	2.2281256770191376	0.1483323700000000	0.0972070100000000
798	4.83879	2.2366422017399721	0.1230317550000000	0.0723352400000000
799	4.83879	2.1669786184532809	0.1540080800000000	0.0333290150000000
72	9.58719	2.2221636551401853	0.1526288450000000	0.0717386350000000
74	4.85628	2.2445670198834247	0.1432936150000000	0.1031771900000000
76	4.73062	2.2324769926719670	0.1443539600000000	0.0957568550000000
78	5.98490	2.2358761098003908	0.1471899600000000	0.1008739800000000
