0	147.49000	2.2643888357810629	0.2219191500000000	0.1125543400000000
4	4.35645	2.2425635522615330	0.1495094200000000	0.1183628000000000
6	4.69902	2.2479591527544360	0.1540862950000000	0.1069917600000000
802	9.13833	2.2225699457534396	0.1167313800000000	0.0790148650000000
804	4.74542	2.2460874590841886	0.1477906850000000	0.1251826250000000
808	4.77777	2.2478056196845753	0.1524759950000000	0.0992525050000000
810	4.50192	2.2477051060222037	0.1509770300000000	0.0624901100000000
812	4.12992	2.2523489876023883	0.1407820700000000	0.1542559000000000
814	5.51014	2.2478832959825130	0.1820726350000000	0.1065666050000000
816	4.70120	2.2307589123720688	0.1661093000000000	0.1003080450000000
820	5.49543	2.2373696595312937	0.1644171300000000	0.1080693150000000
822	4.02000	2.2573189663145663	0.1530041800000000	0.0718454400000000
824	5.48187	2.2300033294441430	0.1603443250000000	0.1134114900000000
826	5.02823	2.2349220840348796	0.1506137650000000	0.0913520200000000
828	4.39944	2.2469151586204323	0.1521627750000000	0.0918413550000000
830	4.76516	2.2444714779213886	0.1504424200000000	0.0729230250000000
834	4.69003	2.2449305150183871	0.1503917850000000	0.0544087950000000
836	9.14174	2.2159467350362694	0.1634648800000000	0.1071319650000000
838	11.07470	2.2221975995407273	0.1475670250000000	0.1097354750000000
842	7.66761	2.4327624616803312	0.2781853350000000	0.1545539950000000
843	7.66761	2.1690435051874926	0.1490282450000000	0.0811557650000000
844	5.82782	2.2288263380383109	0.1441876150000000	0.0924533900000000
846	4.41559	2.2332405771996795	0.1684279200000000	0.0645341500000000
850	5.91751	2.2345821572957258	0.1352091200000000	0.0832003550000000
854	4.25077	2.1761449938016626	0.1706813500000000	0.1513493450000000
856	4.41190	2.2484012363449093	0.1471500600000000	0.0735705850000000
858	4.98057	2.2393730124585094	0.1437942800000000	0.1307816900000000
860	4.86085	2.2312320113385633	0.1560597800000000	0.1080141900000000
861	4.86085	2.2588270896489524	0.2961363100000000	0.1575498150000000
862	4.83234	2.2477916288174229	0.1542803600000000	0.1009269200000000
864	4.09047	2.2471547807015551	0.1467974950000000	0.0808498750000000
866	4.16608	2.2398669586373452	0.1507027450000000	0.1129805950000000
872	4.02906	2.2403149336692079	0.1256705350000000	0.0759042150000000
878	4.54933	2.2470019535294523	0.1286099000000000	0.0783403900000000
80	5.11851	2.2302165713911699	0.1534477300000000	0.0897271150000000
82	4.14228	2.2427801852203779	0.1371567850000000	0.0821652650000000
84	6.99024	2.2338230384328446	0.1665885800000000	0.1099359650000000
86	4.43023	2.2506824912924128	0.1504912350000000	0.1135844750000000
882	4.12996	2.2483963509728060	0.1499442950000000	0.1032920900000000
886	4.24842	2.2481762478337601	0.1591730100000000	0.0895880400000000
888	6.76593	2.2326206417667520	0.1556329350000000	0.0733557800000000
890	4.95505	2.2294657947107521	0.1253796250000000	0.0755394150000000
892	5.01257	2.2447995928479201	0.1503102750000000	0.0781587200000000
894	9.01225	2.2236589802250073	0.1380874150000000	0.1025735800000000
896	4.86598	2.2380759474708261	0.1302047200000000	0.0821165600000000
900	4.50584	2.2372791877859775	0.1435109150000000	0.0971825150000000
902	4.70921	2.2371907196335039	0.1460177000000000	0.1140944600000000
904	4.73006	2.2462135985750269	0.1414325850000000	0.0845736250000000
906	7.99125	2.2217795914289336	0.1068054400000000	0.0913040750000000
907	7.99125	2.1733639076060993	0.1541036550000000	0.0611436100000000
908	5.04026	2.2452338465868293	0.1500444300000000	0.1122299150000000
910	4.24570	2.2286496651367700	0.1576172000000000	0.0699695000000000
912	4.86089	2.2428477286987576	0.1609368950000000	0.1071730900000000
920	4.84378	2.2396446126193772	0.1657748650000000	0.1316770400000000
922	4.80728	2.2489062723447266	0.1571416400000000	0.1285429100000000
927	8.94695	2.3959730335510532	0.2735257650000000	0.1195269250000000
930	4.67121	2.2469297343276495	0.1773067500000000	0.1291388400000000
932	4.53006	2.2367135787225370	0.1262369900000000	0.0937048900000000
934	4.34599	2.2489741871836002	0.1628901050000000	0.0818859250000000
938	4.13974	2.2449663664376556	0.1538922550000000	0.0960031600000000
940	4.62017	2.2375799801130265	0.1553086700000000	0.0993940150000000
942	4.78462	2.2392106925771520	0.1263072650000000	0.0745650900000000
944	4.71987	2.2491694079261237	0.1514137000000000	0.0931846250000000
946	6.24975	2.2147100085598712	0.1108405150000000	0.0909700700000000
948	4.02000	2.2472693818918259	0.1519652000000000	0.1044407800000000
950	10.71510	2.2200047728863330	0.1191056250000000	0.0827132500000000
954	8.53221	2.2248849268158670	0.1595250600000000	0.1087453400000000
956	4.00829	2.2414383520118997	0.1401787900000000	0.1023019500000000
958	16.47030	2.2147802102447400	0.1343838500000000	0.0989815600000000
88	5.11225	2.2358595006388984	0.1495927200000000	0.1013807700000000
94	6.88144	2.2323341899133453	0.1483005000000000	0.0486526050000000
960	5.30527	2.2407080733651852	0.1368414700000000	0.0977347900000000
962	4.08396	2.2482589681916259	0.1501325700000000	0.0913075650000000
968	4.86595	2.2455474684888426	0.1550836450000000	0.1199739450000000
970	5.00324	2.2318215899106368	0.1514511550000000	0.1091861900000000
972	4.14000	2.2482038881949085	0.1485551200000000	0.0792179850000000
974	5.07010	2.2363447640907035	0.1245549550000000	0.0647092800000000
976	6.08247	2.2357645052770927	0.1578386350000000	0.0860992700000000
978	5.95959	2.2316353642887545	0.1473984650000000	0.1111343400000000
980	4.01998	2.2483046702384066	0.1253820500000000	0.0767404600000000
982	4.16579	2.2366197086628503	0.1130445000000000	0.0853669450000000
984	4.28682	2.2450420220359408	0.1355904850000000	0.0701171550000000
988	5.02105	2.2426941912999108	0.1444073950000000	0.1093454550000000
990	4.13117	2.2960441696435940	0.2047823050000000	0.1315110150000000
994	5.46914	2.2411080107853212	0.1639713850000000	0.1197161000000000
996	4.81901	2.2393720039215705	0.1589830450000000	0.0757871600000000
998	4.05999	2.2262781296541170	0.0965606550000000	0.0882919750000000
1000	6.84932	2.2328836799862017	0.1624383950000000	0.0537222750000000
1002	4.06005	2.2498735139829535	0.1396376350000000	0.0688878450000000
1004	4.05646	2.2545037044913512	0.1471340800000000	0.1284841250000000
1006	4.73002	2.2400411876126984	0.1529302050000000	0.0825023650000000
1008	10.74660	2.2189529974152986	0.1556896050000000	0.1029944800000000
1009	10.74660	2.1745681101156191	0.1376314150000000	0.0557591600000000
1010	7.48502	2.2283960390321353	0.1742991300000000	0.0834916800000000
1012	4.85771	2.2444978814851049	0.1573553550000000	0.0949523000000000
1014	4.79428	2.2483483494897474	0.1627737800000000	0.0877785000000000
1016	5.42450	2.2385646920381488	0.1200404250000000	0.0909460700000000
1018	4.35595	2.2421368766561369	0.1537267000000000	0.1198868100000000
1020	4.59215	2.2389238753305434	0.1183603300000000	0.0720176050000000
1024	4.11828	2.2420868449229294	0.1452482500000000	0.0941477450000000
1026	5.42788	2.2312552901161915	0.1562838650000000	0.0850800950000000
1030	5.39013	2.2495342495241539	0.1909561050000000	0.1255488000000000
1032	5.37206	2.2338205632661490	0.1510942600000000	0.1054899050000000
1036	6.19163	2.2338497798921493	0.1367006450000000	0.0763968050000000
1038	20.58720	2.2061516445175764	0.1482124700000000	0.1035279400000000
1039	20.58720	2.2112278370707124	0.1756674350000000	0.1066374400000000
96	4.49598	2.2480210846052722	0.1634448900000000	0.1112394150000000
100	4.44442	2.2447122818927991	0.1587568300000000	0.0907162400000000
102	11.84740	2.2189043968245761	0.1483079900000000	0.0782541300000000
103	11.84740	2.1894661335623256	0.1443434650000000	0.0726461400000000
1042	8.97676	2.2277935720866768	0.1527591800000000	0.0893418400000000
1044	7.71618	2.2249763032496959	0.1446384200000000	0.1044466800000000
1045	7.71618	2.1756635127256754	0.1599880900000000	0.0675515950000000
1048	7.04994	2.2312461869667586	0.1499172150000000	0.1131935800000000
1049	7.04994	2.1836981638069606	0.1677870900000000	0.0514089950000000
1050	4.79443	2.2294857338723739	0.1057231400000000	0.0999150000000000
1054	5.00964	2.2371279834422491	0.1261731500000000	0.0941104300000000
1056	13.19180	2.2367266218959290	0.1579916050000000	0.0406560100000000
1058	5.16946	2.2363282208335495	0.1545117050000000	0.1111250550000000
1060	4.42420	2.2480455738141090	0.1503905750000000	0.1130059300000000
1062	7.52754	2.2264947106992454	0.1458366700000000	0.0887163600000000
1064	4.13375	2.2490868997513256	0.1513530750000000	0.1131526050000000
1066	4.58473	2.2411651779603008	0.1481078250000000	0.0999667600000000
1068	4.03979	2.2490466612442250	0.1500952450000000	0.0886483350000000
1070	5.57741	2.2389024584631287	0.1523547850000000	0.1169209800000000
1074	5.15909	2.2354836451645470	0.1332699450000000	0.1079380100000000
1076	4.75638	2.2393310593237823	0.1352228550000000	0.0876872200000000
1078	9.13998	2.2217935227488050	0.1544695550000000	0.0892631550000000
1080	6.88055	2.2285611041179938	0.1419257900000000	0.0763251900000000
1082	4.01200	2.2407680807037278	0.1593006350000000	0.1313435950000000
1084	4.39977	2.2462214169792811	0.1424963950000000	0.1067331150000000
1090	5.32049	2.2367157582961243	0.1573066900000000	0.1041086200000000
1092	4.06107	2.2451798524965856	0.1378793750000000	0.0703727450000000
1094	5.02848	2.2443593805913000	0.1382818150000000	0.0892805900000000
1096	4.94043	2.2396710237285400	0.1534296600000000	0.0914475300000000
1098	4.99017	2.2331197939484126	0.1256117050000000	0.0675754400000000
1100	6.64546	2.2277529494533845	0.1448497400000000	0.0919101800000000
1104	4.56992	2.2389828839897850	0.1420865150000000	0.0609537450000000
1106	5.56954	2.2346189579808122	0.1522915100000000	0.0950652600000000
1108	4.29600	2.2491164295971164	0.1367221000000000	0.0832467550000000
1110	4.41101	2.2535691585240070	0.1534016100000000	0.0856297250000000
1114	6.80212	2.2277401647614821	0.1602382100000000	0.0954343700000000
1116	4.09318	2.2357686287355083	0.1246985350000000	0.0891974600000000
1118	4.94317	2.2410402599579213	0.1305259950000000	0.1235646600000000
104	4.17470	2.2469457815388374	0.1204453000000000	0.0820603650000000
106	4.24173	2.2422320043403916	0.1184945850000000	0.0983286450000000
108	6.74909	2.2390503235480308	0.1756258300000000	0.1180350650000000
110	4.95835	2.2433525254258222	0.1584422100000000	0.1040181050000000
1120	6.15791	2.2264550323768617	0.1413963350000000	0.0871783650000000
1122	4.50022	2.2328418208691683	0.1343095750000000	0.0938046200000000
1126	4.63993	2.2461949352915576	0.1491523300000000	0.1151022250000000
1128	4.73005	2.2450217575463420	0.1386180300000000	0.0687307450000000
1130	6.62189	2.2252083575560366	0.1515145300000000	0.1161685600000000
1132	4.82357	2.2434491765981921	0.1422038400000000	0.1047369250000000
1134	4.49785	2.2420209725448577	0.1578406850000000	0.1169473150000000
1136	4.52370	2.2445623972826980	0.1629342900000000	0.0755504950000000
1138	4.57963	2.2453913015512770	0.1574134600000000	0.0977474900000000
1140	4.33156	2.2448857292901758	0.1271899750000000	0.0687535750000000
1142	5.77021	2.2233582286124594	0.1432863800000000	0.1045837600000000
1147	8.21793	2.1724605199079581	0.1410999000000000	0.0875906150000000
1148	4.34715	2.2527162192595318	0.1494430450000000	0.1264843850000000
1149	4.34715	2.3917420665128803	0.2582931950000000	0.1349317750000000
1150	4.29202	2.2411153329956419	0.1563174700000000	0.0963669550000000
1152	6.15727	2.2295861378460500	0.1608102200000000	0.0880010500000000
1154	4.28273	2.2376387621626708	0.1461360300000000	0.1360696950000000
1156	4.92139	2.2526952693105615	0.1738562200000000	0.0887068800000000
1158	4.44046	2.2410254213504941	0.1341049450000000	0.1056832100000000
1162	5.65769	2.3665689205244704	0.2500607500000001	0.1609270350000000
1166	4.99160	2.2433221530506313	0.1472868950000000	0.1272855750000000
1168	4.99998	2.2447765667477668	0.1228276050000000	0.0891547500000000
1170	4.44863	2.2435189263844997	0.1581908550000000	0.1179646500000000
1172	7.77621	2.2129859159294236	0.1434750050000000	0.0779877400000000
1176	8.82243	2.2192268823279493	0.1293309750000000	0.1038459550000000
1177	8.82243	2.1860743092823545	0.1519613950000000	0.0735427450000000
1178	4.03092	2.2526045003488551	0.1369780350000000	0.0812516200000000
1180	6.98595	2.2268005217452025	0.1333587350000000	0.1047856950000000
1182	4.13498	2.2404490019989201	0.1658603500000000	0.0713511650000000
1186	4.49995	2.2456124747844992	0.1522760700000000	0.0930219800000000
1188	4.47575	2.2249090253531141	0.1765174000000000	0.1305222800000000
1190	9.36204	2.2206867750066102	0.1541102200000000	0.0974778300000000
1192	4.60472	2.2411790977439856	0.1556465400000000	0.0584935950000000
1194	5.00000	2.2352021390119607	0.1464464350000000	0.0972852700000000
1195	5.00000	2.1636254080865922	0.1524035700000000	0.0458330150000000
1197	4.78462	2.2277056520283556	0.1698384550000000	0.0892762200000000
112	4.34973	2.2470974332599889	0.1464365300000000	0.1048360400000000
114	5.67070	2.2319773431674785	0.1429767400000000	0.0758813200000000
116	4.16424	2.2465543510264028	0.1406413700000000	0.0716784800000000
118	4.02935	2.2461750620240899	0.1194596850000000	0.0835542350000000
1200	7.75231	2.2219917923819459	0.1515350450000000	0.1172487750000000
1202	4.35313	2.2395043146374118	0.1450736150000000	0.1119652300000000
1204	6.77997	2.2277129646831453	0.1446541400000000	0.0974241850000000
1206	6.99988	2.2301221504232638	0.1401460600000000	0.1021908300000000
1207	6.99988	2.1722381285297403	0.1220178400000000	0.0914420100000000
1212	4.82000	2.2563462611386922	0.1937813400000000	0.1222772850000000
1214	10.74680	2.2217144508132334	0.1344406750000000	0.0700577000000000
1216	4.93969	2.2316449503806361	0.1418068300000000	0.1058844550000000
1218	7.34905	2.2249449903548908	0.1758204300000000	0.1375975150000000
1219	7.34905	2.4062033176605078	0.2650565550000000	0.1716973450000000
1220	12.93590	2.2176732769634317	0.1562232750000000	0.1117139700000000
1222	4.15682	2.2456706946020155	0.1594201100000000	0.1011216250000000
1224	4.57009	2.2415822832309891	0.1677272950000000	0.0722428250000000
1226	4.35377	2.2185694581415087	0.1297358950000000	0.0676545600000000
1228	4.42998	2.2433742766685509	0.1191435550000000	0.0855373200000000
1230	5.20353	2.2371390397349979	0.1579575600000000	0.0788875850000000
1232	4.57896	2.2442601951396779	0.1603757200000000	0.0908779800000000
1234	5.14180	2.2366407253703229	0.1400316550000000	0.1105278350000000
1236	4.22672	2.2447803588675930	0.1113155250000000	0.0894590450000000
1240	6.10483	2.2337089646593373	0.1567725600000000	0.0808869700000000
1242	5.75275	2.2305934503110043	0.1634179250000000	0.1260387350000000
1244	4.25318	2.2468609259195462	0.1487263600000000	0.0990011700000000
1246	4.67784	2.2435070602043319	0.1163834400000000	0.0557396900000000
1248	4.14212	2.2484637803219365	0.1202532900000000	0.0789236600000000
1250	7.39761	2.2332498630788078	0.1654830350000000	0.1149403850000000
1252	4.82270	2.2440380077926441	0.1365833750000000	0.0767579100000000
1254	4.41000	nan	nan	0.0000000000000000
1256	5.28996	2.2452390604980574	0.1612751550000000	0.0449072700000000
1258	6.13964	2.2275743309750067	0.1396566850000000	0.1114567600000000
1260	5.95341	2.2441969292748989	0.1872524700000000	0.1370365750000000
1264	4.59321	2.2460920518669947	0.1643679100000000	0.0775587700000000
1266	4.18517	2.3419250103524591	0.2231178450000000	0.1182930350000000
1268	7.77916	2.2264145942195426	0.1470851200000000	0.1092204100000000
1270	5.12282	2.2340533623719554	0.1197793450000000	0.1132145500000000
1274	7.78094	2.2161560653196788	0.1509699550000000	0.0442321800000000
1275	7.78094	2.1607994070924219	0.1128488100000000	0.0974565650000000
1276	6.23931	2.2311993214587345	0.1339460400000000	0.0541278100000000
120	4.49998	2.2492536323066674	0.1612786200000000	0.1073535900000000
122	4.12503	2.2458241779056363	0.1526204600000000	0.1048566100000000
124	4.01006	2.2545656415940578	0.1545063950000000	0.0856220400000000
126	4.67039	2.2451450766654162	0.1384711850000000	0.0465393400000000
1280	4.86258	2.2390977603511915	0.1566430650000000	0.0910794500000000
1282	9.14179	2.2245479946300861	0.1377711000000000	0.0898509250000000
1284	8.93260	2.2243479983071914	0.1450684350000000	0.1007236850000000
1286	16.78930	2.2119134654044568	0.1385238400000000	0.0862877350000000
1288	4.10059	2.2477558895747198	0.1179765000000000	0.0895448650000000
1290	4.41996	2.2465016733395577	0.1600021700000000	0.1051279850000000
1294	41.53440	2.2023722443193043	0.1389487400000000	0.0838008100000000
1295	41.53440	2.1949735404775841	0.1250618100000000	0.1025683100000000
1296	4.83472	2.2363998694810796	0.1479233950000000	0.0755433300000000
1298	4.20010	2.2452155925116828	0.1570179400000000	0.1059296050000000
1300	5.56063	2.2425683942909145	0.1570992850000000	0.1121587100000000
1306	26.52460	2.2080259645064437	0.1580968700000000	0.0689715250000000
1308	5.28082	2.2387982732298228	0.1368064350000000	0.0842220100000000
1310	4.21926	2.2604119472559385	0.1429646250000000	0.0943210650000000
1312	4.92507	2.2393382118868894	0.1370283650000000	0.1022113400000000
1316	8.20009	2.2142542777428553	0.1087653050000000	0.0908947850000000
1318	4.28512	2.2467452944502204	0.1565194350000000	0.1467616400000000
1320	4.50593	2.2399324700303027	0.1390624550000000	0.1167075100000000
1322	4.92764	2.2359778424083729	0.1458877300000000	0.1119029250000000
1324	4.19051	2.2474625497660123	0.1294949050000000	0.0942656700000000
1326	5.08958	2.2287775825263090	0.1789515000000000	0.1054697900000000
1328	6.31772	2.2276414844183852	0.1266096200000000	0.0711101850000000
1330	4.42435	2.2480047735341144	0.1331641150000000	0.0813242650000000
1332	11.47260	2.2170337063798220	0.1608647600000000	0.1173298200000000
1334	6.43223	2.2321471258232632	0.1289840550000000	0.0677740200000000
1336	5.40002	2.2367556286230879	0.1693463500000000	0.1010901550000000
1338	4.29983	2.2464509605374112	0.1163106350000000	0.0901996000000000
1340	4.74091	2.2048911533850215	0.0938260850000000	0.1382407750000000
1342	9.22604	2.2201292229979535	0.1637175700000000	0.1265151400000000
1346	4.12469	2.2442757414314611	0.1575737400000000	0.0913681450000000
1348	4.19133	2.2455907406976290	0.1448161700000000	0.1059799700000000
1350	19.24980	2.2180436755790658	0.1704053950000000	0.0954763850000000
1352	6.49995	2.2312310177729522	0.1316990850000000	0.0732598650000000
1353	6.49995	2.5774473952654522	0.3255721400000000	0.1016204100000000
1354	4.93868	2.2413192038303094	0.1559419950000000	0.1169082400000000
1356	5.16798	2.2406331327801956	0.1688808900000000	0.0800641550000000
130	4.41998	2.2432414652308834	0.1352332500000000	0.1096484500000000
132	4.26004	2.2472228501345617	0.1360215900000000	0.1062402150000000
1360	4.34000	2.2481916204935146	0.1312609400000000	0.0789936350000000
1362	4.19857	2.2438984711254673	0.1238877850000000	0.0822705250000000
1366	4.28500	2.2523987329042945	0.1428695100000000	0.0558499550000000
1368	4.33103	2.2436388800829228	0.1541368350000000	0.0748065750000000
1370	5.01810	2.2451176398855091	0.1471925200000000	0.1000883000000000
1372	4.83900	2.2383283121117366	0.1181005100000000	0.0809007000000000
1374	11.70160	2.2190574241311003	0.1388573550000000	0.0987188800000000
1376	4.18779	2.2431888385102581	0.1198862700000000	0.0755269700000000
1378	4.30225	2.2456737974821599	0.1592883800000000	0.1061094500000000
1380	4.47979	2.2466745845349454	0.1259829650000000	0.0760528650000000
1382	4.19429	2.2490387237222866	0.1564810550000000	0.0972520400000000
1384	4.74990	2.2412970863853614	0.1431405100000000	0.0856466050000000
1386	4.46202	2.2428346584541732	0.1442483950000000	0.0665379700000000
1388	7.51339	2.2187337165428622	0.1140809650000000	0.0976946900000000
1390	4.07593	2.2471387768964433	0.1358236350000000	0.0798440550000000
1392	4.50586	2.2399928202870583	0.1364794350000000	0.1160500450000000
1394	5.40028	2.2364069141731537	0.1305647000000000	0.1025303750000000
1396	4.21001	2.2563294886878067	0.1337570500000000	0.0794858000000000
1398	4.55972	2.2324115953405870	0.1743842900000000	0.1088467850000000
1400	6.45934	2.2315234584411825	0.1567679450000000	0.1212795750000000
1404	5.63143	2.2382780494599031	0.1369356600000000	0.0620542000000000
1406	5.45344	2.2292656874154737	0.1042803650000000	0.1032620100000000
1410	3.99999	2.2468421270885122	0.1411326800000000	0.1209567300000000
1412	5.06884	2.2338465490716737	0.1505544300000000	0.1013851350000000
1414	5.17088	2.2404386287686764	0.1275653200000000	0.0540235800000000
1416	4.16630	2.2471464230979752	0.1398522800000000	0.0818704650000000
1418	4.45962	2.2471503973804032	0.1624049800000000	0.0781863250000000
1420	4.96768	2.2434288306734822	0.1207536000000000	0.0761342300000000
1422	6.48742	2.2786223253501037	0.1649437900000000	0.1173216800000000
1424	4.55737	2.2316771738754806	0.1382638450000000	0.1133852300000000
1426	4.59597	2.2259008440461416	0.1612076250000000	0.0961556750000000
1430	4.82750	2.2358752894746154	0.1620960050000000	0.0941693500000000
1432	4.74588	2.2366136701417219	0.1655653650000000	0.0305466550000000
1436	4.05549	2.3373675324840941	0.2271459150000000	0.1119758350000000
1438	4.35346	2.2329356992316263	0.1090773650000000	0.1087652600000000
136	8.85313	2.2491364652391406	0.1784351150000000	0.1230311800000000
138	5.65792	2.2175016713051474	0.1284483050000000	0.0808962800000000
142	7.11878	2.2326191579741383	0.1278580850000000	0.0895390300000000
1440	14.84560	2.2176652376124735	0.1549029750000000	0.0974628750000000
1442	5.15863	2.2287460092329270	0.1571150900000000	0.1050953600000000
1444	4.52015	2.2382404699187299	0.1111906950000000	0.0805323450000000
1446	13.19560	2.2063094765178075	0.1362994500000000	0.0891966500000000
1447	13.19560	2.1876235383376805	0.1278157000000000	0.0964175750000000
1449	5.21879	2.2667816462006245	0.2131953800000000	0.1123433900000000
1452	26.14010	2.2014152463540788	0.1463244650000000	0.0915593050000000
1453	26.14010	2.1951758368615355	0.1445198950000000	0.1054828450000000
1458	6.81732	2.2316073586322673	0.1544399750000000	0.0993772450000000
1459	6.81732	2.1650078474742447	0.1130995750000000	0.0790521400000000
1462	4.30914	2.2467094496603832	0.1474137550000000	0.1038673050000000
1464	4.88418	2.2444643188574100	0.1521982100000000	0.0893149250000000
1466	5.14388	2.2358648782473751	0.1393986750000000	0.1252495400000000
1468	5.40044	2.2387634606854467	0.1371106300000000	0.1093529950000000
1474	16.46020	2.2098110454375961	0.1526865400000000	0.0926906800000000
1476	4.04919	2.2436425042820094	0.1124454100000000	0.0805970050000000
1478	4.73253	2.2415543975428314	0.1404415450000000	0.0701832700000000
1480	4.41109	2.2444282697585631	0.1477996700000000	0.0637990000000000
1482	8.11443	2.2258196755240514	0.1762240400000000	0.0768346950000000
1484	4.90953	2.2419866305276415	0.1444992350000000	0.0959446600000000
1486	4.76000	2.2378596592173801	0.1465608900000000	0.0999537100000000
1488	4.99997	2.2407072053869355	0.1506398000000000	0.0917993700000000
1492	4.27256	2.2458492126686513	0.1486525000000000	0.0869289900000000
1494	8.85629	2.2217191784800145	0.1459961800000000	0.0846627600000000
1496	4.43155	2.3231325434241779	0.2085498100000000	0.1420243250000000
1498	5.33950	2.2387061242567099	0.1316030900000000	0.0775905850000000
1500	10.05860	2.2149902803001824	0.1469884300000000	0.0978583700000000
1501	10.05860	2.1417143305044228	0.1337061200000000	0.0648569800000000
1502	5.32626	2.2404842862258794	0.1485996450000000	0.1090353300000000
1504	5.00547	2.2405931198025328	0.1468864550000000	0.1100774450000000
1506	6.05950	2.2336642973458822	0.1413682800000000	0.0969260250000000
1508	4.98861	2.2417810697046572	0.1543098700000000	0.1280099800000000
1510	7.57217	2.2244628578335743	0.1588520450000000	0.0914628400000000
1512	6.33965	2.2245871142755496	0.1271851400000000	0.0772574800000000
1513	6.33965	2.1727472177061200	0.1471831450000000	0.0737962650000000
1514	4.41009	2.2421912970014239	0.1593641800000000	0.1319818750000000
1518	4.00000	2.2324097565444596	0.1552237500000000	0.0758779500000000
144	4.19992	2.2508308101058501	0.1507730350000000	0.0760946900000000
145	4.19992	2.1397355453482243	0.1267685350000000	0.0454541400000000
146	4.16991	2.2497545914505079	0.1291521800000000	0.0836976300000000
148	4.15883	2.2545927821105578	0.1375599550000000	0.1326923900000000
150	5.97077	2.2336520791915082	0.1538862650000000	0.1088358500000000
1526	4.13878	2.2725466869192550	0.2277358700000000	0.1238285200000000
1530	6.61898	2.2284641399563521	0.1547654800000000	0.0953456300000000
1534	4.40991	2.2511940268076844	0.1555643650000000	0.1013222900000000
1536	6.77581	2.2317049317901287	0.1506352400000000	0.1196856500000000
1539	6.34045	2.1686582932898246	0.1366653050000000	0.0784439050000000
1540	5.93810	2.2322277053600201	0.1268851000000000	0.0724591100000000
1542	4.00992	2.2485237472056814	0.1592207750000000	0.0944534650000000
1544	6.17991	2.2352814770911249	0.1460067550000000	0.0936783700000000
1546	5.33599	2.2418938843974168	0.1680619150000000	0.0968097200000000
1548	4.86100	2.2424713058577819	0.1667695150000000	0.0601327750000000
1550	4.11980	2.2521520786293077	0.1305869550000000	0.0671344100000000
1552	4.80348	2.2378079343554154	0.1648064700000000	0.1340120200000000
1554	9.48333	2.2247306695549764	0.1651761600000000	0.0880179400000000
1555	9.48333	2.1772406879068034	0.1381154400000000	0.0826530350000000
1556	5.13316	2.2360238700379020	0.1368179850000000	0.1007343350000000
1558	6.80042	2.2325959742963546	0.1440856100000000	0.0731284450000000
1561	6.99947	2.1656632126336173	0.1138896300000000	0.1015858600000000
1562	5.98505	2.2153950998551895	0.0838484650000000	0.0570834500000000
1566	5.19021	2.2266159778418357	0.1427067800000000	0.0790188150000000
1568	4.75006	2.2376665729718987	0.1070939750000000	0.0843287150000000
1570	5.24969	2.2330494135734114	0.1181615750000000	0.0785229900000000
1572	5.57786	2.2192584609240846	0.1366797350000000	0.0920409600000000
1578	5.96102	2.2285390586268163	0.1475410700000000	0.0965377100000000
1580	6.63143	2.2279913022049636	0.1304123550000000	0.0964187500000000
1582	4.83719	2.2358496339848095	0.1449835250000000	0.1011802600000000
1584	8.53797	2.2314531063400400	0.1565283600000000	0.0835850650000000
1585	8.53797	2.1760075727327526	0.1492602850000000	0.0768602700000000
1586	7.09003	2.2135199547044628	0.1208004450000000	0.0956526350000000
1588	5.52782	2.2389895466193868	0.1473977250000000	0.1079338800000000
1590	4.29175	2.2421476681033492	0.1500497850000000	0.0697172200000000
1592	4.96853	2.2358717052787029	0.1337117100000000	0.0959093750000000
1594	4.28156	2.2378446840707005	0.1387123950000000	0.1265306350000000
1596	11.63420	2.2206430261291334	0.1532618000000000	0.1038597250000000
1597	11.63420	2.1872699308929699	0.1597652950000000	0.1063748100000000
152	4.46989	2.2444051193976322	0.1200312000000000	0.0866468150000000
154	4.73684	2.2405574039136553	0.1354040750000000	0.1000004750000000
156	5.91927	2.2384856813020275	0.1512236450000000	0.0932262650000000
158	4.24722	2.2496518874660256	0.1410972850000000	0.0738328950000000
9	7.67354	2.2542609489980125	0.2130089000000000	0.1000338000000000
10	6.61961	2.2306576571179710	0.1463088000000000	0.1004582750000000
1600	5.91412	2.2331235529973883	0.1616189100000000	0.1149924750000000
1601	5.91412	2.2059322317835770	0.1829176100000000	0.1257406750000000
1602	4.45082	2.2430356216787541	0.1668474400000000	0.1228857950000000
1604	4.01197	2.2521667127549647	0.1337683800000000	0.0874031700000000
1606	7.80313	2.2259615669968795	0.1464908400000000	0.1033325000000000
1607	7.80313	2.1833617113961132	0.1658319500000000	0.1077229200000000
1608	4.35612	2.2440646331851966	0.1297749150000000	0.0806382900000000
1610	6.87927	2.2271710242502283	0.1524663000000000	0.1011255050000000
1612	11.05520	2.2115656751380741	0.1644865150000000	0.0939007700000000
1614	4.00000	2.2547721854299638	0.1437938700000000	0.0690324600000000
1616	4.47015	2.2524803681422720	0.1936922450000000	0.0503107200000000
1618	5.73820	2.2305708431383322	0.1586026700000000	0.0999690450000000
1620	7.00016	2.2289907093635972	0.1208337000000000	0.0782696200000000
1622	12.58970	2.2119239388511067	0.1761370550000000	0.0619910700000000
1624	4.48996	2.2503186251137435	0.1211661700000000	0.0825833600000000
1626	4.90009	2.2346478460423729	0.1463397500000000	0.1031310900000000
1627	4.90009	2.1635475928719310	0.1490220650000000	0.1041287350000000
1630	4.68953	2.2407777824815049	0.1259778700000000	0.0826734300000000
1636	4.18877	2.2341312527358688	0.1527914050000000	0.1038889050000000
1640	4.79451	2.2419767956506775	0.1279812900000000	0.1038257700000000
1642	12.51970	2.2179013682195841	0.1603292050000000	0.0988983100000000
1644	7.68019	2.2231033130714137	0.1158175900000000	0.0699979300000000
1648	4.34003	2.2480283760229702	0.1381088700000000	0.0852202900000000
1650	4.01793	2.2438494262457773	0.1530916600000000	0.0356865050000000
1653	4.59385	2.1363020176880543	0.1185788400000000	0.0832354750000000
1654	12.19800	2.2233309480120544	0.1694701750000000	0.0879007950000000
1656	4.50001	2.2470970619535593	0.1363476800000000	0.0915408200000000
1658	4.83879	2.2359039846782176	0.1805720950000000	0.0867103150000000
1660	5.07562	2.2180345149019804	0.1130404600000000	0.1108675800000000
1662	8.78127	2.2241190541163243	0.1561335700000000	0.1104899750000000
1664	4.94033	2.2420510172346781	0.1418047350000000	0.0961808500000000
1670	7.31305	2.2305413402992569	0.1539018200000000	0.1166973200000000
1671	7.31305	2.2590945302460321	0.2203963950000000	0.1281476750000000
1674	11.11390	2.2193511929956218	0.1228684650000000	0.0659870750000000
1675	11.11390	2.1896607426965859	0.1408380600000000	0.0769608300000000
1676	4.40009	2.2410286384617977	0.1558189600000000	0.0918674000000000
1678	4.18668	2.2481515697776278	0.1431006250000000	0.1030195750000000
162	5.93497	2.2341430533009929	0.1559583000000000	0.0721496400000000
164	5.68967	2.2366273862370578	0.1196684500000000	0.0816365850000000
166	5.78332	2.2270146675808560	0.1431681350000000	0.1062206900000000
1680	4.03869	2.2464111528205799	0.1441514350000000	0.1024273150000000
1682	4.61938	2.2477853542003357	0.1310307550000000	0.0666197550000000
1684	4.34643	2.2682460228305112	0.2281272300000000	0.1405805700000000
1686	4.16990	2.2496837703421595	0.1342139800000000	0.0746101950000000
1688	6.46034	2.2331835918290674	0.1482775150000000	0.0609981950000000
1690	4.63023	2.2261594914131511	0.1409004650000000	0.0664500200000000
1692	4.23272	2.2453950660012731	0.1453008000000000	0.1016415100000000
1693	4.23272	2.1630412364704728	0.1245138500000000	0.0971176700000000
1694	5.91378	2.2397377287411375	0.1565410400000000	0.0809413300000000
1696	6.10417	2.2376813826246718	0.1490320400000000	0.1109317700000000
1698	4.87797	2.2369073587440274	0.1222414900000000	0.0929317150000000
1700	7.91949	2.2272607289493025	0.1214075450000000	0.0847787200000000
1702	5.64337	2.2399683650049824	0.1632173400000000	0.0795913250000000
1704	4.22001	2.2450638156676019	0.1598353750000000	0.1354492350000000
1706	4.40746	2.2424038283511392	0.1418040150000000	0.0946196800000000
1708	5.48181	2.2331857370045012	0.1406902100000000	0.1058109300000000
1712	4.60117	2.2380011345117907	0.1343101150000000	0.0914133550000000
1716	9.08621	2.2205869415270931	0.1617878900000000	0.1055096600000000
1718	7.71937	2.2247896079551142	0.1443677450000000	0.1050553000000000
1720	6.48811	2.2381799148570583	0.1620647500000000	0.0953314450000000
1722	4.73518	2.2468215932317053	0.1543302600000000	0.1006303500000000
1724	5.38985	2.2649578048945980	0.1847671350000000	0.1381991750000000
1725	5.38985	2.1695366455827640	0.1310844150000000	0.0938371500000000
1726	6.50072	2.2323429437822644	0.1557622900000000	0.1032675950000000
1728	4.27002	2.2456597642377174	0.1299922600000000	0.0877573100000000
1736	5.01793	2.2383177110522112	0.1516647500000000	0.1005960950000000
1738	8.36069	2.2220687221962900	0.1414633850000000	0.0986617600000000
1740	13.08860	2.2171807847110738	0.1461096350000000	0.0971993150000000
1742	4.35559	2.2505695390479343	0.1562239200000000	0.0941312250000000
1744	4.70019	2.2443843611811829	0.1544627850000000	0.0975225400000000
1745	4.70019	2.1798319458007143	0.1927994950000000	0.0677018500000000
1746	4.08501	2.2471946724215179	0.1551683400000000	0.1025116850000000
1748	6.24506	2.2251243701781527	0.1597545900000000	0.1077993250000000
1750	6.87963	2.2310043291649548	0.1382445450000000	0.0958165200000000
1752	6.34639	2.2287179526993279	0.1380821550000000	0.1060783050000000
1756	5.33757	2.2420292311517680	0.1448264050000000	0.1223583800000000
1758	8.89967	2.2220368141913660	0.1596271950000000	0.0782479900000000
170	4.28517	2.2402977674836921	0.0992954450000000	0.0799202650000000
174	8.08467	2.2254716915502089	0.1593281600000000	0.0735313550000000
1760	5.55909	2.2402662329850433	0.1433333550000000	0.1027284900000000
1762	5.89161	2.2371384162641852	0.1506746450000000	0.1161612150000000
1764	4.26026	2.2447911167812160	0.1296502500000000	0.0840377000000000
1766	6.50125	2.2327794304283053	0.1515471750000000	0.1001502750000000
1768	4.34000	2.2456743636773964	0.1594169350000000	0.1002860200000000
1770	4.19462	2.2526728422612292	0.1465767850000000	0.0660956150000000
1776	4.24900	2.2449164286000451	0.1324032750000000	0.0719306450000000
1778	5.36257	2.2342000329230216	0.1592477550000000	0.1026607350000000
1780	10.91730	2.2214220191891227	0.1474216800000000	0.0830525350000000
1782	7.36541	2.2279485281266411	0.1344051850000000	0.0659585400000000
1786	4.37997	2.2451937836604046	0.1426653050000000	0.1113904150000000
1788	4.46975	2.2436344754201625	0.1454557700000000	0.0890175300000000
1790	5.02970	2.2449433860368453	0.1605772500000000	0.1068228800000000
1793	7.78590	2.1825773372898225	0.1270461100000000	0.1122276950000000
1796	4.43979	2.2398531029013862	0.1608437800000000	0.1016698800000000
1798	4.58448	2.2402749234096642	0.1665483400000000	0.0935922550000000
1800	4.07502	2.2456370605744436	0.1444820550000000	0.0958807500000000
1803	16.69810	2.3277725174336097	0.2521958350000000	0.0969012350000000
1804	4.14194	2.2505202672406730	0.1548837900000000	0.1183599050000000
1806	5.71642	2.2392501780682399	0.1587238800000000	0.1211867650000000
1811	4.86071	2.1823486949067452	0.1618498100000000	0.0808418000000000
1812	6.14934	2.2389201450734491	0.1629563250000000	0.1275891150000000
1814	4.17537	2.2529166945531576	0.1521265900000000	0.0834173400000000
1816	8.09001	2.2234643237486473	0.1674028100000000	0.0745528250000000
1817	8.09001	2.2423778075970477	0.1295852550000000	0.1481594050000000
1818	4.05004	2.2613344433542193	0.2265104300000000	0.0991457000000000
1822	6.33983	2.2306561525864681	0.1899352200000000	0.1141777900000000
1824	5.01750	2.2351175826874643	0.1034151150000000	0.0498675300000000
1826	4.27361	2.2465944540038083	0.1513353900000000	0.1030781000000000
1828	4.80502	2.2422193377787325	0.1619212200000000	0.0873543450000000
1830	4.04717	2.2312402359283392	0.1592464000000000	0.1271941750000000
1832	4.33506	2.2387249652037906	0.1314950100000000	0.0965762900000000
1834	6.04510	2.2272616110277350	0.1436624200000000	0.1032486650000000
1836	4.83045	2.2461001453474672	0.1564005300000000	0.1094145550000000
1838	4.24767	2.2286659843913901	0.1461070050000000	0.0939627850000000
176	6.35654	2.2339522952539324	0.1422893550000000	0.1043805100000000
180	6.95937	2.2249092182440289	0.1533464400000000	0.0846113350000000
182	4.04727	2.2425238377057517	0.1433980750000000	0.1132428850000000
1840	5.76000	2.2379933346212271	0.1296863800000000	0.0818816300000000
1842	4.19228	2.2470381633570393	0.1438862050000000	0.0947739650000000
1846	4.13014	2.2507855484587620	0.1431787050000000	0.1001836400000000
1848	7.04093	2.2319520875660293	0.1444369400000000	0.1179096550000000
1850	5.00731	2.2399830970035826	0.1226625800000000	0.0648363900000000
1852	4.56028	2.2387690037216261	0.1274268450000000	0.1018303800000000
1854	4.18300	2.2491539256680335	0.1373142600000000	0.1163109200000000
1860	4.39127	2.2451158665224566	0.1482386850000000	0.0841705450000000
1864	12.57260	2.2198984264862398	0.1788746200000000	0.1269580950000000
1868	5.77880	2.2348234202279738	0.1567136850000000	0.0908158650000000
1870	4.38822	2.2488495874864234	0.1556730450000000	0.0982222900000000
1872	4.18016	2.2446680008641819	0.1442090250000000	0.0882843600000000
1874	4.38937	2.2438315446480557	0.1362227400000000	0.0781583400000000
1876	4.80798	2.2432696402140593	0.1524908350000000	0.1049291750000000
1878	6.23233	2.2316504942535369	0.1241814300000000	0.0876483150000000
1879	6.23233	2.1769948527867578	0.1347240800000000	0.0801807250000000
1880	4.14205	2.2364016643832003	0.1475344100000000	0.1166619650000000
1882	6.14244	2.2259741461617191	0.1458696850000000	0.1228592050000000
1884	4.47101	2.2394654501018429	0.1493487750000000	0.1062095650000000
1886	4.59031	2.2411119439504854	0.1165133650000000	0.0820216050000000
1888	8.27008	2.2188783813103106	0.1401625450000000	0.0545284050000000
1892	6.53008	2.2312453246307946	0.1583976200000000	0.1184445100000000
1893	6.53008	2.1694399778137705	0.1056209950000000	0.0902613700000000
1896	4.45915	2.2448115073373294	0.1544402400000000	0.0959878300000000
1900	6.39020	2.2310540756220480	0.1442088850000000	0.0733423550000000
1906	6.61739	2.2327514096228684	0.1625707050000000	0.0489199300000000
1908	4.82403	2.2455805074760948	0.1428872200000000	0.0589977800000000
1910	16.46690	2.2030012043400191	0.1548115300000000	0.0649060700000000
1911	16.46690	2.1863055330095937	0.1432192350000000	0.0882531800000000
1916	5.98995	2.2305450641664089	0.1286503700000000	0.0589915200000000
1918	5.56728	2.2425936462749911	0.1931163950000000	0.1174077550000000
184	5.27085	2.2403781071676554	0.1633381250000000	0.0819930450000000
186	4.12611	2.2390570296340457	0.1059466800000000	0.0972599950000000
190	6.25027	2.2336353559646493	0.1446505950000000	0.0994637250000000
1920	4.47102	2.2451482422958651	0.1489325300000000	0.0985192400000000
1922	4.58188	2.2439037252845577	0.1257891900000000	0.0864149150000000
1926	6.96936	2.2200145893062877	0.1431290750000000	0.0963955150000000
1928	4.69985	2.2358854451192260	0.1497279800000000	0.0909291200000000
1930	4.57472	2.2286618334542161	0.1807085700000000	0.1347326900000000
1932	11.82330	2.2169681797806460	0.1475794450000000	0.1121242700000000
1934	4.62575	2.2350707001915935	0.1462544700000000	0.0691262650000000
1936	4.23855	2.2507148214189150	0.1244317950000000	0.0885078650000000
1939	16.47600	2.1963236103051318	0.1475839450000000	0.1240764450000000
1940	4.14098	2.2527333138001033	0.1374299550000000	0.0761910150000000
1942	5.97899	2.2307458579989174	0.1271915950000000	0.1093694850000000
1944	13.31540	2.2187532542008634	0.1345392250000000	0.0656292550000000
1946	7.10612	2.2316036158457884	0.1473472100000000	0.0570506850000000
1948	4.40992	2.2371149501702741	0.1652925250000000	0.0727683150000000
1950	4.13001	2.2466276447267504	0.1420961650000000	0.1038992300000000
1952	5.00849	2.2544808182058240	0.1510221500000000	0.1408986950000000
1954	4.41097	2.2315431186368939	0.1430716850000000	0.0566911100000000
1956	4.33100	2.2436787063457837	0.1318104950000000	0.0795348600000000
1958	4.28230	2.2491406882452663	0.1403076700000000	0.1011844550000000
1960	4.81984	2.2367382482002394	0.1556326900000000	0.0712417200000000
1962	4.58831	2.2447920513763999	0.1498316800000000	0.1053487000000000
1964	4.15438	2.2433955177972607	0.1429290450000000	0.0941061050000000
1967	5.13324	2.2877869192575551	0.1947682050000000	0.1197255600000000
1968	6.51561	2.2312568211517001	0.1244845650000000	0.0772081500000000
1972	4.42705	2.2406150099344009	0.1648917300000000	0.1245371050000000
1974	5.00888	2.2389707113978861	0.1493868850000000	0.0820293450000000
1976	4.14179	2.2470288216385925	0.1296305950000000	0.0789608800000000
1978	4.75150	2.2356563494035320	0.1611390450000000	0.1104064200000000
1980	4.27992	2.2496980095810089	0.1500498600000000	0.1254067450000000
1984	4.29983	2.2461920148722689	0.1546849350000000	0.0890508800000000
1986	5.28977	2.2326119983527049	0.1275567400000000	0.0704818400000000
1990	4.86217	2.2368254483785921	0.1591393350000000	0.1163566850000000
1992	4.94400	2.2445948946237166	0.1347249900000000	0.0604460500000000
1994	6.98118	2.2497246818857111	0.1823256350000000	0.1446118650000000
1996	5.06186	2.2446511029722926	0.1549554200000000	0.1295965800000000
1998	4.77968	2.2366834688153947	0.1492324500000000	0.1081009250000000
192	5.18987	2.2278505937569064	0.0664274100000000	0.0436038050000000
194	4.73165	2.2432845324605526	0.1285747200000000	0.0860243950000000
196	5.01785	2.2377869371197794	0.1551402100000000	0.0900536350000000
197	5.01785	2.1678463582902032	0.1189472500000000	0.1270695700000000
198	6.59951	2.2367928236433108	0.1720971350000000	0.0946867900000000
199	6.59951	2.1796341876789240	0.1482210150000000	0.0674009150000000
2000	4.63641	2.2430045293239638	0.1401361150000000	0.0621470600000000
2001	4.63641	2.1733574286602502	0.1477453800000000	0.0359137000000000
2002	4.21002	2.2391192380041454	0.1602036150000000	0.1079315050000000
2005	6.05026	2.1682148734231261	0.1229172600000000	0.0990648400000000
2006	4.60571	2.2488474106535250	0.1468877250000000	0.0712360400000000
2012	5.96074	2.2329329894536838	0.1489045300000000	0.0724287400000000
2014	6.50528	2.2321359525654016	0.1481514400000000	0.1046792500000000
2016	4.90000	2.2422678629266910	0.1520352050000000	0.1151633300000000
2018	5.71973	2.2341459983040077	0.1457074350000000	0.1143187150000000
2020	4.17423	2.2718562518819474	0.2002041150000000	0.1599112850000000
2022	5.30051	2.2392844351887820	0.1251238450000000	0.0957720600000000
2026	4.89723	2.2397720937267427	0.1277526700000000	0.0906090050000000
2028	4.12020	2.2483389273328274	0.1437329250000000	0.0820375350000000
2030	4.07470	2.2460542415705382	0.1412811700000000	0.0896706600000000
2032	7.86804	2.2253215199794369	0.1406007250000000	0.1256605050000000
2036	4.45063	2.2473587206384384	0.1436754950000000	0.0627382400000000
2038	4.71942	2.2302807236442708	0.1486170500000000	0.1127889050000000
2039	4.71942	2.2785289729885787	0.2643891550000000	0.0746992500000000
2042	7.59734	2.2273437649282686	0.1379758600000000	0.1171090750000000
2044	5.45900	2.2318313077773650	0.1434737350000000	0.0909014150000000
2046	4.32232	2.2475879934142591	0.1281900650000000	0.0824602750000000
2048	4.69000	2.2404278810055223	0.1581554450000000	0.1131531450000000
2050	5.42755	2.2365413947021007	0.1451410800000000	0.1032229850000000
2057	14.65630	2.1826603792955122	0.1381633750000000	0.0935629700000000
2058	8.22613	2.2146067178253759	0.1288226700000000	0.0774557500000000
2062	4.76312	2.2422935374436306	0.1452331250000000	0.0569050850000000
2066	5.20017	2.2417200430497424	0.1197584850000000	0.0757610000000000
2068	5.23793	2.2358209004954599	0.1447593850000000	0.1146963450000000
2070	4.54763	2.2377413106442083	0.1489384800000000	0.1126555400000000
2072	4.25762	2.2420504589396324	0.1304080350000000	0.0873573000000000
2074	7.33799	2.2300568865288937	0.1364058700000000	0.0738532400000000
2076	13.21610	2.2183746214873863	0.1427058650000000	0.0456934350000000
2077	13.21610	2.1961982581150390	0.1444555650000000	0.0795784550000000
2078	4.62607	2.2419091796448813	0.1497423450000000	0.0967321000000000
202	4.11536	2.2597000592402932	0.1347640300000000	0.0650408950000000
204	5.59931	2.2408415747248656	0.1442984600000000	0.0787270350000000
205	5.59931	2.2822192855844929	0.2180552550000000	0.0735458500000000
206	6.43016	2.2327657777903251	0.1602292300000000	0.1385811600000000
2080	6.52993	2.2157217597430550	0.1794701000000000	0.0984941200000000
2082	20.88530	2.2091592680711503	0.1468317500000000	0.1072346700000000
2083	20.88530	2.1895912664360462	0.1487788350000000	0.0936465500000000
2084	5.29028	2.2394216952969779	0.1242332400000000	0.0768739700000000
2086	5.04000	2.2390929375142155	0.1561351500000000	0.0937569900000000
2088	5.10973	2.2418093226640394	0.1415270850000000	0.0844661300000000
2090	6.91809	2.2318573304631792	0.1541435200000000	0.1195237250000000
2092	4.28292	2.2514283867209270	0.1489982550000000	0.1303607150000000
2094	4.93995	2.3230401136851264	0.2234460650000000	0.1247250400000000
2100	4.79986	2.2409248587384840	0.1443698550000000	0.0620121450000000
2104	5.18390	2.2293791520477257	0.1444576450000000	0.1135826850000000
2106	19.63850	2.2089463633213944	0.1566231500000000	0.1086044050000000
2110	5.01005	2.2323028271100256	0.1160587950000000	0.0835095850000000
2112	4.40635	2.2373657270834899	0.1504151950000000	0.1089722850000000
2114	4.93994	2.2436969610570419	0.1478207550000000	0.0668120200000000
2116	4.53304	2.2275848512703287	0.1339707450000000	0.1391870750000000
2118	4.40994	2.2459570114173140	0.1405856500000000	0.0813823250000000
2124	4.39748	2.2481940169608885	0.1808401650000000	0.1052241400000000
2126	4.81993	2.2358539296821820	0.1489130850000000	0.1114960250000000
2128	4.05005	2.2342326394635035	0.1650912450000000	0.0311750450000000
2130	4.12003	2.2482071939107890	0.1104963250000000	0.0855104800000000
2132	4.59966	2.2449220638116154	0.1423334150000000	0.0991088950000000
2134	7.98999	2.2260012616541043	0.1414174650000000	0.1061540100000000
2136	11.35650	2.2209015381419799	0.1560651800000000	0.0900117400000000
2138	4.97123	2.2345167144624356	0.1460207600000000	0.1203207900000000
2144	11.50940	2.3308571042276531	0.2456114700000000	0.0788585250000000
2146	4.33999	2.2421113553002470	0.1372857400000000	0.0884908800000000
2147	4.33999	2.3478362549114142	0.2481898550000000	0.1431330150000000
2150	8.91215	2.2225368025000507	0.1518738950000000	0.1089853500000000
2152	4.40007	2.2440130949441977	0.1467383050000000	0.0874001600000000
2156	4.19661	2.2462100654477477	0.1340395000000000	0.0873582000000000
2158	7.90423	2.2270630985007447	0.1212282800000000	0.0809514750000000
208	8.47765	2.2271288970529941	0.1486002700000000	0.1144206300000000
210	4.19882	2.2560197624173073	0.1552513100000000	0.1210645900000000
212	6.96937	2.2269619831488701	0.1392134600000000	0.1014091850000000
213	6.96937	2.1764733634721001	0.1517034750000000	0.0802750850000000
2162	7.44116	2.2275651213564940	0.1593875950000000	0.0808095300000000
2164	4.87773	2.2389062593279996	0.1584463350000000	0.1330284950000000
2166	5.23061	2.2326260825451216	0.1616862200000000	0.0727230900000000
2170	5.14179	2.2403674100089246	0.1406080450000000	0.0835622450000000
2172	4.25928	2.2453475548761452	0.1427476150000000	0.0570133100000000
2174	4.72264	2.2415869733204610	0.1415279500000000	0.0788776500000000
2176	4.05502	2.2516070374977191	0.1246097950000000	0.0843768650000000
2178	4.05080	2.2271613925564480	0.1112708000000000	0.1381319750000000
2180	4.13502	2.2462998187904097	0.1361790200000000	0.1160045700000000
2182	4.92703	2.2442922826445764	0.1500990600000000	0.1087354850000000
2184	4.26802	2.2513537249545736	0.1407448250000000	0.0695071750000000
2186	9.13856	2.2145709083609200	0.1248256400000000	0.0388224100000000
2190	5.22439	2.2452267358994220	0.1470863600000000	0.0784457550000000
2192	4.08508	2.2776619154806239	0.2672583950000000	0.1525146100000000
2194	4.07712	2.2438237171243007	0.1344408450000000	0.0861520150000000
2196	5.67482	2.2386833849470831	0.1537315850000000	0.0673908100000000
2198	5.32678	2.2350723832622914	0.1367295850000000	0.1165358650000000
2202	4.45561	2.2425742942750624	0.1595789250000000	0.1222641850000000
2204	4.79078	2.2431775804871403	0.1428925000000000	0.0687128950000000
2206	6.88521	2.2297613206958733	0.1304563900000000	0.0784295750000000
2208	4.03176	2.2497891576924545	0.1598175250000000	0.1112358050000000
2210	5.30647	2.2395183816114943	0.1528668200000000	0.0751889200000000
2212	8.61331	2.2255428270442135	0.1506127550000000	0.1221591200000000
2214	8.53267	2.2285859553134264	0.1502100650000000	0.1163644900000000
2216	5.74185	2.2388032781207903	0.1436915950000000	0.1048723050000000
2222	5.65161	2.2307112154490292	0.1219090600000000	0.0756141350000000
2224	5.75049	2.2384316903312329	0.1459638200000000	0.1145752250000000
2226	4.58643	2.2475087854555675	0.1439564200000000	0.0769014900000000
2228	12.30510	2.2120682365651128	0.1603023200000000	0.1324029900000000
2231	15.17590	2.1840702989763985	0.1329474550000000	0.0810580350000000
2232	5.55595	2.2384690168228518	0.1497347700000000	0.0907169800000000
2237	5.16616	2.1722705509604689	0.1369611500000000	0.0775182250000000
2238	5.19071	2.2431038529432650	0.1493478500000000	0.1103192400000000
218	7.47851	2.2166960321339473	0.1789396750000000	0.1441808150000000
220	4.04241	2.2397018789733636	0.1242264150000000	0.0874926100000000
222	4.78988	2.2328625948350203	0.1395152800000000	0.0989351750000000
2240	4.01854	2.2528306168547938	0.1211275550000000	0.0894659400000000
2242	7.67028	2.2262963294538203	0.1426832500000000	0.0594739450000000
2244	4.49999	2.2446467397437035	0.1488868300000000	0.1057686450000000
2246	4.20006	2.2406881301680346	0.1423163800000000	0.1403190300000000
2248	5.10066	2.2359717275100026	0.1404122250000000	0.1018758400000000
2250	4.79503	2.2436577757176961	0.1525009450000000	0.1045784800000000
2252	4.19468	2.2483402478626440	0.1491840700000000	0.1100409200000000
2253	4.19468	2.1558383714987803	0.1366788700000000	0.0619457450000000
2254	5.38651	2.2402927821994036	0.1515921700000000	0.1153073500000000
2256	5.06968	2.2430267741604957	0.1442148500000000	0.0939121650000000
2258	4.62982	2.2458465201566380	0.1910602050000000	0.0971728250000000
2264	6.71177	2.1993609831352874	0.1458814850000000	0.0911019750000000
2269	5.98929	2.1984143002042122	0.1690392050000000	0.0978289050000000
2274	5.89059	2.2244803212811783	0.1238403400000000	0.0689154250000000
2276	7.77805	2.2254246322624338	0.1400580400000000	0.0955888150000000
2278	4.56889	2.2511713767358632	0.1483839550000000	0.0738882900000000
2280	4.30126	2.2365997867699927	0.1141258450000000	0.0799560700000000
2282	4.82332	2.2308659917953886	0.1317494600000000	0.0457030000000000
2284	4.21059	2.2518348629625566	0.1596176800000000	0.1304595850000000
2286	5.19002	2.2387157804874787	0.1481085450000000	0.0989112050000000
2288	4.21002	2.2523049592408300	0.1611941900000000	0.0776837000000000
2292	4.41278	2.2471712715689360	0.1494124750000000	0.0931012450000000
2293	4.41278	2.5359553128848220	0.1429376550000000	0.1264182300000000
2294	4.58509	2.2423268120718713	0.1355634700000000	0.0984668950000000
2296	4.83457	2.2422656774438474	0.1585461450000000	0.1047600900000000
2304	5.00864	2.2419389524614890	0.1411355250000000	0.1212299750000000
2306	4.33997	2.2461002310434890	0.1431393350000000	0.1120273050000000
2308	6.43072	2.2312615274247065	0.1024397550000000	0.0706604300000000
2310	4.48006	2.2417497756055944	0.1688376400000000	0.1459703400000000
2312	5.47919	2.2368860378103008	0.1338091150000000	0.0790869250000000
2314	6.49465	2.2316386870946374	0.1390722100000000	0.1145183150000000
2316	4.08024	2.2475379593976523	0.1468081050000000	0.1028112250000000
2318	4.17074	2.2415664366226502	0.1526766850000000	0.1138811800000000
226	4.01982	2.2478162059342943	0.1558123050000000	0.0767043600000000
230	4.44085	2.2460931399382731	0.1362266800000000	0.0842108350000000
2320	4.31623	2.2406162810105954	0.1277305250000000	0.0868524650000000
2324	4.25323	2.2474590715390694	0.1443112500000000	0.0535890750000000
2326	4.01220	2.2437522079645134	0.1517684500000000	0.1360660150000000
2332	5.57607	2.2356405355139763	0.1356594200000000	0.0797762950000000
2334	8.07432	2.2237134192416157	0.1561160150000000	0.0983412400000000
2336	5.06049	2.2853432823537019	0.2223958550000000	0.1313818500000000
2338	10.11930	2.2123529012857377	0.1416112050000000	0.0803390000000000
2340	4.16587	2.2424233135140357	0.1583188500000000	0.1023163350000000
2342	4.70859	2.2402489855005370	0.1266126150000000	0.0724207850000000
2344	4.30697	2.2425619934348360	0.1611635700000000	0.1141091650000000
2346	4.89999	2.2400929494065895	0.1168960350000000	0.0847505600000000
2352	4.02994	2.2485391996581621	0.1318324150000000	0.0930521200000000
2354	4.01158	2.2551706573312646	0.1459755950000000	0.0618528050000000
2356	4.74062	2.2503509212463304	0.1626825550000000	0.0873335900000000
2358	4.05500	2.2528705941888205	0.1511752100000000	0.1025468400000000
2360	4.59340	2.2516614246091429	0.1680779300000000	0.1042000550000000
2362	4.92326	2.2379362965757048	0.1227225200000000	0.1077466750000000
2364	4.35580	2.2450608055381833	0.1394705950000000	0.1009549750000000
2366	4.31302	2.2377838259401415	0.2332001250000000	0.0569225750000000
2368	3.99999	2.2460292473709607	0.1196795300000000	0.1006266450000000
2370	12.34250	2.2221769616438518	0.1652700250000000	0.0981566700000000
2371	12.34250	2.1933116455645671	0.1478036550000000	0.1061879400000000
2372	4.90161	2.2404305345141893	0.1643369300000000	0.1451151200000000
2373	4.90161	2.1775361151545019	0.1903834500000000	0.0745325250000000
2374	16.47150	2.2092436967463702	0.1687268850000000	0.0831232500000000
2375	16.47150	2.1899520593783115	0.1477868450000000	0.0899305150000000
2378	4.75031	2.2409033111337533	0.1368460850000000	0.0933855350000000
2380	4.45364	2.2359085956681399	0.1393612950000000	0.1014443850000000
2382	4.59106	2.2403174882835919	0.1541657850000000	0.1292027850000000
2384	7.24841	2.2285693617358131	0.1514340700000000	0.0996732300000000
2385	7.24841	2.1745509637179636	0.1409536600000000	0.0856204850000000
2386	4.80803	2.2287148875837883	0.1492886850000000	0.0732080100000000
2388	5.51822	2.2347015849781195	0.1530363350000000	0.0835475150000000
2390	4.94079	2.2412122148678622	0.1603514700000000	0.0803837850000000
2392	4.41901	2.2508428085594119	0.1426071450000000	0.0600839600000000
2394	7.50984	2.3214040367792950	0.2553836500000000	0.1299520750000000
2395	7.50984	2.1389804955303116	0.1323656500000000	0.0770428350000000
2396	4.08572	2.2527494073715517	0.1324169000000000	0.0806621500000000
2398	4.74527	2.2450698118953047	0.1551278200000000	0.1154376650000000
232	12.26340	2.2125088903259522	0.1561209900000000	0.1016348400000000
234	5.78232	2.2399779797217514	0.1321592500000000	0.0858145400000000
236	4.33431	2.2504602637359445	0.1426482900000000	0.0907136550000000
238	5.61069	2.2327519245369811	0.1610773500000000	0.1074024000000000
239	5.61069	2.1664975973334468	0.1413315400000000	0.0709347850000000
16	5.98005	2.2407067711721056	0.1450628150000000	0.1100774600000000
20	5.62748	2.2291934778678431	0.1632577550000000	0.1205843450000000
22	4.99103	2.2405063351988308	0.1518369900000000	0.0960077650000000
2400	7.88262	2.2358585845467367	0.1743642300000000	0.0974422850000000
2402	4.08570	2.2512361754615227	0.1253778700000000	0.0925025250000000
2404	4.06501	2.2497289378911165	0.1262066400000000	0.1035485600000000
2406	4.45094	2.2443162794246101	0.1282049750000000	0.0912511000000000
2412	4.49850	2.2488759017155933	0.1560199100000000	0.0629277800000000
2414	4.04883	2.2521179370028359	0.1514224400000000	0.1038256400000000
2416	4.54257	2.2472161880547419	0.1370470050000000	0.1065550300000000
2421	7.12177	2.1823700300511399	0.1379777450000000	0.1153110150000000
2422	9.15709	2.2204624913109794	0.1460937700000000	0.0775120700000000
2426	4.85214	2.2393432256830215	0.1429476000000000	0.1038476550000000
2428	5.56826	2.2286005598769334	0.1384378700000000	0.1109183450000000
2430	4.10002	2.2533333667380080	0.1459592150000000	0.0819666700000000
2432	5.48099	2.2370594972402058	0.1502907550000000	0.0993563350000000
2434	4.47713	2.2472070192553835	0.1721694250000000	0.0820126550000000
2438	4.25976	2.2435096554195999	0.1459957750000000	0.0736697650000000
2440	5.95377	2.2338113533153217	0.1309883850000000	0.0928060750000000
2442	7.23954	2.2299068600560621	0.1387710100000000	0.1105175300000000
2444	4.28977	2.2378073631877635	0.1418474850000000	0.1020660800000000
2446	5.77132	2.2330228478703273	0.1274027800000000	0.0906309000000000
2448	5.66994	2.2344480827124893	0.1415586150000000	0.1047824450000000
2450	10.92920	2.2225249790120905	0.1440506300000000	0.1251775000000000
2452	4.65062	2.2463017338611539	0.1359749350000000	0.0951091000000000
2454	6.76463	2.2355803976412449	0.1558191250000000	0.0952857500000000
2456	4.98975	2.2381692928170129	0.1379189950000000	0.0883395400000000
2458	4.14186	2.2528531509510450	0.1507657650000000	0.0810821050000000
2460	5.78045	2.2311129446076241	0.1215860500000000	0.0754213850000000
2462	5.94902	2.2346395760895246	0.1541921350000000	0.1000211500000000
2463	5.94902	2.1896531302223350	0.1416910600000000	0.0923736800000000
2464	4.42413	2.2449404957106505	0.1317297750000000	0.0782734900000000
2470	5.46645	2.2386956407234249	0.1439295000000000	0.1134783900000000
2472	5.58451	2.2331522647107636	0.1320907550000000	0.0913660450000000
2478	5.55707	2.2376858570177292	0.1267292050000000	0.0761004300000000
240	5.50983	2.2308600390899094	0.1255444850000000	0.0746458350000000
242	5.45059	2.2226681982748242	0.1404543750000000	0.1223390750000000
244	4.24928	2.2391465423911954	0.1645960250000000	0.0864134300000000
246	4.35462	2.2291562112523553	0.1137493800000000	0.0620027200000000
2480	5.62859	2.2293160436534847	0.1567112150000000	0.1185526550000000
2482	4.28059	2.2328723268585438	0.1561593650000000	0.1118243100000000
2484	5.95322	2.2326899959490194	0.1271437700000000	0.0901628900000000
2486	6.79841	2.2245910949292336	0.1348553800000000	0.0986380250000000
2487	6.79841	2.1441375302983379	0.1767921950000000	0.1266833500000000
2488	5.46554	2.2358105394087873	0.1512974600000000	0.0681377100000000
2490	4.49999	2.2443200746021748	0.1370148000000000	0.0572186650000000
2494	4.25000	2.2470171625187403	0.1371563950000000	0.0942332250000000
2496	6.50146	2.2359721085627320	0.1712940400000000	0.1533996900000000
2498	4.34841	2.2356853413078075	0.1323033350000000	0.0586091800000000
2502	8.62901	2.2247758382551690	0.1465929000000000	0.1154414300000000
2504	10.74330	2.2189048210159394	0.1348409450000000	0.0978740300000000
2510	6.05950	2.2321120580642488	0.1383569400000000	0.1273987200000000
2512	5.28933	2.2340920824176274	0.1418743100000000	0.0724817200000000
2514	4.41001	2.2473190242482564	0.1477807950000000	0.0726530000000000
2516	4.26802	2.2507523491940695	0.1431007050000000	0.1023121900000000
2518	5.13055	2.2332003636139817	0.1346478550000000	0.0424814950000000
2522	6.40295	2.2342772136332463	0.1477741200000000	0.1237674800000000
2526	14.64260	2.2081660853607468	0.1467869550000000	0.1044853000000000
2532	4.14002	2.2275344971827926	0.1313022600000000	0.1002159650000000
2534	4.80702	2.2425467444624352	0.1464155750000000	0.0884283400000000
2536	4.76015	2.2312970224399895	0.1458816450000000	0.1015614150000000
2538	6.04764	2.2305292724686141	0.1031508050000000	0.0888733050000000
2542	5.83197	2.2270826741066325	0.1529949950000000	0.1574671800000000
2544	4.51350	2.2493794237168259	0.1594618700000000	0.1256893650000000
2546	4.96316	2.2281006189751222	0.1261920050000000	0.0913723700000000
2550	5.43885	2.2382215925301145	0.1448533700000000	0.0701264950000000
2552	4.17057	2.2305050548507963	0.1565009200000000	0.1175199250000000
2554	5.93308	2.2346819261127937	0.1618514000000000	0.0776434400000000
2555	5.93308	2.1676069289098936	0.1282025250000000	0.0845487050000000
2556	4.15730	2.2512338361416457	0.1267240500000000	0.0788533150000000
248	4.31335	2.2456127163192443	0.1156665050000000	0.0877238950000000
250	6.62067	2.2210955470506826	0.1292212000000000	0.0806672400000000
252	4.55085	2.2424561396832958	0.1592391950000000	0.1155127700000000
254	4.41005	2.2460494268652047	0.1638096250000000	0.1365798800000000
2560	4.25962	2.2516476371598846	0.1696556650000000	0.1013937800000000
2562	5.04993	2.2358611448538959	0.1223742300000000	0.0865509850000000
2564	4.49000	2.2123111461069249	0.1172798800000000	0.1022881750000000
2566	5.95871	2.2372042287380287	0.1544666500000000	0.0922312300000000
2570	4.20187	2.2441535833259243	0.1274682350000000	0.0863915600000000
2572	5.68831	2.2375965923163381	0.1340562350000000	0.0881926200000000
2574	4.99999	2.2411350558959424	0.1652102500000000	0.1130369100000000
2580	5.55984	2.2395354427264471	0.1365167650000000	0.0756753250000000
2584	5.25287	2.2401411422228157	0.1389345500000000	0.1014124850000000
2588	4.63899	2.2375963269169001	0.1554426000000000	0.1031386550000000
2590	4.11994	2.2485618470913353	0.1259856800000000	0.0657780800000000
2592	4.07504	2.2518959050392935	0.1635645500000000	0.1043709150000000
2594	5.96073	2.2285865571826737	0.1102243750000000	0.0750339400000000
2597	23.17250	2.2002787305814318	0.1623866100000000	0.0541787700000000
2598	7.49862	2.2299912814594589	0.1416959450000000	0.1147463200000000
2600	4.63991	2.2410908207280822	0.1618290950000000	0.1398016650000000
2602	4.29987	2.2523027154500870	0.1492436000000000	0.1136110150000000
2604	10.60660	2.2155036123016769	0.1595582700000000	0.1036794300000000
2606	4.23221	2.2355803739283497	0.1568652550000000	0.1203845800000000
2608	6.26069	2.2256585481104416	0.1292644150000000	0.0670162500000000
2614	4.81994	2.2360748125741425	0.1420067850000000	0.0969954250000000
2616	4.26804	2.2405380867112261	0.1406440400000000	0.0782785950000000
2622	4.51028	2.2421795514120810	0.1195611450000000	0.0772907000000000
2624	4.50770	2.2479662112579666	0.1463231400000000	0.0509092750000000
2626	4.33115	2.2437126702246952	0.1719435900000000	0.0919582950000000
2628	4.61964	2.2442651880103699	0.1464151500000000	0.0497546850000000
2630	4.97066	2.2390834422227308	0.1252827100000000	0.0784678200000000
2632	6.25048	2.2310004478264989	0.1436627050000000	0.0940772150000000
2634	4.39901	2.2396083734598333	0.1424256450000000	0.1239473700000000
2636	5.13421	2.2431524980524933	0.1533570500000000	0.0833607400000000
2638	7.14109	2.2237801937574551	0.1510674400000000	0.0888342550000000
256	4.32200	2.2405380331646492	0.1681394400000000	0.0676727150000000
260	4.96843	2.2296365217343581	0.1651273600000000	0.1385309450000000
2640	4.25273	2.2340462551658478	0.1326858300000000	0.0862063400000000
2642	4.31018	2.2499572082851271	0.1571369850000000	0.0952110100000000
2644	4.54641	2.2402745160204685	0.1520397300000000	0.1165071200000000
2646	4.56044	2.2391406244155223	0.1277751600000000	0.0849656800000000
2648	4.30162	2.2346571941211670	0.1457076150000000	0.1076348450000000
2650	6.40168	2.2257372821397214	0.1658688800000000	0.0978893150000000
2652	7.80242	2.2100740195322190	0.1360440600000000	0.0976856200000000
2654	7.23947	2.2324121699375632	0.1573783600000000	0.1026593600000000
2656	7.37276	2.2215036976890867	0.1249029150000000	0.0862320100000000
2658	4.10350	2.2494626398637565	0.1667997950000000	0.1386370700000000
2662	5.21238	2.2370324291162507	0.1329936250000000	0.0627537600000000
2666	4.94037	2.2421840839975880	0.1421147250000000	0.0921056800000000
2668	5.32015	2.2430277243045791	0.1516622300000000	0.1216194200000000
2670	7.96881	2.2252154158033894	0.1293211000000000	0.0915700450000000
2672	5.42989	2.2340027846904653	0.1510432050000000	0.1041211550000000
2674	6.18038	2.2322333902877372	0.1513553200000000	0.0759624150000000
2678	4.67021	2.2414448592416649	0.1340253700000000	0.1012967300000000
2682	11.59270	2.2190749597610626	0.1528558000000000	0.1058878300000000
2684	4.85792	2.2373066961784520	0.1842344400000000	0.0898776500000000
2687	8.91157	2.1871710723850355	0.1577711950000000	0.0394407700000000
2688	11.84740	2.2241685046731110	0.1491680350000000	0.0895577600000000
2690	4.02890	2.2416205630491857	0.1449287900000000	0.1139077050000000
2692	4.24923	2.2516564811213722	0.1376497650000000	0.0543134050000000
2698	4.00000	2.2394364239042570	0.1305393800000000	0.1212187150000000
2700	4.00689	2.2557302845767748	0.1598242850000000	0.1005053900000000
2702	4.83927	2.2360424852391674	0.1548387600000000	0.1325414650000000
2703	4.83927	2.1845213888831303	0.1573664600000000	0.0985327050000000
2704	7.25036	2.2266030553946470	0.1655179950000000	0.1348763850000000
2706	5.48782	2.2203973909587442	0.0959767750000000	0.0677355000000000
2708	4.72899	2.2409500429108409	0.1340982350000000	0.1014457950000000
2710	5.00004	2.2344977724101449	0.1190349450000000	0.0916588650000000
2714	9.24012	2.2209422442132087	0.1471653750000000	0.0983262500000000
2715	9.24012	2.2065820830552423	0.2153499850000000	0.1260968950000000
264	5.25325	2.2393622350952249	0.1590715850000000	0.0945572100000000
266	4.65214	2.2410886316956611	0.0988978100000000	0.0948122650000000
270	6.35340	2.2309874446450753	0.1485900100000000	0.0998042400000000
2720	6.09093	2.2340085698555296	0.1607041900000000	0.0791164650000000
2722	4.12514	2.2521826963264848	0.1676515000000000	0.0789896050000000
2724	9.23853	2.2186447660425808	0.0889849250000000	0.0693427000000000
2726	4.60106	2.2629632642133419	0.1909419750000000	0.1190104700000000
2728	4.66500	2.2453016441254618	0.1475858400000000	0.1209101200000000
2730	4.92034	2.2408894381832138	0.1592857300000000	0.1045038250000000
2734	8.35854	2.2232386842947043	0.1333846600000000	0.1024660500000000
2736	4.05690	2.3352554456678778	0.2181410350000000	0.0962725500000000
2738	4.49996	2.2529879582002423	0.1554892300000000	0.0945372000000000
2740	6.40598	2.2335928813667358	0.1432206850000000	0.0717863650000000
2742	4.18392	2.2459740911528279	0.1603287550000000	0.0836370400000000
2744	4.14386	2.2442343309456394	0.1156123350000000	0.0773093550000000
2746	4.16699	2.2413757798530951	0.1443870300000000	0.0838128900000000
2749	8.05054	2.1733190372475533	0.1367924650000000	0.0810937150000000
2750	4.46992	2.2488193318370873	0.1413126850000000	0.0826142450000000
2753	4.13998	2.1525758314561627	0.1373932650000000	0.0723615300000000
2756	4.18461	2.2449857245598266	0.1274318650000000	0.0983132250000000
2758	7.11963	2.2297246144227696	0.1480950250000000	0.1088037350000000
2760	5.01788	2.2403047776052247	0.1492640150000000	0.0883019800000000
2762	4.62710	2.2436854467069662	0.1388381250000000	0.1020146450000000
2766	4.86095	2.2462007067793577	0.1475111350000000	0.1090986350000000
2768	4.40001	2.2363890797054355	0.1302058550000000	0.0804877700000000
2772	4.18005	2.2514684456180163	0.1523590750000000	0.1337038650000000
2774	4.96965	2.2405544801115207	0.1402771650000000	0.0914869300000000
2776	4.31284	2.3874520788472453	0.2558656550000000	0.1490333300000000
2778	9.13888	2.2192020555996939	0.1592477150000000	0.1438197000000000
2780	6.99973	2.2219610446758598	0.1480816400000000	0.1052600500000000
2784	4.28057	2.2367038704620459	0.1142762800000000	0.1253736500000000
2786	4.73897	2.2387155914813528	0.1300602400000000	0.0816373100000000
2788	5.18812	2.2416060091174828	0.1402650600000000	0.1061414500000000
2790	4.99142	2.2318958801264941	0.1024496450000000	0.1131141150000000
2792	4.82661	2.2643214437574857	0.1304102650000000	0.1370470000000000
2794	4.66571	2.2463756275150484	0.1365882600000000	0.0769177450000000
2796	5.32699	2.2369293207422993	0.1638380950000000	0.1176179850000000
2798	5.64999	2.2388069200729452	0.1442247100000000	0.1073552200000000
272	4.72232	2.2442347302477716	0.1491597100000000	0.0848195550000000
274	4.71760	2.2289524919456860	0.1409587900000000	0.0971753000000000
276	4.17418	2.2315095149599427	0.0888968650000000	0.0639175300000000
278	4.44217	2.2374202126235150	0.1357866850000000	0.0864798300000000
2800	6.88302	2.2337000351753757	0.1462310500000000	0.1057985100000000
2801	6.88302	2.1619224053062625	0.1070449900000000	0.0841496900000000
2802	4.66222	2.2433357890817551	0.1471839850000000	0.0561956150000000
2804	4.88168	2.2416955620382106	0.1532711750000000	0.0963502200000000
2808	5.87316	2.2395008819207445	0.1437671200000000	0.1154304200000000
2810	4.39874	2.2509218724537585	0.1501149850000000	0.0655031850000000
2812	5.23815	2.2396576560161394	0.1518808800000000	0.0864713900000000
2814	5.57099	2.2396635480364524	0.1208042600000000	0.0834713550000000
2816	4.08318	2.2463359145315973	0.1382451300000000	0.0599179800000000
2818	7.18112	2.2137856676460372	0.1392667150000000	0.0874344300000000
2820	6.06766	2.2343311254460567	0.1439912050000000	0.1214748850000000
2822	4.01000	2.2425421331186399	0.1563810350000000	0.1057595000000000
2824	4.61980	2.2504933101221898	0.1548161400000000	0.1036980150000000
2826	6.46623	2.2306563772633359	0.1207542300000000	0.0814061900000000
2828	5.17079	2.2316674570340482	0.1330316450000000	0.0836654100000000
2831	6.17302	2.1622906142980791	0.1225254550000000	0.0861601250000000
2832	4.47691	2.2413207800725896	0.1733609500000000	0.0521300300000000
2834	5.11679	2.2431772368356215	0.1398089450000000	0.1018289300000000
2836	4.67993	2.1952214823215259	0.1177947050000000	0.0922581150000000
2838	6.50823	2.2343202728807006	0.1590447050000000	0.1188357550000000
2842	4.57021	2.2526063223510207	0.1560194400000000	0.0958374200000000
2844	4.76573	2.2455526505223484	0.1425220650000000	0.1039026650000000
2846	7.11878	2.2284041932792324	0.1540859200000000	0.0729092350000000
2847	7.11878	2.2673003380118049	0.2043253000000000	0.0846822050000000
2848	7.04899	2.2323393625200172	0.1456973200000000	0.0944261750000000
2849	7.04899	2.1771016048301606	0.1411795900000000	0.0625366850000000
2850	4.29009	2.2491497113072776	0.1541570200000000	0.0782395500000000
2852	4.63682	2.2426898264716471	0.1609574200000000	0.1305271100000000
2856	4.26809	2.2432196472438029	0.1247725700000000	0.0643426400000000
2858	4.35001	2.2449115568151430	0.1374712700000000	0.0636617750000000
2862	6.50001	2.2343509932651058	0.1476218450000000	0.0941467550000000
2864	5.26656	2.2391715036871394	0.1254733900000000	0.0695049350000000
2866	9.63891	2.2096922630007971	0.1370368350000000	0.0997535350000000
2868	5.06922	2.2424910646363321	0.1533281700000000	0.1254881800000000
2870	4.50002	2.2546742013916163	0.1534032400000000	0.0733992650000000
2872	9.30238	2.2212609554491642	0.1359214400000000	0.1083810950000000
2874	4.70978	2.2439276324984760	0.1464146600000000	0.1194395100000000
2876	4.47483	2.2328025116941608	0.1258322600000000	0.0958248200000000
280	4.40855	2.2212904683413965	0.1358861000000000	0.0833028550000000
282	8.46518	2.2254260917593198	0.1297512550000000	0.0809735500000000
286	6.38959	2.2382589242811597	0.1241195450000000	0.0890327050000000
2880	4.50001	2.2490417205261184	0.1590994600000000	0.0933007300000000
2882	5.59937	2.2304762594415677	0.1405281300000000	0.0969329000000000
2883	5.59937	2.1649501841491703	0.1381698500000000	0.0683507100000000
2884	4.43812	2.2360142401170555	0.1372495850000000	0.0842885350000000
2888	6.52649	2.2341793972498505	0.1438626700000000	0.0894911000000000
2890	4.04346	2.2493242317172877	0.1152752550000000	0.0898531600000000
2892	5.17000	2.2359284842503659	0.1401754900000000	0.1254680400000000
2894	4.59563	2.2437750822714237	0.1367066300000000	0.1063883650000000
2896	6.65399	2.2284630075485117	0.1374087450000000	0.0961929000000000
2900	4.42397	2.2485009122766475	0.1415432350000000	0.1013679950000000
2902	4.68997	2.2424802637534320	0.1264628150000000	0.0907809950000000
2904	4.17612	2.2469064315409000	0.1251150550000000	0.0741296400000000
2906	4.07000	2.2398896662411327	0.1665340400000000	0.1230681600000000
2909	8.05395	2.1890200149383174	0.1607165700000000	0.0934174250000000
2910	4.00002	2.3561826330784057	0.2672595050000000	0.1224694050000000
2912	9.19568	2.2275492860812136	0.1562305750000000	0.0973575000000000
2916	4.69994	2.2358845711431918	0.1657861050000000	0.0830097700000000
2918	4.41195	2.2474764126696236	0.1498191200000000	0.1118332250000000
2920	5.91350	2.2350519162146698	0.1464866100000000	0.0864785850000000
2922	4.44081	2.2446759190636802	0.1575751750000000	0.0952781450000000
2924	4.26997	2.2390414234730516	0.1706110250000000	0.0543353600000000
2926	4.72330	2.2357382913943646	0.1562982450000000	0.1033045150000000
2928	5.95016	2.2299057514665210	0.1649663050000000	0.0704374100000000
2932	4.04891	2.2508092328747891	0.1509451000000000	0.1169291600000000
2934	4.17539	2.2448769118568217	0.1531959150000000	0.0918584850000000
2936	5.33228	2.2359004232185447	0.1459215250000000	0.1106901300000000
2940	4.15092	2.2426210383236569	0.1539331900000000	0.0881337550000000
2942	4.72946	2.2496018496126324	0.1322184050000000	0.0788861750000000
2944	5.12695	2.2285480358785157	0.0963978750000000	0.0672934400000000
2946	8.35572	2.2250838541085716	0.1483031200000000	0.0874093950000000
2950	6.40363	2.2302260029902663	0.1502719850000000	0.0981008400000000
2952	7.48225	2.2254328980448119	0.1483490550000000	0.0955759500000000
2954	9.01194	2.2225822312563142	0.1630538100000000	0.0994344350000000
2956	4.92169	2.2444028670809022	0.1446666400000000	0.1208569050000000
2958	4.00000	2.2401260751570176	0.1360050450000000	0.0611778250000000
290	4.56983	2.2358806471043153	0.1129224650000000	0.1018863200000000
292	4.74063	2.2410861998822011	0.1139868200000000	0.0763376350000000
2960	4.82794	2.2397428634894667	0.1537004250000000	0.1359933750000000
2962	7.04486	2.2259232185098852	0.1606336050000000	0.1018421650000000
2964	5.06386	2.2424705174037616	0.1412420700000000	0.1053953000000000
2968	4.49799	2.2525817515247817	0.1481243550000000	0.0830653250000000
2970	10.13270	2.2257286911518479	0.1711037750000000	0.0787056050000000
2973	7.88851	2.1772686096181997	0.1498098550000000	0.0814541300000000
2974	9.21944	2.2221890359711454	0.1333128750000000	0.0749211200000000
2976	4.41979	2.2483934070324434	0.1541824300000000	0.1288133600000000
2978	5.88975	2.2249331856662282	0.1355330900000000	0.0963026400000000
2980	4.14296	2.2407807858773010	0.1271749450000000	0.0922529000000000
2982	12.90590	2.2064823891245351	0.1412784150000000	0.1079078550000000
2984	4.93568	2.2349924024856422	0.1423143250000000	0.0964689500000000
2986	4.49291	2.2479927407180238	0.1648546650000000	0.1200380800000000
2988	5.13341	2.2421074876378153	0.1403960900000000	0.1090096750000000
2990	4.25226	2.2474232014751698	0.1483453050000000	0.0961826850000000
2994	14.96590	2.2131852176714295	0.1505714050000000	0.1116571250000000
2998	4.95389	2.2464548479933915	0.1681798700000000	0.1477789400000000
3000	8.19245	2.2226349159158536	0.1544846450000000	0.0895557750000000
3002	9.68277	2.2204924379415667	0.1212071300000000	0.0833591900000000
3003	9.68277	2.1851094850526191	0.1632834050000000	0.0519135950000000
3006	9.66154	2.2170660801167035	0.1369657100000000	0.0869599400000000
3008	5.01363	2.3272643831466211	0.2612353750000000	0.1264027950000000
3012	4.27623	2.2546023826133292	0.1522068950000000	0.1165188800000000
3016	5.21969	2.3370651690531372	0.2277664450000000	0.1054421800000000
3018	5.26619	2.2393711488575638	0.1392065950000000	0.0735323750000000
3020	5.59896	2.2391429513674654	0.1386362200000000	0.1146139500000000
3021	5.59896	2.1622832906223510	0.1357163450000000	0.0522721150000000
3024	8.44299	2.2237652878202963	0.1537442250000000	0.1215163950000000
3025	8.44299	2.1875357576612871	0.1597420500000000	0.0737819450000000
3026	10.30760	2.2238279778198429	0.1531894150000000	0.0891483650000000
3028	5.95873	2.2334288363108810	0.1471404150000000	0.1135495450000000
3030	8.95530	2.2232063955668910	0.1497795400000000	0.0939970700000000
3031	8.95530	2.1822872000375968	0.1810714000000000	0.0734081050000000
3032	4.59982	2.2358890517296097	0.1269845500000000	0.0864575300000000
3034	4.74703	2.2402018360757148	0.1371799250000000	0.0577926950000000
3038	10.91730	2.2203391549209810	0.1391722800000000	0.1014831650000000
298	5.72922	2.2339311133608653	0.1349719950000000	0.0800115300000000
300	4.48033	2.2514820902052417	0.1652770350000000	0.0884113650000000
301	4.48033	2.1613564426785516	0.1515839750000000	0.0626691400000000
302	9.30426	2.2230266391329105	0.1389856050000000	0.0996874250000000
3040	4.47175	2.2486659460233658	0.1657740850000000	0.1081052250000000
3042	5.28955	2.2366410601024826	0.1442182650000000	0.0899612100000000
3046	4.45076	2.2513355880534496	0.1415493900000000	0.0619451950000000
3048	4.95637	2.2402665627834866	0.1312581300000000	0.0830404200000000
3050	6.73115	2.2327513625934592	0.1275949950000000	0.0835203700000000
3052	4.24874	2.2479271125169729	0.1481001400000000	0.1240228400000000
3058	5.59479	2.2351128250729908	0.1427083700000000	0.0943754550000000
3060	5.94015	2.2389705045016637	0.2104267700000000	0.1183112850000000
3062	4.57984	2.2511247804669505	0.1605727200000000	0.0862298700000000
3064	4.72266	2.2453520636058619	0.1552514450000000	0.1098321350000000
3067	6.16990	2.2367009462938929	0.1583116200000000	0.1165057200000000
3068	4.07954	2.2432871017963034	0.1124827050000000	0.0789400850000000
3070	5.25119	2.2293369868947184	0.1473892600000000	0.0911268850000000
3072	6.56144	2.2316102841093945	0.1604097050000000	0.0630020450000000
3078	4.22833	2.2580751599846547	0.1648402100000000	0.0810064850000000
3080	5.71492	2.2380215850869005	0.1506369750000000	0.1053956050000000
3084	4.92164	2.2455236916375996	0.1498089900000000	0.0953908600000000
3086	12.56050	2.2232339370096210	0.2015691250000000	0.0538599700000000
3088	6.05933	2.2340329625457498	0.1643926000000000	0.0899390750000000
3090	11.04760	2.2088740113590255	0.1688639150000000	0.1076604550000000
3092	9.08518	2.2200105204929739	0.1172450550000000	0.0797956700000000
3093	9.08518	2.1823172778026714	0.1310044900000000	0.0956365500000000
3094	4.01301	2.2530712715951635	0.1500147350000000	0.1166852800000000
3096	7.97027	2.3599824389608988	0.2544291750000000	0.1387911000000000
3097	7.97027	2.1828506455166536	0.1586809000000000	0.0898626650000000
3098	4.38017	2.2427736351598542	0.1603931250000000	0.0784059150000000
3100	6.43345	2.2336790582484745	0.1494367650000000	0.0907933650000000
3104	4.34008	2.2428952009465482	0.1255965600000000	0.0756507350000000
3110	13.23870	2.2170535008990688	0.1423067800000000	0.0700984800000000
3111	13.23870	1.9965777601892916	0.2191310850000000	0.1708550250000000
3112	4.78521	2.2274555989693754	0.1323548000000000	0.0657019800000000
3114	4.29999	2.2450633248327470	0.1354282800000000	0.0860444400000000
3116	4.66860	2.2466044654843031	0.1553965350000000	0.1097276850000000
3118	6.78583	2.2370990392246628	0.1417677250000000	0.0726160800000000
304	4.35666	2.2440732466281013	0.1284247450000000	0.0843688850000000
310	11.78130	2.2175640672778729	0.1452345650000000	0.1008537450000000
3120	5.42970	2.2285837460838755	0.1363266650000000	0.1035559400000000
3124	4.41995	2.2354564601076037	0.1342723850000000	0.1010870850000000
3128	4.06100	2.2568428891591155	0.1611755450000000	0.1044459750000000
3130	5.00992	2.2389855193992005	0.1547557850000000	0.0988510050000000
3132	13.21360	2.2086641798656581	0.1466740100000000	0.0709666250000000
3136	4.21009	2.2462314632550449	0.1439268850000000	0.1121780800000000
3138	4.94001	2.2433121742969879	0.1451378350000000	0.0659234900000000
3142	5.68922	2.2152910921244398	0.2038775000000000	0.0851477150000000
3144	4.11924	2.2502590271158489	0.1532758050000000	0.0907515300000000
3146	7.78009	2.2265978750447877	0.1256688250000000	0.0663574300000000
3148	4.41958	2.2497082363048841	0.1548233200000000	0.0520410450000000
3152	4.75031	2.2358523373748795	0.1439353250000000	0.0915754200000000
3153	4.75031	2.2358957327952202	0.1650749000000000	0.1446430400000000
3154	6.13193	2.2360779281148395	0.1475665100000000	0.1162702700000000
3155	6.13193	2.2937791623607366	0.2822582600000000	0.0725324100000000
3158	5.74657	2.2373585841037875	0.1702445500000000	0.1181179150000000
3160	4.38829	2.2433757550490392	0.1404748900000000	0.1051090550000000
3162	4.47027	2.2490428404575464	0.1597356550000000	0.0488099200000000
3164	5.20138	2.2371891342818291	0.1395408600000000	0.0892322000000000
3166	4.20967	2.2490538064515624	0.1376532200000000	0.0927865400000000
3168	4.81774	2.2444517415967367	0.1190150150000000	0.0929946750000000
3170	4.60942	2.2475217382596422	0.1354147900000000	0.1169270250000000
3172	4.35084	2.2473458328499727	0.1187964650000000	0.0776507350000000
3174	5.11026	2.2404275225245502	0.1401857350000000	0.0840123050000000
3176	4.34000	2.2393824573453891	0.1490275450000000	0.0896972950000000
3178	4.39618	2.2465247472938912	0.1668296250000000	0.1097277100000000
3180	4.29221	2.2447202457070956	0.1456342500000000	0.0762368150000000
3182	5.62373	2.2383681139369038	0.1432747550000000	0.0377487650000000
3184	6.99027	2.2273942520843031	0.1443272300000000	0.1079354000000000
3186	5.89004	2.2391167922571404	0.1609509300000000	0.0518573650000000
3188	4.75661	2.2456823773128902	0.2110865350000000	0.1144140550000000
3190	4.31221	2.2473384631047293	0.1385359800000000	0.0932216000000000
3192	5.32008	2.2429521926387777	0.1437811650000000	0.1100335900000000
3194	4.17145	2.2431098984277229	0.1577312350000000	0.0966943950000000
3195	4.17145	2.1633370635852058	0.1439808250000000	0.0662837400000000
312	6.42442	2.2315792170157862	0.1376219100000000	0.1128446050000000
314	5.20148	2.2430251442742390	0.1300773750000000	0.0896285750000000
315	5.20148	2.1751469694833698	0.1483661050000000	0.0617574800000000
316	8.45468	2.2246971689373769	0.1304810450000000	0.0728132250000000
318	4.10089	2.2360039327926686	0.1733777500000000	0.1305890000000000
24	6.39008	2.2274439520474578	0.1552450050000000	0.1050730750000000
26	6.09737	2.2359004051989557	0.1398401250000000	0.1096662950000000
28	5.95941	2.2305809503591578	0.1519853500000000	0.1059008850000000
30	4.08821	2.2494143281355172	0.1328993150000000	0.0722617250000000
320	11.69890	2.2227467979611135	0.1630059900000000	0.0768475500000000
322	4.72290	2.2412296092753312	0.1503797600000000	0.1048418500000000
324	5.87348	2.2261956094558983	0.1524534150000000	0.0821601250000000
326	6.53933	2.2314105981906529	0.1667779550000000	0.0859603100000000
328	6.99964	2.2334877688913743	0.1659405650000000	0.0878785200000000
330	4.00913	2.2502199445148752	0.1442941000000000	0.1042472150000000
332	5.18578	2.2432151044792632	0.1394158000000000	0.0524167200000000
334	4.27849	2.2481310312336986	0.1400281600000000	0.0832174800000000
336	4.86590	2.2386439334652994	0.1487795850000000	0.1048680650000000
338	4.59223	2.2503498338643864	0.1626433800000000	0.0953971950000000
340	7.84714	2.2268973031965982	0.1515339800000000	0.1016346600000000
342	5.06002	2.2361547407589981	0.1267015300000000	0.0798558650000000
344	5.97000	2.2127049521816269	0.1254393650000000	0.1231446300000000
352	5.20191	2.2436335172278956	0.1667923650000000	0.0793195550000000
354	12.23160	2.2290223571202548	0.1693870550000000	0.1026470050000000
356	5.38920	2.2419070348116645	0.1447120350000000	0.1268934000000000
358	6.98731	2.2893897447645957	0.1980449100000000	0.1282450200000000
362	4.48027	2.2484740837694983	0.1318759300000000	0.0952735650000000
364	5.02670	2.2358558795177346	0.1268005900000000	0.0732333500000000
366	4.28634	2.2363578184422850	0.1225222900000000	0.0977679850000000
368	4.57993	2.3692002849577154	0.2339785100000000	0.0989455850000000
370	4.38007	2.2440974409311143	0.1516343250000000	0.1035572850000000
372	4.99183	2.2468566560674841	0.1559672650000000	0.0672708050000000
374	7.54955	2.2317071980821805	0.1526969400000000	0.0727710050000000
375	7.54955	2.1694517913574760	0.1384582550000000	0.0830304150000000
376	4.88651	2.2477202030196173	0.1255430050000000	0.0957990550000000
378	8.36841	2.2232217383743000	0.1636977600000000	0.1124521950000000
380	5.25044	2.2396478766035477	0.1352800200000000	0.0660987600000000
382	5.55295	2.4124192004551337	0.2573295500000000	0.1243361900000000
386	8.63574	2.2253065888644099	0.1565083500000000	0.1029776150000000
388	5.01801	2.2375319623318628	0.1496480550000000	0.0985375900000000
390	4.07706	2.2508024836217473	0.1566711600000000	0.0851875400000000
392	4.76010	2.2363907377486836	0.1429108700000000	0.1203796800000000
393	4.76010	2.3303507340193139	0.2678054750000001	0.0990588200000000
394	4.96945	2.2444012117895040	0.1345773200000000	0.0885471000000000
396	5.97077	2.2335726867503798	0.1621217800000000	0.1279218050000000
397	5.97077	2.1645331696575876	0.1209626150000000	0.0845284700000000
32	5.00000	2.2387539427485144	0.1460658400000000	0.0843730500000000
34	4.59597	2.2451135303736227	0.1626279750000000	0.0870012550000000
36	11.42750	2.2125496605493877	0.1421055750000000	0.1246481050000000
37	11.42750	2.1854441248439063	0.1376576350000000	0.0863463500000000
38	7.71594	2.2290869648008318	0.1415310550000000	0.0576453000000000
400	13.25910	2.2154004444193158	0.1522282850000000	0.0885514800000000
402	4.80712	2.2402841174323935	0.1507753900000000	0.1152066800000000
404	5.17820	2.2342617941169571	0.1617266750000000	0.0609796650000000
406	4.72298	2.2360158609183416	0.1502863700000000	0.1003275850000000
408	4.83876	2.2376680000246734	0.1383929700000000	0.1056454850000000
414	5.02974	2.2428840351839776	0.1526347450000000	0.1056873050000000
416	19.16470	2.2078426854376501	0.1460292700000000	0.1136252300000000
417	19.16470	2.1851449400587506	0.1510347650000000	0.0828386050000000
418	4.62812	2.2358371262253653	0.1508006950000000	0.1235053300000000
420	10.91070	2.2252418816340396	0.1621388950000000	0.0758603050000000
422	4.49919	2.2551108535717712	0.2023724250000000	0.1063355650000000
424	4.41018	2.2527903986984223	0.1593046600000000	0.0957874350000000
426	4.14775	2.3086696118655357	0.2027770300000000	0.1333427900000000
428	4.01005	2.2558630545449159	0.1292303550000000	0.0594068850000000
432	12.00770	2.2173333094570924	0.1456084500000000	0.1100287800000000
433	12.00770	2.1856569126158072	0.1427451000000000	0.0894892950000000
440	4.69001	2.2303293954993908	0.1454174550000000	0.1039211400000000
442	5.97021	2.2316274341407634	0.1527140750000000	0.1142392400000000
444	4.01200	2.2466808174764297	0.1414158550000000	0.1003734550000000
445	4.01200	2.1546804098308439	0.1410944800000000	0.0411166200000000
446	3.99999	2.2454607739433055	0.1176299100000000	0.0836469800000000
448	4.38024	2.2391022382938699	0.1533591700000000	0.0823809650000000
450	10.69890	2.2143119060788896	0.1157250700000000	0.0881439300000000
451	10.69890	2.1837945935839222	0.1337983100000000	0.0881605600000000
452	5.10067	2.2343751157786644	0.1475291400000000	0.0937074250000000
454	5.28648	2.2434281195577119	0.1456363700000000	0.0493997900000000
456	7.52274	2.2295602517159478	0.1454688850000000	0.0862057800000000
458	5.24962	2.2224705927129538	0.1700095500000000	0.0840071050000000
460	4.80720	2.2424461564719822	0.1447315250000000	0.0919604200000000
462	5.32730	2.3575238024368126	0.2421134199999999	0.1539968200000000
464	4.45389	2.2500765587241291	0.1608160850000000	0.0805014650000000
466	5.10844	2.2433958068853221	0.1380144650000000	0.0853815450000000
468	4.35962	2.2774007559980203	0.2003814400000000	0.1274482600000000
470	4.69002	2.2405905050346635	0.1327766100000000	0.0803658600000000
472	5.52889	2.2354661512415865	0.1211007000000000	0.0847750300000000
473	5.52889	2.2769999511440959	0.2185503750000000	0.0995544100000000
474	5.01269	2.2408938417049633	0.1451917450000000	0.1082500250000000
476	4.28973	2.2381350832113514	0.1202630650000000	0.0915933250000000
40	4.72137	2.2422685837669487	0.1419093750000000	0.1028960700000000
42	5.30174	2.2346427195822134	0.1552663150000000	0.0865025350000000
43	5.30174	2.7343265294769408	0.2973168500000000	0.0670478550000000
44	4.88565	2.2408801868461423	0.1631169650000000	0.1398262550000000
46	4.86181	2.2438324422446452	0.1485513100000000	0.1133116800000000
480	9.18256	2.2209558140730885	0.1394905450000000	0.0988044750000000
482	4.07001	2.2408003587884431	0.1741918500000000	0.1486247350000000
484	4.84521	2.2431396955395648	0.1603212550000000	0.0817398250000000
486	5.16271	2.2398319676529734	0.1520898750000000	0.1290880400000000
487	5.16271	2.1732093164056780	0.1603793950000000	0.0957386600000000
488	6.47736	2.2321392127598876	0.1410526150000000	0.1058590350000000
490	6.05020	2.2400375017031746	0.1553076000000000	0.0981545800000000
492	4.09257	2.2322033662833354	0.1528271400000000	0.0406869900000000
494	8.00877	2.2249870283536231	0.1312658600000000	0.1050653050000000
496	4.60806	2.2456716890326920	0.1393764400000000	0.0949750100000000
500	9.56550	2.2230740041850687	0.1387584750000000	0.1007452900000000
501	9.56550	2.1725088880683328	0.1253350450000000	0.0884547250000000
502	4.17605	2.2376694304407927	0.1440494300000000	0.1056512500000000
504	4.23550	2.2276099088680494	0.2389524850000000	0.1444844000000000
506	4.44068	2.2399890827317011	0.1381015800000000	0.1349282450000000
512	4.50597	2.2447446013710226	0.1431088200000000	0.1013611850000000
514	5.80851	2.2335756405675098	0.1477503500000000	0.1157406850000000
516	5.57690	2.2355762062036453	0.1535294400000000	0.1082707200000000
520	4.83509	2.2330522295782838	0.1397956700000000	0.1088449500000000
522	4.93996	2.2428389256217467	0.1647916750000000	0.0766837150000000
524	5.93792	2.2373813285249922	0.1566809300000000	0.0927783400000000
526	5.33980	2.2387511305932319	0.1540338700000000	0.1232940950000000
528	5.22447	2.2346486985321219	0.1342131400000000	0.0991933850000000
530	7.65335	2.2248363768073154	0.1517899050000000	0.0882992200000000
532	4.49980	2.2487379293831267	0.1551557300000000	0.0939653200000000
534	4.17992	2.2432158669557487	0.1281916350000000	0.0768985100000000
536	6.17766	2.2343192821618705	0.1532321300000000	0.1281967350000000
538	5.51977	2.1914012214942629	0.2735530250000000	0.0780029050000000
542	4.78748	2.2412196625646774	0.1585704650000000	0.1010559300000000
544	8.30517	2.2189517914374326	0.1744880750000000	0.1272751150000000
546	4.66661	2.2343865184832330	0.1479960250000000	0.1001311800000000
548	4.13510	2.2475564462334274	0.1469862350000000	0.1104986150000000
550	5.97092	2.2328206041698104	0.1020437800000000	0.0660133050000000
551	5.97092	2.2333960218893094	0.1952721400000000	0.0698744700000000
552	4.13999	2.2542326946064963	0.1548218350000000	0.1072873300000000
553	4.13999	2.4183610864623044	0.2916607450000000	0.0466951050000000
554	4.87395	2.2400700378325031	0.1206051350000000	0.0775735450000000
556	5.28839	2.2321183029233538	0.1572304550000000	0.1121900550000000
558	4.91079	2.2325436407823500	0.1520591350000000	0.1160244550000000
48	5.98162	2.2340506632550960	0.1608743800000000	0.0914193100000000
50	4.65639	2.2206162218247867	0.1150316500000000	0.0890694000000000
52	16.74470	2.2101962626151788	0.1556252100000000	0.0607217500000000
54	5.94109	2.2226213607490424	0.1702290650000000	0.1384546400000000
560	6.12474	2.2346497051523211	0.1521057200000000	0.1156082000000000
562	5.92542	2.2222655078068123	0.1226705550000000	0.1051967800000000
564	5.28955	2.2368889461268338	0.1361979850000000	0.0957622700000000
566	4.54190	2.2435030707535599	0.1943637400000000	0.1620061550000000
568	5.29829	2.2355643759100552	0.1370951250000000	0.1181758450000000
570	13.32050	2.2194005097330267	0.1570621200000000	0.1004223500000000
572	8.19246	2.2272061205628395	0.1545061050000000	0.0790941000000000
574	5.42940	2.2378213341470694	0.1477454250000000	0.1064394200000000
576	5.51229	2.2307488221097787	0.1161676500000000	0.0726290750000000
578	6.71299	2.2343169785599071	0.1380026900000000	0.0810893700000000
580	7.37675	2.2248134009492673	0.1519629400000000	0.0924729050000000
582	4.27199	2.2435156821972511	0.1327823850000000	0.0970664650000000
585	5.13333	2.1747076786549799	0.1512836900000000	0.0615421300000000
588	4.95559	2.2381020784218335	0.1530261200000000	0.0820707300000000
590	10.20320	2.3253960863346728	0.2343482450000000	0.1092184300000000
591	10.20320	2.1955379570620908	0.1470733950000000	0.1246064550000000
592	5.47005	2.2366631172235207	0.1629290100000000	0.1109662250000000
594	4.59101	2.2460402169082267	0.1688334300000000	0.0966429250000000
598	6.13030	2.2325577366585856	0.1353200100000000	0.0886407350000000
602	4.91992	2.2507077811676357	0.1610752050000000	0.0896100300000000
604	7.96701	2.2190919197350336	0.1419037300000000	0.0926375550000000
606	4.24997	2.2450513084792396	0.1300542900000000	0.0836134250000000
608	4.74682	2.2424595016365383	0.1757363200000000	0.1100537750000000
612	15.79580	2.2013135092701477	0.1477724400000000	0.1194980050000000
614	7.96823	2.2259690243301478	0.1327909950000000	0.0664516750000000
616	5.75065	2.2264809026572325	0.1570290450000000	0.0950635600000000
618	5.39051	2.2341643299997962	0.1529522450000000	0.0943298050000000
620	4.99862	2.2434143455230657	0.1419471950000000	0.0913437550000000
622	4.00730	2.2500689512222825	0.1369840500000000	0.0845897550000000
624	5.00235	2.2207852490047912	0.1344220350000000	0.0680956350000000
626	7.71899	2.2257732235137309	0.1442027450000000	0.1112820500000000
628	7.78068	2.2271047431664162	0.1261945050000000	0.0837978950000000
630	7.58673	2.2173212498223887	0.0775560900000000	0.1036660300000000
632	4.51447	2.2325744660130407	0.1542759950000000	0.0860242000000000
638	5.39993	2.2429208392358242	0.1277486050000000	0.0718450000000000
56	4.27006	2.2562602356340160	0.1693562950000000	0.0893736850000000
60	4.04813	2.2503949848270701	0.1384191850000000	0.0631702050000000
640	6.60590	2.2370446421392183	0.1752906600000000	0.1052385900000000
641	6.60590	1.9139792260083230	0.1027704100000000	0.5569366350000000
642	5.30005	2.2435251890685470	0.1574716350000000	0.0906782100000000
644	4.20982	2.2393121407470873	0.1294111900000000	0.0673462600000000
646	5.04993	2.2381396657927146	0.1385481750000000	0.0713785200000000
648	5.16018	2.2394330712939614	0.1507636250000000	0.1305742100000000
650	5.68948	2.2327449930589114	0.1499374100000000	0.0661325900000000
652	5.04957	2.2414146765603378	0.1615062100000000	0.1166116800000000
658	11.91340	2.2206894094846881	0.1651914900000000	0.1076811500000000
660	4.39697	2.2474075556143833	0.1652845300000000	0.0788451600000000
662	4.80723	2.2396108444726770	0.1254356050000000	0.0683335300000000
664	4.25844	2.2358342121715911	0.1674529400000000	0.0725944800000000
666	4.26001	2.2460355876906379	0.1391066300000000	0.1051750150000000
668	6.19983	2.2340228799305373	0.1450779450000000	0.1143197100000000
672	8.53196	2.2752915752735325	0.2009482100000000	0.0974631800000000
673	8.53196	2.1864764918479640	0.1535322100000000	0.0876834400000000
674	6.29109	2.2390462833891793	0.1598859450000000	0.1270154300000000
680	5.55312	2.2359223443386402	0.1585147750000000	0.0739041100000000
684	4.81861	2.2382712655735379	0.1349368050000000	0.0927008850000000
686	6.88888	2.2237212904953259	0.1510185350000000	0.0542146150000000
690	8.86501	2.2189032350435598	0.1004273650000000	0.0712032200000000
692	4.72836	2.2463195269045104	0.1481408900000000	0.1181034700000000
694	4.26026	2.2409024903137889	0.1613086300000000	0.1115225050000000
696	7.24264	2.2244141099483539	0.1483355500000000	0.0914864150000000
700	6.63621	2.2302299442885047	0.1358588850000000	0.0663612750000000
702	4.01006	2.2395133226581736	0.1411893600000000	0.1172435400000000
704	4.18303	2.2365216779734221	0.1455595100000000	0.1156345250000000
706	4.21997	2.2525184809881034	0.1459487650000000	0.0414023450000000
710	4.99021	2.2447035064646723	0.1320012450000000	0.0793354600000000
712	4.16844	2.2598396208273575	0.1593493100000000	0.1086805650000000
714	4.85701	2.2351542481155020	0.1511274250000000	0.0871776250000000
718	4.49795	2.2431083096717903	0.1483493950000000	0.0406137950000000
64	4.05404	2.2486844281821039	0.1447377600000000	0.0863632300000000
66	4.12811	2.2473870864296126	0.1494556650000000	0.0922307600000000
70	4.99201	2.2420367160449226	0.1540992200000000	0.0993378050000000
720	4.86081	2.2467072344423897	0.1604145400000000	0.0881168850000000
722	9.55964	2.2252905687553590	0.1179581500000000	0.0799532650000000
724	5.58146	2.2305566408519821	0.1451627400000000	0.0665112000000000
726	4.48954	2.2332363070401309	0.1276969600000000	0.0925481200000000
728	5.37312	2.2362684827199746	0.1270774650000000	0.1219698400000000
730	4.04598	2.2563049465895308	0.1119939350000000	0.1058972400000000
734	5.81957	2.2345225323987967	0.1598239950000000	0.1241941550000000
736	4.71994	2.2488783996698838	0.1650592250000000	0.0934233150000000
738	4.39812	2.3041684351232909	0.1937892900000000	0.1154694750000000
740	5.73561	2.2391860162105819	0.1366754950000000	0.0917086500000000
741	5.73561	2.1824379759071655	0.1473240400000000	0.1093645500000000
742	4.34562	2.2352475199095854	0.0859476050000000	0.1037299550000000
746	5.02036	2.2442317869141899	0.1578102100000000	0.0854424050000000
748	10.29080	2.2241703583194630	0.1517416000000000	0.0759293050000000
752	7.13508	2.2283219999544888	0.1504601500000000	0.1138511150000000
754	4.57918	2.2398117666819561	0.1603725800000000	0.1028815000000000
756	5.96899	2.2196268006123634	0.1654688200000000	0.1303030600000000
760	4.93558	2.2437071016737047	0.1527175650000000	0.0973338200000000
762	4.49133	2.2424477578667954	0.1414970700000000	0.0632118150000000
764	5.32050	2.2223671171336266	0.1548751550000000	0.1405321100000000
765	5.32050	2.1431283541668966	0.1477832350000000	0.0415213600000000
766	6.03861	2.2352298640462296	0.1514553800000000	0.1014913250000000
768	6.49957	2.2245518132672921	0.1110826600000000	0.0815344450000000
772	4.01021	2.2230767942783722	0.1041248200000000	0.0849014900000000
774	4.84509	2.2309314805262024	0.1265938200000000	0.0945725850000000
776	6.40735	2.2287522564461453	0.1433445450000000	0.1020511500000000
778	6.98751	2.2336025272630096	0.1258537950000000	0.0805584650000000
780	4.63996	2.2460291379139745	0.1472198500000000	0.1242323950000000
782	5.28004	2.2341221272107323	0.1596708400000000	0.1269355500000000
784	6.20121	2.2323306699485674	0.1522172050000000	0.0894539100000000
786	6.00964	2.2313226034401543	0.1142347700000000	0.0805696050000000
788	5.78503	2.2274411769487834	0.1326542550000000	0.1104753000000000
790	5.27576	2.2334610515378337	0.1515283000000000	0.1135766600000000
792	4.44731	2.2402704736904435	0.1458225950000000	0.1079953900000000
793	4.44731	2.1532107739592825	0.1582106200000000	0.0906986300000000
794	4.28445	2.2487156767463117	0.1652584200000000	0.1217942550000000
796	5.91367	2.2298755901310403	0.1449057000000000	0.0879020400000000
798	4.83879	2.2391611347164586	0.1225578500000000	0.0730485300000000
799	4.83879	2.1683042613545234	0.1553816350000000	0.0372819650000000
72	9.58719	2.2233296979730777	0.1522162600000000	0.0714776200000000
74	4.85628	2.2460082408626989	0.1300589200000000	0.0946683600000000
76	4.73062	2.2350086458796037	0.1337368000000000	0.0837536350000000
78	5.98490	2.2358427720741498	0.1512432650000000	0.1021288550000000
