0	147.49000	2.3397279302964651	0.2520956350000000	0.1126535850000000
4	4.35645	2.2440204471323328	0.1501010950000000	0.1153031900000000
6	4.69902	2.2496616696082530	0.1461504150000000	0.0872320500000000
802	9.13833	2.2230097044943444	0.1195556100000000	0.0786160900000000
804	4.74542	2.2480408883428393	0.1500955650000000	0.1181320050000000
808	4.77777	2.2497307618534972	0.1461435300000000	0.0955794650000000
810	4.50192	2.2495567645589780	0.1518423850000000	0.0647316750000000
812	4.12992	2.2579234731951314	0.1445611100000000	0.1591158750000000
814	5.51014	2.2512392204983631	0.1841734850000000	0.1051813250000000
816	4.70120	2.2321230570742023	0.1639019450000000	0.0984524150000000
820	5.49543	2.2391351120663558	0.1651637700000000	0.1141573600000000
822	4.02000	2.2594539557727651	0.1538118200000000	0.0709934650000000
824	5.48187	2.2313010274785934	0.1601139050000000	0.1186328000000000
826	5.02823	2.2376919415254011	0.1524237550000000	0.1109316700000000
828	4.39944	2.2486951564548172	0.1546377350000000	0.1029445550000000
830	4.76516	2.2456431055792998	0.1586264300000000	0.0833066350000000
834	4.69003	2.2469533495389120	0.1507942750000000	0.0515207200000000
836	9.14174	2.2168314781819265	0.1660961900000000	0.1105012300000000
838	11.07470	2.2232382055356448	0.1523757550000000	0.1099189300000000
842	7.66761	2.4397452981270171	0.2759132550000000	0.1504878100000000
843	7.66761	2.1730910796204923	0.1640823300000000	0.0826995500000000
844	5.82782	2.2291283631183481	0.1438598450000000	0.0963554850000000
846	4.41559	2.2361720035680341	0.1678989950000000	0.0612601900000000
850	5.91751	2.2367104701593430	0.1505068700000000	0.0966809650000000
854	4.25077	2.1789252486699637	0.1315201850000000	0.1417930700000000
856	4.41190	2.2500761145156676	0.1457898050000000	0.0652564750000000
858	4.98057	2.2405563033892988	0.1454842450000000	0.1304804900000000
860	4.86085	2.2322647473099622	0.1518123350000000	0.1094466350000000
862	4.83234	2.2496009229533751	0.1475809050000000	0.0882663100000000
864	4.09047	2.2493230326818936	0.1454374900000000	0.0817928750000000
866	4.16608	2.2409666755878601	0.1495741600000000	0.1151715250000000
872	4.02906	2.2424990070488939	0.1248150200000000	0.0765330800000000
878	4.54933	2.2485583979725718	0.1281546850000000	0.0799033800000000
80	5.11851	2.2315400733940112	0.1539445950000000	0.0924190400000000
82	4.14228	2.2448882494512379	0.1379371600000000	0.0799185250000000
84	6.99024	2.2350080063700184	0.1660644150000000	0.1096836750000000
86	4.43023	2.2524453447135815	0.1503652850000000	0.1135963400000000
882	4.12996	2.2506022623616615	0.1495196950000000	0.1023726550000000
886	4.24842	2.2499784506932587	0.1548751050000000	0.0877811200000000
888	6.76593	2.2339191666022211	0.1554532150000000	0.0759634100000000
890	4.95505	2.2311871805114718	0.1253275900000000	0.0770128150000000
892	5.01257	2.2464015274266536	0.1547169800000000	0.0898422000000000
894	9.01225	2.2246149795704295	0.1398564850000000	0.1021994150000000
896	4.86598	2.2395000653950961	0.1301605700000000	0.0831489900000000
900	4.50584	2.2391323328824559	0.1318874750000000	0.0854466700000000
902	4.70921	2.2387827792054624	0.1461270800000000	0.1147708800000000
904	4.73006	2.2479512328474280	0.1438727650000000	0.0854635100000000
906	7.99125	2.2225435251524313	0.1135906950000000	0.0958780000000000
907	7.99125	2.1734242907789003	0.1559253600000000	0.0621626850000000
908	5.04026	2.2471568188142514	0.1491611750000000	0.1099349450000000
910	4.24570	2.2302573631625497	0.1613898150000000	0.0710304200000000
912	4.86089	2.2436957303459981	0.1620332300000000	0.1034416500000000
920	4.84378	2.2412673652599553	0.1642328250000000	0.1296105800000000
922	4.80728	2.2507874756713226	0.1594186700000000	0.1239923200000000
927	8.94695	2.6845619013990500	0.3650015950000000	0.1261999900000000
930	4.67121	2.2475682029034059	0.1760525800000000	0.1296542250000000
932	4.53006	2.2384758311597976	0.1300810350000000	0.0911736950000000
934	4.34599	2.2508126645097777	0.1631804650000000	0.0815754850000000
938	4.13974	2.2461657318499193	0.1451572650000000	0.0886263350000000
940	4.62017	2.2392763568228129	0.1525896950000000	0.1025805250000000
942	4.78462	2.2409569690907012	0.1233962100000000	0.0729755200000000
944	4.71987	2.2507826690775188	0.1528821200000000	0.0968321650000000
946	6.24975	2.2162244821511767	0.1146094550000000	0.1000477150000000
948	4.02000	2.2495759513664710	0.1523644650000000	0.1054698250000000
950	10.71510	2.2209341619024210	0.1329179250000000	0.0909929850000000
954	8.53221	2.2249299020997189	0.1602984750000000	0.0985293400000000
956	4.00829	2.2436676444894710	0.1302373350000000	0.0915158400000000
958	16.47030	2.2154822878199418	0.1371966050000000	0.0996819250000000
88	5.11225	2.2358217196750543	0.1507609450000000	0.1030929400000000
94	6.88144	2.2331221006332402	0.1471298250000000	0.0478712650000000
960	5.30527	2.2421429947829652	0.1332693700000000	0.0909696050000000
962	4.08396	2.2503275525035522	0.1517454650000000	0.1003546950000000
968	4.86595	2.2479097410937201	0.1557123200000000	0.1202136350000000
970	5.00324	2.2333869135914290	0.1530383950000000	0.1087044600000000
972	4.14000	2.2499905940684388	0.1605084050000000	0.0912209150000000
974	5.07010	2.2379170218544289	0.1246543500000000	0.0641875200000000
976	6.08247	2.2359204650675366	0.1729775200000000	0.0846663150000000
978	5.95959	2.2323862570239719	0.1440998150000000	0.1181962700000000
980	4.01998	2.2502259330879442	0.1255759700000000	0.0763030350000000
982	4.16579	2.2385620057120215	0.1117319900000000	0.0843052350000000
984	4.28682	2.2464748307392335	0.1349304350000000	0.0673591850000000
988	5.02105	2.2436849304455100	0.1454466650000000	0.1095080650000000
990	4.13117	2.2960934392542236	0.2047712350000000	0.1333187250000000
994	5.46914	2.2432432595610301	0.1637967400000000	0.1104707600000000
996	4.81901	2.2407523845880699	0.1509749450000000	0.0677993000000000
998	4.05999	2.2282809060499331	0.0901658150000000	0.0856601050000000
1000	6.84932	2.2340784669944336	0.1686266550000000	0.0605289000000000
1002	4.06005	2.2518833373354501	0.1401895850000000	0.0711764250000000
1004	4.05646	2.2579997958350488	0.1648696950000000	0.1257680600000000
1006	4.73002	2.2418723739988624	0.1477920900000000	0.0847748100000000
1008	10.74660	2.2198199357889514	0.1524971950000000	0.0927059250000000
1009	10.74660	2.1730271717254332	0.1449179100000000	0.0528802500000000
1010	7.48502	2.2285402758397672	0.1763077850000000	0.0821062750000000
1012	4.85771	2.2462103907484270	0.1572683400000000	0.0956725400000000
1014	4.79428	2.2502185523885494	0.1516484650000000	0.0789352050000000
1016	5.42450	2.2400777146163122	0.1201763700000000	0.0922766900000000
1018	4.35595	2.2445363166367036	0.1547706800000000	0.1310734650000000
1020	4.59215	2.2407326955022624	0.1148845750000000	0.0703799450000000
1024	4.11828	2.2438912126898196	0.1443558050000000	0.0903883050000000
1026	5.42788	2.2331485463077816	0.1536878500000000	0.0798609000000000
1030	5.39013	2.2492328967130288	0.1894827450000000	0.1253893850000000
1032	5.37206	2.2357934538608175	0.1525123850000000	0.1087066250000000
1036	6.19163	2.2351004226557420	0.1355247000000000	0.0764663150000000
1038	20.58720	2.2067592480867400	0.1415783350000000	0.1014120250000000
1039	20.58720	2.2125423723705833	0.1825757950000000	0.0890350100000000
96	4.49598	2.2498722149533128	0.1667866850000000	0.1120802300000000
100	4.44442	2.2457203333179763	0.1542034200000000	0.0945561000000000
102	11.84740	2.2195127848048695	0.1527107150000000	0.0784778300000000
103	11.84740	2.1882457607221033	0.1376125950000000	0.0704551400000000
1042	8.97676	2.2279725168875655	0.1500743700000000	0.0904495300000000
1044	7.71618	2.2257621549001954	0.1446052300000000	0.1049839050000000
1045	7.71618	2.1741484099896273	0.1625937050000000	0.0636966200000000
1048	7.04994	2.2326002520477535	0.1493573600000000	0.1171456850000000
1049	7.04994	2.3689338621120517	0.2922302300000000	0.1274241000000000
1050	4.79443	2.2312312566539791	0.1201617900000000	0.1058830050000000
1054	5.00964	2.2388169984224890	0.1263592650000000	0.0931799750000000
1056	13.19180	2.2373793128752419	0.1572271550000000	0.0451083150000000
1058	5.16946	2.2382421193277846	0.1524170450000000	0.1108895100000000
1060	4.42420	2.2499930838755562	0.1507119800000000	0.1127377050000000
1062	7.52754	2.2278332278208937	0.1454934150000000	0.0956159900000000
1064	4.13375	2.2510401740251882	0.1539977650000000	0.1125733250000000
1066	4.58473	2.2434874340923741	0.1499923450000000	0.1002358350000000
1068	4.03979	2.2508497168400909	0.1519735350000000	0.0951715050000000
1070	5.57741	2.2405671271687742	0.1489013400000000	0.1174658700000000
1074	5.15909	2.2375620579362625	0.1346846900000000	0.1085153300000000
1076	4.75638	2.2408860357516103	0.1288064050000000	0.0837175950000000
1078	9.13998	2.2225632937472262	0.1545300850000000	0.0874245850000000
1080	6.88055	2.2301896043868177	0.1501631400000000	0.0791732400000000
1082	4.01200	2.2426390478783245	0.1554965750000000	0.1326717950000000
1084	4.39977	2.2480819059191526	0.1435975050000000	0.1097028500000000
1090	5.32049	2.2381212674235824	0.1579274700000000	0.1079912950000000
1092	4.06107	2.2465955939244604	0.1371505300000000	0.0856376500000000
1094	5.02848	2.2464360548051543	0.1435372100000000	0.0918733050000000
1096	4.94043	2.2413193361958177	0.1443720500000000	0.0721283100000000
1098	4.99017	2.2347822667201918	0.1239710350000000	0.0664020450000000
1100	6.64546	2.2286947872297200	0.1453451000000000	0.0918352700000000
1104	4.56992	2.2409978367084014	0.1408641000000000	0.0524969350000000
1106	5.56954	2.2358485513789890	0.1603253200000000	0.0915681100000000
1108	4.29600	2.2507806108956983	0.1379405850000000	0.0813901600000000
1110	4.41101	2.2560030310312515	0.1740141050000000	0.1051685400000000
1114	6.80212	2.2299633369372378	0.1602114550000000	0.0939053350000000
1116	4.09318	2.2378372642291589	0.1220848400000000	0.0881549700000000
1118	4.94317	2.2428807901909829	0.1287849400000000	0.1236723750000000
104	4.17470	2.2489813829822909	0.1215492350000000	0.0815603500000000
106	4.24173	2.2446665742489316	0.1197530650000000	0.0980987900000000
108	6.74909	2.2407846421382080	0.1753051500000000	0.1195801600000000
110	4.95835	2.2446751309544597	0.1617760450000000	0.1196713600000000
1120	6.15791	2.2279028240661161	0.1401065800000000	0.0859132650000000
1122	4.50022	2.2346172997779323	0.1321983250000000	0.0903242650000000
1126	4.63993	2.2480805809231144	0.1476490950000000	0.1147057050000000
1128	4.73005	2.2470186950742330	0.1391550000000000	0.0665363600000000
1130	6.62189	2.2263559392305794	0.1529306850000000	0.1063965200000000
1132	4.82357	2.2452849472616760	0.1455515150000000	0.1056751050000000
1134	4.49785	2.2436806029555552	0.1554142200000000	0.1187842450000000
1136	4.52370	2.2456275252857516	0.1647366050000000	0.0785059700000000
1138	4.57963	2.2471022173510113	0.1608839350000000	0.0973596250000000
1140	4.33156	2.2469203688469448	0.1270294300000000	0.0676955900000000
1142	5.77021	2.2247807816472558	0.1442375000000000	0.1056589350000000
1147	8.21793	2.1716852576726495	0.1291778000000000	0.0887135550000000
1148	4.34715	2.2563287185331982	0.1419564850000000	0.1216658850000000
1149	4.34715	2.3941073774056321	0.2587816650000000	0.1392037600000000
1150	4.29202	2.2440029216818940	0.1552904700000000	0.0847079950000000
1152	6.15727	2.2317449802810709	0.1598914400000000	0.0824636550000000
1154	4.28273	2.2391333753651419	0.1459472750000000	0.1396396650000000
1156	4.92139	2.2556721688833643	0.1680273700000000	0.0798450400000000
1158	4.44046	2.2425335897181919	0.1317661150000000	0.1088966500000000
1162	5.65769	2.3569854789219016	0.2467143050000000	0.1616882300000000
1166	4.99160	2.2448041228794984	0.1506750650000000	0.1293525750000000
1168	4.99998	2.2464378994972520	0.1210181350000000	0.0882949400000000
1170	4.44863	2.2458851147502688	0.1591545350000000	0.1141780450000000
1172	7.77621	2.2127067152537165	0.1371782700000000	0.0721350650000000
1176	8.82243	2.2197713366951493	0.1289570100000000	0.1034502250000000
1177	8.82243	2.1855768113385374	0.1534508050000000	0.0735695000000000
1178	4.03092	2.2558413792889134	0.1523358750000000	0.0798052750000000
1180	6.98595	2.2280252673006906	0.1316613250000000	0.0996942200000000
1182	4.13498	2.2424964446652114	0.1600355050000000	0.0667611450000000
1186	4.49995	2.2472724156216084	0.1473309450000000	0.0922651600000000
1188	4.47575	2.2259758596468151	0.1706872800000000	0.1339145800000000
1190	9.36204	2.2216068017508479	0.1490342350000000	0.0839507100000000
1192	4.60472	2.2434918467456186	0.1562765600000000	0.0564022750000000
1194	5.00000	2.2376185329470153	0.1351895050000000	0.0883004400000000
1195	5.00000	2.1637254329052542	0.1551042650000000	0.0493732750000000
1197	4.78462	2.2264663420125927	0.1699781050000000	0.0876769200000000
112	4.34973	2.2491665785747945	0.1442934600000000	0.1091933650000000
114	5.67070	2.2334463816370453	0.1556165750000000	0.0759328150000000
116	4.16424	2.2484842709314314	0.1408838250000000	0.0704032250000000
118	4.02935	2.2482617600600157	0.1232956550000000	0.0781048300000000
1200	7.75231	2.2230526768466872	0.1515611600000000	0.1174743050000000
1202	4.35313	2.2412399668608192	0.1444029400000000	0.1118957700000000
1204	6.77997	2.2296788910518512	0.1453181500000000	0.0919139550000000
1206	6.99988	2.2319192170013227	0.1390850950000000	0.1008488250000000
1207	6.99988	2.1709567603489810	0.1246313200000000	0.0967348350000000
1212	4.82000	2.3061787130063904	0.2325671150000000	0.1172615200000000
1214	10.74680	2.2227823702636620	0.1378679150000000	0.0696901250000000
1216	4.93969	2.2316180967082011	0.1403476350000000	0.1062023550000000
1218	7.34905	2.2247822462865803	0.1687841550000000	0.1197386350000000
1220	12.93590	2.2181652559136631	0.1544602400000000	0.1041893500000000
1222	4.15682	2.2475660641416408	0.1569690400000000	0.1082685500000000
1224	4.57009	2.2440823111872716	0.1647647050000000	0.0716366150000000
1226	4.35377	2.2205870954154761	0.1273482150000000	0.0686381500000000
1228	4.42998	2.2450534686397967	0.1167800000000000	0.0835379300000000
1230	5.20353	2.2385692184409081	0.1487997650000000	0.0737266450000000
1232	4.57896	2.2463029921374438	0.1618828900000000	0.0915404800000000
1234	5.14180	2.2380059058671509	0.1388175200000000	0.1122721700000000
1236	4.22672	2.2468622038968862	0.1145770200000000	0.0913068500000000
1240	6.10483	2.2351552055146757	0.1484509300000000	0.0649809050000000
1242	5.75275	2.2313142969442419	0.1639449900000000	0.1439206300000000
1244	4.25318	2.2487426337380110	0.1506908500000000	0.0981153000000000
1246	4.67784	2.2451491242065527	0.1159024100000000	0.0570921600000000
1248	4.14212	2.2504016916220051	0.1212249550000000	0.0798786350000000
1250	7.39761	2.2343261316967657	0.1639077150000000	0.1123159550000000
1252	4.82270	2.2456769983823182	0.1351915900000000	0.0735749050000000
1254	4.41000	nan	nan	0.0000000000000000
1256	5.28996	2.2465728865305037	0.1611412750000000	0.0453446050000000
1258	6.13964	2.2295255147807902	0.1400864100000000	0.1115132500000000
1260	5.95341	2.2456715528284312	0.1873647450000000	0.1354344250000000
1264	4.59321	2.2479766987161058	0.1657729850000000	0.0790759550000000
1266	4.18517	2.3458535419762327	0.2204563150000000	0.1157107050000000
1268	7.77916	2.2277172805449057	0.1402483600000000	0.1074264450000000
1270	5.12282	2.2359327990840367	0.1229640900000000	0.1137217900000000
1274	7.78094	2.2172422270893533	0.1614700750000000	0.0618247700000000
1276	6.23931	2.2326556704813822	0.1318087050000000	0.0511990050000000
120	4.49998	2.2512565816163792	0.1632112200000000	0.1074240600000000
122	4.12503	2.2477176037415365	0.1491613100000000	0.1014611150000000
124	4.01006	2.2549556725768647	0.1951009150000000	0.1044758450000000
126	4.67039	2.2470802434750556	0.1376226900000000	0.0474921200000000
1280	4.86258	2.2409501124830431	0.1564526400000000	0.0924140600000000
1282	9.14179	2.2248980010720709	0.1310502150000000	0.0822102100000000
1284	8.93260	2.2254406688200672	0.1461578600000000	0.1011788600000000
1286	16.78930	2.2142818989180353	0.1415290100000000	0.0832790800000000
1288	4.10059	2.2496428860834148	0.1190734000000000	0.0899303150000000
1290	4.41996	2.2485851669595300	0.1557914350000000	0.0981338050000000
1294	41.53440	2.2025699231810254	0.1392206600000000	0.0837888550000000
1295	41.53440	2.1949658873429612	0.1319594550000000	0.1031192800000000
1296	4.83472	2.2381217045440915	0.1511632750000000	0.0790694400000000
1298	4.20010	2.2474502236325984	0.1573196350000000	0.1052172900000000
1300	5.56063	2.2423210736279713	0.1533005000000000	0.1077481750000000
1306	26.52460	2.2081440864822688	0.1550561900000000	0.0533993100000000
1308	5.28082	2.2399368827510688	0.1354986100000000	0.0842158950000000
1310	4.21926	2.2626713633317661	0.1424155700000000	0.0936794650000000
1312	4.92507	2.2410722021638669	0.1263004300000000	0.0950071950000000
1316	8.20009	2.2157880005950350	0.1125001200000000	0.0945681100000000
1318	4.28512	2.2485441611434460	0.1539117300000000	0.1512167450000000
1320	4.50593	2.2417374390568732	0.1389410500000000	0.1177124200000000
1322	4.92764	2.2370595388364078	0.1443541400000000	0.1157464800000000
1324	4.19051	2.2490723646939075	0.1304423000000000	0.0926138800000000
1326	5.08958	2.2287200946917420	0.1727161350000000	0.1061457650000000
1328	6.31772	2.2287432377007272	0.1287293650000000	0.0709331550000000
1330	4.42435	2.2500249446018867	0.1334091300000000	0.0729349150000000
1332	11.47260	2.2014329586975130	0.1742029200000000	0.1200852600000000
1334	6.43223	2.2332678715935814	0.1306915350000000	0.0699505750000000
1336	5.40002	2.2383109656068152	0.1701603250000000	0.0988840750000000
1338	4.29983	2.2483126898689321	0.1179543850000000	0.0891752650000000
1340	4.74091	2.2066438164288509	0.0948453350000000	0.1398099550000000
1342	9.22604	2.2207605663923529	0.1828482550000000	0.1281609150000000
1346	4.12469	2.2464080359162049	0.1569821150000000	0.1080713400000000
1348	4.19133	2.2478248026124237	0.1439257000000000	0.1043108850000000
1350	19.24980	2.2197959918936574	0.1712676700000000	0.0956576100000000
1352	6.49995	2.2323625899948074	0.1363951200000000	0.0770845450000000
1354	4.93868	2.2433232966459955	0.1564402800000000	0.1148178200000000
1356	5.16798	2.2432286307728408	0.1688541100000000	0.0771071850000000
130	4.41998	2.2453120581602124	0.1357269500000000	0.1142748500000000
132	4.26004	2.2491162396603057	0.1363772750000000	0.1062186200000000
1360	4.34000	2.2500058112146637	0.1298365050000000	0.0789278650000000
1362	4.19857	2.2459783774185031	0.1215590750000000	0.0845998050000000
1366	4.28500	2.2541785645412959	0.1370727150000000	0.0566513200000000
1368	4.33103	2.2455033263710096	0.1519082950000000	0.0624023000000000
1370	5.01810	2.2468179089792559	0.1459024200000000	0.1000174200000000
1372	4.83900	2.2400032255169680	0.1177751100000000	0.0802613950000000
1374	11.70160	2.2199579273132555	0.1396865150000000	0.0921059800000000
1376	4.18779	2.2449321810088168	0.1177549250000000	0.0740462500000000
1378	4.30225	2.2469600305818118	0.1582132900000000	0.1108848200000000
1380	4.47979	2.2483900527812670	0.1236564750000000	0.0746733200000000
1382	4.19429	2.2511567360288192	0.1423302000000000	0.0845680850000000
1384	4.74990	2.2425102307915492	0.1422035100000000	0.0904221550000000
1386	4.46202	2.2447022499707003	0.1432768050000000	0.0663629300000000
1388	7.51339	2.2197776754654504	0.1168981050000000	0.1011235900000000
1390	4.07593	2.2489780222879494	0.1355830150000000	0.0688345700000000
1392	4.50586	2.2418537627725810	0.1357348550000000	0.1145658900000000
1394	5.40028	2.2379864485388032	0.1284036050000000	0.1003277900000000
1396	4.21001	2.2563677395029238	0.1435069800000000	0.0879545200000000
1398	4.55972	2.2334198923765540	0.1688778400000000	0.1139075500000000
1400	6.45934	2.2328481466613472	0.1578472000000000	0.1207492500000000
1404	5.63143	2.2399203731950568	0.1380047950000000	0.0625450900000000
1406	5.45344	2.2307497447573938	0.1147975600000000	0.1088159250000000
1410	3.99999	2.2487012916963498	0.1397622850000000	0.1197454100000000
1412	5.06884	2.2349427486741473	0.1488686500000000	0.1029814450000000
1414	5.17088	2.2420627393656347	0.1274812450000000	0.0556368250000000
1416	4.16630	2.2493083957541380	0.1387545550000000	0.0803512750000000
1418	4.45962	2.2474652451621289	0.1661112900000000	0.0816663050000000
1420	4.96768	2.2451733468249837	0.1214837950000000	0.0770347400000000
1422	6.48742	2.2800903924029985	0.1656561650000000	0.1170289100000000
1424	4.55737	2.2336660335169807	0.1387974600000000	0.1129733100000000
1426	4.59597	2.2282891085262926	0.1623701900000000	0.0955710950000000
1430	4.82750	2.2358575739262765	0.1604089000000000	0.0940491050000000
1432	4.74588	2.2382353171822809	0.1652632900000000	0.0310714900000000
1436	4.05549	2.3455931309811402	0.2370892700000000	0.1207118200000000
1438	4.35346	2.2347255083692823	0.1111157200000000	0.1098922400000000
136	8.85313	2.2505761701739559	0.1788389000000000	0.1226156050000000
138	5.65792	2.2189106569615444	0.1266028050000000	0.0796061850000000
142	7.11878	2.2337680746062611	0.1228662200000000	0.0879393250000000
1440	14.84560	2.2182326636853036	0.1550211150000000	0.0991911500000000
1442	5.15863	2.2286732552292570	0.1530530150000000	0.1038453500000000
1444	4.52015	2.2399211144874065	0.1102692500000000	0.0774410100000000
1446	13.19560	2.2069626119919072	0.1412642050000000	0.0880281600000000
1447	13.19560	2.1874364535290085	0.1326010100000000	0.0967613250000000
1449	5.21879	2.2227822287194914	0.2241045250000000	0.1197347150000000
1452	26.14010	2.2014358225855495	0.1451928500000000	0.0910896050000000
1453	26.14010	2.1949308678641923	0.1436308500000000	0.1064935000000000
1458	6.81732	2.2314163631329138	0.1518274100000000	0.1002128650000000
1459	6.81732	2.1628575576610651	0.1188885400000000	0.0851601100000000
1462	4.30914	2.2481361217008815	0.1369591300000000	0.0926792750000000
1464	4.88418	2.2461963480606477	0.1483965800000000	0.0847674250000000
1466	5.14388	2.2358032238877215	0.1292887850000000	0.1255541600000000
1468	5.40044	2.2403453924984942	0.1379355500000000	0.1108602250000000
1474	16.46020	2.2103019654977962	0.1522495800000000	0.0950226350000000
1476	4.04919	2.2456273582757560	0.1097690950000000	0.0808095500000000
1478	4.73253	2.2435560007966076	0.1400602950000000	0.0635205200000000
1480	4.41109	2.2457076799900362	0.1477041750000000	0.0656885850000000
1482	8.11443	2.2271477268455637	0.1798302800000000	0.0759889900000000
1484	4.90953	2.2441227479770216	0.1445607750000000	0.1014684200000000
1486	4.76000	2.2392510840098976	0.1472224050000000	0.0986786950000000
1488	4.99997	2.2424417178474587	0.1380326800000000	0.0902311700000000
1492	4.27256	2.2480978565158813	0.1548891550000000	0.0917087050000000
1494	8.85629	2.2228904025358096	0.1338327300000000	0.0723192250000000
1496	4.43155	2.3239720814442411	0.2112321250000000	0.1470307250000000
1498	5.33950	2.2404404169989545	0.1299442950000000	0.0739806800000000
1500	10.05860	2.2153765747059531	0.1430952250000000	0.0999954700000000
1501	10.05860	2.1418232563577426	0.2038522550000000	0.1054156650000000
1502	5.32626	2.2420574150842958	0.1509920350000000	0.1092577800000000
1504	5.00547	2.2428768394093277	0.1462972150000000	0.1110896150000000
1506	6.05950	2.2350436399051330	0.1308266950000000	0.0903270150000000
1508	4.98861	2.2441233767848345	0.1542347200000000	0.1316706300000000
1510	7.57217	2.2249087159769578	0.1559130800000000	0.0862772450000000
1512	6.33965	2.2256082843801481	0.1286297450000000	0.0765070250000000
1513	6.33965	2.1718376901782381	0.1448228450000000	0.0677455300000000
1514	4.41009	2.2436682251137126	0.1609565600000000	0.1294568100000000
1518	4.00000	2.2348148002080888	0.1489354250000000	0.0787071700000000
144	4.19992	2.2525862060553981	0.1507064000000000	0.0760801900000000
145	4.19992	2.1334988749919379	0.1306035800000000	0.0484282350000000
146	4.16991	2.2517355331042066	0.1280034150000000	0.0827898950000000
148	4.15883	2.2559438341599090	0.1580035550000000	0.1286279300000000
150	5.97077	2.2350366313046788	0.1527112700000000	0.1087572450000000
1530	6.61898	2.2298668652857412	0.1568586350000000	0.0989771750000000
1534	4.40991	2.2529665052504968	0.1560888600000000	0.1043401650000000
1536	6.77581	2.2329177617535172	0.1545230200000000	0.1178802800000000
1539	6.34045	2.1670811451055938	0.1343299800000000	0.0852406450000000
1540	5.93810	2.2335041541020266	0.1268913300000000	0.0709945800000000
1542	4.00992	2.2505292713290075	0.1610364800000000	0.0930607050000000
1544	6.17991	2.2373040052574358	0.1457209300000000	0.0957979650000000
1546	5.33599	2.2426020464505685	0.1680307700000000	0.0934615200000000
1548	4.86100	2.2424005524630952	0.1676243000000000	0.0623214200000000
1550	4.11980	2.2544557140941208	0.1310482600000000	0.0683446700000000
1552	4.80348	2.2396059062453255	0.1655781950000000	0.1323659600000000
1554	9.48333	2.2249140077793008	0.1673871900000000	0.0878587200000000
1555	9.48333	2.1773004281829476	0.1415745000000000	0.0831293400000000
1556	5.13316	2.2375901919915400	0.1265249000000000	0.0920915150000000
1558	6.80042	2.2337565103136021	0.1448334950000000	0.0777574050000000
1561	6.99947	2.1568651116885453	0.1661839550000000	0.1198004950000000
1562	5.98505	2.2163880934228328	0.0806057100000000	0.0556827000000000
1566	5.19021	2.2281603576928672	0.1435632300000000	0.0788217650000000
1568	4.75006	2.2394149495807598	0.1083648800000000	0.0864987500000000
1570	5.24969	2.2346058925939607	0.1179365650000000	0.0796578700000000
1572	5.57786	2.2206134562299078	0.1386654500000000	0.0928690950000000
1578	5.96102	2.2297363227961498	0.1495982200000000	0.0997770200000000
1580	6.63143	2.2286627583713785	0.1357526700000000	0.0981537650000000
1582	4.83719	2.2358621298738064	0.1319698750000000	0.0918283050000000
1584	8.53797	2.2330177624768544	0.1566796150000000	0.0823527950000000
1585	8.53797	2.1752467650502267	0.1469574800000000	0.0798595550000000
1586	7.09003	2.2146155037868209	0.0980443850000000	0.0787327700000000
1588	5.52782	2.2405841733339731	0.1469883600000000	0.1085282750000000
1590	4.29175	2.2436528439742589	0.1494867200000000	0.0711545050000000
1592	4.96853	2.2358608849278205	0.1314019200000000	0.0912254450000000
1594	4.28156	2.2400249076100889	0.1412634100000000	0.1270392750000000
1596	11.63420	2.2215733900084449	0.1542686250000000	0.1074800300000000
1597	11.63420	2.1600600463977564	0.1276107900000000	0.1056665500000000
152	4.46989	2.2460860809245338	0.1221873100000000	0.0860554800000000
154	4.73684	2.2427467902933520	0.1344224700000000	0.0989165700000000
156	5.91927	2.2403111565891072	0.1521795000000000	0.0950699400000000
158	4.24722	2.2515548185426510	0.1406803450000000	0.0732619550000000
10	6.61961	2.2323400731113812	0.1464269850000000	0.0998266050000000
1600	5.91412	2.2349390159027060	0.1666796000000000	0.1116579800000000
1602	4.45082	2.2450426747104535	0.1689548050000000	0.1222963350000000
1604	4.01197	2.2545820168289143	0.1520993100000000	0.1034080400000000
1606	7.80313	2.2270016242299895	0.1440978900000000	0.1031215400000000
1607	7.80313	2.2022673768823973	0.1671941550000000	0.1068437650000000
1608	4.35612	2.2459922390561493	0.1298832500000000	0.0804611200000000
1610	6.87927	2.2281158593194825	0.1531232900000000	0.1008235250000000
1612	11.05520	2.2119593118870453	0.1599212750000000	0.0836924500000000
1614	4.00000	2.2574881550569934	0.1497033050000000	0.0789893500000000
1616	4.47015	2.2556948042815677	0.1841936350000000	0.0509991350000000
1618	5.73820	2.2316126742194760	0.1580107050000000	0.1111748450000000
1620	7.00016	2.2301065570339373	0.1216986000000000	0.0780414200000000
1622	12.58970	2.2125006312721140	0.1628862700000000	0.0552347000000000
1624	4.48996	2.2520847112782842	0.1218340650000000	0.0817185650000000
1626	4.90009	2.2369639692930194	0.1470609050000000	0.1030266050000000
1627	4.90009	2.1637596025140953	0.1189060000000000	0.0970618400000000
1630	4.68953	2.2425718948479130	0.1255531850000000	0.0829185850000000
1636	4.18877	2.2369396321375463	0.1523760500000000	0.1089447650000000
1640	4.79451	2.2440116738705149	0.1360640950000000	0.1016282950000000
1642	12.51970	2.2181766094939821	0.1648482250000000	0.0972855450000000
1644	7.68019	2.2242608290331680	0.1160687150000000	0.0689251800000000
1648	4.34003	2.2497873056089790	0.1412773150000000	0.0883289550000000
1650	4.01793	2.2456738955900137	0.1527259850000000	0.0347292900000000
1653	4.59385	2.1342293687245455	0.1171531450000000	0.0819556200000000
1654	12.19800	2.2236021843710732	0.1693697550000000	0.0866372700000000
1656	4.50001	2.2488267451612085	0.1439155750000000	0.1009468200000000
1658	4.83879	2.2357981224458388	0.1830573050000000	0.0854655000000000
1660	5.07562	2.2196815602943540	0.1097238200000000	0.1104650900000000
1662	8.78127	2.2257484427992327	0.1565738600000000	0.1111124650000000
1664	4.94033	2.2440135201246889	0.1365882550000000	0.0938946000000000
1670	7.31305	2.2322173429465324	0.1555344500000000	0.1181087400000000
1671	7.31305	2.1960124309136826	0.1739379400000000	0.1172820300000000
1674	11.11390	2.2202150608079902	0.1209606600000000	0.0668731550000000
1675	11.11390	2.1884194753918651	0.1413218800000000	0.0729341450000000
1676	4.40009	2.2434552687474425	0.1571453050000000	0.0914239000000000
1678	4.18668	2.2500554074135795	0.1463303350000000	0.1030257700000000
162	5.93497	2.2355856077500365	0.1525396250000000	0.0728606200000000
164	5.68967	2.2379932006601200	0.1200042350000000	0.0801822100000000
166	5.78332	2.2286503278209091	0.1459468450000000	0.1065983400000000
1680	4.03869	2.2486725971202044	0.1451064150000000	0.1203530850000000
1682	4.61938	2.2495892995501410	0.1305998400000000	0.0665424250000000
1684	4.34643	2.3117033757395919	0.2801879050000000	0.1378538100000000
1686	4.16990	2.2514957791927999	0.1343309850000000	0.0748324750000000
1688	6.46034	2.2345273125572067	0.1586879300000000	0.0789737050000000
1690	4.63023	2.2278819637004967	0.1478540350000000	0.0787573450000000
1692	4.23272	2.2477269335128733	0.1365671000000000	0.0974080750000000
1693	4.23272	2.1810165550202685	0.2231128550000000	0.1354339200000000
1694	5.91378	2.2413847051612059	0.1446585350000000	0.0752428050000000
1696	6.10417	2.2391438281597607	0.1493626500000000	0.1113347850000000
1698	4.87797	2.2385824604700071	0.1253704150000000	0.0936910000000000
1700	7.91949	2.2283329198976491	0.1217551350000000	0.0861722400000000
1702	5.64337	2.2405631740858833	0.1507315550000000	0.0696584400000000
1704	4.22001	2.2478854073225398	0.1612623100000000	0.1403338550000000
1706	4.40746	2.2433496540902591	0.1512446050000000	0.0934679900000000
1708	5.48181	2.2345306721616480	0.1398341750000000	0.1036941650000000
1712	4.60117	2.2398423895025643	0.1359832950000000	0.0940079000000000
1716	9.08621	2.2215928579042106	0.1616264500000000	0.1016074150000000
1718	7.71937	2.2252171913561423	0.1403975500000000	0.1034385800000000
1720	6.48811	2.2396636920968951	0.1623700800000000	0.0932264250000000
1722	4.73518	2.2485850953650512	0.1505872600000000	0.0904654500000000
1724	5.38985	2.2657825158074321	0.1820331800000000	0.1359397650000000
1725	5.38985	2.1686636087273534	0.1352406250000000	0.0849968800000000
1726	6.50072	2.2337042023873401	0.1557304100000000	0.1028040500000000
1728	4.27002	2.2473072108355123	0.1285525250000000	0.0878125200000000
1736	5.01793	2.2403163503816610	0.1529970600000000	0.1152207950000000
1738	8.36069	2.2228867690829062	0.1417496950000000	0.0997965200000000
1740	13.08860	2.2180731467423480	0.1468820750000000	0.0971671650000000
1742	4.35559	2.2523768289714359	0.1602020600000000	0.0955417250000000
1744	4.70019	2.2462663356027659	0.1548607300000000	0.0984295650000000
1746	4.08501	2.2487091597062969	0.1555885100000000	0.1056743100000000
1748	6.24506	2.2267464009677398	0.1571583150000000	0.1092486350000000
1750	6.87963	2.2323373417323760	0.1306531650000000	0.0891370550000000
1752	6.34639	2.2292756715337636	0.1352706150000000	0.1058761900000000
1756	5.33757	2.2437500779057928	0.1480580550000000	0.1206637650000000
1758	8.89967	2.2225868852799131	0.1610744050000000	0.0728648300000000
170	4.28517	2.2421773163937972	0.0986180750000000	0.0802518800000000
174	8.08467	2.2265556094477899	0.1643467250000000	0.0804044150000000
1760	5.55909	2.2417687972475187	0.1391581200000000	0.1066493850000000
1762	5.89161	2.2385362077269604	0.1505256750000000	0.1155953750000000
1764	4.26026	2.2465751435388821	0.1276672900000000	0.0867246850000000
1766	6.50125	2.2343323232586734	0.1494263600000000	0.0972990100000000
1768	4.34000	2.2478318623999534	0.1603235250000000	0.1062542550000000
1770	4.19462	2.2577895050216492	0.1449771050000000	0.0699042500000000
1776	4.24900	2.2464480545333831	0.1309261850000000	0.0728780950000000
1778	5.36257	2.2366909126170378	0.1571295400000000	0.1023834650000000
1780	10.91730	2.2220076907750581	0.1340684200000000	0.0713124250000000
1782	7.36541	2.2287341419030673	0.1347525750000000	0.0678661050000000
1786	4.37997	2.2468881083858223	0.1384798750000000	0.1105003600000000
1788	4.46975	2.2457182373846765	0.1414278750000000	0.0842493150000000
1790	5.02970	2.2469926200222221	0.1579741350000000	0.1040057850000000
1793	7.78590	2.1822136923048538	0.1365469500000000	0.1218427400000000
1796	4.43979	2.2416028068529803	0.1640547900000000	0.1112061750000000
1798	4.58448	2.2420382217238659	0.1654147650000000	0.0931810050000000
1800	4.07502	2.2475168480138192	0.1464467100000000	0.0984028900000000
1803	16.69810	2.3593945055424821	0.2610290950000000	0.0957090750000000
1804	4.14194	2.2524213483748832	0.1542256500000000	0.1088763800000000
1806	5.71642	2.2411035198129095	0.1604611450000000	0.1232332800000000
1811	4.86071	2.1823211251221699	0.1940198250000000	0.0962167400000000
1812	6.14934	2.2408314180452247	0.1635985950000000	0.1314699850000000
1814	4.17537	2.2585397950157944	0.1611897450000000	0.0794704500000000
1816	8.09001	2.2244189915620516	0.1740322500000000	0.0864358150000000
1817	8.09001	2.2413651566700366	0.1261074100000000	0.1483222900000000
1818	4.05004	2.4002807049542372	0.2660407500000000	0.1121468700000000
1822	6.33983	2.3493717078731429	0.2695996050000000	0.1022862250000000
1824	5.01750	2.2358718003081917	0.1052546850000000	0.0543375900000000
1826	4.27361	2.2481912009900586	0.1501917450000000	0.1088725450000000
1828	4.80502	2.2444359799225251	0.1537123450000000	0.0763185100000000
1830	4.04717	2.2329680768732088	0.1601682250000000	0.1291578000000000
1832	4.33506	2.2406878241123165	0.1298914450000000	0.0965912500000000
1834	6.04510	2.2292314893684426	0.1396115100000000	0.1021528200000000
1836	4.83045	2.2481425995913908	0.1561143700000000	0.1144727100000000
1838	4.24767	2.2287179228608105	0.1435171600000000	0.0905200150000000
176	6.35654	2.2353292347927773	0.1438084250000000	0.1131160850000000
180	6.95937	2.2249660789384369	0.1500430800000000	0.0852179000000000
182	4.04727	2.2442090426728520	0.1439915550000000	0.1124314800000000
1840	5.76000	2.2393801705446812	0.1293068400000000	0.0842480350000000
1842	4.19228	2.2488327910281378	0.1386021900000000	0.0939008800000000
1846	4.13014	2.2527545738460679	0.1385801200000000	0.0981380100000000
1848	7.04093	2.2329900434608470	0.1433401500000000	0.1194526050000000
1850	5.00731	2.2415397878045633	0.1230558550000000	0.0672126600000000
1852	4.56028	2.2406257763898654	0.1318882750000000	0.1050304900000000
1854	4.18300	2.2510979965847588	0.1374827550000000	0.1178627150000000
1860	4.39127	2.2462082928756231	0.1543478900000000	0.0912522400000000
1864	12.57260	2.2307200990089573	0.1761758700000000	0.1208940950000000
1868	5.77880	2.2374657385374288	0.1567940300000000	0.0898480500000000
1870	4.38822	2.2504145603307837	0.1552496350000000	0.0956255500000000
1872	4.18016	2.2467001699697953	0.1383954500000000	0.0904000400000000
1874	4.38937	2.2460112563632357	0.1387302800000000	0.0739104450000000
1876	4.80798	2.2451086648447918	0.1533970900000000	0.1049709300000000
1878	6.23233	2.2328562668261700	0.1202078050000000	0.0830294100000000
1879	6.23233	2.1746497110211642	0.1351167650000000	0.0816213600000000
1880	4.14205	2.2383581796153456	0.1529688100000000	0.1170290000000000
1882	6.14244	2.2272680861715011	0.1489071950000000	0.1237187850000000
1884	4.47101	2.2411497189508425	0.1474736200000000	0.1001442300000000
1886	4.59031	2.2424928069152554	0.1153788500000000	0.0799283450000000
1888	8.27008	2.2201143607663134	0.1386008350000000	0.0510002600000000
1892	6.53008	2.2325046383835501	0.1602753800000000	0.1159176600000000
1893	6.53008	2.1682419273050453	0.1166899500000000	0.0971227850000000
1896	4.45915	2.2470102513149608	0.1519117150000000	0.0978503950000000
1900	6.39020	2.2325894568062616	0.1455956450000000	0.0714266750000000
1906	6.61739	2.2345466045704430	0.1610401050000000	0.0534665900000000
1908	4.82403	2.2471365189085892	0.1417506000000000	0.0577705550000000
1910	16.46690	2.2037039218718522	0.1568309850000000	0.0668205000000000
1911	16.46690	2.1857120943697073	0.1459308100000000	0.0901401450000000
1916	5.98995	2.2313289502354325	0.1303513800000000	0.0616607000000000
1918	5.56728	2.2454272893330844	0.1925102100000000	0.1149517500000000
184	5.27085	2.2417188004621194	0.1561288900000000	0.0728368800000000
186	4.12611	2.2409480167708731	0.1079877500000000	0.0971943400000000
190	6.25027	2.2348053879045762	0.1466518150000000	0.0994718300000000
1920	4.47102	2.2470344697776388	0.1375558900000000	0.0981916700000000
1922	4.58188	2.2457462709740135	0.1246429400000000	0.0848816550000000
1926	6.96936	2.2209631842987543	0.1400320450000000	0.0961256200000000
1928	4.69985	2.2357466047471806	0.1414465300000000	0.0878364500000000
1930	4.57472	2.2312503345593866	0.1741150150000000	0.1415023200000000
1932	11.82330	2.2178643000664482	0.1455270750000000	0.1154600600000000
1934	4.62575	2.2378103773875413	0.1441918400000000	0.0794771850000000
1936	4.23855	2.2526488082740532	0.1263008700000000	0.0888015650000000
1939	16.47600	2.1966377705428806	0.1388908300000000	0.1188974300000000
1940	4.14098	2.2546687436865063	0.1345886450000000	0.0744101450000000
1942	5.97899	2.2317753875786535	0.1214966500000000	0.1079595100000000
1944	13.31540	2.2194118185584628	0.1336066550000000	0.0648533750000000
1946	7.10612	2.2323391345249113	0.1594787950000000	0.0772390200000000
1948	4.40992	2.2388299731469181	0.1600679050000000	0.0655596800000000
1950	4.13001	2.2487486527962228	0.1457741500000000	0.1143388900000000
1952	5.00849	2.2579388333627914	0.1340591300000000	0.1401780900000000
1954	4.41097	2.2333891375235968	0.1405269950000000	0.0569326600000000
1956	4.33100	2.2456521541937420	0.1298063950000000	0.0784686050000000
1958	4.28230	2.2508617391593519	0.1318665350000000	0.1012945850000000
1960	4.81984	2.2384468845853522	0.1572678650000000	0.0733770700000000
1962	4.58831	2.2466914187970266	0.1485247250000000	0.1090752200000000
1964	4.15438	2.2456898419623030	0.1465199850000000	0.1010052300000000
1967	5.13324	2.2853880980317207	0.1942981100000000	0.1205336100000000
1968	6.51561	2.2315409928751397	0.1238129350000000	0.0776918650000000
1972	4.42705	2.2426520867146054	0.1650003950000000	0.1278651550000000
1974	5.00888	2.2402986004404202	0.1554170550000000	0.0907288950000000
1976	4.14179	2.2488555004845354	0.1316940500000000	0.0794673750000000
1978	4.75150	2.2358537064968784	0.1644408700000000	0.1114534500000000
1980	4.27992	2.2517845028928121	0.1470645850000000	0.1289539150000000
1984	4.29983	2.2483938943646282	0.1521397650000000	0.0866002800000000
1986	5.28977	2.2341511239310452	0.1267284050000000	0.0714938250000000
1990	4.86217	2.2381367779924246	0.1602061500000000	0.1107683500000000
1992	4.94400	2.2463807372696563	0.1357391350000000	0.0728341250000000
1994	6.98118	2.2519766062256363	0.1768712400000000	0.1484560100000000
1996	5.06186	2.2466926208400193	0.1580531550000000	0.1297485700000000
1998	4.77968	2.2382758483673477	0.1471305400000000	0.1039007350000000
192	5.18987	2.2294180432639799	0.0642933600000000	0.0425992550000000
194	4.73165	2.2447105896777018	0.1300870000000000	0.0864475700000000
196	5.01785	2.2393560469505926	0.1512428800000000	0.0885943450000000
197	5.01785	2.1665993593157760	0.1245259950000000	0.1281940200000000
198	6.59951	2.2381612223573963	0.1691513200000000	0.0973173700000000
199	6.59951	2.1780307383759694	0.1532645250000000	0.0705418950000000
2000	4.63641	2.2447496910700409	0.1406628000000000	0.0623577950000000
2001	4.63641	2.1721312322635158	0.1554543350000000	0.0404989500000000
2002	4.21002	2.2417020918432300	0.1618479400000000	0.1087212650000000
2005	6.05026	2.1611964924853666	0.1920678350000000	0.1195048950000000
2006	4.60571	2.2506394544153716	0.1461778550000000	0.0638283150000000
2012	5.96074	2.2342844323071107	0.1459993750000000	0.0640022900000000
2014	6.50528	2.2337175983326927	0.1471572250000000	0.1039677300000000
2016	4.90000	2.2445450317530096	0.1521298900000000	0.1134332050000000
2018	5.71973	2.2365163465135738	0.1485145750000000	0.1166737300000000
2020	4.17423	2.2677037161699869	0.1958451000000000	0.1574698400000000
2022	5.30051	2.2408438791104239	0.1219090800000000	0.0937924200000000
2026	4.89723	2.2415461488320529	0.1295126400000000	0.0925327150000000
2028	4.12020	2.2502102559738963	0.1443135950000000	0.0792846900000000
2030	4.07470	2.2481327133172342	0.1371061500000000	0.0766314800000000
2032	7.86804	2.2264010627004596	0.1386107550000000	0.1213147600000000
2036	4.45063	2.2494529016664533	0.1427171550000000	0.0632348950000000
2038	4.71942	2.2316600669910103	0.1438099350000000	0.1132225050000000
2039	4.71942	2.6151954949365401	0.3200584399999999	0.1080394450000000
2042	7.59734	2.2286189975178203	0.1407109600000000	0.1181599800000000
2044	5.45900	2.2332357880414877	0.1453948950000000	0.0941175350000000
2046	4.32232	2.2493519756071501	0.1263504700000000	0.0807989750000000
2048	4.69000	2.2416681605503372	0.1582290450000000	0.1170408700000000
2050	5.42755	2.2380792945546135	0.1440381150000000	0.1017715550000000
2057	14.65630	2.1812333216369959	0.1300345400000000	0.0982029300000000
2058	8.22613	2.2158927011350404	0.1344782700000000	0.0834227450000000
2062	4.76312	2.2439687868074958	0.1439218300000000	0.0606427350000000
2066	5.20017	2.2433964796299617	0.1177127900000000	0.0769457300000000
2068	5.23793	2.2358081600489816	0.1430242350000000	0.1127107050000000
2070	4.54763	2.2396850225153675	0.1489743250000000	0.1128187000000000
2072	4.25762	2.2442070937110121	0.1298821450000000	0.0891707650000000
2074	7.33799	2.2315154452779558	0.1370835050000000	0.0739149200000000
2076	13.21610	2.2189924849681342	0.1451617500000000	0.0482699850000000
2077	13.21610	2.1957421100926990	0.1440370850000000	0.0791452900000000
2078	4.62607	2.2441747035326793	0.1381215850000000	0.0859450050000000
202	4.11536	2.2616440737118690	0.1343991950000000	0.0676801300000000
204	5.59931	2.2433302898462402	0.1545780300000000	0.0821900700000000
205	5.59931	2.2821878113229341	0.2248243250000000	0.0820371500000000
206	6.43016	2.2360221760381420	0.1732065400000000	0.1480729150000000
2080	6.52993	2.2160045827150823	0.1710809200000000	0.0984159200000000
2082	20.88530	2.2095070179610232	0.1500448750000000	0.1143483050000000
2083	20.88530	2.1883473421908950	0.1469790950000000	0.0833435250000000
2084	5.29028	2.2410965987173119	0.1260588900000000	0.0772478400000000
2086	5.04000	2.2408912060397230	0.1572845900000000	0.0936087850000000
2088	5.10973	2.2431069657436868	0.1504264050000000	0.0895518200000000
2090	6.91809	2.2324562281992044	0.1572213700000000	0.1200727950000000
2092	4.28292	2.2539291058868511	0.1491899350000000	0.1267346600000000
2094	4.93995	2.3238010107001399	0.2237974400000000	0.1256908400000000
2100	4.79986	2.2429561328655647	0.1434327650000000	0.0613184850000000
2104	5.18390	2.2306905909293704	0.1475758550000000	0.1059175450000000
2106	19.63850	2.2092424971953197	0.1516082300000000	0.1056799050000000
2110	5.01005	2.2338097214700459	0.1169314100000000	0.0833695850000000
2112	4.40635	2.2387967009955818	0.1479876950000000	0.1050297350000000
2114	4.93994	2.2458654955890953	0.1469001450000000	0.0661525550000000
2116	4.53304	2.2298930218770603	0.1294376750000000	0.1381260100000000
2118	4.40994	2.2474545060539901	0.1399941450000000	0.0790951900000000
2124	4.39748	2.2493079165291712	0.1766743300000000	0.1036505250000000
2126	4.81993	2.2372403135583609	0.1466578050000000	0.1112764150000000
2128	4.05005	2.2374242011440058	0.1627839250000000	0.0312536800000000
2130	4.12003	2.2501831225992368	0.1119267500000000	0.0855175200000000
2132	4.59966	2.2466647701605060	0.1391620500000000	0.0970946250000000
2134	7.98999	2.2270698899863013	0.1370806300000000	0.1063106400000000
2136	11.35650	2.2209148148483155	0.1565432650000000	0.0897393200000000
2138	4.97123	2.2372318503782207	0.1450269800000000	0.1295289350000000
2144	11.50940	2.3861430208065215	0.2665698049999999	0.0768731600000000
2146	4.33999	2.2440050938378677	0.1418788500000000	0.0908684600000000
2147	4.33999	2.3072580991159573	0.2189892100000000	0.1437141750000000
2150	8.91215	2.2224988441270650	0.1502312800000000	0.0942916000000000
2152	4.40007	2.2459703848184001	0.1469284500000000	0.0886287100000000
2156	4.19661	2.2479364532441735	0.1348444350000000	0.0886284100000000
2158	7.90423	2.2281411027422116	0.1248860750000000	0.0826404850000000
208	8.47765	2.2291544360912510	0.1509532500000000	0.1147903350000000
210	4.19882	2.2562462417858868	0.1540465350000000	0.1107404250000000
212	6.96937	2.2281541007017918	0.1387333550000000	0.1014467100000000
213	6.96937	2.1762540663394958	0.1546869650000000	0.0796673050000000
2162	7.44116	2.2281336288220608	0.1623469750000000	0.0805186450000000
2164	4.87773	2.2406121130404553	0.1572424350000000	0.1196129650000000
2166	5.23061	2.2343483271338442	0.1618967000000000	0.0715085700000000
2170	5.14179	2.2417171638108071	0.1382391700000000	0.0789367650000000
2172	4.25928	2.2472331213298031	0.1418265200000000	0.0567164000000000
2174	4.72264	2.2438755300674318	0.1374632300000000	0.0809674850000000
2176	4.05502	2.2533642920931034	0.1265143950000000	0.0862465100000000
2178	4.05080	2.2294052173586962	0.1132932650000000	0.1388285300000000
2180	4.13502	2.2482890336732879	0.1379574400000000	0.1161226650000000
2182	4.92703	2.2463416013972637	0.1462287000000000	0.1135800200000000
2184	4.26802	2.2533649840371188	0.1406600950000000	0.0678725150000000
2186	9.13856	2.2156960383579429	0.1234378750000000	0.0408373650000000
2190	5.22439	2.2456427847119751	0.1469535700000000	0.0801105400000000
2194	4.07712	2.2460468886009224	0.1325816550000000	0.0857481900000000
2196	5.67482	2.2399674126966649	0.1564191750000000	0.0749943950000000
2198	5.32678	2.2373329996489555	0.1400597350000000	0.1172491200000000
2202	4.45561	2.2425270438357305	0.1527461600000000	0.1163654200000000
2204	4.79078	2.2446085571065661	0.1421948350000000	0.0680306150000000
2206	6.88521	2.2309856708694724	0.1304866500000000	0.0782608550000000
2208	4.03176	2.2517181824551593	0.1593201150000000	0.1099887000000000
2210	5.30647	2.2412237412775955	0.1635773050000000	0.0920774750000000
2212	8.61331	2.2262747713759352	0.1559533600000000	0.1263814600000000
2214	8.53267	2.2297121383317564	0.1556218250000000	0.1165613400000000
2216	5.74185	2.2399452435666292	0.1449040500000000	0.1034683650000000
2222	5.65161	2.2321799242797251	0.1233298300000000	0.0779879350000000
2224	5.75049	2.2401866742962633	0.1451277750000000	0.1132924050000000
2226	4.58643	2.2494349592352854	0.1438045500000000	0.0786704850000000
2228	12.30510	2.2123506516139066	0.1742922450000000	0.1378236900000000
2231	15.17590	2.1833624699823928	0.1336300100000000	0.0834652000000000
2232	5.55595	2.2404946323107655	0.1496450800000000	0.0929038400000000
2237	5.16616	2.1693615473007668	0.1358101900000000	0.0728731700000000
2238	5.19071	2.2447169515497216	0.1455532350000000	0.1038619100000000
220	4.04241	2.2416305504934444	0.1227678300000000	0.0879037800000000
222	4.78988	2.2346223856452490	0.1394356450000000	0.0992654500000000
2240	4.01854	2.2547306771694391	0.1148234550000000	0.0883512700000000
2242	7.67028	2.2270492946211213	0.1413108800000000	0.0544150850000000
2244	4.49999	2.2456532500623800	0.1495809900000000	0.1075072050000000
2246	4.20006	2.2427348794116231	0.1437309000000000	0.1424050900000000
2248	5.10066	2.2358584036178333	0.1409570550000000	0.1027110300000000
2250	4.79503	2.2452949709199816	0.1480009900000000	0.1017048800000000
2252	4.19468	2.2500583807213501	0.1472049750000000	0.1104536700000000
2253	4.19468	2.1496342745317860	0.1398353300000000	0.0489192200000000
2254	5.38651	2.2417347700017820	0.1555513650000000	0.1248468050000000
2256	5.06968	2.2443427910451659	0.1427505900000000	0.0944806650000000
2258	4.62982	2.2461026528893209	0.1901633600000000	0.1016433650000000
2264	6.71177	2.2004093986274813	0.1461779950000000	0.0913402650000000
2269	5.98929	2.1984084431569033	0.1739626250000000	0.0943912100000000
2274	5.89059	2.2256075237604867	0.1227690300000000	0.0703524350000000
2276	7.77805	2.2263853425879887	0.1255518550000000	0.0840357950000000
2278	4.56889	2.2529702092565973	0.1481855400000000	0.0745368400000000
2280	4.30126	2.2385051834937042	0.1160246900000000	0.0821835700000000
2282	4.82332	2.2331276600923160	0.1338600650000000	0.0419729000000000
2284	4.21059	2.2555400510403754	0.1716802850000000	0.1267354100000000
2286	5.19002	2.2399003332513172	0.1450346100000000	0.1011164350000000
2288	4.21002	2.2559364072212285	0.1741581850000000	0.0886281700000000
2292	4.41278	2.2488841243305639	0.1424356400000000	0.0915225400000000
2293	4.41278	2.5339280990794366	0.1272982400000000	0.1225003300000000
2294	4.58509	2.2437520319476052	0.1368531150000000	0.1015218700000000
2296	4.83457	2.2448134038507788	0.1590997350000000	0.0899048400000000
2304	5.00864	2.2443997347586140	0.1414227450000000	0.1197158150000000
2306	4.33997	2.2480604108463935	0.1441583200000000	0.1072134400000000
2308	6.43072	2.2325257642951613	0.1031577250000000	0.0710173300000000
2310	4.48006	2.2466610149275574	0.1866359800000000	0.1462408200000000
2312	5.47919	2.2383679162076477	0.1339080450000000	0.0815978050000000
2314	6.49465	2.2329835914254526	0.1396245950000000	0.1159780050000000
2316	4.08024	2.2494892820777603	0.1362508600000000	0.0989514050000000
2318	4.17074	2.2443207208656792	0.1537186250000000	0.1194356600000000
226	4.01982	2.2501321517681983	0.1628964700000000	0.0813729250000000
230	4.44085	2.2475543559042377	0.1332721900000000	0.0850318450000000
2320	4.31623	2.2425564662112341	0.1274815300000000	0.0816488000000000
2324	4.25323	2.2489660796530178	0.1419573050000000	0.0531562000000000
2326	4.01220	2.2456400419109137	0.1505916600000000	0.1336429800000000
2332	5.57607	2.2366371376080081	0.1343260300000000	0.0811028200000000
2334	8.07432	2.2250241715099111	0.1531131450000000	0.0961359500000000
2336	5.06049	2.2664605346065128	0.2061934500000000	0.1448965400000000
2338	10.11930	2.2127107576545781	0.1470397000000000	0.0842332700000000
2340	4.16587	2.2424982276197509	0.1537822700000000	0.1060590800000000
2342	4.70859	2.2419006497849137	0.1236825850000000	0.0702070650000000
2344	4.30697	2.2435927829128008	0.1628739950000000	0.1047551400000000
2346	4.89999	2.2417037340026309	0.1160268700000000	0.0840175300000000
2352	4.02994	2.2503827009704356	0.1319352300000000	0.0922223700000000
2354	4.01158	2.2574810547727666	0.1500894150000000	0.0684548350000000
2356	4.74062	2.2520388181529976	0.1560979950000000	0.0783304300000000
2358	4.05500	2.2576889775035225	0.1616423000000000	0.1128531100000000
2360	4.59340	2.2541894096317017	0.1679170850000000	0.1088474650000000
2362	4.92326	2.2396148439755974	0.1161947100000000	0.1051087500000000
2364	4.35580	2.2470460930322482	0.1426261950000000	0.1005973800000000
2368	3.99999	2.2480786129454589	0.1219102000000000	0.1016952500000000
2370	12.34250	2.2233181095979457	0.1627188200000000	0.0960867850000000
2371	12.34250	2.1864305667177284	0.1557246200000000	0.1281926850000000
2372	4.90161	2.2433219652822096	0.1597748550000000	0.1296400950000000
2373	4.90161	2.3130901824674313	0.2543665750000000	0.0899702250000000
2374	16.47150	2.2091856762265283	0.1632727300000000	0.0766705650000000
2375	16.47150	2.1894546644950466	0.1462556750000000	0.0879263850000000
2378	4.75031	2.2428731989064312	0.1424749200000000	0.0974509850000000
2380	4.45364	2.2358940194055417	0.1460310600000000	0.1035879400000000
2382	4.59106	2.2421130558887845	0.1538863600000000	0.1175727100000000
2384	7.24841	2.2298623486272686	0.1501578450000000	0.0995194400000000
2385	7.24841	2.1740397394831108	0.1481688100000000	0.0879147850000000
2386	4.80803	2.2291987188930955	0.1528231650000000	0.0747350350000000
2388	5.51822	2.2371194574362323	0.1482658000000000	0.0782103950000000
2390	4.94079	2.2426354561560355	0.1551636900000000	0.0743023550000000
2392	4.41901	2.2526575679032517	0.1414053900000000	0.0571560000000000
2394	7.50984	2.3018415901794484	0.2462284250000000	0.1365132300000000
2395	7.50984	2.1579261677489971	0.1199790800000000	0.0885034650000000
2396	4.08572	2.2546206875905326	0.1529883300000000	0.1056205950000000
2398	4.74527	2.2470138727648328	0.1547151200000000	0.1161053200000000
232	12.26340	2.2125783532963981	0.1594602100000000	0.1051485200000000
234	5.78232	2.2414060764393282	0.1296030500000000	0.0858454250000000
236	4.33431	2.2521215608350174	0.1500535650000000	0.0995770800000000
238	5.61069	2.2339528151679908	0.1593858950000000	0.1018177850000000
239	5.61069	2.1660293122274705	0.1417857550000000	0.0666679850000000
16	5.98005	2.2420431333854247	0.1452844050000000	0.1104842850000000
20	5.62748	2.2287327199366742	0.1723113350000000	0.1381910350000000
22	4.99103	2.2419906978293747	0.1346351050000000	0.0867127150000000
2400	7.88262	2.2358716880426752	0.1696799850000000	0.0960121650000000
2402	4.08570	2.2532223942086960	0.1271462700000000	0.0932724400000000
2404	4.06501	2.2517253778386612	0.1251940200000000	0.1002182500000000
2406	4.45094	2.2461497105494881	0.1281548300000000	0.0883821300000000
2412	4.49850	2.2505120038382485	0.1589270100000000	0.0646159400000000
2414	4.04883	2.2544483439046994	0.1551286950000000	0.1041625300000000
2416	4.54257	2.2487063827383986	0.1374124700000000	0.1045914850000000
2421	7.12177	2.1823430129200738	0.1109975900000000	0.1107109750000000
2422	9.15709	2.2218236063953225	0.1394441900000000	0.0742301450000000
2426	4.85214	2.2410844408141273	0.1272400950000000	0.0914614050000000
2428	5.56826	2.2286691519045663	0.1392599250000000	0.1132628100000000
2430	4.10002	2.2573503148389382	0.1448738200000000	0.0721277250000000
2432	5.48099	2.2386120138463514	0.1460602950000000	0.0969571650000000
2434	4.47713	2.2492445648846799	0.1745875400000000	0.0853522550000000
2438	4.25976	2.2454111053056520	0.1466976350000000	0.0722828800000000
2440	5.95377	2.2352058514659610	0.1332120600000000	0.0971630150000000
2442	7.23954	2.2313169994752458	0.1421066900000000	0.1120909150000000
2444	4.28977	2.2394124564076585	0.1461940000000000	0.1031314050000000
2446	5.77132	2.2341727094873121	0.1285328650000000	0.0908171000000000
2448	5.66994	2.2367372000107100	0.1335625750000000	0.0937697950000000
2450	10.92920	2.2232523309881973	0.1332371600000000	0.1230923100000000
2452	4.65062	2.2482064108931477	0.1457983050000000	0.0986077750000000
2454	6.76463	2.2359737226584278	0.1533711250000000	0.1054329000000000
2456	4.98975	2.2398497029221711	0.1491692900000000	0.0894439850000000
2458	4.14186	2.2584530444768127	0.1484097750000000	0.0820876400000000
2460	5.78045	2.2325775449313543	0.1215135650000000	0.0734663600000000
2462	5.94902	2.2373141516050361	0.1565755450000000	0.1010258550000000
2463	5.94902	2.1877134176808375	0.1410729650000000	0.0907670250000000
2464	4.42413	2.2467564269295988	0.1316571100000000	0.0780809400000000
2470	5.46645	2.2402531743022434	0.1476178550000000	0.1157757800000000
2472	5.58451	2.2344061456917133	0.1403602200000000	0.0982478400000000
2478	5.55707	2.2391761799890135	0.1250884150000000	0.0742708150000000
240	5.50983	2.2316352466086586	0.1214629700000000	0.0742255450000000
242	5.45059	2.2241248905887612	0.1402468650000000	0.1186196500000000
244	4.24928	2.2404966220571603	0.1608699800000000	0.0878085300000000
246	4.35462	2.2310090793741431	0.1141544250000000	0.0617411450000000
2480	5.62859	2.2305166025188057	0.1578037750000000	0.1175289800000000
2482	4.28059	2.2345404737438743	0.1557293050000000	0.1122219500000000
2484	5.95322	2.2340530861008379	0.1265072400000000	0.0925910750000000
2486	6.79841	2.2259113678775901	0.1352017550000000	0.0984363300000000
2488	5.46554	2.2359033438501825	0.1442665150000000	0.0705518250000000
2490	4.49999	2.2458384658956465	0.1372156950000000	0.0557822150000000
2494	4.25000	2.2487685933067016	0.1406746650000000	0.1003259100000000
2496	6.50146	2.2390486110251935	0.1689451100000000	0.1542996200000000
2498	4.34841	2.2380313806696486	0.1311875350000000	0.0576472350000000
2502	8.62901	2.2261009765339672	0.1482878250000000	0.1166011950000000
2504	10.74330	2.2195399833528047	0.1368802950000000	0.0975810600000000
2510	6.05950	2.2336522538805714	0.1441591450000000	0.1304961200000000
2512	5.28933	2.2358227378160507	0.1399102850000000	0.0685146450000000
2514	4.41001	2.2494958070333784	0.1476675900000000	0.0626834700000000
2516	4.26802	2.2526814706631515	0.1482526750000000	0.1019022200000000
2518	5.13055	2.2348468792505489	0.1320072750000000	0.0412322850000000
2522	6.40295	2.2361498815000687	0.1513258150000000	0.1245159850000000
2526	14.64260	2.2087307297049228	0.1397207100000000	0.1043657650000000
2532	4.14002	2.2296965886240572	0.1310912100000000	0.1013269350000000
2534	4.80702	2.2434081013307745	0.1515300550000000	0.0921115600000000
2536	4.76015	2.2313942977489041	0.1431790500000000	0.0979664800000000
2538	6.04764	2.2320080753026215	0.1021040250000000	0.0861781400000000
2542	5.83197	2.2277354170991597	0.1420972750000000	0.1554485300000000
2544	4.51350	2.2511549183169990	0.1590840600000000	0.1247846700000000
2546	4.96316	2.2301421852484471	0.1206662850000000	0.0873019900000000
2550	5.43885	2.2394329097137784	0.1426812750000000	0.0741465250000000
2552	4.17057	2.2332883936068963	0.1602824300000000	0.1213252200000000
2554	5.93308	2.2370161407214866	0.1601501350000000	0.0812709300000000
2555	5.93308	2.1664799447507406	0.1394151850000000	0.0844094950000000
2556	4.15730	2.2532070300197016	0.1274362550000000	0.0794861950000000
248	4.31335	2.2470609624512412	0.1152360000000000	0.0891215900000000
250	6.62067	2.2223672627123112	0.1385703750000000	0.0863834150000000
252	4.55085	2.2450045304103838	0.1599155150000000	0.1183000750000000
254	4.41005	2.2476717137184306	0.1660610300000000	0.1366287850000000
2560	4.25962	2.2560058573955248	0.1732823850000000	0.0977979950000000
2562	5.04993	2.2364493711768962	0.1266341800000000	0.0888602850000000
2564	4.49000	2.2126144198764259	0.1103977500000000	0.0907946700000000
2566	5.95871	2.2384521621614812	0.1550530000000000	0.0969126350000000
2570	4.20187	2.2461990167481956	0.1266640300000000	0.0843134850000000
2572	5.68831	2.2388333226857404	0.1437304350000000	0.0957791800000000
2574	4.99999	2.2422884985178801	0.1601704050000000	0.1168579700000000
2580	5.55984	2.2410829839457187	0.1390618400000000	0.0758521100000000
2584	5.25287	2.2416199263167029	0.1343592050000000	0.1015915700000000
2588	4.63899	2.2395366364233338	0.1538683050000000	0.1037239300000000
2590	4.11994	2.2505052626627515	0.1257407950000000	0.0661089850000000
2592	4.07504	2.2554436936545930	0.1684725600000000	0.1018217100000000
2594	5.96073	2.2301306813674420	0.1122883400000000	0.0789375950000000
2597	23.17250	2.2006425279180286	0.1623444900000000	0.0523616600000000
2598	7.49862	2.2316227725000872	0.1390214700000000	0.1138960350000000
2600	4.63991	2.2435847927471237	0.1702895250000000	0.1426772500000000
2602	4.29987	2.2577692552471107	0.1551525100000000	0.1158807600000000
2604	10.60660	2.2154076313095556	0.1558773250000000	0.0939207450000000
2606	4.23221	2.2358962843567776	0.1521928500000000	0.1163089150000000
2608	6.26069	2.2269531315136812	0.1303490950000000	0.0683304200000000
2614	4.81994	2.2378716963416037	0.1366086300000000	0.0961171600000000
2616	4.26804	2.2426833455673836	0.1428687550000000	0.0759294100000000
2622	4.51028	2.2441626924949634	0.1213453150000000	0.0771140350000000
2624	4.50770	2.2500261107721853	0.1464382300000000	0.0466675450000000
2626	4.33115	2.2467168142328866	0.1723534450000000	0.0934527850000000
2628	4.61964	2.2457116823763772	0.1462115250000000	0.0488412850000000
2630	4.97066	2.2408901234711536	0.1242347450000000	0.0780739300000000
2632	6.25048	2.2316820879373975	0.1444290650000000	0.0895346700000000
2634	4.39901	2.2409629933142550	0.1366963750000000	0.1178870550000000
2636	5.13421	2.2447625763565942	0.1570427250000000	0.0846060700000000
2638	7.14109	2.2248745434566990	0.1504698200000000	0.0870996200000000
256	4.32200	2.2428387741171414	0.1643395400000000	0.0648352850000000
260	4.96843	2.2328577580804598	0.1695412400000000	0.1373532600000000
2640	4.25273	2.2360409263776986	0.1473947400000000	0.0977719000000000
2642	4.31018	2.2518010113923439	0.1515479150000000	0.0883182500000000
2644	4.54641	2.2418630415676719	0.1504247400000000	0.1162679900000000
2646	4.56044	2.2408483446390668	0.1281854700000000	0.0855662000000000
2648	4.30162	2.2375250581592208	0.1456447550000000	0.1089657050000000
2650	6.40168	2.2274785199181490	0.1665703000000000	0.1001968400000000
2652	7.80242	2.2111674023292989	0.1350412300000000	0.0956981250000000
2654	7.23947	2.2335522441438527	0.1598041650000000	0.0994781750000000
2656	7.37276	2.2225984319354080	0.1236698850000000	0.0869203600000000
2658	4.10350	2.2508131147383024	0.1664405400000000	0.1396954250000000
2662	5.21238	2.2385172817850791	0.1330476650000000	0.0619346850000000
2666	4.94037	2.2439376304420611	0.1440924350000000	0.0970142000000000
2668	5.32015	2.2446273322330272	0.1501963550000000	0.1131065750000000
2670	7.96881	2.2262239227215592	0.1299613200000000	0.0918586600000000
2672	5.42989	2.2352571462431166	0.1498496250000000	0.1007697550000000
2674	6.18038	2.2336836687740447	0.1526126700000000	0.0775746450000000
2678	4.67021	2.2426000365403400	0.1435365400000000	0.1030827750000000
2682	11.59270	2.2198369074859743	0.1569594050000000	0.1133056700000000
2684	4.85792	2.2405922554287914	0.1804710450000000	0.0803286350000000
2687	8.91157	2.1879236017703336	0.1640847150000000	0.0373925650000000
2688	11.84740	2.2252882050632419	0.1493227600000000	0.0899025700000000
2690	4.02890	2.2429004207420000	0.1447636200000000	0.1132272950000000
2692	4.24923	2.2550257036751669	0.1357949600000000	0.0554527350000000
2698	4.00000	2.2414324769284986	0.1305812700000000	0.1214712250000000
2700	4.00689	2.2594894036170117	0.1524571650000000	0.0984167400000000
2702	4.83927	2.2359420193657598	0.1558928050000000	0.1324202100000000
2703	4.83927	2.1788355101271688	0.1569799450000000	0.0888807950000000
2704	7.25036	2.2262674767793689	0.1655055300000000	0.1323083500000000
2706	5.48782	2.2216960495670306	0.0961680450000000	0.0715109950000000
2708	4.72899	2.2428956268024138	0.1293363400000000	0.0978269050000000
2710	5.00004	2.2358301134502430	0.1218187750000000	0.0934656450000000
2714	9.24012	2.2208556584164518	0.1480232300000000	0.0989284150000000
2715	9.24012	2.3411658712039594	0.2707402650000000	0.1107296550000000
264	5.25325	2.2407493873569586	0.1571096600000000	0.0964913550000000
266	4.65214	2.2428476879950709	0.0978660500000000	0.0938612700000000
270	6.35340	2.2323284430885915	0.1469054050000000	0.0995980250000000
2720	6.09093	2.2360667934550338	0.1543224500000000	0.0630211800000000
2722	4.12514	2.2555952747187833	0.1668700250000000	0.0815551200000000
2724	9.23853	2.2195339234814444	0.0957692350000000	0.0777183250000000
2726	4.60106	2.2647116674111127	0.1922065200000000	0.1216363550000000
2728	4.66500	2.2470379153269380	0.1502868300000000	0.1244923550000000
2730	4.92034	2.2425608731449489	0.1574335250000000	0.1045557800000000
2734	8.35854	2.2242480251159766	0.1283479400000000	0.1007301100000000
2736	4.05690	2.3371937587445166	0.2202329600000000	0.0960874550000000
2738	4.49996	2.2563506274041321	0.1694592050000000	0.0903417800000000
2740	6.40598	2.2347395108191099	0.1444832250000000	0.0735647150000000
2742	4.18392	2.2476094147268291	0.1563249250000000	0.0758690350000000
2744	4.14386	2.2461367351039492	0.1176698350000000	0.0780930950000000
2746	4.16699	2.2438051380134869	0.1548754650000000	0.0923902800000000
2749	8.05054	2.1725031835714215	0.1354301850000000	0.0770925800000000
2750	4.46992	2.2507974306340972	0.1384054000000000	0.0795033250000000
2753	4.13998	2.1509552673472330	0.1390242300000000	0.0675794700000000
2756	4.18461	2.2472305685783742	0.1424198300000000	0.1066360250000000
2758	7.11963	2.2308484096201577	0.1501824200000000	0.1112750500000000
2760	5.01788	2.2418937730867974	0.1437446300000000	0.0897835800000000
2762	4.62710	2.2456073469016919	0.1376732550000000	0.1013490050000000
2766	4.86095	2.2478419324797461	0.1487098950000000	0.1240357750000000
2768	4.40001	2.2382158798253431	0.1303512250000000	0.0822463800000000
2772	4.18005	2.2537897079254829	0.1481324650000000	0.1392076550000000
2774	4.96965	2.2421765013399977	0.1413075900000000	0.0942853300000000
2776	4.31284	2.4050627488696055	0.2607757400000000	0.1560025300000000
2778	9.13888	2.2212136143629873	0.1535344500000000	0.1420050150000000
2780	6.99973	2.2230531103242437	0.1487557900000000	0.0953024200000000
2784	4.28057	2.2385981341948207	0.1118010100000000	0.1258474100000000
2786	4.73897	2.2402845050843636	0.1280811050000000	0.0849570150000000
2788	5.18812	2.2435662937387577	0.1282435500000000	0.0952805550000000
2790	4.99142	2.2335420357047444	0.1079828250000000	0.1147246100000000
2792	4.82661	2.2663259071789246	0.1311695150000000	0.1386903650000000
2794	4.66571	2.2481238498390130	0.1371216400000000	0.0737619450000000
2796	5.32699	2.2386424045031070	0.1608464950000000	0.1119531950000000
2798	5.64999	2.2404031169355347	0.1446402650000000	0.1085224050000000
272	4.72232	2.2460305107190703	0.1439119450000000	0.0831859950000000
274	4.71760	2.2307516820328992	0.1417213350000000	0.0968730600000000
276	4.17418	2.2335038477599123	0.0873629700000000	0.0613036550000000
278	4.44217	2.2393193037840762	0.1335161100000000	0.0830539550000000
2800	6.88302	2.2348554323081276	0.1467780900000000	0.1058380400000000
2801	6.88302	2.1604213947137865	0.1116278650000000	0.0875336800000000
2802	4.66222	2.2449362280365315	0.1455077000000000	0.0555216550000000
2804	4.88168	2.2425487832070026	0.1373607450000000	0.0770628300000000
2808	5.87316	2.2410268550089718	0.1429525050000000	0.1150467500000000
2810	4.39874	2.2527322096697180	0.1472741300000000	0.0656685250000000
2812	5.23815	2.2408162876232427	0.1483051200000000	0.0863101100000000
2814	5.57099	2.2411444456621967	0.1203015450000000	0.0837025550000000
2816	4.08318	2.2481689666270079	0.1390899550000000	0.0612913500000000
2818	7.18112	2.2148926305474799	0.1340787300000000	0.0875822800000000
2820	6.06766	2.2368434495131688	0.1426400750000000	0.1109866900000000
2822	4.01000	2.2425232886340898	0.1554300950000000	0.1062063250000000
2824	4.61980	2.2521258521142347	0.1557017000000000	0.1014460150000000
2826	6.46623	2.2316659909872181	0.1174095550000000	0.0798795100000000
2828	5.17079	2.2332351558664234	0.1333167100000000	0.0836641000000000
2831	6.17302	2.1607263259444776	0.1235851150000000	0.0868638100000000
2832	4.47691	2.2446518004282741	0.1782517850000000	0.0544826300000000
2834	5.11679	2.2448802891360131	0.1323048400000000	0.0965810800000000
2836	4.67993	2.1968957783252994	0.1207424650000000	0.0939445700000000
2838	6.50823	2.2370306653448777	0.1578056600000000	0.1101253150000000
2842	4.57021	2.2542658859385920	0.1444450550000000	0.0893330300000000
2844	4.76573	2.2468872319500393	0.1393968400000000	0.1032226350000000
2846	7.11878	2.2297089986246728	0.1601412400000000	0.0687798750000000
2847	7.11878	2.2556174136139320	0.2046217700000000	0.1018894650000000
2848	7.04899	2.2338412339079734	0.1476523100000000	0.0950318450000000
2849	7.04899	2.1758368137044086	0.1482318450000000	0.0662005800000000
2850	4.29009	2.2509249245034120	0.1555128900000000	0.0778057100000000
2852	4.63682	2.2424994887373333	0.1595900800000000	0.1325304500000000
2856	4.26809	2.2449043770246870	0.1238048200000000	0.0642084650000000
2858	4.35001	2.2455483861197765	0.1367646600000000	0.0601630000000000
2862	6.50001	2.2368412670882698	0.1526799000000000	0.1015182600000000
2864	5.26656	2.2406131269625984	0.1267914100000000	0.0681521700000000
2866	9.63891	2.2105419524049403	0.1370774100000000	0.0987343600000000
2868	5.06922	2.2431971101538166	0.1524920950000000	0.1250964650000000
2870	4.50002	2.2546925030221332	0.1479776400000000	0.0767270600000000
2872	9.30238	2.2221402668570303	0.1378668450000000	0.1069138900000000
2874	4.70978	2.2459090386324898	0.1450220850000000	0.1208379050000000
2876	4.47483	2.2344131536311767	0.1309926350000000	0.0991066800000000
280	4.40855	2.2234150831662385	0.1358191550000000	0.0835074600000000
282	8.46518	2.2261846624800481	0.1332542700000000	0.0863766250000000
286	6.38959	2.2395757093099005	0.1264709350000000	0.0900601200000000
2880	4.50001	2.2507937741760182	0.1594557750000000	0.0966582300000000
2882	5.59937	2.2312364061625596	0.1406011550000000	0.1009949300000000
2883	5.59937	2.1636067324129709	0.1471708650000000	0.0721913600000000
2884	4.43812	2.2358530313219149	0.1447225500000000	0.0892897900000000
2888	6.52649	2.2363684201959284	0.1458019000000000	0.0893088550000000
2890	4.04346	2.2513264684805963	0.1142811100000000	0.0888883250000000
2892	5.17000	2.2358431575596946	0.1418482200000000	0.1252816650000000
2894	4.59563	2.2454336969266180	0.1301681050000000	0.1047235850000000
2896	6.65399	2.2302340899026851	0.1404743150000000	0.0973415600000000
2900	4.42397	2.2502308799303679	0.1333972200000000	0.0997945200000000
2902	4.68997	2.2435640942832844	0.1259683750000000	0.0887828900000000
2904	4.17612	2.2489159139214134	0.1244030900000000	0.0743929500000000
2906	4.07000	2.2411714835735830	0.1673406100000000	0.1256168450000000
2909	8.05395	2.1858534833572563	0.1588129400000000	0.0928780600000000
2910	4.00002	2.4073526868974882	0.2832686450000000	0.1087134800000000
2912	9.19568	2.2287711101437973	0.1541456300000000	0.0969797000000000
2916	4.69994	2.2371737709054629	0.1587619050000000	0.0798612150000000
2918	4.41195	2.2485229573928769	0.1499502350000000	0.1123353250000000
2920	5.91350	2.2372764465446462	0.1432766350000000	0.0882605150000000
2922	4.44081	2.2467507724392903	0.1581168900000000	0.1029942650000000
2924	4.26997	2.2418075050806272	0.1720836800000000	0.0560531100000000
2926	4.72330	2.2379496170611430	0.1604491350000000	0.1036103050000000
2928	5.95016	2.2321395613487791	0.1701608350000000	0.0759811300000000
2932	4.04891	2.2528060955210067	0.1486802050000000	0.1135627750000000
2934	4.17539	2.2456746801469576	0.1423813500000000	0.0867459500000000
2936	5.33228	2.2369991074216986	0.1498494200000000	0.1137412200000000
2940	4.15092	2.2434610405495876	0.1431403150000000	0.0739102250000000
2942	4.72946	2.2513253208181627	0.1329420100000000	0.0794864500000000
2944	5.12695	2.2303274237607824	0.0951489600000000	0.0683510850000000
2946	8.35572	2.2253972698617921	0.1461335850000000	0.0862647900000000
2950	6.40363	2.2312334863409977	0.1508813200000000	0.0992227900000000
2952	7.48225	2.2266900095590287	0.1477021850000000	0.0940914300000000
2954	9.01194	2.2238011781127702	0.1644986850000000	0.1006468450000000
2956	4.92169	2.2463482303898497	0.1438997200000000	0.1205858650000000
2958	4.00000	2.2421643960346569	0.1352942000000000	0.0587263200000000
290	4.56983	2.2358905969173062	0.1257861500000000	0.1079798000000000
292	4.74063	2.2427743701575138	0.1172317200000000	0.0769651350000000
2960	4.82794	2.2411392679726667	0.1513863350000000	0.1363959400000000
2962	7.04486	2.2269949972011496	0.1614876400000000	0.1150578350000000
2964	5.06386	2.2431920746463292	0.1332013250000000	0.0977529650000000
2968	4.49799	2.2576456411216621	0.1597728700000000	0.1006689100000000
2970	10.13270	2.2276262232781323	0.1734456600000000	0.0766089750000000
2973	7.88851	2.1766794320581608	0.1452916450000000	0.0807603550000000
2974	9.21944	2.2232547422291939	0.1470616000000000	0.0855690350000000
2976	4.41979	2.2502905082321103	0.1530764850000000	0.1276315900000000
2978	5.88975	2.2256809432100204	0.1269281200000000	0.0925666800000000
2980	4.14296	2.2432722981583120	0.1282946300000000	0.0914752550000000
2982	12.90590	2.2070125443980628	0.1429817400000000	0.1106934500000000
2984	4.93568	2.2373100968011603	0.1341563850000000	0.0827171400000000
2986	4.49291	2.2495501924487242	0.1638323000000000	0.1221041550000000
2988	5.13341	2.2430556034460101	0.1385443800000000	0.1076974750000000
2990	4.25226	2.2493609856240369	0.1532947300000000	0.0999174500000000
2994	14.96590	2.2143846396659916	0.1509927950000000	0.1134397850000000
2998	4.95389	2.2500054098827951	0.1842447350000000	0.1458938150000000
3000	8.19245	2.2236934002426945	0.1549934150000000	0.0899270500000000
3002	9.68277	2.2214367594102673	0.1223806550000000	0.0830696000000000
3003	9.68277	2.1840402851311835	0.1558445550000000	0.0558480450000000
3006	9.66154	2.2183626120564952	0.1395642750000000	0.0894102850000000
3008	5.01363	2.3895145824939723	0.2792233000000000	0.1232182200000000
3012	4.27623	2.2590056687694693	0.1355526600000000	0.1123793900000000
3016	5.21969	2.3385037147262171	0.2298842200000000	0.1091463300000000
3018	5.26619	2.2407292681629860	0.1429078450000000	0.0792259550000000
3020	5.59896	2.2407566997959569	0.1382827700000000	0.1211443750000000
3021	5.59896	2.1588168139162360	0.1270645700000000	0.0490845200000000
3024	8.44299	2.2243173201995772	0.1526227900000000	0.1197045000000000
3025	8.44299	2.1871913488339771	0.1568401600000000	0.0782331300000000
3026	10.30760	2.2250575069409044	0.1514363800000000	0.0897392550000000
3028	5.95873	2.2347501394902736	0.1468351650000000	0.1135145250000000
3030	8.95530	2.2240325324422296	0.1484879900000000	0.0946871450000000
3031	8.95530	2.1822584990384097	0.1745929300000000	0.0640171800000000
3032	4.59982	2.2358838996304851	0.1414178550000000	0.0974718400000000
3034	4.74703	2.2420158136573138	0.1351522850000000	0.0590711650000000
3038	10.91730	2.2210590890155077	0.1359656700000000	0.0963258600000000
298	5.72922	2.2353160887763539	0.1349473250000000	0.0741014950000000
300	4.48033	2.2549357853095686	0.1640296000000000	0.0857212650000000
301	4.48033	2.1567624549369357	0.1495278600000000	0.0522863350000000
302	9.30426	2.2241648451091667	0.1397522100000000	0.0997931250000000
3040	4.47175	2.2504240298684661	0.1664114300000000	0.1084502350000000
3042	5.28955	2.2381304951260730	0.1411040050000000	0.0924544000000000
3046	4.45076	2.2530852714920662	0.1417941750000000	0.0638051850000000
3048	4.95637	2.2418639768726356	0.1340034900000000	0.0847685250000000
3050	6.73115	2.2340239226520633	0.1245370950000000	0.0810719900000000
3052	4.24874	2.2499284371829860	0.1461345350000000	0.1189772500000000
3058	5.59479	2.2358461039781075	0.1333282150000000	0.0918230250000000
3062	4.57984	2.2529422663250145	0.1568808450000000	0.0827477650000000
3064	4.72266	2.2464475360983944	0.1527368400000000	0.1081389800000000
3067	6.16990	2.2359591960363292	0.1587633000000000	0.1190555450000000
3068	4.07954	2.2451437092835729	0.1112619900000000	0.0795310950000000
3070	5.25119	2.2310764215256356	0.1491996550000000	0.0891851050000000
3072	6.56144	2.2326842865753678	0.1633769000000000	0.0838784250000000
3078	4.22833	2.2591177438907755	0.1713498500000000	0.0868185800000000
3080	5.71492	2.2398166098873395	0.1521895000000000	0.1033899050000000
3084	4.92164	2.2460894241078635	0.1394367500000000	0.0941200950000000
3086	12.56050	2.2378053486627625	0.3061312700000000	0.0511900250000000
3088	6.05933	2.2366108832132494	0.1615353950000000	0.0792542150000000
3090	11.04760	2.1963631637936731	0.1454364550000000	0.1217773850000000
3092	9.08518	2.2206812723961584	0.1151547700000000	0.0771403750000000
3093	9.08518	2.1823643760074272	0.1266519250000000	0.0882880850000000
3094	4.01301	2.2563836868578835	0.1332077000000000	0.1060780350000000
3096	7.97027	2.4173178247681246	0.2667271900000000	0.1331991700000000
3097	7.97027	2.1823906173166696	0.1478317500000000	0.0871166450000000
3098	4.38017	2.2446539872897535	0.1544942150000000	0.0679112900000000
3100	6.43345	2.2348725216440761	0.1394373800000000	0.0840991950000000
3104	4.34008	2.2447420870282224	0.1248250050000000	0.0826027400000000
3110	13.23870	2.2176976525077134	0.1404555550000000	0.0712804900000000
3112	4.78521	2.2297834884452148	0.1323293800000000	0.0665194500000000
3114	4.29999	2.2465804323034408	0.1377749450000000	0.0923549150000000
3116	4.66860	2.2478031137517540	0.1553908800000000	0.1094445300000000
3118	6.78583	2.2381547009598064	0.1407240400000000	0.0686060800000000
304	4.35666	2.2459648153010261	0.1313936050000000	0.0834111650000000
310	11.78130	2.2180797674271671	0.1446916750000000	0.1028564250000000
3120	5.42970	2.2301169810259629	0.1390705150000000	0.1050754900000000
3124	4.41995	2.2376339234233975	0.1232073700000000	0.0961171400000000
3128	4.06100	2.2600435967931030	0.1522970800000000	0.0978456150000000
3130	5.00992	2.2405694873231852	0.1517526450000000	0.0973820050000000
3132	13.21360	2.2092697283611562	0.1474122100000000	0.0709294950000000
3136	4.21009	2.2483236093719179	0.1407681100000000	0.1123832250000000
3138	4.94001	2.2447336633325738	0.1440085700000000	0.0662691600000000
3142	5.68922	2.2385475417541332	0.2006398600000000	0.0779858300000000
3144	4.11924	2.2522355233322187	0.1507411500000000	0.0883604950000000
3146	7.78009	2.2274499019525194	0.1249585350000000	0.0667353450000000
3148	4.41958	2.2512107695879178	0.1550070400000000	0.0533833450000000
3152	4.75031	2.2358981863983192	0.1343447700000000	0.0871870800000000
3153	4.75031	2.2358790967522939	0.1566666900000000	0.1344149950000000
3154	6.13193	2.2355368202407240	0.1448754400000000	0.1168082200000000
3158	5.74657	2.2388003175785758	0.1663247250000000	0.1382042350000000
3160	4.38829	2.2452363198142717	0.1425295450000000	0.1057216000000000
3162	4.47027	2.2501738139289418	0.1598127850000000	0.0489629000000000
3164	5.20138	2.2386549429654550	0.1378264800000000	0.0910075950000000
3166	4.20967	2.2509260903286261	0.1368380050000000	0.0869446850000000
3168	4.81774	2.2459406556143966	0.1185506350000000	0.0930270500000000
3170	4.60942	2.2487211567883612	0.1342274100000000	0.1166806750000000
3172	4.35084	2.2492120909221351	0.1186494950000000	0.0790565600000000
3174	5.11026	2.2419361522803349	0.1462845550000000	0.0949104350000000
3176	4.34000	2.2413795085905526	0.1389741100000000	0.0816231200000000
3178	4.39618	2.2479531102157524	0.1648024350000000	0.1095053150000000
3180	4.29221	2.2456353838568979	0.1449995100000000	0.0755327200000000
3182	5.62373	2.2398064802323567	0.1442806050000000	0.0379902800000000
3184	6.99027	2.2293596382095977	0.1406807800000000	0.1081658050000000
3186	5.89004	2.2406796011626962	0.1587633300000000	0.0488960200000000
3188	4.75661	2.2552935693262182	0.2154132850000000	0.1127184100000000
3190	4.31221	2.2493818133853418	0.1409380600000000	0.0892340750000000
3192	5.32008	2.2443073406771790	0.1468828400000000	0.1141386550000000
3194	4.17145	2.2451261748137417	0.1548388750000000	0.0978015100000000
3195	4.17145	2.1608866261183968	0.1496101600000000	0.0679537250000000
312	6.42442	2.2329243040698667	0.1413444100000000	0.1137422200000000
314	5.20148	2.2446375616244789	0.1283866900000000	0.0880881650000000
315	5.20148	2.1734698561505472	0.1506248150000000	0.0617963250000000
316	8.45468	2.2258000944390650	0.1284752850000000	0.0725800400000000
318	4.10089	2.2361062110777348	0.1816729650000000	0.1299328700000000
24	6.39008	2.2286741794189373	0.1542943200000000	0.1061339950000000
26	6.09737	2.2357153940348375	0.1248083450000000	0.0966131000000000
28	5.95941	2.2311619144887547	0.1485480300000000	0.1040020650000000
30	4.08821	2.2514792354077695	0.1325897550000000	0.0754916050000000
320	11.69890	2.2233694827272892	0.1618258150000000	0.0758065900000000
322	4.72290	2.2436343508660812	0.1512088350000000	0.1056451100000000
324	5.87348	2.2268945433958907	0.1513156700000000	0.0816538800000000
326	6.53933	2.2333161797594205	0.1667921650000000	0.0883418100000000
328	6.99964	2.2343914058264422	0.1688479850000000	0.1078695450000000
330	4.00913	2.2522818109382241	0.1438195750000000	0.0986292650000000
332	5.18578	2.2446356337212046	0.1397665500000000	0.0507588250000000
334	4.27849	2.2502283125396065	0.1413749500000000	0.0840535250000000
336	4.86590	2.2401067452170516	0.1509559250000000	0.1082112400000000
338	4.59223	2.2521672342766781	0.1609082100000000	0.0944567750000000
340	7.84714	2.2277818138231678	0.1531590150000000	0.1028782250000000
342	5.06002	2.2377065444178061	0.1279752150000000	0.0806645800000000
344	5.97000	2.2145292016315770	0.1228732500000000	0.1240994700000000
352	5.20191	2.2449672300721768	0.1591900100000000	0.0723742850000000
354	12.23160	2.2296579564394539	0.1710925150000000	0.1029698150000000
356	5.38920	2.2437412563919112	0.1425733150000000	0.1268678750000000
358	6.98731	2.2902517915146801	0.1980017500000000	0.1300087250000000
362	4.48027	2.2502509364514638	0.1450730800000000	0.1073354650000000
364	5.02670	2.2374280741134891	0.1226145200000000	0.0710741550000000
366	4.28634	2.2382307574541973	0.1346790200000000	0.1054386100000000
368	4.57993	2.3749515892788784	0.2377867450000000	0.1034414400000000
370	4.38007	2.2463671714018667	0.1490657500000000	0.1030003650000000
372	4.99183	2.2492912124456739	0.1573987500000000	0.0684493600000000
374	7.54955	2.2315238373281079	0.1455497250000000	0.0615492850000000
375	7.54955	2.1904211182974329	0.1766739600000000	0.0932170700000000
376	4.88651	2.2492238557480655	0.1250872050000000	0.0907308300000000
378	8.36841	2.2242740646693453	0.1645362700000000	0.1136081450000000
380	5.25044	2.2413437017401869	0.1343244450000000	0.0638803500000000
382	5.55295	2.4189280762504444	0.2682270750000000	0.1367355800000000
386	8.63574	2.2262400985485877	0.1584571400000000	0.1031211100000000
388	5.01801	2.2390601996464778	0.1499186050000000	0.0971005650000000
390	4.07706	2.2528218450933277	0.1562280700000000	0.0842872300000000
392	4.76010	2.2373135323878208	0.1407416350000000	0.1216056450000000
393	4.76010	2.2518770297317841	0.2436342400000000	0.0941700150000000
394	4.96945	2.2461413701117614	0.1325977950000000	0.0915473550000000
396	5.97077	2.2346555729900976	0.1704002100000000	0.1348839900000000
397	5.97077	2.1624443845576065	0.1198203300000000	0.0888307350000000
32	5.00000	2.2404702182801310	0.1523235350000000	0.0958807700000000
34	4.59597	2.2456440410296747	0.1628173500000000	0.0872419100000000
36	11.42750	2.2122687386702142	0.1513638050000000	0.1284456500000000
37	11.42750	2.1845681112248885	0.1430374100000000	0.0880524500000000
38	7.71594	2.2300767436814475	0.1403738500000000	0.0583631800000000
400	13.25910	2.2166561141427290	0.1492790800000000	0.0866478000000000
402	4.80712	2.2418471590617770	0.1501551450000000	0.1159681900000000
404	5.17820	2.2360873435276059	0.1701211550000000	0.0685018200000000
406	4.72298	2.2370853969943081	0.1523904550000000	0.0911844000000000
408	4.83876	2.2393545752907644	0.1256758450000000	0.0959310750000000
414	5.02974	2.2447898959581183	0.1564834850000000	0.1043151050000000
416	19.16470	2.2083378380150416	0.1466663450000000	0.1154837400000000
417	19.16470	2.1847111697874477	0.1561061050000000	0.0868951250000000
418	4.62812	2.2358406245725404	0.1530662050000000	0.1246925250000000
420	10.91070	2.2248631620882020	0.1637814500000000	0.0763070700000000
422	4.49919	2.2291109980158845	0.1875476050000000	0.0985648150000000
424	4.41018	2.2545011599331781	0.1501084600000000	0.0989913850000000
426	4.14775	2.3111460602266698	0.2021602350000000	0.1398350650000000
428	4.01005	2.2588068061062869	0.1264454050000000	0.0582243250000000
432	12.00770	2.2181102470987559	0.1457979700000000	0.1072029800000000
433	12.00770	2.1854424984878222	0.1425621600000000	0.0923441450000000
440	4.69001	2.2319076934085826	0.1446150450000000	0.1107948650000000
442	5.97021	2.2331361873599174	0.1490563400000000	0.1137081050000000
444	4.01200	2.2486379278913202	0.1437790400000000	0.1012882450000000
445	4.01200	2.1546836868436405	0.1495356250000000	0.0462266250000000
446	3.99999	2.2473787271939170	0.1174103500000000	0.0843115900000000
448	4.38024	2.2408709489872893	0.1576015700000000	0.0839800750000000
450	10.69890	2.2150884818198509	0.1166049650000000	0.0861664450000000
451	10.69890	2.1815090218524587	0.1211923350000000	0.0872014250000000
452	5.10067	2.2367614211247315	0.1442374600000000	0.0827845550000000
454	5.28648	2.2446558152371936	0.1456488650000000	0.0501942150000000
456	7.52274	2.2307274369424026	0.1389387850000000	0.0861554650000000
458	5.24962	2.2238864676190384	0.1692758750000000	0.0741951050000000
460	4.80720	2.2442989425799085	0.1448290650000000	0.0912095250000000
462	5.32730	2.3046209787843708	0.2208804650000000	0.1438883400000000
464	4.45389	2.2520054246298176	0.1655030600000000	0.0858773850000000
466	5.10844	2.2448812104503295	0.1414034800000000	0.0804478000000000
468	4.35962	2.2810957063715556	0.2003885550000000	0.1286384950000000
470	4.69002	2.2425571704999938	0.1333772850000000	0.0804623250000000
472	5.52889	2.2377053265728253	0.1194186400000000	0.0850592250000000
473	5.52889	2.2819189331681193	0.2189046500000000	0.0995474550000000
474	5.01269	2.2424828588798316	0.1438463750000000	0.1087392600000000
476	4.28973	2.2400691183255610	0.1203107800000000	0.0903579700000000
40	4.72137	2.2441759999513136	0.1429587450000000	0.1040688100000000
42	5.30174	2.2370028313926884	0.1513879600000000	0.0728708450000000
43	5.30174	2.7322696797026387	0.2965451450000000	0.0644038850000000
44	4.88565	2.2431542717963566	0.1591582450000000	0.1336446500000000
46	4.86181	2.2453243119809438	0.1430668550000000	0.1001914800000000
480	9.18256	2.2218687740184970	0.1310206200000000	0.0981021350000000
482	4.07001	2.2454993779071999	0.1679914000000000	0.1412162600000000
484	4.84521	2.2449149783828495	0.1645922950000000	0.0845219450000000
486	5.16271	2.2413125273159298	0.1533750100000000	0.1280910600000000
488	6.47736	2.2334263887318553	0.1404818950000000	0.1071787900000000
490	6.05020	2.2413390863137455	0.1532952000000000	0.1009422000000000
492	4.09257	2.2345149228691406	0.1519131300000000	0.0437970800000000
494	8.00877	2.2260446551635016	0.1322476100000000	0.1061701650000000
496	4.60806	2.2464403050672397	0.1400546000000000	0.0907411100000000
500	9.56550	2.2237019614895934	0.1389168400000000	0.1013831950000000
501	9.56550	2.1716455081227135	0.1212453150000000	0.0854789650000000
502	4.17605	2.2395378621639908	0.1454335900000000	0.1054885800000000
506	4.44068	2.2418563150813551	0.1415844950000000	0.1358762950000000
512	4.50597	2.2464758263955962	0.1400688750000000	0.0992215500000000
514	5.80851	2.2350342120897269	0.1510055900000000	0.1167123300000000
516	5.57690	2.2381255983545598	0.1545489550000000	0.1163912950000000
520	4.83509	2.2347390097133109	0.1380829600000000	0.1070918700000000
522	4.93996	2.2443168909837814	0.1599726150000000	0.0721860800000000
524	5.93792	2.2389218694698818	0.1576297350000000	0.0925390900000000
526	5.33980	2.2403555325474387	0.1540618350000000	0.1266741600000000
528	5.22447	2.2365881971400334	0.1262967250000000	0.0938335900000000
530	7.65335	2.2254821262230502	0.1509316200000000	0.0876035300000000
532	4.49980	2.2503315268209882	0.1464787100000000	0.0872064200000000
534	4.17992	2.2452729558813971	0.1283333400000000	0.0761073650000000
536	6.17766	2.2367447561037270	0.1552254800000000	0.1277171950000000
542	4.78748	2.2424662773647608	0.1583733150000000	0.0997075850000000
544	8.30517	2.2086450430805997	0.1658787550000000	0.1226783950000000
546	4.66661	2.2370932374334922	0.1495291100000000	0.0914846850000000
548	4.13510	2.2493795555614131	0.1501807650000000	0.1086016800000000
550	5.97092	2.2342516498169354	0.1019254350000000	0.0669299600000000
551	5.97092	2.2336886735068071	0.1912625950000000	0.0585072700000000
552	4.13999	2.2550511090169056	0.1807799300000000	0.1162481000000000
553	4.13999	2.4185708794600225	0.2942051000000000	0.0474458800000000
554	4.87395	2.2417438458900376	0.1216792200000000	0.0791997150000000
556	5.28839	2.2339457190716678	0.1538034650000000	0.1137320100000000
558	4.91079	2.2343075960871372	0.1539353200000000	0.1164889000000000
48	5.98162	2.2371419388093581	0.1626268500000000	0.0958065650000000
50	4.65639	2.2222101295756009	0.1178285000000000	0.0898005050000000
52	16.74470	2.2107482512533365	0.1494098600000000	0.0458143350000000
54	5.94109	2.2226493551378868	0.1694496500000000	0.1500370900000000
560	6.12474	2.2374525131567933	0.1514206600000000	0.1132222700000000
562	5.92542	2.2235564221256183	0.1209329200000000	0.1054197200000000
564	5.28955	2.2383556023310129	0.1392606950000000	0.0980368000000000
566	4.54190	2.2827263981863948	0.2330577350000000	0.1503967250000000
568	5.29829	2.2374122171020607	0.1399770500000000	0.1178725100000000
570	13.32050	2.2205250107729069	0.1513883350000000	0.1028521150000000
572	8.19246	2.2280610032824573	0.1560238600000000	0.0920409000000000
574	5.42940	2.2395847344805881	0.1469339600000000	0.1050674600000000
576	5.51229	2.2324069412859080	0.1183568200000000	0.0749379300000000
578	6.71299	2.2364260210638744	0.1475121050000000	0.0866346750000000
580	7.37675	2.2260006812593662	0.1540156750000000	0.0944889400000000
582	4.27199	2.2450675448018411	0.1327749350000000	0.1007146500000000
585	5.13333	2.1740308816103737	0.1519505300000000	0.0679465600000000
588	4.95559	2.2400352027159895	0.1558593150000000	0.0861184900000000
590	10.20320	2.3677710871075783	0.2543028950000000	0.1052737000000000
591	10.20320	2.1943171469208571	0.1441615500000000	0.1243869550000000
592	5.47005	2.2384300226051943	0.1619943400000000	0.1122777500000000
594	4.59101	2.2481208971244557	0.1693339800000000	0.0958426750000000
598	6.13030	2.2338479168895162	0.1464417650000000	0.0984367850000000
602	4.91992	2.2523733802985624	0.1531210000000000	0.0806566850000000
604	7.96701	2.2202084575456866	0.1473070900000000	0.0954498750000000
606	4.24997	2.2469014494636657	0.1336902950000000	0.0830733500000000
608	4.74682	2.2426996501258123	0.1720494850000000	0.1070146700000000
612	15.79580	2.2014452638219471	0.1487888950000000	0.1170365250000000
614	7.96823	2.2270978008557432	0.1317563800000000	0.0662333000000000
616	5.75065	2.2280620656319887	0.1543792250000000	0.0890370750000000
618	5.39051	2.2368003118635365	0.1549820500000000	0.0903575500000000
620	4.99862	2.2451063319827322	0.1467955500000000	0.0971697250000000
622	4.00730	2.2520107190562362	0.1355762450000000	0.0979025650000000
624	5.00235	2.2225456963398580	0.1361205750000000	0.0679770450000000
626	7.71899	2.2271308204311024	0.1488649650000000	0.1115949300000000
628	7.78068	2.2281954563802646	0.1414031050000000	0.0942944250000000
630	7.58673	2.2183987310891600	0.0765732250000000	0.1037635250000000
632	4.51447	2.2341750628257837	0.1551296050000000	0.0995177950000000
638	5.39993	2.2443784331783783	0.1256040000000000	0.0737226050000000
56	4.27006	2.2577530688935381	0.1464186500000000	0.0986085950000000
60	4.04813	2.2523464679431702	0.1379561100000000	0.0637932850000000
640	6.60590	2.2377901884668794	0.1771159800000000	0.1087846550000000
641	6.60590	1.9124340641580237	0.0997631200000000	0.5579522850000000
642	5.30005	2.2451144467483957	0.1572958650000000	0.1009485200000000
644	4.20982	2.2413963151274152	0.1291639100000000	0.0660712550000000
646	5.04993	2.2394459320321372	0.1361565200000000	0.0714016300000000
648	5.16018	2.2412857439684357	0.1510115350000000	0.1308504300000000
650	5.68948	2.2342535956839664	0.1532618150000000	0.0607755650000000
652	5.04957	2.2425365634971031	0.1650931850000000	0.1139704400000000
658	11.91340	2.2207700622608386	0.1631264500000000	0.1067433250000000
660	4.39697	2.2492788504847874	0.1590133550000000	0.0739406200000000
662	4.80723	2.2414275712910214	0.1279706100000000	0.0713507650000000
664	4.25844	2.2358104046123981	0.1659005750000000	0.0741199650000000
666	4.26001	2.2477209243445078	0.1341290350000000	0.1020989450000000
668	6.19983	2.2352793422217254	0.1434569250000000	0.1117447900000000
672	8.53196	2.2765366951525325	0.1987981050000000	0.0964060050000000
673	8.53196	2.1838418274617801	0.1493165200000000	0.0886942450000000
674	6.29109	2.2407982257661754	0.1619182400000000	0.1276180250000000
680	5.55312	2.2353296609483007	0.1563024500000000	0.0790795050000000
684	4.81861	2.2399362546364610	0.1317004300000000	0.0922765900000000
686	6.88888	2.2255275285336826	0.1502199150000000	0.0536332100000000
690	8.86501	2.2198778422244718	0.0995767950000000	0.0682244500000000
692	4.72836	2.2479296619927362	0.1473360750000000	0.1216493700000000
694	4.26026	2.2433419557683152	0.1593537550000000	0.1107215900000000
696	7.24264	2.2261290260043021	0.1492178250000000	0.0935133300000000
700	6.63621	2.2318870194763316	0.1349807400000000	0.0590553400000000
702	4.01006	2.2417803546308215	0.1385368150000000	0.1236891700000000
704	4.18303	2.2384899982814752	0.1422995700000000	0.1144984950000000
706	4.21997	2.2575496911531223	0.1446048150000000	0.0421313800000000
710	4.99021	2.2464833313506096	0.1339813450000000	0.0787098100000000
712	4.16844	2.2623366206052680	0.1621773100000000	0.1098989150000000
714	4.85701	2.2358360660830905	0.1533478550000000	0.0796645250000000
718	4.49795	2.2451106560100955	0.1458931450000000	0.0435353950000000
64	4.05404	2.2503047990424569	0.1446393450000000	0.0852194250000000
66	4.12811	2.2487426366584877	0.1448112350000000	0.0896558400000000
70	4.99201	2.2443498408855884	0.1514142850000000	0.1001965500000000
720	4.86081	2.2486247747829848	0.1558622500000000	0.0808008650000000
722	9.55964	2.2261076722954991	0.1137467200000000	0.0790376100000000
724	5.58146	2.2317830727160364	0.1449186150000000	0.0651995650000000
726	4.48954	2.2349672766268580	0.1393989250000000	0.1017192500000000
728	5.37312	2.2377470100216539	0.1279210750000000	0.1222915250000000
730	4.04598	2.2563090426938692	0.1233864300000000	0.1137028650000000
734	5.81957	2.2373038645137289	0.1558776500000000	0.1172477350000000
736	4.71994	2.2504928970523590	0.1662601250000000	0.0934669800000000
738	4.39812	2.3081354709134319	0.1941861500000000	0.1160458000000000
740	5.73561	2.2406404979113397	0.1443920950000000	0.1003955500000000
741	5.73561	2.1823732427590921	0.1309517900000000	0.0931112350000000
742	4.34562	2.2374578568739154	0.0880677650000000	0.1048132950000000
746	5.02036	2.2456102285894639	0.1559655100000000	0.0820276100000000
748	10.29080	2.2249195895336054	0.1434304700000000	0.0693525800000000
752	7.13508	2.2305487398101329	0.1525567100000000	0.1125006200000000
754	4.57918	2.2420276160724781	0.1629237050000000	0.1109168650000000
756	5.96899	2.2166631031865327	0.1613829450000000	0.1235456300000000
760	4.93558	2.2454003273491434	0.1457521950000000	0.0897727900000000
762	4.49133	2.2436489273416047	0.1420169350000000	0.0644015650000000
764	5.32050	2.2230948361305858	0.1514776300000000	0.1441826450000000
766	6.03861	2.2373847624390084	0.1492161300000000	0.1014271850000000
768	6.49957	2.2261276495771027	0.1153254850000000	0.0848863200000000
772	4.01021	2.2252443972067457	0.1053980350000000	0.0853507350000000
774	4.84509	2.2328774544518275	0.1328058250000000	0.1008046550000000
776	6.40735	2.2293919565001952	0.1418473800000000	0.1030239650000000
778	6.98751	2.2347340978945653	0.1266970900000000	0.0807413550000000
780	4.63996	2.2476330747428022	0.1527814850000000	0.1330759800000000
782	5.28004	2.2361896077019900	0.1597835300000000	0.1326252600000000
784	6.20121	2.2332593311849482	0.1527854800000000	0.1009419900000000
786	6.00964	2.2327072006670270	0.1136480000000000	0.0819546700000000
788	5.78503	2.2289758427266912	0.1314205600000000	0.1150430050000000
790	5.27576	2.2350923288065210	0.1528246600000000	0.1155642450000000
792	4.44731	2.2420207932221090	0.1462231200000000	0.1044925450000000
793	4.44731	2.1980981507814903	0.2037046250000000	0.0949785600000000
794	4.28445	2.2501920651460141	0.1631302050000000	0.1171806100000000
796	5.91367	2.2315499382203265	0.1348065300000000	0.0822696150000000
798	4.83879	2.2405849866581060	0.1226030300000000	0.0735876300000000
799	4.83879	2.1414606367684232	0.1483025800000000	0.0428464100000000
72	9.58719	2.2244707929595888	0.1531098050000000	0.0750617950000000
74	4.85628	2.2477048387567162	0.1325183150000000	0.0981277200000000
76	4.73062	2.2375963462089059	0.1327229300000000	0.0780473800000000
78	5.98490	2.2358980285545713	0.1476436350000000	0.1011235950000000
