0	147.49000	2.3744742393097513	0.2604353700000000	0.1046697550000000
4	4.35645	2.2472582101956293	0.1518775750000000	0.1185766250000000
6	4.69902	2.2520966006816208	0.1426803800000000	0.0855770300000000
802	9.13833	2.2242997354733895	0.1199081300000000	0.0787511300000000
804	4.74542	2.2505008844296754	0.1528090650000000	0.1164243300000000
808	4.77777	2.2523089475070597	0.1517956950000000	0.0999117400000000
810	4.50192	2.2521203495051902	0.1528607750000000	0.0668926650000000
812	4.12992	2.2615591109813953	0.1452320050000000	0.1569809700000000
814	5.51014	2.2529245343453033	0.1820802050000000	0.1026561900000000
816	4.70120	2.2351701376947570	0.1606387950000000	0.1040688000000000
820	5.49543	2.2420302274601376	0.1662440300000000	0.1187985200000000
822	4.02000	2.2624100732637924	0.1517305300000000	0.0701740750000000
824	5.48187	2.2336924137521437	0.1613156350000000	0.1063512850000000
826	5.02823	2.2399026812761580	0.1525203350000000	0.1071751200000000
828	4.39944	2.2513433515651013	0.1570896500000000	0.1112374250000000
830	4.76516	2.2484558790958751	0.1546534150000000	0.0835216800000000
834	4.69003	2.2498086211553718	0.1485931650000000	0.0502272000000000
836	9.14174	2.2168811502063446	0.1664089700000000	0.1107234200000000
838	11.07470	2.2243669795306027	0.1515687350000000	0.1153227450000000
842	7.66761	2.4177589472313579	0.2701045900000000	0.1626089650000000
843	7.66761	2.1506684473585698	0.2127164000000000	0.1064322850000000
844	5.82782	2.2309962771205196	0.1426249850000000	0.0903391400000000
846	4.41559	2.2394550514167695	0.1728435600000000	0.0668283700000000
850	5.91751	2.2388639048792660	0.1314788400000000	0.0799604000000000
854	4.25077	2.1816591813617925	0.1212276400000000	0.1390155400000000
856	4.41190	2.2527655012581365	0.1452464050000000	0.0628652300000000
858	4.98057	2.2433877475219379	0.1463209850000000	0.1377586950000000
860	4.86085	2.2346105384903403	0.1513894850000000	0.1090387000000000
862	4.83234	2.2522361963216468	0.1522839250000000	0.0961383100000000
864	4.09047	2.2524828164259940	0.1504018300000000	0.0844830150000000
866	4.16608	2.2435775702089762	0.1496078400000000	0.1175728400000000
872	4.02906	2.2455510465659825	0.1257039150000000	0.0796906150000000
878	4.54933	2.2513152207124185	0.1298707700000000	0.0799224700000000
80	5.11851	2.2332372152762954	0.1473140850000000	0.0726330850000000
82	4.14228	2.2479186391530703	0.1367272750000000	0.0864141600000000
84	6.99024	2.2381453863839345	0.1696642350000000	0.1161300950000000
86	4.43023	2.2562539604618008	0.1333085850000000	0.0980694750000000
882	4.12996	2.2544722194729405	0.1449202500000000	0.0946474450000000
886	4.24842	2.2528144482783103	0.1506419850000000	0.0860096900000000
888	6.76593	2.2352122648077315	0.1527416650000000	0.0772333350000000
890	4.95505	2.2331032907364836	0.1235156750000000	0.0739042750000000
892	5.01257	2.2487281063187381	0.1532004450000000	0.0830678500000000
894	9.01225	2.2264149755791598	0.1380955700000000	0.1023161900000000
896	4.86598	2.2422191525872908	0.1316545250000000	0.0782113950000000
900	4.50584	2.2419196359970455	0.1299882900000000	0.0878397000000000
902	4.70921	2.2416521998910550	0.1457431950000000	0.1142074350000000
904	4.73006	2.2503709563160972	0.1415595900000000	0.0829457850000000
906	7.99125	2.2241230294509675	0.1126664250000000	0.0926134500000000
907	7.99125	2.1730608548157173	0.1555328200000000	0.0572909650000000
908	5.04026	2.2498305862694683	0.1521895400000000	0.1147494200000000
910	4.24570	2.2329008817885554	0.1519121400000000	0.0652950150000000
912	4.86089	2.2471573489224461	0.1598529600000000	0.1139356900000000
920	4.84378	2.2435300170487320	0.1643568450000000	0.1280877700000000
922	4.80728	2.2531244311412419	0.1558918450000000	0.1232228150000000
930	4.67121	2.2493848274615105	0.1753388100000000	0.1277570200000000
932	4.53006	2.2411084209517371	0.1375471300000000	0.0944217600000000
934	4.34599	2.2556212087000058	0.1664209250000000	0.0810324750000000
938	4.13974	2.2492247329466180	0.1422666150000000	0.0918145900000000
940	4.62017	2.2419734175696737	0.1529679450000000	0.0965276500000000
942	4.78462	2.2439128176538481	0.1220579600000000	0.0705584850000000
944	4.71987	2.2549360986890821	0.1479858250000000	0.0926939350000000
946	6.24975	2.2182030653436420	0.1216271900000000	0.1019519350000000
948	4.02000	2.2528066786376462	0.1508060350000000	0.1097734850000000
950	10.71510	2.2209843580539834	0.1295412050000000	0.0897528950000000
954	8.53221	2.2255141505417506	0.1604524200000000	0.1000059050000000
956	4.00829	2.2469165543363370	0.1461978950000000	0.1054451650000000
958	16.47030	2.2157366243462318	0.1295697100000000	0.0984441200000000
88	5.11225	2.2359253601053193	0.1299436700000000	0.0845831850000000
94	6.88144	2.2348376755092265	0.1462042150000000	0.0511950950000000
960	5.30527	2.2446653663974820	0.1487837100000000	0.1033239600000000
962	4.08396	2.2532682699572222	0.1409715600000000	0.0900293250000000
968	4.86595	2.2507210594761253	0.1551125650000000	0.1156663050000000
970	5.00324	2.2365788383440224	0.1517428500000000	0.1099012050000000
972	4.14000	2.2526492765704207	0.1592198550000000	0.0904934350000000
974	5.07010	2.2404432951095248	0.1243661550000000	0.0689805150000000
976	6.08247	2.2357357884533049	0.1637130250000000	0.0871527150000000
978	5.95959	2.2343785792609228	0.1467942800000000	0.1111774950000000
980	4.01998	2.2532182467595332	0.1252132200000000	0.0749596700000000
982	4.16579	2.2415165584078638	0.1108435100000000	0.0846389750000000
984	4.28682	2.2493797821220656	0.1343442400000000	0.0697637800000000
988	5.02105	2.2458591707297981	0.1433091050000000	0.1114336850000000
990	4.13117	2.2981818047251679	0.2007891750000000	0.1304111950000000
994	5.46914	2.2462661485936470	0.1674421850000000	0.1107986900000000
996	4.81901	2.2432998513796512	0.1544921000000000	0.0625425150000000
998	4.05999	2.2311207826136430	0.0971372900000000	0.0895125750000000
1000	6.84932	2.2370010548035708	0.1746341050000000	0.0660826150000000
1002	4.06005	2.2554537046323473	0.1328233000000000	0.0717349750000000
1004	4.05646	2.2616491398477465	0.1630299650000000	0.1257727700000000
1006	4.73002	2.2450859076562510	0.1442141700000000	0.0827487850000000
1008	10.74660	2.2213043592359902	0.1506463900000000	0.0884502150000000
1009	10.74660	2.1716528289630359	0.1388219400000000	0.0553746550000000
1010	7.48502	2.2285784824173924	0.1781539700000000	0.0791842550000000
1012	4.85771	2.2485852781649900	0.1577579200000000	0.0981301850000000
1014	4.79428	2.2524056403749104	0.1494315100000000	0.0758756950000000
1016	5.42450	2.2422687972799573	0.1187876950000000	0.0929766850000000
1018	4.35595	2.2476253221674196	0.1498681550000000	0.1212671300000000
1020	4.59215	2.2436701185388639	0.1129265100000000	0.0671650500000000
1024	4.11828	2.2469106900478519	0.1441436600000000	0.0876765400000000
1026	5.42788	2.2366723985600627	0.1478314700000000	0.0683422750000000
1030	5.39013	2.2507734180229226	0.1895896900000000	0.1219881150000000
1032	5.37206	2.2386440610435820	0.1541824100000000	0.0945131850000000
1036	6.19163	2.2359415716751458	0.1530247800000000	0.0873817500000000
1038	20.58720	2.2073966793053250	0.1448309500000000	0.1000554750000000
1039	20.58720	2.2127839962340334	0.2132404000000000	0.1099653900000000
96	4.49598	2.2524327313536210	0.1671859650000000	0.1128669450000000
100	4.44442	2.2486135396434865	0.1450593150000000	0.0857252200000000
102	11.84740	2.2199971071087514	0.1396051900000000	0.0653129050000000
103	11.84740	2.1868580366023158	0.1427688500000000	0.0692956050000000
1042	8.97676	2.2302203322114900	0.1531346100000000	0.0888334250000000
1044	7.71618	2.2278020285826945	0.1482373650000000	0.1085320800000000
1045	7.71618	2.1651923839875979	0.1552227000000000	0.0508336200000000
1048	7.04994	2.2341302365403211	0.1483776900000000	0.1166917850000000
1049	7.04994	2.1859785536475416	0.1815885850000000	0.1111107050000000
1050	4.79443	2.2334141154759060	0.1245594150000000	0.1088848800000000
1054	5.00964	2.2414405553131487	0.1336355250000000	0.1016372600000000
1056	13.19180	2.2380565622791959	0.1576875000000000	0.0454592950000000
1058	5.16946	2.2399558937317314	0.1518920350000000	0.1163666900000000
1060	4.42420	2.2527991130962861	0.1506729100000000	0.1161748600000000
1062	7.52754	2.2301056496780336	0.1424526000000000	0.0991606150000000
1064	4.13375	2.2563720719868616	0.1399718150000000	0.1001395400000000
1066	4.58473	2.2456717126929484	0.1484343250000000	0.1039645050000000
1068	4.03979	2.2573924720898075	0.1560912900000000	0.1010844450000000
1070	5.57741	2.2433886822653712	0.1513574100000000	0.1139437450000000
1074	5.15909	2.2398836984440842	0.1380397050000000	0.1083886300000000
1076	4.75638	2.2424907560333569	0.1304332800000000	0.0810457850000000
1078	9.13998	2.2228239221415800	0.1545517900000000	0.0882660150000000
1080	6.88055	2.2313148601310715	0.1462664450000000	0.0804020150000000
1082	4.01200	2.2463217898801324	0.1689804400000000	0.1394676450000000
1084	4.39977	2.2509990646934472	0.1336960800000000	0.0983753050000000
1090	5.32049	2.2412128189784419	0.1581821650000000	0.1127351850000000
1092	4.06107	2.2494835628253118	0.1404736500000000	0.1032391100000000
1094	5.02848	2.2487716475403037	0.1453132800000000	0.0915015150000000
1096	4.94043	2.2442191891607846	0.1426162950000000	0.0804378950000000
1098	4.99017	2.2378953016351644	0.1237282500000000	0.0687486400000000
1100	6.64546	2.2287087484109787	0.1281118050000000	0.0813581000000000
1104	4.56992	2.2436453318746707	0.1429322150000000	0.0543962400000000
1106	5.56954	2.2358874935691362	0.1654684900000000	0.0993273750000000
1108	4.29600	2.2539890119546468	0.1379557050000000	0.0830550600000000
1110	4.41101	2.2544957609297542	0.1472614300000000	0.1084063550000000
1114	6.80212	2.2320570235822688	0.1597560500000000	0.0873148950000000
1116	4.09318	2.2406225754902755	0.1195543350000000	0.0863291950000000
1118	4.94317	2.2452279661505372	0.1320204950000000	0.1232668750000000
104	4.17470	2.2519299073223324	0.1219919100000000	0.0882078700000000
106	4.24173	2.2473831931038313	0.1211062500000000	0.0988993350000000
108	6.74909	2.2425272326363270	0.1767123450000000	0.1228848150000000
110	4.95835	2.2479677854382589	0.1618950350000000	0.1253930950000000
1120	6.15791	2.2298220147833274	0.1392698450000000	0.0885017450000000
1122	4.50022	2.2384493284053297	0.1288440650000000	0.0938163150000000
1126	4.63993	2.2506507864635799	0.1494360050000000	0.1150711550000000
1128	4.73005	2.2497307696565567	0.1387129250000000	0.0690813700000000
1130	6.62189	2.2272364308653501	0.1490308850000000	0.0997471900000000
1132	4.82357	2.2466989618518283	0.1416857500000000	0.1088989700000000
1134	4.49785	2.2470960489409038	0.1556391600000000	0.1123510700000000
1136	4.52370	2.2480017188257198	0.1621644150000000	0.0730080400000000
1138	4.57963	2.2504974533713078	0.1610664050000000	0.1005215000000000
1140	4.33156	2.2498346255260500	0.1279153300000000	0.0665816850000000
1142	5.77021	2.2273057926422113	0.1410047600000000	0.1021485200000000
1147	8.21793	2.1704002930520403	0.1242815100000000	0.0876593800000000
1148	4.34715	2.2571258807804866	0.0978327900000000	0.1208032250000000
1149	4.34715	2.3688863970800118	0.2498919000000000	0.1397392100000000
1150	4.29202	2.2476592875589980	0.1538130000000000	0.0879782750000000
1152	6.15727	2.2328836743242526	0.1590565200000000	0.0846263450000000
1154	4.28273	2.2410252963275368	0.1407230400000000	0.1389582950000000
1156	4.92139	2.2562049737855197	0.1717848950000000	0.0650971850000000
1158	4.44046	2.2432781442419509	0.1337237700000000	0.1128434550000000
1162	5.65769	2.3168709784366310	0.2273301450000000	0.1631147000000000
1166	4.99160	2.2475091283289270	0.1486779350000000	0.1172421650000000
1168	4.99998	2.2487506251156111	0.1227473850000000	0.0939857200000000
1170	4.44863	2.2487488538989400	0.1584642750000000	0.1120060900000000
1172	7.77621	2.2125700075747354	0.1295596550000000	0.0674246500000000
1176	8.82243	2.2213265670123286	0.1272142900000000	0.1032382200000000
1177	8.82243	2.1817684870791236	0.1576980750000000	0.0768546350000000
1178	4.03092	2.2522884460849095	0.2038371450000000	0.0835553300000000
1180	6.98595	2.2303222637877802	0.1216282150000000	0.0913166100000000
1182	4.13498	2.2426133895007476	0.1657806650000000	0.0731237950000000
1186	4.49995	2.2494233959397607	0.1432446150000000	0.0899918050000000
1188	4.47575	2.2446174175552924	0.1965031400000000	0.1328147600000000
1190	9.36204	2.2234008910031937	0.1527075400000000	0.0769824100000000
1192	4.60472	2.2461216561403510	0.1571081250000000	0.0591578350000000
1194	5.00000	2.2400351560881790	0.1345744900000000	0.0894667750000000
1195	5.00000	2.1631991445334156	0.1539422150000000	0.0410368050000000
1197	4.78462	2.2237579754696259	0.1706108050000000	0.0873129250000000
112	4.34973	2.2516981447604207	0.1324389850000000	0.0937444650000000
114	5.67070	2.2354944274387538	0.1624090950000000	0.0795722500000000
116	4.16424	2.2515884385204914	0.1403435050000000	0.0675384200000000
118	4.02935	2.2512196555728003	0.1216609500000000	0.0812154400000000
1200	7.75231	2.2244488925749053	0.1545738200000000	0.1208231450000000
1202	4.35313	2.2445231023174008	0.1476337700000000	0.1169620300000000
1204	6.77997	2.2320327695856701	0.1428871550000000	0.0897363350000000
1206	6.99988	2.2338426697225242	0.1410619800000000	0.1004568350000000
1207	6.99988	2.2445521508987012	0.2154573650000000	0.1244028450000000
1212	4.82000	2.3076715767719231	0.2048174150000000	0.0969171300000000
1214	10.74680	2.2238374478607397	0.1332261850000000	0.0725816000000000
1216	4.93969	2.2340762703480652	0.1396470050000000	0.1047819850000000
1218	7.34905	2.2251448876513327	0.1676031000000000	0.1393805450000000
1220	12.93590	2.2182783485506841	0.1580741900000000	0.1174365450000000
1222	4.15682	2.2506289406371156	0.1573262150000000	0.1050638850000000
1224	4.57009	2.2470758409781872	0.1660552800000000	0.0759151400000000
1226	4.35377	2.2228029684497623	0.1278826800000000	0.0684098450000000
1228	4.42998	2.2476610373607020	0.1177618750000000	0.0827834150000000
1230	5.20353	2.2409845378083939	0.1570827150000000	0.0859129500000000
1232	4.57896	2.2492109484094156	0.1575173450000000	0.0946475400000000
1234	5.14180	2.2406332973866951	0.1387819100000000	0.1130266550000000
1236	4.22672	2.2497746645302730	0.1139654500000000	0.0899883500000000
1240	6.10483	2.2360440703833304	0.1464648450000000	0.0694141950000000
1242	5.75275	2.2331278142289652	0.1525245350000000	0.1332841250000000
1244	4.25318	2.2515721524484897	0.1523772450000000	0.0979166000000000
1246	4.67784	2.2478144248264855	0.1148922300000000	0.0560642950000000
1248	4.14212	2.2532260403854352	0.1207879200000000	0.0787550600000000
1250	7.39761	2.2359711325537210	0.1660460050000000	0.1056650800000000
1252	4.82270	2.2482414821303895	0.1370789700000000	0.0709491650000000
1254	4.41000	nan	nan	0.0000000000000000
1256	5.28996	2.2484448618233541	0.1614276650000000	0.0445735100000000
1258	6.13964	2.2316477256055038	0.1381008100000000	0.1125310550000000
1260	5.95341	2.2405333111540493	0.1838642550000000	0.1338606950000000
1264	4.59321	2.2504392823600763	0.1654865700000000	0.0819458650000000
1266	4.18517	2.3494089557290607	0.2218375950000000	0.1187903350000000
1268	7.77916	2.2288599078497353	0.1475811400000000	0.1079302700000000
1270	5.12282	2.2385100411177312	0.1159103950000000	0.1101187000000000
1274	7.78094	2.2184009788593708	0.1550694150000000	0.0424646250000000
1276	6.23931	2.2344132460177986	0.1327542600000000	0.0526838850000000
120	4.49998	2.2578605066422628	0.1781291200000000	0.1039090850000000
122	4.12503	2.2509204968810974	0.1365922500000000	0.0967532550000000
124	4.01006	2.3560117789709620	0.2955316099999999	0.0955757200000000
126	4.67039	2.2495726784170142	0.1377551400000000	0.0485433800000000
1280	4.86258	2.2425018006177173	0.1481917150000000	0.0801565550000000
1282	9.14179	2.2252942488002034	0.1434349200000000	0.0936055950000000
1284	8.93260	2.2265280488931163	0.1426871300000000	0.0989780800000000
1286	16.78930	2.2152846074642478	0.1239111800000000	0.0711409700000000
1288	4.10059	2.2526837283154624	0.1167003800000000	0.0868572900000000
1290	4.41996	2.2513417074995212	0.1561426700000000	0.1106518950000000
1294	41.53440	2.2028516627375616	0.1375786600000000	0.0866980550000000
1295	41.53440	2.1947087605377624	0.1345282700000000	0.1025803300000000
1296	4.83472	2.2404502660945536	0.1563439800000000	0.0883960900000000
1298	4.20010	2.2504772457360591	0.1543193450000000	0.1070608950000000
1300	5.56063	2.2443307898065044	0.1523429250000000	0.1048624900000000
1306	26.52460	2.2086050291257457	0.1571052000000000	0.0444865400000000
1308	5.28082	2.2419638684125669	0.1335145050000000	0.0849261400000000
1310	4.21926	2.2654462855185402	0.1407593800000000	0.0924252350000000
1312	4.92507	2.2437265849558181	0.1325076950000000	0.0995691400000000
1316	8.20009	2.2171162164183111	0.1236069400000000	0.1038537950000000
1318	4.28512	2.2517987212611854	0.1518605450000000	0.1502379850000000
1320	4.50593	2.2442928611169979	0.1359024150000000	0.1104943850000000
1322	4.92764	2.2397350811159078	0.1479687350000000	0.1161627400000000
1324	4.19051	2.2519310607634861	0.1297247150000000	0.0895069650000000
1326	5.08958	2.2286809584788103	0.1796506700000000	0.1258582950000000
1328	6.31772	2.2297187336033164	0.1251460800000000	0.0732721350000000
1330	4.42435	2.2527971605000570	0.1319666250000000	0.0794719550000000
1332	11.47260	2.1910531073122637	0.1738536000000000	0.1325923700000000
1334	6.43223	2.2352551488385153	0.1308601350000000	0.0673030150000000
1336	5.40002	2.2407637792624930	0.1720532900000000	0.0931249800000000
1338	4.29983	2.2511296150427698	0.1170444250000000	0.0897065750000000
1340	4.74091	2.2091516290529345	0.0896506450000000	0.1380313150000000
1342	9.22604	2.1729728568225855	0.1355848800000000	0.1273459400000000
1346	4.12469	2.2491683190238230	0.1573661150000000	0.1069447300000000
1348	4.19133	2.2507296216690649	0.1271273550000000	0.0974971200000000
1350	19.24980	2.2159206190434872	0.1781768000000000	0.1288637650000000
1352	6.49995	2.2342040350677363	0.1328212750000000	0.0781462900000000
1354	4.93868	2.2453678557645120	0.1563017900000000	0.1196223850000000
1356	5.16798	2.2453564395928431	0.1594899100000000	0.0659188050000000
130	4.41998	2.2479123117865734	0.1222186450000000	0.1032894000000000
132	4.26004	2.2518036933434105	0.1411730750000000	0.1092368900000000
1360	4.34000	2.2527547862548545	0.1311690150000000	0.0828538250000000
1362	4.19857	2.2488712823445680	0.1208040850000000	0.0838190950000000
1366	4.28500	2.2589354976553677	0.1387850350000000	0.0547295250000000
1368	4.33103	2.2480632011817625	0.1524474000000000	0.0684574600000000
1370	5.01810	2.2495387684120804	0.1350576800000000	0.0868134650000000
1372	4.83900	2.2424579896725323	0.1175745950000000	0.0820958250000000
1374	11.70160	2.2209982406981976	0.1274092300000000	0.0787768250000000
1376	4.18779	2.2477530697831893	0.1187270100000000	0.0763356000000000
1378	4.30225	2.2501993203797466	0.1596816350000000	0.1134563550000000
1380	4.47979	2.2511370496657217	0.1240729000000000	0.0765219950000000
1382	4.19429	2.2543490033956872	0.1454906700000000	0.0818824050000000
1384	4.74990	2.2425559784372662	0.1447876050000000	0.0954594550000000
1386	4.46202	2.2475373944933028	0.1436395900000000	0.0631667600000000
1388	7.51339	2.2211978173885938	0.1184732000000000	0.0988064950000000
1390	4.07593	2.2521241235827518	0.1357271900000000	0.0857637900000000
1392	4.50586	2.2447284945280317	0.1359690300000000	0.1155195550000000
1394	5.40028	2.2403208238304124	0.1230985400000000	0.0976426450000000
1396	4.21001	2.2572965310271975	0.1307424800000000	0.0919269700000000
1398	4.55972	2.2375610048187973	0.1744995950000000	0.1126387950000000
1400	6.45934	2.2346969158205292	0.1511660150000000	0.1174028450000000
1404	5.63143	2.2422572733418602	0.1372190600000000	0.0640610050000000
1406	5.45344	2.2331741513124284	0.1055156000000000	0.1001695500000000
1410	3.99999	2.2516777860782780	0.1382103900000000	0.1187061450000000
1412	5.06884	2.2381379961343111	0.1496086200000000	0.1023623450000000
1414	5.17088	2.2439562648666493	0.1276932200000000	0.0540823700000000
1416	4.16630	2.2522552765260282	0.1400274350000000	0.0809561550000000
1418	4.45962	2.2505417261805865	0.1601403350000000	0.0754548200000000
1420	4.96768	2.2477297261694651	0.1229271800000000	0.0713716850000000
1422	6.48742	2.2826713065122779	0.1626425850000000	0.1181530350000000
1424	4.55737	2.2372605962779750	0.1457674200000000	0.1207661850000000
1426	4.59597	2.2312125553077991	0.1598799150000000	0.0911158350000000
1430	4.82750	2.2359188343160881	0.1676739050000000	0.1029159950000000
1432	4.74588	2.2411502535232111	0.1636119500000000	0.0311137400000000
1436	4.05549	2.3478411258262173	0.2315935000000000	0.1126538400000000
1438	4.35346	2.2378738829214679	0.1134278100000000	0.1111535300000000
136	8.85313	2.2516334492139221	0.1759813750000000	0.1213464850000000
138	5.65792	2.2211776519634223	0.1189854150000000	0.0765035950000000
142	7.11878	2.2350336718097537	0.1252576150000000	0.0883129900000000
1440	14.84560	2.2192541619435904	0.1543704900000000	0.0968119950000000
1442	5.15863	2.2287629006456293	0.1474958750000000	0.1021295300000000
1444	4.52015	2.2427709158408824	0.1093887050000000	0.0750930600000000
1446	13.19560	2.2078329512026613	0.1372953900000000	0.0906181950000000
1447	13.19560	2.1860910613981708	0.1270488050000000	0.0965678100000000
1452	26.14010	2.2014576917406541	0.1416133400000000	0.0877698800000000
1453	26.14010	2.1944215437395416	0.1424371900000000	0.1024102850000000
1458	6.81732	2.2337154734432989	0.1516341450000000	0.0986870900000000
1459	6.81732	2.1743444616025154	0.1777224800000000	0.0880060000000000
1462	4.30914	2.2510630705837102	0.1481591150000000	0.1002846550000000
1464	4.88418	2.2488677688356238	0.1470467700000000	0.0824573350000000
1466	5.14388	2.2359016055989538	0.1258165950000000	0.1235478850000000
1468	5.40044	2.2423252964581550	0.1385272750000000	0.1198610150000000
1474	16.46020	2.2135709633756906	0.1545854650000000	0.0987242800000000
1476	4.04919	2.2483389091161174	0.1118403100000000	0.0821855200000000
1478	4.73253	2.2460041618968041	0.1400086600000000	0.0633660100000000
1480	4.41109	2.2465534066509969	0.1453435900000000	0.0645157050000000
1482	8.11443	2.2281189986842169	0.1784184100000000	0.0750010450000000
1484	4.90953	2.2456547186469433	0.1486575950000000	0.1102108350000000
1486	4.76000	2.2415757688590787	0.1389233100000000	0.0842284700000000
1488	4.99997	2.2446779071260203	0.1327640650000000	0.0860990950000000
1492	4.27256	2.2508607908707177	0.1521112100000000	0.0925128250000000
1494	8.85629	2.2241958050636739	0.1308983300000000	0.0664111450000000
1496	4.43155	2.3245436318481758	0.2084658350000000	0.1481930050000000
1498	5.33950	2.2430824268273803	0.1315907100000000	0.0745702100000000
1500	10.05860	2.2166867782956006	0.1422826750000000	0.0978624000000000
1501	10.05860	2.1591783141558527	0.1749856000000000	0.1043947600000000
1502	5.32626	2.2427490258927194	0.1525944700000000	0.1183021950000000
1504	5.00547	2.2451096372092123	0.1351969000000000	0.0891225700000000
1506	6.05950	2.2374251676997421	0.1285807350000000	0.0858453750000000
1508	4.98861	2.2464694665927727	0.1523841500000000	0.1315569850000000
1510	7.57217	2.2257812204237579	0.1617142850000000	0.1052204250000000
1512	6.33965	2.2273118387888062	0.1353660200000000	0.0836773650000000
1513	6.33965	2.1679066966496494	0.1444966100000000	0.0619815500000000
1514	4.41009	2.2457282919587991	0.1556663300000000	0.1274992500000000
1518	4.00000	2.2386519427262019	0.1559108850000000	0.0778307150000000
144	4.19992	2.2556351029307362	0.1383226750000000	0.0717803800000000
146	4.16991	2.2544892591038814	0.1170342100000000	0.0825950100000000
148	4.15883	2.4066114995105470	0.2839632000000000	0.1242262800000000
150	5.97077	2.2383657515565583	0.1552645000000000	0.0950348650000000
1530	6.61898	2.2321220983374470	0.1561101750000000	0.1009645400000000
1534	4.40991	2.2548204822299951	0.1501882050000000	0.1020912600000000
1536	6.77581	2.2341568004588694	0.1511848850000000	0.1166810650000000
1539	6.34045	2.1645342945416437	0.1260996650000000	0.0799099950000000
1540	5.93810	2.2351703890769108	0.1266166100000000	0.0739697050000000
1542	4.00992	2.2538909460486498	0.1545186850000000	0.0911076600000000
1544	6.17991	2.2394513239118865	0.1507665950000000	0.0884272400000000
1546	5.33599	2.2436023931234965	0.1672816000000000	0.0937320450000000
1548	4.86100	2.2457219356092972	0.1714196000000000	0.0670809150000000
1550	4.11980	2.2582054775748830	0.1215949700000000	0.0701091750000000
1552	4.80348	2.2429645105605212	0.1596698200000000	0.1333260400000000
1554	9.48333	2.2249540023271837	0.1680023850000000	0.0956730200000000
1555	9.48333	2.1772961296433126	0.1506575500000000	0.0844551650000000
1556	5.13316	2.2399705263015730	0.1252672800000000	0.0912204500000000
1558	6.80042	2.2354072427143530	0.1493046150000000	0.0954282600000000
1562	5.98505	2.2184572446732340	0.0774582150000000	0.0531362250000000
1566	5.19021	2.2312585618499639	0.1504026600000000	0.0825875200000000
1568	4.75006	2.2420178349729265	0.1060180650000000	0.0864478500000000
1570	5.24969	2.2374633853934909	0.1216402250000000	0.0823374750000000
1572	5.57786	2.2227251584585082	0.1336823150000000	0.0873274750000000
1578	5.96102	2.2324540696731505	0.1497390700000000	0.0982762750000000
1580	6.63143	2.2305137962877581	0.1238024100000000	0.0894233850000000
1582	4.83719	2.2359849698319869	0.1385057050000000	0.1026114150000000
1584	8.53797	2.2346131700856682	0.1524054900000000	0.0757859100000000
1585	8.53797	2.1720861676205279	0.1538136050000000	0.0829620400000000
1586	7.09003	2.2164547249073769	0.1043315200000000	0.0824545300000000
1588	5.52782	2.2435171686058406	0.1503849100000000	0.0987865900000000
1590	4.29175	2.2466786474737774	0.1490444400000000	0.0721751700000000
1592	4.96853	2.2359220417728518	0.1289342900000000	0.0938992400000000
1594	4.28156	2.2433175238093548	0.1432317850000000	0.1324819750000000
1596	11.63420	2.2227739096373118	0.1502171900000000	0.1106825900000000
152	4.46989	2.2488639926595391	0.1207430650000000	0.0825998400000000
154	4.73684	2.2452370523036986	0.1393318200000000	0.0990427850000000
156	5.91927	2.2418410130926292	0.1405632900000000	0.0792283850000000
158	4.24722	2.2554540345603100	0.1529155250000000	0.0787164400000000
10	6.61961	2.2344534091224491	0.1478443350000000	0.1006897700000000
1600	5.91412	2.2361965694658452	0.1712039100000000	0.1109316600000000
1602	4.45082	2.2478232301713086	0.1675161950000000	0.1229662250000000
1604	4.01197	2.2545622925560527	0.1750447800000000	0.0877336400000000
1606	7.80313	2.2285598684934751	0.1412199400000000	0.0966494950000000
1607	7.80313	2.2007710107466623	0.1702705900000000	0.0845973150000000
1608	4.35612	2.2488446496576318	0.1290172150000000	0.0816496900000000
1610	6.87927	2.2308794315711458	0.1549407850000000	0.1040907500000000
1612	11.05520	2.2161359079685408	0.1603905800000000	0.0796904250000000
1614	4.00000	2.2604829952777106	0.1478220950000000	0.0797354850000000
1616	4.47015	2.2605037947422142	0.1736596850000000	0.0486318900000000
1618	5.73820	2.2324728534222116	0.1607330750000000	0.1139877550000000
1620	7.00016	2.2315025153477324	0.1236017800000000	0.0773969950000000
1622	12.58970	2.2123365851303429	0.1710065150000000	0.0602170800000000
1624	4.48996	2.2574353761034907	0.1230997750000000	0.0844659400000000
1626	4.90009	2.2391481849163468	0.1475805950000000	0.1016734300000000
1630	4.68953	2.2452496343287556	0.1248676450000000	0.0801121050000000
1636	4.18877	2.2399886117773273	0.1485651450000000	0.0896117900000000
1640	4.79451	2.2466179801061643	0.1296351450000000	0.1081215900000000
1642	12.51970	2.2189184182629336	0.1655122550000000	0.0947993850000000
1644	7.68019	2.2261606081108822	0.1143064300000000	0.0635739700000000
1648	4.34003	2.2525110183983452	0.1369074100000000	0.0840734650000000
1650	4.01793	2.2488452099010079	0.1516777700000000	0.0333604700000000
1654	12.19800	2.2240831002080585	0.1704147800000000	0.0880496900000000
1656	4.50001	2.2514982330063265	0.1428646900000000	0.0995950450000000
1658	4.83879	2.2359610880902125	0.1861195950000000	0.0826729550000000
1660	5.07562	2.2217264622666515	0.1082180150000000	0.1109050150000000
1662	8.78127	2.2272729546343730	0.1545132900000000	0.1125554900000000
1664	4.94033	2.2467601522628486	0.1419668050000000	0.0883480000000000
1670	7.31305	2.2343737542048228	0.1580500200000000	0.1196360450000000
1671	7.31305	2.2174031737350921	0.1939264100000000	0.1244216900000000
1674	11.11390	2.2213729626478744	0.1170642000000000	0.0605201950000000
1675	11.11390	2.1868356785007257	0.1464877450000000	0.0824137950000000
1676	4.40009	2.2457834663097844	0.1586126800000000	0.1072182400000000
1678	4.18668	2.2530346326383301	0.1393401950000000	0.1004228900000000
162	5.93497	2.2374307986797932	0.1462079650000000	0.0696006000000000
164	5.68967	2.2401052027412063	0.1208653700000000	0.0808004750000000
166	5.78332	2.2296652992925692	0.1451382650000000	0.1077005550000000
1680	4.03869	2.2516782809714249	0.1324915350000000	0.0975674750000000
1682	4.61938	2.2522075163189479	0.1294516000000000	0.0721458800000000
1686	4.16990	2.2545570525906902	0.1385136750000000	0.0757009200000000
1688	6.46034	2.2361175969322367	0.1651015200000000	0.0844344750000000
1690	4.63023	2.2303861886147378	0.1496834400000000	0.0732163750000000
1692	4.23272	2.2504956578783215	0.1451859400000000	0.0985888100000000
1694	5.91378	2.2433795456839323	0.1527751400000000	0.0894882000000000
1696	6.10417	2.2405389949766819	0.1523040900000000	0.1030902250000000
1698	4.87797	2.2412910642960733	0.1206361250000000	0.0924062300000000
1700	7.91949	2.2299334031892659	0.1143982500000000	0.0819376050000000
1702	5.64337	2.2435151088369851	0.1513825250000000	0.0609590900000000
1704	4.22001	2.2513526498508103	0.1661523150000000	0.1377496200000000
1706	4.40746	2.2465732846820954	0.1472380450000000	0.0869418550000000
1708	5.48181	2.2378973024971831	0.1402313100000000	0.0992834450000000
1712	4.60117	2.2423529080679527	0.1353249900000000	0.0921938950000000
1716	9.08621	2.2227229024814661	0.1570182050000000	0.1051363000000000
1718	7.71937	2.2269885682893302	0.1407937550000000	0.1038764500000000
1720	6.48811	2.2415330659859061	0.1614208150000000	0.1070498300000000
1722	4.73518	2.2512381194765667	0.1543349750000000	0.0994856850000000
1724	5.38985	2.2673336544588110	0.1836209750000000	0.1343919650000000
1725	5.38985	2.2810120584998508	0.2765370300000000	0.0907911950000000
1726	6.50072	2.2355146181039323	0.1580627750000000	0.1278115550000000
1728	4.27002	2.2501202231961930	0.1311084600000000	0.0881493600000000
1736	5.01793	2.2434251182257734	0.1526568900000000	0.1177137250000000
1738	8.36069	2.2243481481922349	0.1422358350000000	0.0990975450000000
1740	13.08860	2.2192507623744042	0.1430275900000000	0.0987399700000000
1742	4.35559	2.2556904910862965	0.1670509300000000	0.1035371850000000
1744	4.70019	2.2487515182520044	0.1548389650000000	0.1002955300000000
1746	4.08501	2.2518101398272443	0.1562927350000000	0.1080182200000000
1748	6.24506	2.2284769090002565	0.1609577750000000	0.1098765550000000
1750	6.87963	2.2341042721189797	0.1392260450000000	0.0970309850000000
1752	6.34639	2.2312409397587238	0.1340939000000000	0.1042941050000000
1756	5.33757	2.2461876898672481	0.1485879000000000	0.1284157550000000
1758	8.89967	2.2240394921941471	0.1636261500000000	0.0755253700000000
170	4.28517	2.2453025761062255	0.0969549950000000	0.0786701700000000
174	8.08467	2.2275369113282077	0.1613603200000000	0.0801473350000000
1760	5.55909	2.2446105428335952	0.1388479900000000	0.1047124450000000
1762	5.89161	2.2408517056027879	0.1509503300000000	0.1037051950000000
1764	4.26026	2.2494244578806573	0.1278441150000000	0.0870115550000000
1766	6.50125	2.2369074641512370	0.1459410650000000	0.0957247750000000
1768	4.34000	2.2507263232377048	0.1617591450000000	0.1099047850000000
1770	4.19462	2.2598070628193603	0.1476146900000000	0.0749413950000000
1776	4.24900	2.2490945673998848	0.1317706200000000	0.0728222600000000
1778	5.36257	2.2392193459247602	0.1580361300000000	0.1040844400000000
1780	10.91730	2.2233514208617602	0.1358246900000000	0.0699767850000000
1782	7.36541	2.2286624281703218	0.1405487800000000	0.0693568250000000
1786	4.37997	2.2499745648465730	0.1274574400000000	0.1025193450000000
1788	4.46975	2.2482439472241915	0.1377098700000000	0.0795443000000000
1790	5.02970	2.2489465627835838	0.1597107450000000	0.1050943200000000
1793	7.78590	2.1817878417902454	0.1400230650000000	0.1137455500000000
1796	4.43979	2.2425009770412387	0.1577377700000000	0.1129270350000000
1798	4.58448	2.2453821251416501	0.1663267050000000	0.0941836250000000
1800	4.07502	2.2499027044835609	0.1501798500000000	0.1030466800000000
1803	16.69810	2.4531330411916707	0.3162566650000000	0.1391707500000000
1804	4.14194	2.2564969165106645	0.1462489150000000	0.1082132900000000
1806	5.71642	2.2437596577095436	0.1593408400000000	0.1198270800000000
1812	6.14934	2.2433391220051848	0.1597782750000000	0.1348139700000000
1814	4.17537	2.2607788178323167	0.1662975350000000	0.0881312550000000
1816	8.09001	2.2260489052529371	0.1713134850000000	0.0954177250000000
1817	8.09001	2.2396846603130838	0.1266015150000000	0.1469862650000000
1818	4.05004	2.4390613840814175	0.2693988250000000	0.1035094200000000
1824	5.01750	2.2358768284825814	0.1069777100000000	0.0571622600000000
1826	4.27361	2.2510833575697418	0.1517662250000000	0.1087750150000000
1828	4.80502	2.2471867469943403	0.1569724400000000	0.0796580700000000
1830	4.04717	2.2366446025026527	0.1595242050000000	0.1223581300000000
1832	4.33506	2.2441085772712812	0.1385816050000000	0.0982010450000000
1834	6.04510	2.2317099775206950	0.1408284800000000	0.1027638500000000
1836	4.83045	2.2508518152366421	0.1538806750000000	0.1159396400000000
1838	4.24767	2.2310214136585036	0.1460037400000000	0.0904736450000000
176	6.35654	2.2381202286100823	0.1430060850000000	0.1172922650000000
180	6.95937	2.2258040337523575	0.1380142250000000	0.0686104850000000
182	4.04727	2.2473717226782832	0.1394599650000000	0.1097289000000000
1840	5.76000	2.2414858785587524	0.1308655450000000	0.0841493100000000
1842	4.19228	2.2517482735039871	0.1420790700000000	0.0903782600000000
1846	4.13014	2.2564525488376672	0.1607530050000000	0.1108458250000000
1848	7.04093	2.2347527214132188	0.1449677350000000	0.1212505350000000
1850	5.00731	2.2443098158761692	0.1244340850000000	0.0691683450000000
1852	4.56028	2.2434503727104844	0.1377595650000000	0.1086996000000000
1854	4.18300	2.2543435041145603	0.1391367900000000	0.1202743650000000
1860	4.39127	2.2489744300668710	0.1524700700000000	0.0838994450000000
1864	12.57260	2.2327093383529180	0.1786443050000000	0.1245675400000000
1868	5.77880	2.2396756986695521	0.1549446450000000	0.0896904600000000
1870	4.38822	2.2536172362315896	0.1567221800000000	0.1005104100000000
1872	4.18016	2.2499362700829613	0.1457561350000000	0.0951114750000000
1874	4.38937	2.2484345139627333	0.1418326300000000	0.0923011850000000
1876	4.80798	2.2478293164381378	0.1518871250000000	0.1105770200000000
1878	6.23233	2.2347675285089901	0.1196061100000000	0.0808978250000000
1879	6.23233	2.1721182267258552	0.1467392250000000	0.0763102000000000
1880	4.14205	2.2415706295871649	0.1510608600000000	0.1155798800000000
1882	6.14244	2.2299121460115252	0.1488413650000000	0.1204595250000000
1884	4.47101	2.2443327721876534	0.1408871750000000	0.0884460600000000
1886	4.59031	2.2451814079859203	0.1137036500000000	0.0795968250000000
1888	8.27008	2.2216526260386482	0.1372014900000000	0.0498805050000000
1892	6.53008	2.2344608101381671	0.1611352400000000	0.1281458650000000
1893	6.53008	2.1658657010306146	0.1124225650000000	0.0918390150000000
1896	4.45915	2.2492649376202709	0.1518053450000000	0.1004974700000000
1900	6.39020	2.2346188846146582	0.1400088350000000	0.0751075900000000
1906	6.61739	2.2367107340077594	0.1656071400000000	0.0618667050000000
1908	4.82403	2.2495575814678959	0.1431301650000000	0.0590170700000000
1910	16.46690	2.2052013682674150	0.1582253050000000	0.0659096850000000
1911	16.46690	2.1844344524801964	0.1441350250000000	0.0882856900000000
1916	5.98995	2.2336071005834812	0.1284697850000000	0.0597592950000000
1918	5.56728	2.2441591234883544	0.1895315500000000	0.1176776950000000
184	5.27085	2.2447085073793636	0.1546438050000000	0.0718198400000000
186	4.12611	2.2441249466573776	0.1055172550000000	0.0960046050000000
190	6.25027	2.2377143686255336	0.1409815250000000	0.0966070100000000
1920	4.47102	2.2497098132710551	0.1434430550000000	0.1162106050000000
1922	4.58188	2.2485222807783898	0.1227668750000000	0.0799286950000000
1926	6.96936	2.2221147516581587	0.1369620000000000	0.0916568300000000
1928	4.69985	2.2388589749647299	0.1453018600000000	0.0956068000000000
1930	4.57472	2.2341853455143696	0.1604489450000000	0.1322832550000000
1932	11.82330	2.2187962257413636	0.1478710800000000	0.1146867750000000
1934	4.62575	2.2404529389762522	0.1409765400000000	0.0712717650000000
1936	4.23855	2.2578628982102815	0.1237279050000000	0.0880337900000000
1939	16.47600	2.1957288075852519	0.1447927200000000	0.1267377250000000
1940	4.14098	2.2573174709415231	0.1225006450000000	0.0745376700000000
1942	5.97899	2.2336695646586926	0.1259909900000000	0.1129798500000000
1944	13.31540	2.2203591903593436	0.1343286150000000	0.0639659800000000
1946	7.10612	2.2341812570520085	0.1525430400000000	0.0681085100000000
1948	4.40992	2.2412445467070499	0.1593391950000000	0.0631536100000000
1950	4.13001	2.2516846808287783	0.1435543650000000	0.1232562650000000
1952	5.00849	2.2606568180122415	0.1344154500000000	0.1396758700000000
1954	4.41097	2.2370483786074256	0.1417306650000000	0.0555836150000000
1956	4.33100	2.2484754610206430	0.1294787050000000	0.0789326100000000
1958	4.28230	2.2545636675481191	0.1317760550000000	0.1004346750000000
1960	4.81984	2.2403607865488868	0.1628455350000000	0.0753154450000000
1962	4.58831	2.2484499847861774	0.1477961500000000	0.1078793300000000
1964	4.15438	2.2487745898593068	0.1362096500000000	0.0827593300000000
1967	5.13324	2.2810876336437862	0.1936715450000000	0.1206219000000000
1968	6.51561	2.2329470725412439	0.1229809900000000	0.0799132700000000
1972	4.42705	2.2423949793727824	0.1607563800000000	0.1227061750000000
1974	5.00888	2.2424833036571235	0.1397092500000000	0.0833710950000000
1976	4.14179	2.2518349265918678	0.1305136800000000	0.0797078750000000
1978	4.75150	2.2358422401520262	0.1716321000000000	0.1187053350000000
1980	4.27992	2.2546022461106139	0.1453048750000000	0.1183612550000000
1984	4.29983	2.2513191756216133	0.1523291650000000	0.0902542800000000
1986	5.28977	2.2369118463837561	0.1264233200000000	0.0707288800000000
1990	4.86217	2.2403631279068406	0.1605638700000000	0.1099068450000000
1992	4.94400	2.2490451223891741	0.1365328650000000	0.0731337200000000
1994	6.98118	2.2488936168602267	0.1771219300000000	0.1509164950000000
1996	5.06186	2.2499562342779518	0.1545756550000000	0.1248294550000000
1998	4.77968	2.2409341500193620	0.1340112600000000	0.0888069400000000
192	5.18987	2.2317817218437068	0.0643490650000000	0.0434624400000000
194	4.73165	2.2471000873506428	0.1295070200000000	0.0852724000000000
196	5.01785	2.2419376901648618	0.1492940500000000	0.0795249100000000
197	5.01785	2.1643662209644452	0.1503916900000000	0.1320640450000000
198	6.59951	2.2410834826390955	0.1669828100000000	0.1045262400000000
199	6.59951	2.1783812142240606	0.1542745900000000	0.0731170000000000
2000	4.63641	2.2460824264166872	0.1393646800000000	0.0617232300000000
2001	4.63641	2.1734278153206477	0.1654989750000000	0.0472215150000000
2002	4.21002	2.2443493793773253	0.1592441850000000	0.1103028800000000
2006	4.60571	2.2533325276181966	0.1448877750000000	0.0633170600000000
2012	5.96074	2.2363703636900718	0.1431111800000000	0.0599869050000000
2014	6.50528	2.2365617394895763	0.1477942350000000	0.1036325300000000
2016	4.90000	2.2474183095184133	0.1525022800000000	0.1106518050000000
2018	5.71973	2.2387350708892813	0.1466634350000000	0.1154363200000000
2020	4.17423	2.2954995383740244	0.2335066300000000	0.1675439050000000
2022	5.30051	2.2434867073335427	0.1221649450000000	0.0945199350000000
2026	4.89723	2.2438460315839261	0.1243064850000000	0.0907275050000000
2028	4.12020	2.2529932707922455	0.1448379000000000	0.0808139950000000
2030	4.07470	2.2510723753901973	0.1384667150000000	0.0803343550000000
2032	7.86804	2.2279904095767757	0.1366928700000000	0.1243704550000000
2036	4.45063	2.2523388979885333	0.1428965650000000	0.0682273600000000
2038	4.71942	2.2322172798404747	0.1455474050000000	0.1159527600000000
2039	4.71942	2.6354124859533252	0.3540699050000000	0.1140812950000000
2042	7.59734	2.2297786889831883	0.1394982200000000	0.1166474700000000
2044	5.45900	2.2353992816572084	0.1321377250000000	0.0836872850000000
2046	4.32232	2.2519666404657284	0.1270977700000000	0.0811110350000000
2048	4.69000	2.2451908081959986	0.1581814300000000	0.1195173650000000
2050	5.42755	2.2404149611878914	0.1452140900000000	0.1035265100000000
2057	14.65630	2.1803898621398874	0.1305603500000000	0.0922553400000000
2058	8.22613	2.2172225693213643	0.1307577550000000	0.0764967000000000
2062	4.76312	2.2463995171043818	0.1433334900000000	0.0624293550000000
2066	5.20017	2.2457051482469548	0.1205964350000000	0.0807290000000000
2068	5.23793	2.2372835229924397	0.1382527450000000	0.1127140300000000
2070	4.54763	2.2423495475081818	0.1488858400000000	0.1152818150000000
2072	4.25762	2.2469994246464475	0.1306011200000000	0.0851678900000000
2074	7.33799	2.2332884335987542	0.1363025500000000	0.0681090900000000
2076	13.21610	2.2201979468185433	0.1474257550000000	0.0485424700000000
2077	13.21610	2.1954600369165065	0.1440161400000000	0.0801770400000000
2078	4.62607	2.2463957620049428	0.1385491500000000	0.0810367200000000
202	4.11536	2.2645485634615294	0.1337706750000000	0.0721473050000000
204	5.59931	2.2459469005813273	0.1518634050000000	0.0724771550000000
205	5.59931	2.2822097748111814	0.2269783550000000	0.0853369650000000
206	6.43016	2.2384661464604751	0.1851603650000000	0.1414880600000000
2080	6.52993	2.2168233252157283	0.1747906900000000	0.0884882000000000
2082	20.88530	2.2099982772947193	0.1519348100000000	0.1134150150000000
2083	20.88530	2.1875562247365350	0.1540839650000000	0.0979996800000000
2084	5.29028	2.2438011959280018	0.1250607150000000	0.0780653300000000
2086	5.04000	2.2425688367369174	0.1581892100000000	0.0968848150000000
2088	5.10973	2.2453198784235062	0.1404564850000000	0.0894904850000000
2090	6.91809	2.2337203727298069	0.1573175050000000	0.1199812550000000
2092	4.28292	2.2579193441674730	0.1811051350000000	0.1391118900000000
2094	4.93995	2.2857975944122031	0.2158800850000000	0.1397813150000000
2100	4.79986	2.2453981067422504	0.1430311400000000	0.0625479950000000
2104	5.18390	2.2312252346948491	0.1455111650000000	0.0992646950000000
2106	19.63850	2.2097060743911596	0.1447005400000000	0.1049726050000000
2110	5.01005	2.2364535307959215	0.1201737650000000	0.0814110150000000
2112	4.40635	2.2411608070210489	0.1504991650000000	0.0975288150000000
2114	4.93994	2.2483360383752058	0.1459662250000000	0.0632051600000000
2116	4.53304	2.2329186421523897	0.1327527050000000	0.1389622450000000
2118	4.40994	2.2502906757234391	0.1413199950000000	0.0808290450000000
2124	4.39748	2.2512343968507627	0.1781137550000000	0.1044675800000000
2126	4.81993	2.2399899874347082	0.1468096150000000	0.1083707450000000
2128	4.05005	2.2401471616291673	0.1635564150000000	0.0309390400000000
2130	4.12003	2.2530831047648867	0.1125922750000000	0.0845524800000000
2132	4.59966	2.2494279194413185	0.1335673000000000	0.0960072650000000
2134	7.98999	2.2293201603381587	0.1397060550000000	0.1086603850000000
2136	11.35650	2.2210678086778390	0.1576199600000000	0.0897188750000000
2138	4.97123	2.2395230081089772	0.1482160600000000	0.1308248000000000
2144	11.50940	2.4429518955176439	0.2823931850000000	0.0726151400000000
2146	4.33999	2.2464580058085661	0.1397323000000000	0.0972537850000000
2147	4.33999	2.3096261888418561	0.2300353850000000	0.1489110350000000
2150	8.91215	2.2226822129993153	0.1496381400000000	0.0993036350000000
2152	4.40007	2.2479006710698202	0.1437029800000000	0.0906882900000000
2156	4.19661	2.2507097724731087	0.1509062750000000	0.1036202900000000
2158	7.90423	2.2298866496931184	0.1242588800000000	0.0848611500000000
208	8.47765	2.2307702823626809	0.1507459550000000	0.1068929950000000
210	4.19882	2.2564823429221237	0.1256857650000000	0.1120152150000000
212	6.96937	2.2304995402586076	0.1395485700000000	0.0993599750000000
2162	7.44116	2.2287692611530523	0.1615593600000000	0.0833345850000000
2164	4.87773	2.2431276294732276	0.1513986200000000	0.1383735750000000
2166	5.23061	2.2377318453843200	0.1630041100000000	0.0701055950000000
2170	5.14179	2.2434173480505870	0.1382926000000000	0.0819625100000000
2172	4.25928	2.2504643985810451	0.1419856650000000	0.0574079900000000
2174	4.72264	2.2466430446978736	0.1390605850000000	0.0807036450000000
2176	4.05502	2.2564093518466306	0.1383657950000000	0.0959119350000000
2178	4.05080	2.2324491393143644	0.1089922750000000	0.1383564050000000
2180	4.13502	2.2512592688565278	0.1356663200000000	0.1171093550000000
2182	4.92703	2.2487654268892054	0.1442109650000000	0.1070000950000000
2184	4.26802	2.2563795536108415	0.1515528250000000	0.0632743750000000
2186	9.13856	2.2170981501677893	0.1265497700000000	0.0404632050000000
2190	5.22439	2.2475667545871798	0.1449763850000000	0.0833709750000000
2194	4.07712	2.2488260895252585	0.1337884200000000	0.0841705000000000
2196	5.67482	2.2428450761287215	0.1597046650000000	0.0774679100000000
2198	5.32678	2.2397606174608740	0.1374577950000000	0.1149484150000000
2202	4.45561	2.2445284116086142	0.1504065850000000	0.1166923450000000
2204	4.79078	2.2472818148310574	0.1420210500000000	0.0693184450000000
2206	6.88521	2.2332639330796709	0.1337889200000000	0.0817660050000000
2208	4.03176	2.2555109056924199	0.1721765450000000	0.1197263850000000
2210	5.30647	2.2434446100379040	0.1622370850000000	0.0856467300000000
2212	8.61331	2.2271199574308267	0.1546500800000000	0.1368277550000000
2214	8.53267	2.2323121651521789	0.1531547750000000	0.1160534700000000
2216	5.74185	2.2421205639596407	0.1377760000000000	0.0992166400000000
2222	5.65161	2.2342099293592788	0.1232379300000000	0.0806843350000000
2224	5.75049	2.2428153168560128	0.1421406950000000	0.1125052550000000
2226	4.58643	2.2522722010637568	0.1451222100000000	0.0768024150000000
2228	12.30510	2.2125135597101759	0.1563697400000000	0.1375291000000000
2231	15.17590	2.1818978611482653	0.1375483200000000	0.0833354750000000
2232	5.55595	2.2423588291700085	0.1403262300000000	0.0885155900000000
2237	5.16616	2.2001833870809255	0.1864761500000000	0.1118754000000000
2238	5.19071	2.2472782289272222	0.1446634750000000	0.1049482000000000
220	4.04241	2.2449129501110781	0.1224220700000000	0.0865817450000000
222	4.78988	2.2362669413711473	0.1369104000000000	0.1045451050000000
2240	4.01854	2.2570042184591763	0.1074589950000000	0.0852376050000000
2242	7.67028	2.2291399609601537	0.1408579500000000	0.0611886900000000
2244	4.49999	2.2483005842595856	0.1451592000000000	0.1120845400000000
2246	4.20006	2.2458765923963959	0.1421781250000000	0.1403396450000000
2248	5.10066	2.2359072982610209	0.1319566950000000	0.1006409350000000
2250	4.79503	2.2481348391006093	0.1504081750000000	0.1037013200000000
2252	4.19468	2.2531009763260021	0.1490286500000000	0.1087296600000000
2253	4.19468	2.1343453275408035	0.1488829950000000	0.0585308050000000
2254	5.38651	2.2447282448462089	0.1478382550000000	0.1074403550000000
2256	5.06968	2.2456846006374218	0.1438584800000000	0.0959210300000000
2258	4.62982	2.2502925061264016	0.1935308000000000	0.1027169400000000
2264	6.71177	2.2029637451387605	0.1438898800000000	0.0897289600000000
2269	5.98929	2.1968570570398498	0.1753513450000000	0.1019652450000000
2274	5.89059	2.2276457249504573	0.1237572800000000	0.0723380400000000
2276	7.77805	2.2278813838029135	0.1330388150000000	0.0906315150000000
2278	4.56889	2.2563428413336650	0.1541745100000000	0.0674892800000000
2280	4.30126	2.2413972049503643	0.1155310550000000	0.0804768300000000
2282	4.82332	2.2366273412311717	0.1331077900000000	0.0445951450000000
2286	5.19002	2.2423635334766123	0.1409383300000000	0.0885018800000000
2288	4.21002	2.2580295837908251	0.1731129150000000	0.0848001100000000
2292	4.41278	2.2513516216029386	0.1451861650000000	0.0919660350000000
2293	4.41278	2.5314899183147217	0.1107844350000000	0.1225313750000000
2294	4.58509	2.2467981478957828	0.1392759800000000	0.1004187900000000
2296	4.83457	2.2475177100817247	0.1538332400000000	0.0889156600000000
2304	5.00864	2.2471392901326568	0.1425667550000000	0.1213653650000000
2306	4.33997	2.2508960218401071	0.1455234200000000	0.1225130500000000
2308	6.43072	2.2344959393171187	0.1035256550000000	0.0748657800000000
2310	4.48006	2.2502847567034450	0.1819971950000000	0.1442462500000000
2312	5.47919	2.2405612460184279	0.1392429700000000	0.0827475550000000
2314	6.49465	2.2345755324424363	0.1445545700000000	0.1161842350000000
2316	4.08024	2.2524644249663344	0.1366712700000000	0.0978491550000000
2318	4.17074	2.2477139806165556	0.1550025150000000	0.1219297750000000
226	4.01982	2.2538411894190866	0.1610941950000000	0.0778912950000000
230	4.44085	2.2502758108865448	0.1343598100000000	0.0850824200000000
2320	4.31623	2.2437817363304524	0.1241478650000000	0.0717150750000000
2324	4.25323	2.2517346284221587	0.1418173450000000	0.0526415900000000
2326	4.01220	2.2485038235442678	0.1464088750000000	0.1337630400000000
2332	5.57607	2.2387582933917769	0.1331115750000000	0.0815292150000000
2334	8.07432	2.2266680536939991	0.1562184050000000	0.0976861650000000
2336	5.06049	2.3206865406916868	0.2567312400000000	0.1338458150000000
2338	10.11930	2.2125402437843533	0.1488191300000000	0.0834229850000000
2340	4.16587	2.2425246599422737	0.1509464400000000	0.1053699650000000
2342	4.70859	2.2442244903556299	0.1212431700000000	0.0651779750000000
2344	4.30697	2.2469126880219319	0.1611117950000000	0.1065382650000000
2346	4.89999	2.2444095172290970	0.1143277950000000	0.0847391700000000
2352	4.02994	2.2535760071236077	0.1301775050000000	0.0910670450000000
2354	4.01158	2.2610557071121309	0.1501966100000000	0.0700796000000000
2356	4.74062	2.2543025861893256	0.1563038200000000	0.0923409100000000
2358	4.05500	2.2611812232360289	0.1609423250000000	0.1103659150000000
2360	4.59340	2.2542071372975485	0.1714480750000000	0.1064359100000000
2362	4.92326	2.2421381372071001	0.1168715350000000	0.1051218250000000
2364	4.35580	2.2499798060206428	0.1390225800000000	0.0988491550000000
2368	3.99999	2.2510219565736307	0.1177581700000000	0.1022829800000000
2370	12.34250	2.2241658672453442	0.1607824300000000	0.0980780750000000
2372	4.90161	2.2456803284737079	0.1598907550000000	0.1308653250000000
2373	4.90161	2.3247915321813744	0.2626486250000000	0.1167902250000000
2374	16.47150	2.2101916248373135	0.1640862450000000	0.0766035400000000
2375	16.47150	2.1877685028108753	0.1493982100000000	0.0911443050000000
2378	4.75031	2.2452688958507152	0.1469267150000000	0.0927282900000000
2380	4.45364	2.2358529673924266	0.1485373150000000	0.1051372750000000
2382	4.59106	2.2456129462958478	0.1535349600000000	0.1208249150000000
2384	7.24841	2.2312781304171874	0.1504917200000000	0.0989143450000000
2385	7.24841	2.1674118181490560	0.1393062600000000	0.0853395500000000
2386	4.80803	2.2321800163278605	0.1507476950000000	0.0732178600000000
2388	5.51822	2.2395355872906699	0.1578457150000000	0.0867169550000000
2390	4.94079	2.2450712558506507	0.1563027300000000	0.0711535200000000
2392	4.41901	2.2575238832547031	0.1318999950000000	0.0570723500000000
2394	7.50984	2.2539660586838455	0.1425882400000000	0.1228880850000000
2395	7.50984	2.1562342161774608	0.1093207950000000	0.0880011100000000
2396	4.08572	2.2598978948480926	0.1456779900000000	0.1019177900000000
2398	4.74527	2.2499470918489211	0.1529225300000000	0.1199754950000000
232	12.26340	2.2123445485250084	0.1426880950000000	0.0966614700000000
234	5.78232	2.2437292823475112	0.1306791400000000	0.0888568550000000
236	4.33431	2.2574290621722310	0.1442317600000000	0.0965748500000000
238	5.61069	2.2373898714208291	0.1598393900000000	0.1062832700000000
239	5.61069	2.1617578309093615	0.1464056300000000	0.0585578850000000
16	5.98005	2.2441946683338783	0.1430085300000000	0.1088721900000000
20	5.62748	2.2297441111945462	0.1682521900000000	0.1411455600000000
22	4.99103	2.2448197088157928	0.1315780350000000	0.0845450800000000
2400	7.88262	2.2364561321287129	0.1663016300000000	0.1081382750000000
2402	4.08570	2.2543210181780409	0.1416798350000000	0.1139479900000000
2404	4.06501	2.2573878493004629	0.1563230100000000	0.1167392500000000
2406	4.45094	2.2489938453220493	0.1261932350000000	0.0896408850000000
2412	4.49850	2.2530078070785629	0.1560344500000000	0.0642527000000000
2414	4.04883	2.2554757036253608	0.1677916350000000	0.1015935750000000
2416	4.54257	2.2510721324373528	0.1363423950000000	0.1058457650000000
2421	7.12177	2.1823535353707002	0.1242203800000000	0.1145489200000000
2422	9.15709	2.2232332006768774	0.1436364200000000	0.0782057350000000
2426	4.85214	2.2439506058462597	0.1381692800000000	0.1015073550000000
2428	5.56826	2.2302563092679404	0.1384670450000000	0.1146452450000000
2430	4.10002	2.2605435983601718	0.1452885800000000	0.0728881100000000
2432	5.48099	2.2407432300937851	0.1358997550000000	0.0878826050000000
2434	4.47713	2.2519967023210241	0.1746455300000000	0.0866758250000000
2438	4.25976	2.2484114356603100	0.1451112850000000	0.0761240150000000
2440	5.95377	2.2371316171851441	0.1401822500000000	0.1101081800000000
2442	7.23954	2.2328389325322644	0.1464386850000000	0.1140596650000000
2444	4.28977	2.2422986611537712	0.1363127900000000	0.0976978000000000
2446	5.77132	2.2369576626831624	0.1387237650000000	0.0983094000000000
2448	5.66994	2.2386918767264752	0.1291819850000000	0.0920043650000000
2450	10.92920	2.2244151187375953	0.1412367950000000	0.1247557150000000
2452	4.65062	2.2508042714240899	0.1480681350000000	0.0972541050000000
2454	6.76463	2.2377620229353599	0.1546297300000000	0.1143078100000000
2456	4.98975	2.2421579582563060	0.1441412950000000	0.0848979150000000
2458	4.14186	2.2613834760109590	0.1468855400000000	0.0800665650000000
2460	5.78045	2.2347269453844469	0.1195483600000000	0.0706108350000000
2462	5.94902	2.2396550396213737	0.1557895800000000	0.1004176350000000
2463	5.94902	2.1849504122977357	0.1384259100000000	0.0909315850000000
2464	4.42413	2.2496492566830879	0.1287552400000000	0.0764804600000000
2470	5.46645	2.2424313467340018	0.1458143550000000	0.1163462900000000
2472	5.58451	2.2368472089982840	0.1365255100000000	0.0961326000000000
2478	5.55707	2.2412685125526610	0.1251692850000000	0.0757398700000000
240	5.50983	2.2336344907194716	0.1213502000000000	0.0722036000000000
242	5.45059	2.2269795263290715	0.1371700000000000	0.1161988250000000
244	4.24928	2.2427690799697952	0.1545861650000000	0.0834111050000000
246	4.35462	2.2337816083928677	0.1152537950000000	0.0663883300000000
2480	5.62859	2.2336571362786488	0.1574654400000000	0.1200385050000000
2482	4.28059	2.2359136307893608	0.1531755300000000	0.1106179300000000
2484	5.95322	2.2369644443702450	0.1301444100000000	0.0948309850000000
2486	6.79841	2.2276554133137467	0.1224875100000000	0.0891502450000000
2488	5.46554	2.2378572406659205	0.1378293150000000	0.0667886250000000
2490	4.49999	2.2481881143020352	0.1351605700000000	0.0526977050000000
2494	4.25000	2.2517159561319207	0.1398268150000000	0.1041727900000000
2496	6.50146	2.2399635196060648	0.1767224600000000	0.1577486000000000
2498	4.34841	2.2409396401965882	0.1313004350000000	0.0588547400000000
2502	8.62901	2.2268744196985080	0.1450767450000000	0.1156131750000000
2504	10.74330	2.2206234540152932	0.1314750900000000	0.0976721950000000
2510	6.05950	2.2355005624904472	0.1436998200000000	0.1329474250000000
2512	5.28933	2.2379230205894007	0.1340923200000000	0.0687409100000000
2514	4.41001	2.2522078961254612	0.1467587700000000	0.0616827550000000
2516	4.26802	2.2574496509143680	0.1521676700000000	0.0914979500000000
2518	5.13055	2.2376127983038474	0.1315611200000000	0.0401103300000000
2522	6.40295	2.2382781855416045	0.1492215400000000	0.1253259850000000
2526	14.64260	2.2093206977623505	0.1421557650000000	0.1043654150000000
2532	4.14002	2.2327472690624690	0.1157834750000000	0.0922581700000000
2534	4.80702	2.2457699826107036	0.1476061400000000	0.0886283800000000
2536	4.76015	2.2341119654833497	0.1442036650000000	0.0891989850000000
2538	6.04764	2.2339916938537026	0.1044893100000000	0.0896472100000000
2542	5.83197	2.2302775289127483	0.1510233600000000	0.1564721250000000
2544	4.51350	2.2554258239293592	0.2003000350000000	0.1279759900000000
2546	4.96316	2.2326441222371676	0.1185059050000000	0.0854133250000000
2550	5.43885	2.2417305181557845	0.1448346850000000	0.0870285700000000
2552	4.17057	2.2360470551456424	0.1685206250000000	0.1335224250000000
2554	5.93308	2.2392402072960489	0.1527118000000000	0.0728727400000000
2555	5.93308	2.1628800921344826	0.1141136300000000	0.0865824550000000
2556	4.15730	2.2542324144946404	0.1332635600000000	0.0845020750000000
248	4.31335	2.2498242225161880	0.1150290700000000	0.0894943550000000
250	6.62067	2.2241147874363119	0.1302386200000000	0.0814634050000000
252	4.55085	2.2480869954962213	0.1609174400000000	0.1205599850000000
254	4.41005	2.2508926372038696	0.1676573800000000	0.1351223950000000
2560	4.25962	2.2557400650451513	0.2098950750000000	0.0782377850000000
2562	5.04993	2.2388002600475074	0.1239344650000000	0.0873650350000000
2564	4.49000	2.2145997911089172	0.1232554850000000	0.0989499200000000
2566	5.95871	2.2404024991262013	0.1542108800000000	0.1022056750000000
2570	4.20187	2.2491598582824119	0.1285548700000000	0.0854293700000000
2572	5.68831	2.2411287537158473	0.1372183300000000	0.0950886700000000
2574	4.99999	2.2437486173877317	0.1611743300000000	0.1117946700000000
2580	5.55984	2.2440755999262882	0.1378861700000000	0.0762165700000000
2584	5.25287	2.2429252804162796	0.1359475250000000	0.0960854900000000
2588	4.63899	2.2415073825587277	0.1558410650000000	0.1004343900000000
2590	4.11994	2.2534082801078421	0.1236141150000000	0.0635142450000000
2592	4.07504	2.2539298976075908	0.1376866350000000	0.0977911300000000
2594	5.96073	2.2321727798991722	0.1096802950000000	0.0737537150000000
2597	23.17250	2.1995145732406010	0.1589047950000000	0.0475859450000000
2598	7.49862	2.2331523851138440	0.1391305450000000	0.1115063550000000
2600	4.63991	2.2456456523816288	0.1756779850000000	0.1449940800000000
2602	4.29987	2.2595787382948958	0.1572243100000000	0.1199599500000000
2604	10.60660	2.2154934379856326	0.1562573100000000	0.0803052250000000
2606	4.23221	2.2361514327990846	0.1505004350000000	0.1138781300000000
2608	6.26069	2.2289187086520155	0.1271023750000000	0.0662668600000000
2614	4.81994	2.2399702475084076	0.1407163000000000	0.0973556000000000
2616	4.26804	2.2456297105072527	0.1407097350000000	0.0742163100000000
2622	4.51028	2.2469570784529473	0.1181531950000000	0.0720833000000000
2624	4.50770	2.2524321744381006	0.1448292450000000	0.0494997650000000
2626	4.33115	2.2496474295806452	0.1722911900000000	0.0938457300000000
2628	4.61964	2.2484516669039012	0.1477389000000000	0.0433892400000000
2630	4.97066	2.2434110862097292	0.1255717350000000	0.0804618450000000
2632	6.25048	2.2335569730375364	0.1335542050000000	0.0813305550000000
2634	4.39901	2.2444539949427780	0.1398019750000000	0.1130647100000000
2636	5.13421	2.2477962057507139	0.1584051050000000	0.0818184150000000
2638	7.14109	2.2265548629206315	0.1508661600000000	0.0910221600000000
256	4.32200	2.2454909439448274	0.1629696700000000	0.0648130750000000
260	4.96843	2.2336544166262242	0.1567606550000000	0.1308282300000000
2640	4.25273	2.2388825488026165	0.1473271700000000	0.0965177900000000
2642	4.31018	2.2556526791421061	0.1677301300000000	0.1025623300000000
2644	4.54641	2.2455681351781571	0.1499027850000000	0.1226517550000000
2646	4.56044	2.2439056855823867	0.1290476950000000	0.0887200950000000
2648	4.30162	2.2405932581890915	0.1456932300000000	0.1072431650000000
2650	6.40168	2.2287708331014704	0.1696183550000000	0.1075908150000000
2652	7.80242	2.2147453695880470	0.1369149750000000	0.0999453250000000
2654	7.23947	2.2349282964912138	0.1600301600000000	0.0968337400000000
2656	7.37276	2.2240787919581844	0.1310615300000000	0.0923351400000000
2658	4.10350	2.2577786433338631	0.1627232900000000	0.1397791000000000
2662	5.21238	2.2409927308184314	0.1328769450000000	0.0623184600000000
2666	4.94037	2.2469516369486895	0.1422062200000000	0.0991918900000000
2668	5.32015	2.2468690459438809	0.1517743150000000	0.1221087500000000
2670	7.96881	2.2278079415692664	0.1392364650000000	0.0969474900000000
2672	5.42989	2.2359005650461108	0.1502692750000000	0.1021287000000000
2674	6.18038	2.2365075901010383	0.1499917200000000	0.0820521300000000
2678	4.67021	2.2450688677894459	0.1374028200000000	0.0962283700000000
2682	11.59270	2.2205131161774792	0.1593758400000000	0.1105301200000000
2684	4.85792	2.2438207569247344	0.1790384350000000	0.0791986200000000
2687	8.91157	2.1889630725449458	0.1675608000000000	0.0591147600000000
2688	11.84740	2.2262398977063755	0.1476189050000000	0.0957753400000000
2690	4.02890	2.2461651340762598	0.1458180650000000	0.1138793450000000
2692	4.24923	2.2560273491641460	0.1395555650000000	0.0495453100000000
2698	4.00000	2.2434342265060163	0.1313109400000000	0.1214528650000000
2700	4.00689	2.2626252082740765	0.1453746350000000	0.0955103800000000
2702	4.83927	2.2358516604048564	0.1452012800000000	0.1311196100000000
2703	4.83927	2.2095258708578651	0.1981448350000000	0.0905114550000000
2706	5.48782	2.2239745706075347	0.0983954150000000	0.0740497700000000
2708	4.72899	2.2455263885606023	0.1256258500000000	0.0999272200000000
2710	5.00004	2.2359121066737218	0.1355574600000000	0.1018492400000000
2714	9.24012	2.2224088714346339	0.1432030100000000	0.0958938650000000
2715	9.24012	2.3269095292977728	0.3289017400000000	0.1471447700000000
264	5.25325	2.2435524750862301	0.1576350550000000	0.0948766800000000
266	4.65214	2.2453511009140361	0.0974526200000000	0.0956098700000000
270	6.35340	2.2340289266539597	0.1478436800000000	0.0992600200000000
2720	6.09093	2.2385996735113567	0.1598437850000000	0.0710750850000000
2722	4.12514	2.2531166848455486	0.1717805550000000	0.1033132250000000
2724	9.23853	2.2209607724683895	0.0971345450000000	0.0766244000000000
2726	4.60106	2.2705938908003089	0.1922643250000000	0.1226219600000000
2728	4.66500	2.2500170244959050	0.1511384150000000	0.1412643300000000
2730	4.92034	2.2447409773187510	0.1537140900000000	0.1039763450000000
2734	8.35854	2.2256753043444197	0.1194055150000000	0.0965382200000000
2736	4.05690	2.3407971833889714	0.2202590850000000	0.1010404950000000
2738	4.49996	2.2540080179291566	0.1518974050000000	0.0795484000000000
2740	6.40598	2.2374584465608769	0.1412964700000000	0.0810221900000000
2742	4.18392	2.2505261267795604	0.1658130350000000	0.0858312150000000
2744	4.14386	2.2491750338053267	0.1168355200000000	0.0801764300000000
2746	4.16699	2.2464616649252420	0.1484412800000000	0.0907218200000000
2749	8.05054	2.1714053290706090	0.1318836450000000	0.0706106150000000
2750	4.46992	2.2533712546690419	0.1372720250000000	0.0743430550000000
2756	4.18461	2.2502239038570293	0.1348227600000000	0.1016194300000000
2758	7.11963	2.2325770216444543	0.1498593650000000	0.1105754650000000
2760	5.01788	2.2425247923284899	0.1482044200000000	0.0910335150000000
2762	4.62710	2.2467577506530971	0.1396398850000000	0.1054200700000000
2766	4.86095	2.2499947103846538	0.1483943100000000	0.1223756150000000
2768	4.40001	2.2411179893670989	0.1300246450000000	0.0842749700000000
2774	4.96965	2.2442033132002197	0.1465445600000000	0.0886566750000000
2776	4.31284	2.4497630245470297	0.2700837450000000	0.1703741600000000
2778	9.13888	2.2161054285613160	0.1647979950000000	0.1482822600000000
2780	6.99973	2.2246121762048885	0.1496042150000000	0.0925411950000000
2784	4.28057	2.2412986175993899	0.1116716700000000	0.1249994650000000
2786	4.73897	2.2429992571079032	0.1362330700000000	0.0920729750000000
2788	5.18812	2.2457581040984951	0.1462968800000000	0.0999184550000000
2790	4.99142	2.2363619927119038	0.1070255650000000	0.1151308900000000
2792	4.82661	2.2688911447775579	0.1333622900000000	0.1314782950000000
2794	4.66571	2.2506716985975248	0.1369713000000000	0.0750830650000000
2796	5.32699	2.2407436775141409	0.1613331950000000	0.1098686200000000
2798	5.64999	2.2429856556041394	0.1403440700000000	0.1039242500000000
272	4.72232	2.2483652748504528	0.1443441700000000	0.0789594600000000
274	4.71760	2.2330212261360423	0.1293034850000000	0.0856090300000000
276	4.17418	2.2368227061358956	0.0838938300000000	0.0608366550000000
278	4.44217	2.2418323154361768	0.1297710550000000	0.0853439250000000
2800	6.88302	2.2376161385060587	0.1448224050000000	0.1043943350000000
2801	6.88302	2.1580986132899680	0.1123886100000000	0.0891647400000000
2802	4.66222	2.2478940295801406	0.1466957200000000	0.0557173300000000
2804	4.88168	2.2450523664971080	0.1382151450000000	0.0740560700000000
2808	5.87316	2.2435953337223871	0.1451401950000000	0.1143490100000000
2810	4.39874	2.2590901579060017	0.1444881150000000	0.0591618400000000
2812	5.23815	2.2434628812741995	0.1493482650000000	0.0769037550000000
2814	5.57099	2.2436280156018600	0.1228135800000000	0.0827386650000000
2816	4.08318	2.2511832854749789	0.1381750550000000	0.0575347750000000
2818	7.18112	2.2164285997658233	0.1349315150000000	0.0829990850000000
2820	6.06766	2.2388823234749187	0.1406508950000000	0.1110857000000000
2822	4.01000	2.2441395421542634	0.1570958350000000	0.1047952550000000
2824	4.61980	2.2547122717049328	0.1496996650000000	0.1071967350000000
2826	6.46623	2.2334358992948107	0.1180860650000000	0.0811470700000000
2828	5.17079	2.2366476627061385	0.1524221250000000	0.0933710200000000
2831	6.17302	2.1580760475400100	0.1147892550000000	0.0878279050000000
2832	4.47691	2.2475123399593642	0.1755341300000000	0.0547458450000000
2834	5.11679	2.2461189887402857	0.1394740450000000	0.0971712700000000
2836	4.67993	2.1994852119533652	0.1189451150000000	0.0924943000000000
2838	6.50823	2.2382009742739055	0.1574371100000000	0.1108795500000000
2842	4.57021	2.2545444498971885	0.1552208650000000	0.1053244150000000
2844	4.76573	2.2491370324411122	0.1446775050000000	0.1185120950000000
2846	7.11878	2.2324295228991251	0.1593502300000000	0.0646245000000000
2847	7.11878	2.2041486169095394	0.1795358950000000	0.0906548500000000
2848	7.04899	2.2349679114943237	0.1456026400000000	0.0919770300000000
2849	7.04899	2.1729497824636033	0.1471056700000000	0.0658837600000000
2850	4.29009	2.2560696169859327	0.1609111050000000	0.0704841400000000
2852	4.63682	2.2434534575233731	0.1561344650000000	0.1295009850000000
2856	4.26809	2.2479196426305932	0.1231633850000000	0.0667337200000000
2858	4.35001	2.2482084220228615	0.1351041500000000	0.0841683850000000
2862	6.50001	2.2389281324866701	0.1519055100000000	0.0935224750000000
2864	5.26656	2.2431476657918092	0.1258729150000000	0.0745358000000000
2866	9.63891	2.2124925790107643	0.1399937600000000	0.0932247200000000
2868	5.06922	2.2456719576514481	0.1535404900000000	0.1202118750000000
2870	4.50002	2.2549502581827334	0.1598170150000000	0.0815138700000000
2872	9.30238	2.2235589613718210	0.1343213550000000	0.1052219450000000
2874	4.70978	2.2489315998209922	0.1445603600000000	0.1200602850000000
2876	4.47483	2.2378215761085518	0.1306024450000000	0.0969456650000000
280	4.40855	2.2260367659916636	0.1368503750000000	0.0857589100000000
282	8.46518	2.2277098362721501	0.1266987150000000	0.0835546100000000
286	6.38959	2.2416590487867052	0.1270915650000000	0.0915465300000000
2880	4.50001	2.2560017227926181	0.1470367850000000	0.0721142750000000
2882	5.59937	2.2327848880993213	0.1271839950000000	0.0924749050000000
2883	5.59937	2.1611121179645623	0.1448135950000000	0.0606321400000000
2884	4.43812	2.2358796847028044	0.1261386350000000	0.0801585400000000
2888	6.52649	2.2382877767968785	0.1516169450000000	0.0906241550000000
2890	4.04346	2.2547575042181798	0.1060744600000000	0.0863074250000000
2892	5.17000	2.2358982354176411	0.1407550050000000	0.1230984750000000
2894	4.59563	2.2482056889172592	0.1262508450000000	0.1027839250000000
2896	6.65399	2.2318747776690464	0.1270819100000000	0.0862086450000000
2900	4.42397	2.2527804125602171	0.1407752400000000	0.0965232850000000
2902	4.68997	2.2463442343734656	0.1246667100000000	0.0872604500000000
2904	4.17612	2.2515017354429268	0.1255163450000000	0.0757948000000000
2906	4.07000	2.2428429800953116	0.1768264100000000	0.1267397050000000
2909	8.05395	2.1810870980616097	0.1485411850000000	0.0913001750000000
2910	4.00002	2.3248927308589491	0.2417687500000000	0.1117309300000000
2912	9.19568	2.2310538214563933	0.1518073800000000	0.0968052750000000
2916	4.69994	2.2397309060326758	0.1515783800000000	0.0763273550000000
2918	4.41195	2.2515243417701951	0.1510415600000000	0.1093161200000000
2920	5.91350	2.2393159684269470	0.1467035400000000	0.0957553050000000
2922	4.44081	2.2491886323442953	0.1579053800000000	0.1151765300000000
2924	4.26997	2.2452175698058037	0.1744946350000000	0.0601500450000000
2926	4.72330	2.2410691261268409	0.1569221850000000	0.1028468300000000
2928	5.95016	2.2331842648447129	0.1709761400000000	0.0824006700000000
2932	4.04891	2.2590807498143768	0.1530672700000000	0.1084662600000000
2934	4.17539	2.2485336057548779	0.1550527650000000	0.0939152950000000
2936	5.33228	2.2390464196447049	0.1517145550000000	0.1133157500000000
2940	4.15092	2.2465598319843099	0.1410083950000000	0.0788614800000000
2942	4.72946	2.2544426304100864	0.1272909550000000	0.0800206500000000
2944	5.12695	2.2326824481146961	0.0932589550000000	0.0695147700000000
2946	8.35572	2.2266612154931056	0.1464492850000000	0.0874562000000000
2950	6.40363	2.2316736443848675	0.1497740800000000	0.1027792800000000
2952	7.48225	2.2283603127825229	0.1496417850000000	0.1089899150000000
2954	9.01194	2.2249616149291063	0.1622636150000000	0.1012868950000000
2956	4.92169	2.2488023043291019	0.1432928550000000	0.1192744150000000
2958	4.00000	2.2454569888654841	0.1358836050000000	0.0551161050000000
290	4.56983	2.2358467893464207	0.1125797150000000	0.1006294450000000
292	4.74063	2.2452770344864024	0.1109494700000000	0.0720103650000000
2960	4.82794	2.2440291642796892	0.1536319300000000	0.1426956700000000
2962	7.04486	2.2289589720041749	0.1635203250000000	0.1077560750000000
2964	5.06386	2.2455331318836489	0.1267135750000000	0.0872445550000000
2968	4.49799	2.2610428412808576	0.1489800550000000	0.0932374400000000
2970	10.13270	2.2301214308867672	0.1715412300000000	0.0673443000000000
2973	7.88851	2.1736674811298839	0.1454735950000000	0.0841830350000000
2974	9.21944	2.2244837957188066	0.1492115850000000	0.0860640900000000
2976	4.41979	2.2529830556729262	0.1536426900000000	0.1209861150000000
2978	5.88975	2.2277743669641139	0.1163638500000000	0.0872486250000000
2980	4.14296	2.2459847341619379	0.1380412650000000	0.1007832300000000
2982	12.90590	2.2078833802108706	0.1421382900000000	0.1121418750000000
2984	4.93568	2.2397566395592001	0.1362291800000000	0.0819200550000000
2986	4.49291	2.2519910224009525	0.1662705100000000	0.1229449600000000
2988	5.13341	2.2454239497551991	0.1297040150000000	0.1008596900000000
2990	4.25226	2.2522680001981916	0.1421152500000000	0.0939996050000000
2994	14.96590	2.2159661766077221	0.1481246850000000	0.1120192950000000
2998	4.95389	2.2525128302679760	0.1766547300000000	0.1467589650000000
3000	8.19245	2.2256793490094435	0.1553589500000000	0.0883728450000000
3002	9.68277	2.2228344193837875	0.1244706950000000	0.0845437850000000
3003	9.68277	2.1796843160761377	0.1555315950000000	0.0541867000000000
3006	9.66154	2.2197325093973945	0.1245185450000000	0.0790694400000000
3008	5.01363	2.3515171825789754	0.2705880000000000	0.0933411300000000
3012	4.27623	2.2623373329323098	0.1342801850000000	0.1173779700000000
3016	5.21969	2.3390129190892073	0.2301290000000000	0.1126922750000000
3018	5.26619	2.2425415820319436	0.1445837700000000	0.0746268800000000
3020	5.59896	2.2424977739240779	0.1385776800000000	0.1141817000000000
3021	5.59896	2.1567433901956248	0.1231472450000000	0.0439877550000000
3024	8.44299	2.2258131549678706	0.1537256700000000	0.1231090250000000
3025	8.44299	2.1810341621322755	0.1568265650000000	0.0858376050000000
3026	10.30760	2.2263073063234873	0.1560369100000000	0.0905123750000000
3028	5.95873	2.2378645230279961	0.1507748850000000	0.1144137950000000
3030	8.95530	2.2258579512611227	0.1463813600000000	0.0927869050000000
3031	8.95530	2.1823624868221305	0.1668324900000000	0.0469503900000000
3032	4.59982	2.2384733505015588	0.1304873750000000	0.0884587600000000
3034	4.74703	2.2448617641106270	0.1347919050000000	0.0632277750000000
3038	10.91730	2.2219892049670249	0.1348945900000000	0.0923042650000000
298	5.72922	2.2376501593998599	0.1324453000000000	0.0686358550000000
300	4.48033	2.2559221107355691	0.1692843750000000	0.1022732750000000
301	4.48033	2.1525008300912076	0.1334493200000000	0.0560773100000000
302	9.30426	2.2258917834559031	0.1424852250000000	0.1022385100000000
3040	4.47175	2.2530903390127817	0.1688877650000000	0.1053736450000000
3042	5.28955	2.2399306898912137	0.1462856500000000	0.0935091600000000
3046	4.45076	2.2577504776826358	0.1355858250000000	0.0660173250000000
3048	4.95637	2.2445607040658038	0.1324573050000000	0.0832507350000000
3050	6.73115	2.2364379232042015	0.1233032850000000	0.0832256050000000
3052	4.24874	2.2527529537261306	0.1455007850000000	0.1360733900000000
3058	5.59479	2.2362590172749770	0.1408997300000000	0.0940714350000000
3062	4.57984	2.2590166823622972	0.1456016500000000	0.0808907050000000
3064	4.72266	2.2489666002659972	0.1539904900000000	0.1074311000000000
3067	6.16990	2.2338484045094491	0.1541835200000000	0.1212402350000000
3068	4.07954	2.2481204471937790	0.1081749850000000	0.0767133650000000
3070	5.25119	2.2332472094092779	0.1424415550000000	0.0820036500000000
3072	6.56144	2.2347308230097469	0.1661420250000000	0.0831467300000000
3078	4.22833	2.2611749544054538	0.1745164950000000	0.0839480350000000
3080	5.71492	2.2420718048076775	0.1503386450000000	0.0944436350000000
3084	4.92164	2.2486192159519982	0.1453730100000000	0.0991325800000000
3088	6.05933	2.2383410511444373	0.1659923300000000	0.0793186900000000
3090	11.04760	2.1965595558651425	0.1583606500000000	0.1243919650000000
3092	9.08518	2.2219659599564081	0.1140053650000000	0.0795724700000000
3093	9.08518	2.1821386338713351	0.1651267900000000	0.1027454900000000
3094	4.01301	2.2555098516542218	0.1991617150000000	0.1162440650000000
3096	7.97027	2.3976647376203837	0.2672569650000000	0.1241505850000000
3097	7.97027	2.1822540595075610	0.1541994900000000	0.0821496850000000
3098	4.38017	2.2465367730227617	0.1531699050000000	0.0687163250000000
3100	6.43345	2.2375599789175942	0.1472880700000000	0.0910643950000000
3104	4.34008	2.2473470016207373	0.1257269150000000	0.0813861200000000
3110	13.23870	2.2190070613452133	0.1422757750000000	0.0774586350000000
3112	4.78521	2.2312238517595913	0.1305401650000000	0.0670716950000000
3114	4.29999	2.2496454605285856	0.1338375900000000	0.0950710100000000
3116	4.66860	2.2497508877583856	0.1558148650000000	0.1106548550000000
3118	6.78583	2.2401868682693862	0.1440904950000000	0.0668076750000000
304	4.35666	2.2481991009523195	0.1295733700000000	0.0833589200000000
310	11.78130	2.2188807665575818	0.1464255500000000	0.1031562000000000
3120	5.42970	2.2324507119911861	0.1391513300000000	0.1053113200000000
3124	4.41995	2.2404222220459964	0.1342110200000000	0.1064641000000000
3128	4.06100	2.2633995458599263	0.1557246200000000	0.1003632900000000
3130	5.00992	2.2437778551056660	0.1408735300000000	0.0784553450000000
3132	13.21360	2.2102680737475020	0.1467700500000000	0.0789417950000000
3136	4.21009	2.2509029474685622	0.1331803150000000	0.0988221100000000
3138	4.94001	2.2475638459920488	0.1437379750000000	0.0638060150000000
3142	5.68922	2.1743270598470472	0.1561476550000000	0.0907372150000000
3144	4.11924	2.2548551908099275	0.1517497500000000	0.0897513850000000
3146	7.78009	2.2294133379335257	0.1225784250000000	0.0643711800000000
3148	4.41958	2.2578203095251874	0.1521093250000000	0.0562136750000000
3152	4.75031	2.2367557525312831	0.1447726750000000	0.0964442550000000
3153	4.75031	2.2358692123718127	0.1525938050000000	0.1326512300000000
3154	6.13193	2.2358941060842032	0.1517979350000000	0.1199668550000000
3158	5.74657	2.2371853307329874	0.1683189950000000	0.1396122450000000
3160	4.38829	2.2479031067587139	0.1430103300000000	0.1017618500000000
3162	4.47027	2.2528971477137736	0.1586579150000000	0.0484408250000000
3164	5.20138	2.2408303298615517	0.1306994450000000	0.0859052100000000
3166	4.20967	2.2542308518235088	0.1356999350000000	0.0867438050000000
3168	4.81774	2.2483190863364224	0.1183356450000000	0.0921207550000000
3170	4.60942	2.2513158017994588	0.1300401450000000	0.1087744300000000
3172	4.35084	2.2519392224291237	0.1187815300000000	0.0833015400000000
3174	5.11026	2.2440329597645210	0.1440178950000000	0.0963963000000000
3176	4.34000	2.2446771790638316	0.1422442500000000	0.0867249500000000
3178	4.39618	2.2507306947566788	0.1636789900000000	0.1057722850000000
3180	4.29221	2.2485513666596275	0.1470714350000000	0.0745326100000000
3182	5.62373	2.2418644166270632	0.1436677400000000	0.0381833050000000
3184	6.99027	2.2320236199359633	0.1434534750000000	0.1142098550000000
3186	5.89004	2.2424971615193017	0.1579212500000000	0.0486615700000000
3188	4.75661	2.2989269824285219	0.2395926400000000	0.1252365150000000
3190	4.31221	2.2519459818302163	0.1503776250000000	0.1003630200000000
3192	5.32008	2.2461040833167449	0.1374118150000000	0.0921465700000000
3194	4.17145	2.2485577982600682	0.1576831200000000	0.1068723850000000
3195	4.17145	2.1563694045432364	0.1354377900000000	0.0716644150000000
312	6.42442	2.2352193510668048	0.1420905000000000	0.1065970400000000
314	5.20148	2.2469059750910163	0.1270547450000000	0.0827735200000000
315	5.20148	2.1729927643191207	0.1534507950000000	0.0692681200000000
316	8.45468	2.2274077118480720	0.1278371100000000	0.0722764550000000
318	4.10089	2.2503794248307298	0.1960555050000000	0.1340579150000000
24	6.39008	2.2312475834937411	0.1546770500000000	0.1059107450000000
26	6.09737	2.2378624032816403	0.1226740000000000	0.0910995450000000
28	5.95941	2.2313527523263330	0.1486972400000000	0.1058962450000000
30	4.08821	2.2545700625049667	0.1281102750000000	0.0902771150000000
320	11.69890	2.2249946810856085	0.1621665850000000	0.0730431100000000
322	4.72290	2.2462296723110691	0.1492538900000000	0.1051002550000000
324	5.87348	2.2285902413961627	0.1510901450000000	0.0821943650000000
326	6.53933	2.2364566599747429	0.1697251900000000	0.0935375650000000
328	6.99964	2.2385932935168933	0.1713154800000000	0.1167978950000000
330	4.00913	2.2577397260362009	0.1418865450000000	0.1060099700000000
332	5.18578	2.2472557995865174	0.1402314900000000	0.0508773500000000
334	4.27849	2.2531537372509622	0.1419742000000000	0.0866987650000000
336	4.86590	2.2426083063478917	0.1507492500000000	0.0935718350000000
338	4.59223	2.2551790197197921	0.1873494950000000	0.1046382100000000
340	7.84714	2.2286907193687626	0.1538238850000000	0.1029544700000000
342	5.06002	2.2403446907955913	0.1295839550000000	0.0794262300000000
344	5.97000	2.2170112361470258	0.1194580850000000	0.1247369550000000
352	5.20191	2.2473429007585444	0.1568761550000000	0.0698922250000000
354	12.23160	2.2301526617948926	0.1692485350000000	0.0838637150000000
356	5.38920	2.2464002561107650	0.1418828300000000	0.1272553150000000
358	6.98731	2.2919091784665264	0.1990543000000000	0.1303887650000000
362	4.48027	2.2527149988624231	0.1409832050000000	0.1019472550000000
364	5.02670	2.2398625930004501	0.1205087000000000	0.0690077350000000
366	4.28634	2.2412476700391575	0.1287936700000000	0.0976853750000000
368	4.57993	2.3777035355460150	0.2383846300000000	0.1034054650000000
370	4.38007	2.2496153617985675	0.1489086800000000	0.1088809350000000
372	4.99183	2.2519369784451433	0.1572710500000000	0.0697684600000000
374	7.54955	2.2331453749266337	0.1485052400000000	0.0690966150000000
375	7.54955	2.2306284810745622	0.2018059700000000	0.0795022300000000
376	4.88651	2.2517042348279781	0.1228421200000000	0.0942271950000000
378	8.36841	2.2261447150580085	0.1629438550000000	0.1085496800000000
380	5.25044	2.2439470384326348	0.1341066400000000	0.0656112600000000
382	5.55295	2.4185408111956650	0.2661958149999999	0.1322611100000000
386	8.63574	2.2278015918684817	0.1590324100000000	0.1034426800000000
388	5.01801	2.2413968515286702	0.1487121600000000	0.0929800900000000
390	4.07706	2.2590188227412562	0.1522837050000000	0.0859478200000000
392	4.76010	2.2398682125541405	0.1438570300000000	0.1254940150000000
394	4.96945	2.2487033631717699	0.1311645550000000	0.0910800500000000
396	5.97077	2.2387011048508620	0.1679675850000000	0.1387395650000000
397	5.97077	2.1640351429686406	0.1596126700000000	0.0986370550000000
32	5.00000	2.2427729172659583	0.1399797600000000	0.0905375000000000
34	4.59597	2.2455845553515115	0.1635883850000000	0.0888743200000000
36	11.42750	2.2127551118575979	0.1637751900000000	0.1372916650000000
37	11.42750	2.1834614918964608	0.1435485150000000	0.0862067800000000
38	7.71594	2.2309114525574709	0.1396197600000000	0.0550818900000000
400	13.25910	2.2179529504321622	0.1510310050000000	0.0878845350000000
402	4.80712	2.2447603754539212	0.1479319850000000	0.1097809550000000
404	5.17820	2.2385205212167145	0.1618199900000000	0.0568885600000000
406	4.72298	2.2393486639451838	0.1508127450000000	0.1056084700000000
408	4.83876	2.2418031844676323	0.1301695400000000	0.1009027200000000
414	5.02974	2.2456635285635747	0.1553953150000000	0.1048812300000000
416	19.16470	2.2090178424734930	0.1455025250000000	0.1156265800000000
417	19.16470	2.1808273936709064	0.1713556300000000	0.1061502050000000
418	4.62812	2.2380177043245197	0.1520908250000000	0.1258485150000000
420	10.91070	2.2249243191207686	0.1651993600000000	0.0787399900000000
422	4.49919	2.2438984421665826	0.1960906850000000	0.1082586500000000
424	4.41018	2.2543720838909911	0.1675259200000000	0.1012373550000000
426	4.14775	2.3143569170968887	0.2031416250000000	0.1302683000000000
428	4.01005	2.2613967048711352	0.1271854900000000	0.0574629500000000
432	12.00770	2.2192664587218101	0.1454034150000000	0.1116196000000000
433	12.00770	2.1842047373104037	0.1459394300000000	0.0954367350000000
440	4.69001	2.2346862794181459	0.1433118100000000	0.1096153150000000
442	5.97021	2.2350616497204538	0.1487031000000000	0.1125444550000000
444	4.01200	2.2515906056041186	0.1378116400000000	0.0976501750000000
446	3.99999	2.2503871905768800	0.1161170300000000	0.0847610800000000
448	4.38024	2.2443262378564715	0.1614881750000000	0.0849378900000000
450	10.69890	2.2157286592513041	0.1027784400000000	0.0741329650000000
451	10.69890	2.1802384367778807	0.1205923750000000	0.0894385050000000
452	5.10067	2.2395467266759272	0.1477446900000000	0.0894658550000000
454	5.28648	2.2469203520788121	0.1444210900000000	0.0525886600000000
456	7.52274	2.2329856417946883	0.1401341250000000	0.0836262750000000
458	5.24962	2.2274756991894433	0.1700836100000000	0.0664010050000000
460	4.80720	2.2471477401799884	0.1384746600000000	0.0981939700000000
462	5.32730	2.3084929123694162	0.2116127300000000	0.1466466450000000
464	4.45389	2.2539864128595131	0.1480696400000000	0.0755129400000000
466	5.10844	2.2464057230738237	0.1444711600000000	0.0900558900000000
468	4.35962	2.2875455550140651	0.2065567600000000	0.1312197050000000
470	4.69002	2.2452348420625405	0.1305303900000000	0.0822404200000000
472	5.52889	2.2398096851539653	0.1170750300000000	0.0866027150000000
473	5.52889	2.2678019361348039	0.2158173150000000	0.0975955500000000
474	5.01269	2.2439709865555595	0.1424639800000000	0.1104968400000000
476	4.28973	2.2425464644642306	0.1208968650000000	0.0914927150000000
40	4.72137	2.2469683960725173	0.1346566300000000	0.0962566400000000
42	5.30174	2.2390783841549267	0.1577175450000000	0.0738715650000000
43	5.30174	2.7274935158279452	0.2965672750000000	0.0642409250000000
44	4.88565	2.2460776407070240	0.1663458300000000	0.1474610150000000
46	4.86181	2.2480713374148458	0.1322818050000000	0.0911294650000000
480	9.18256	2.2233526892543356	0.1371078050000000	0.0987838750000000
482	4.07001	2.2476779854416851	0.1631551350000000	0.1370394850000000
484	4.84521	2.2482976298367561	0.1560409650000000	0.0757943800000000
486	5.16271	2.2434965231769821	0.1476214850000000	0.1239252600000000
488	6.47736	2.2352264818574588	0.1400447800000000	0.1018964150000000
490	6.05020	2.2445879754734119	0.1552510350000000	0.0963694450000000
492	4.09257	2.2359036014052420	0.1495771750000000	0.0457862600000000
494	8.00877	2.2276871568891559	0.1342508250000000	0.1079761750000000
496	4.60806	2.2488538208135065	0.1520009900000000	0.0936302000000000
500	9.56550	2.2253103411687247	0.1407791000000000	0.0994677950000000
501	9.56550	2.1692219689535430	0.1243999750000000	0.0855081050000000
502	4.17605	2.2426554185249170	0.1412179750000000	0.1055766250000000
506	4.44068	2.2448019302138196	0.1388241450000000	0.1276208700000000
512	4.50597	2.2492169297041174	0.1350355400000000	0.0926728450000000
514	5.80851	2.2377382972198387	0.1514144300000000	0.1163676700000000
516	5.57690	2.2405257248065715	0.1543557700000000	0.1278638850000000
520	4.83509	2.2379550830453816	0.1389265750000000	0.1047518300000000
522	4.93996	2.2467307906145102	0.1594453000000000	0.0684151650000000
524	5.93792	2.2414970448456080	0.1577812400000000	0.0926937200000000
526	5.33980	2.2431957532333020	0.1521288650000000	0.1199188150000000
528	5.22447	2.2388360115621402	0.1220724950000000	0.0958918550000000
530	7.65335	2.2269476373650297	0.1493271800000000	0.0884448150000000
532	4.49980	2.2529622017946132	0.1512021950000000	0.0893741950000000
534	4.17992	2.2481477154184972	0.1279629450000000	0.0753679850000000
536	6.17766	2.2385781664354059	0.1598650950000000	0.1375582050000000
542	4.78748	2.2432092665749548	0.1578719150000000	0.0987091050000000
544	8.30517	2.2440152787104912	0.2011407850000000	0.1275088850000000
546	4.66661	2.2399988547503300	0.1523497800000000	0.1036751650000000
548	4.13510	2.2524595975130257	0.1471742650000000	0.1063752200000000
550	5.97092	2.2364482598655759	0.1077654400000000	0.0732194850000000
551	5.97092	2.2100638967087152	0.1883702200000000	0.0750775150000000
552	4.13999	2.1919420043900444	0.3023568450000000	0.1291444900000000
553	4.13999	2.4186170645755127	0.2944124350000000	0.0451597600000000
554	4.87395	2.2425647227456853	0.1268445400000000	0.0802944350000000
556	5.28839	2.2374933655916349	0.1554231100000000	0.1113167200000000
558	4.91079	2.2378294761258042	0.1534624850000000	0.1121282950000000
48	5.98162	2.2396792150046476	0.1636082000000000	0.0991388700000000
50	4.65639	2.2252887527520073	0.1219058650000000	0.0910401450000000
52	16.74470	2.2118202105717444	0.1371809350000000	0.0413121250000000
560	6.12474	2.2393828179892186	0.1502200250000000	0.1156345700000000
562	5.92542	2.2253973223649450	0.1076297150000000	0.0950073250000000
564	5.28955	2.2409598803704887	0.1351289500000000	0.0967786700000000
566	4.54190	2.2822437975359486	0.2687957100000000	0.1483065100000000
568	5.29829	2.2399596998949880	0.1407275300000000	0.1157597600000000
570	13.32050	2.2209137592586710	0.1545412450000000	0.0975913950000000
572	8.19246	2.2287397846413102	0.1547091700000000	0.0751631900000000
574	5.42940	2.2404959382154970	0.1487205400000000	0.1001582700000000
576	5.51229	2.2346118706663520	0.1204560300000000	0.0756027750000000
578	6.71299	2.2383173211193825	0.1502242000000000	0.0911170200000000
580	7.37675	2.2279268808750414	0.1523555350000000	0.0915075900000000
582	4.27199	2.2478248875253097	0.1273594200000000	0.0932496850000000
585	5.13333	2.1805626517089651	0.1644081250000000	0.0614592350000000
588	4.95559	2.2425721784433601	0.1467429000000000	0.0716677700000000
590	10.20320	2.3868907715529537	0.2635452700000000	0.1070929950000000
591	10.20320	2.1913511287636789	0.1476090200000000	0.1211657600000000
592	5.47005	2.2395496693443722	0.1626782600000000	0.0999706100000000
594	4.59101	2.2504221477494029	0.1682690700000000	0.0980961200000000
598	6.13030	2.2358956497545304	0.1375286350000000	0.0911716300000000
602	4.91992	2.2555753533716261	0.1636051350000000	0.1016299750000000
604	7.96701	2.2222201398931061	0.1450254850000000	0.0968387950000000
606	4.24997	2.2499156696608353	0.1311943950000000	0.0812665200000000
608	4.74682	2.2461693556352111	0.1726622050000000	0.1021630300000000
612	15.79580	2.2012747197058586	0.1430739850000000	0.1101386050000000
614	7.96823	2.2289017475208350	0.1285572500000000	0.0690398950000000
616	5.75065	2.2309750686202832	0.1568927000000000	0.0956292100000000
618	5.39051	2.2390646989300218	0.1541626950000000	0.0940212600000000
620	4.99862	2.2471663192703737	0.1433156650000000	0.0906603450000000
622	4.00730	2.2580954417625203	0.1333255250000000	0.1065748550000000
624	5.00235	2.2250582806056052	0.1334445000000000	0.0690543800000000
626	7.71899	2.2294045447252491	0.1469370400000000	0.1058556250000000
628	7.78068	2.2303981806996309	0.1396811350000000	0.0930460200000000
630	7.58673	2.2199410366872687	0.0753054750000000	0.1030415650000000
632	4.51447	2.2379080890150242	0.1583160700000000	0.0816771800000000
638	5.39993	2.2466253367720186	0.1246686350000000	0.0691536550000000
56	4.27006	2.2596591048413188	0.1557118600000000	0.1010598950000000
60	4.04813	2.2578845827797465	0.1406039650000000	0.0671000150000000
640	6.60590	2.2396135276787357	0.1766739050000000	0.1037330500000000
641	6.60590	1.9106462155063411	0.0929941250000000	0.5563614849999999
642	5.30005	2.2481176536748348	0.1605768600000000	0.1247394000000000
644	4.20982	2.2445898408399958	0.1295038600000000	0.0674961850000000
646	5.04993	2.2414335393347771	0.1388309200000000	0.0706754500000000
648	5.16018	2.2439937015948108	0.1493747100000000	0.1288695450000000
650	5.68948	2.2372079402184726	0.1498718600000000	0.0585612500000000
652	5.04957	2.2452952607808587	0.1676736800000000	0.1253355700000000
658	11.91340	2.2222322259631073	0.1627960450000000	0.1012427050000000
660	4.39697	2.2520556728999397	0.1642386850000000	0.0794916150000000
662	4.80723	2.2438288363456032	0.1282652950000000	0.0734966450000000
664	4.25844	2.2380277313994261	0.1608768750000000	0.0888512450000000
666	4.26001	2.2502822680924637	0.1301546550000000	0.1027154150000000
668	6.19983	2.2361477937461127	0.1404516550000000	0.1116585950000000
672	8.53196	2.2776303634655899	0.2005931000000000	0.0990511150000000
673	8.53196	2.1860605257947436	0.1770357300000000	0.1059265800000000
674	6.29109	2.2436692703128496	0.1610704000000000	0.1301786800000000
680	5.55312	2.2374777424006393	0.1581102850000000	0.0777771100000000
684	4.81861	2.2419946114285647	0.1288433350000000	0.0885940700000000
686	6.88888	2.2268710175917419	0.1496871650000000	0.0505390250000000
690	8.86501	2.2211350904774148	0.1055090750000000	0.0708463400000000
692	4.72836	2.2502295634699192	0.1483430150000000	0.1104570800000000
694	4.26026	2.2466470628390756	0.1587999800000000	0.1131256200000000
696	7.24264	2.2278784977613433	0.1453472150000000	0.0864118600000000
700	6.63621	2.2336612458056031	0.1357239900000000	0.0653118450000000
702	4.01006	2.2437437129547830	0.1369593050000000	0.1201790700000000
704	4.18303	2.2407627547715943	0.1433692500000000	0.1258951250000000
706	4.21997	2.2600448175530130	0.1471262200000000	0.0419795150000000
710	4.99021	2.2487976659670186	0.1326854150000000	0.0792213100000000
712	4.16844	2.2651401625772656	0.1588427500000000	0.1096581250000000
714	4.85701	2.2379383864548825	0.1568789350000000	0.0898524300000000
718	4.49795	2.2474916013801471	0.1459679300000000	0.0447184750000000
64	4.05404	2.2532346674145223	0.1417248800000000	0.0842416150000000
66	4.12811	2.2515881891164176	0.1554597850000000	0.0943730400000000
70	4.99201	2.2470705468766337	0.1407425100000000	0.0901554850000000
720	4.86081	2.2509663285571508	0.1614638100000000	0.0906337350000000
722	9.55964	2.2272349630658854	0.1146398300000000	0.0770351700000000
724	5.58146	2.2339458303170132	0.1445758200000000	0.0639150300000000
726	4.48954	2.2387334600357089	0.1381156800000000	0.1021226200000000
728	5.37312	2.2399117081383624	0.1292982150000000	0.1192504600000000
730	4.04598	2.2593912398649914	0.1187213100000000	0.1121200400000000
734	5.81957	2.2390849969042419	0.1525676050000000	0.1163531900000000
736	4.71994	2.2533359385107463	0.1674206050000000	0.0957856250000000
738	4.39812	2.3113564983201562	0.1945843350000000	0.1154710300000000
740	5.73561	2.2431951063160867	0.1453368250000000	0.0957949950000000
741	5.73561	2.1821342947749276	0.1235331150000000	0.0961040300000000
742	4.34562	2.2403099642444628	0.0842458150000000	0.1017149600000000
746	5.02036	2.2477026623097802	0.1509543650000000	0.0778435250000000
748	10.29080	2.2258475227905756	0.1508542950000000	0.0693246100000000
752	7.13508	2.2328373111594106	0.1517019900000000	0.1108365200000000
754	4.57918	2.2449551242521526	0.1632229100000000	0.1104158900000000
756	5.96899	2.2186646024478125	0.1661598600000000	0.1296371000000000
760	4.93558	2.2472899428465456	0.1491974850000000	0.1006305850000000
762	4.49133	2.2464587653524379	0.1426770950000000	0.0643178050000000
764	5.32050	2.2262550504363712	0.1556230850000000	0.1508651300000000
766	6.03861	2.2394416496005909	0.1503525400000000	0.0970200500000000
768	6.49957	2.2278264158107874	0.1154080650000000	0.0860710850000000
772	4.01021	2.2282361078483039	0.1039367950000000	0.0839499700000000
774	4.84509	2.2351888902544172	0.1341778350000000	0.0988093550000000
776	6.40735	2.2313499738278004	0.1427887900000000	0.0986201600000000
778	6.98751	2.2368329467441650	0.1295359600000000	0.0843514750000000
780	4.63996	2.2500246895551985	0.1519577700000000	0.1455534050000000
782	5.28004	2.2391106484211680	0.1546224800000000	0.1279275450000000
784	6.20121	2.2350918280881493	0.1466416500000000	0.0829634550000000
786	6.00964	2.2347536517958853	0.1094240950000000	0.0789858300000000
788	5.78503	2.2310312271799497	0.1317422400000000	0.1172512400000000
790	5.27576	2.2383291943816928	0.1538927300000000	0.1037889550000000
792	4.44731	2.2446843430727474	0.1464711150000000	0.1054270600000000
793	4.44731	2.3241675996809530	0.2428839900000000	0.0299519750000000
794	4.28445	2.2530030215978387	0.1627791650000000	0.1168853900000000
796	5.91367	2.2333412334734941	0.1344776750000000	0.0780216150000000
798	4.83879	2.2431917307504796	0.1238342450000000	0.0724424550000000
799	4.83879	2.2125321603955999	0.2008003100000000	0.0570864650000000
72	9.58719	2.2252627725988718	0.1447630600000000	0.0674496650000000
74	4.85628	2.2503418563599116	0.1383941950000000	0.1028555550000000
76	4.73062	2.2400558475584287	0.1317684600000000	0.0875864850000000
78	5.98490	2.2358601229528743	0.1253602500000000	0.0886088400000000
