0	147.49000	2.2927889729793809	0.2302159100000000	0.1028055450000000
4	4.35645	2.2529902594970483	0.1491093700000000	0.1142178050000000
6	4.69902	2.2550707992273136	0.1256365450000000	0.0827217800000000
802	9.13833	2.2277761161067415	0.1152533050000000	0.0774133950000000
804	4.74542	2.2560078225960480	0.1701505400000000	0.0970579700000000
808	4.77777	2.2606364600233069	0.1611474100000000	0.0970841250000000
810	4.50192	2.2621993057085077	0.1490044000000000	0.0701907700000000
812	4.12992	2.2689088333359413	0.1365837100000000	0.1530174500000000
814	5.51014	2.2597205747048741	0.1655445450000000	0.1203088800000000
816	4.70120	2.2423131699766761	0.1623854800000000	0.1077884200000000
820	5.49543	2.2482469722042371	0.1661040700000000	0.1152611750000000
822	4.02000	2.2699058809952581	0.1527036400000000	0.0702502100000000
824	5.48187	2.2367878705995383	0.1581760500000000	0.1070040600000000
826	5.02823	2.2453983109291675	0.1526950400000000	0.1095292300000000
828	4.39944	2.2594050626687681	0.1498214900000000	0.1146143000000000
830	4.76516	2.2570179265906622	0.1415483000000000	0.0815822100000000
834	4.69003	2.2564112967180510	0.1383063750000000	0.0465679650000000
836	9.14174	2.2191622773370008	0.1587270100000000	0.1084409700000000
838	11.07470	2.2275117239976474	0.1481801400000000	0.1057050600000000
842	7.66761	2.3645010031350928	0.2513540150000000	0.1723371700000000
844	5.82782	2.2355628856322420	0.1355990000000000	0.0875074900000000
846	4.41559	2.2482189328538733	0.1749318450000000	0.0692866300000000
850	5.91751	2.2438683505911690	0.1310843750000000	0.0830072700000000
856	4.41190	2.2550404988170851	0.1661613050000000	0.0781623050000000
858	4.98057	2.2485499004163176	0.1398494150000000	0.1334222550000000
860	4.86085	2.2415861346464818	0.1467051400000000	0.0871721900000000
862	4.83234	2.2583060434490618	0.1687467550000000	0.0996910950000000
864	4.09047	2.2546989910470199	0.1505177350000000	0.0821253300000000
866	4.16608	2.2500130877346227	0.1463925450000000	0.1085399450000000
872	4.02906	2.2525403088939138	0.1290517650000000	0.0821764700000000
878	4.54933	2.2563682437213255	0.1196323950000000	0.0642684300000000
80	5.11851	2.2390583376490523	0.1438830750000000	0.0632281950000000
82	4.14228	2.2555945873867529	0.1512533700000000	0.1075624200000000
84	6.99024	2.2431875223072679	0.1650852800000000	0.1098623400000000
86	4.43023	2.2545430925718848	0.1785460850000000	0.1014898150000000
882	4.12996	2.2331103911009471	0.1938838100000000	0.0880164200000000
886	4.24842	2.2616702552009382	0.1572647650000000	0.0956858650000000
888	6.76593	2.2359681715791826	0.1438883700000000	0.0790399950000000
890	4.95505	2.2393814708038873	0.1208461900000000	0.0769078800000000
892	5.01257	2.2564070181175579	0.1665460450000000	0.0796781200000000
894	9.01225	2.2293084447979070	0.1278313600000000	0.0940362750000000
896	4.86598	2.2481778940338888	0.1276368600000000	0.0750836650000000
900	4.50584	2.2463291777265071	0.1316181950000000	0.0889490900000000
902	4.70921	2.2475103226036932	0.1416416550000000	0.1115005050000000
904	4.73006	2.2590766652432408	0.1403889850000000	0.0669894050000000
906	7.99125	2.2277111011244188	0.1262602600000000	0.1042957850000000
907	7.99125	2.1653856244532461	0.1357177100000000	0.0950513200000000
908	5.04026	2.3263700307296871	0.2353435350000000	0.1153359150000000
910	4.24570	2.2398398925675691	0.1612044600000000	0.0680440100000000
912	4.86089	2.2559948331014970	0.1742736800000000	0.1083945650000000
920	4.84378	2.2503529174516328	0.1633807300000000	0.1233713950000000
922	4.80728	2.2636472600526534	0.1941443750000000	0.1316330050000000
930	4.67121	2.2590714843416735	0.1902876250000000	0.1311818650000000
932	4.53006	2.2468207007748737	0.1325517300000000	0.0912664650000000
934	4.34599	2.3109454843718429	0.2163427250000000	0.0909826800000000
938	4.13974	2.2547846347570699	0.1537336200000000	0.1059560150000000
940	4.62017	2.2449476265937154	0.1414314450000000	0.0812166550000000
942	4.78462	2.2490404767066630	0.1219917200000000	0.0678284850000000
944	4.71987	2.2607792821164940	0.1293642350000000	0.0665653950000000
946	6.24975	2.2224868342468986	0.1103563200000000	0.1005815350000000
948	4.02000	2.2559351809112100	0.1512854950000000	0.1207809750000000
950	10.71510	2.2225385740339956	0.1305184650000000	0.0916930300000000
954	8.53221	2.2298576353120079	0.1579253200000000	0.1031492400000000
956	4.00829	2.2541237294421750	0.1467591000000000	0.1294364700000000
958	16.47030	2.2173925986109460	0.1109112200000000	0.0878679550000000
88	5.11225	2.2371493672342555	0.1415518550000000	0.0926019750000000
94	6.88144	2.2402486809897790	0.1483518900000000	0.0555189150000000
960	5.30527	2.2507642080362831	0.1403422700000000	0.0992362650000000
962	4.08396	2.2629623314836720	0.1324810750000000	0.0902703450000000
968	4.86595	2.2039941339962890	0.1897103800000000	0.1166841400000000
970	5.00324	2.2432190639852592	0.1535921900000000	0.1151890800000000
974	5.07010	2.2458491901613593	0.1229612950000000	0.0567790700000000
976	6.08247	2.2382015581558821	0.1664341700000000	0.1002896750000000
978	5.95959	2.2400378401471794	0.1459970050000000	0.1106333350000000
980	4.01998	2.2591525511822015	0.1074829750000000	0.0663709750000000
982	4.16579	2.2483376308547447	0.1084984800000000	0.0791236850000000
984	4.28682	2.2548624907020218	0.1384619500000000	0.0661849900000000
988	5.02105	2.2516346601362698	0.1415395750000000	0.0936622500000000
990	4.13117	2.3049564766147710	0.2078092200000000	0.1361283550000000
994	5.46914	2.2517441397826685	0.1676782000000000	0.1134104750000000
996	4.81901	2.2496820609710779	0.1541908500000000	0.0650253300000000
998	4.05999	2.2382008506678863	0.0944148050000000	0.0903210950000000
1000	6.84932	2.2409647869706384	0.1663731350000000	0.0582008850000000
1002	4.06005	2.2637752088581391	0.1306126050000000	0.0696764700000000
1004	4.05646	2.2649327993389128	0.1605651400000000	0.1232682100000000
1006	4.73002	2.2512850144245378	0.1400664750000000	0.0768735900000000
1008	10.74660	2.2237109115409472	0.1476297600000000	0.0798311400000000
1009	10.74660	2.1677095256982217	0.1402834500000000	0.0508736750000000
1010	7.48502	2.2286509986694698	0.1836938050000000	0.0887046550000000
1012	4.85771	2.2554260866560587	0.1532812950000000	0.1079378200000000
1014	4.79428	2.2583132608702230	0.1367042850000000	0.0721891400000000
1016	5.42450	2.2476736855224599	0.1151984850000000	0.0921075700000000
1018	4.35595	2.2559051634530971	0.1815522150000000	0.1187753900000000
1020	4.59215	2.2495462119704985	0.1125905300000000	0.0664576550000000
1024	4.11828	2.2559745003908627	0.1431967600000000	0.0951082950000000
1026	5.42788	2.2421296651030591	0.1475567450000000	0.0661478850000000
1032	5.37206	2.2442393362649535	0.1491159600000000	0.0960257050000000
1036	6.19163	2.2374227537158951	0.1579976500000000	0.0915312650000000
1038	20.58720	2.2089875790818967	0.1401648800000000	0.0959675450000000
1039	20.58720	2.2409409826457956	0.2010521550000000	0.0963992400000000
96	4.49598	2.2045087982754512	0.1712538700000000	0.1097706100000000
100	4.44442	2.2556064736479735	0.1945758400000000	0.0813440450000000
102	11.84740	2.2220537239585907	0.1428428650000000	0.0707714300000000
103	11.84740	2.1843532355650068	0.1450554950000000	0.0644433450000000
1042	8.97676	2.2316863002927265	0.1493775250000000	0.0899109850000000
1044	7.71618	2.2323389214186369	0.1483116600000000	0.1235656100000000
1048	7.04994	2.2392821693383791	0.1451107750000000	0.1170126350000000
1050	4.79443	2.2391996610335281	0.1154688250000000	0.1069798500000000
1054	5.00964	2.2477074696188581	0.1400946100000000	0.1085197300000000
1056	13.19180	2.2400391065188741	0.1581990900000000	0.0465767400000000
1058	5.16946	2.2460796884221454	0.1494109800000000	0.1053078200000000
1060	4.42420	2.2564006929671270	0.1189906800000000	0.1020502750000000
1062	7.52754	2.2342544949093046	0.1447864400000000	0.1037622400000000
1064	4.13375	2.2632018023426612	0.1299830050000000	0.0981990850000000
1066	4.58473	2.2512844916414863	0.1539283400000000	0.0998483300000000
1068	4.03979	2.2646275333995902	0.1512296650000000	0.0991838100000000
1070	5.57741	2.2464027463953453	0.1495287700000000	0.1345317200000000
1074	5.15909	2.2455008921082680	0.1371572650000000	0.1058277400000000
1076	4.75638	2.2479351474690357	0.1292555900000000	0.0785156650000000
1078	9.13998	2.2260340946704127	0.1496896400000000	0.0870610150000000
1080	6.88055	2.2365293734484788	0.1568400100000000	0.0786738350000000
1082	4.01200	2.2100405278394950	0.1552238400000000	0.1612113850000000
1084	4.39977	2.2552397424386514	0.1837566700000000	0.1275176200000000
1090	5.32049	2.2469530207244484	0.1593056950000000	0.1077010300000000
1092	4.06107	2.2567406400682994	0.1673537150000000	0.1010395850000000
1094	5.02848	2.2552468681468412	0.1440290900000000	0.0915818750000000
1096	4.94043	2.2503501850466914	0.1422488400000000	0.0818323650000000
1098	4.99017	2.2435776157576868	0.1220286150000000	0.0674662350000000
1100	6.64546	2.2319529827333890	0.1243967150000000	0.0802280250000000
1104	4.56992	2.2500225535890523	0.1409894750000000	0.0527377300000000
1106	5.56954	2.2380992802484094	0.1639622300000000	0.0980533550000000
1108	4.29600	2.2549075614442522	0.1638107500000000	0.0988680750000000
1110	4.41101	2.3130834361427373	0.2555323799999999	0.1394118500000000
1114	6.80212	2.2378433579091235	0.1595264200000000	0.0880020850000000
1116	4.09318	2.2476771272147760	0.1209793150000000	0.0846099850000000
1118	4.94317	2.2511398584153390	0.1285190400000000	0.1177387700000000
104	4.17470	2.2598796567094399	0.1104495550000000	0.0833284050000000
106	4.24173	2.2551545500906696	0.1246583400000000	0.0959770500000000
108	6.74909	2.2458687088126257	0.1785719450000000	0.1204711200000000
110	4.95835	2.2556697687735352	0.1609948950000000	0.1205433550000000
1120	6.15791	2.2348409377042660	0.1409426400000000	0.0937855700000000
1122	4.50022	2.2450162461116050	0.1276178550000000	0.0934652500000000
1126	4.63993	2.2585084410578622	0.1669326050000000	0.1055717750000000
1128	4.73005	2.2586199980694524	0.1304827300000000	0.0719172100000000
1130	6.62189	2.2329852429965822	0.1517521750000000	0.1029934900000000
1132	4.82357	2.2527944669631008	0.1311527500000000	0.1060205150000000
1134	4.49785	2.2553945149990868	0.1566452150000000	0.0998335250000000
1136	4.52370	2.2558657120922683	0.1628281200000000	0.0701512050000000
1138	4.57963	2.2596921226739370	0.1682535350000000	0.0990033000000000
1140	4.33156	2.2567602105104867	0.1203474750000000	0.0543573100000000
1142	5.77021	2.2332991450702622	0.1452638600000000	0.1067317800000000
1147	8.21793	2.1701760455356158	0.1069925800000000	0.0892847500000000
1148	4.34715	2.2635004530332821	0.0940885600000000	0.1195282150000000
1149	4.34715	2.4041533931868364	0.2684476450000000	0.1733606800000000
1150	4.29202	2.2569120393163371	0.1419809000000000	0.0803853000000000
1152	6.15727	2.2359057280436767	0.1610412100000000	0.0885494100000000
1154	4.28273	2.2472947717695630	0.1337263700000000	0.1371803000000000
1156	4.92139	2.2596257088267966	0.1454784700000000	0.0733159550000000
1158	4.44046	2.2492303546916825	0.1182763900000000	0.1064465550000000
1166	4.99160	2.2528723912904076	0.1469293900000000	0.1225142300000000
1168	4.99998	2.2544944794669992	0.1258454500000000	0.0895855800000000
1170	4.44863	2.2553645244896066	0.1805131450000000	0.1361959500000000
1172	7.77621	2.2154602833930932	0.1215302250000000	0.0718421250000000
1176	8.82243	2.2245734595276567	0.1309365200000000	0.1045518600000000
1180	6.98595	2.2344095607961343	0.1240829250000000	0.0977415400000000
1182	4.13498	2.2461455742773091	0.1632457500000000	0.0730972100000000
1186	4.49995	2.2585472345898316	0.1465870950000000	0.0985500200000000
1190	9.36204	2.2267518500505026	0.1366954350000000	0.0755095500000000
1192	4.60472	2.2522759722586461	0.1596072950000000	0.0594651350000000
1194	5.00000	2.2462577561418486	0.1448812150000000	0.0825755050000000
1195	5.00000	2.1636590421617954	0.1528527900000000	0.0351237900000000
1197	4.78462	2.2171966726973160	0.1702278250000000	0.0815674550000000
112	4.34973	2.2607063473977589	0.1273496950000000	0.0969518200000000
114	5.67070	2.2418755917763038	0.1561137650000000	0.0657266250000000
116	4.16424	2.2545072106383377	0.1484725200000000	0.0675071850000000
118	4.02935	2.2604680294174306	0.1157387250000000	0.0775288300000000
1200	7.75231	2.2279704271866776	0.1567696450000000	0.1220379950000000
1202	4.35313	2.2513243859465191	0.1470279100000000	0.1028542350000000
1204	6.77997	2.2372557192800340	0.1462472650000000	0.0905594400000000
1206	6.99988	2.2386932487944984	0.1314427400000000	0.0931952650000000
1212	4.82000	2.3138317603448995	0.2004456050000000	0.0961149100000000
1214	10.74680	2.2265638766745899	0.1325780650000000	0.0714747000000000
1216	4.93969	2.2401859627766614	0.1340321150000000	0.0973590400000000
1218	7.34905	2.2289692332293378	0.1709564800000000	0.1484724300000000
1220	12.93590	2.2197375968356408	0.1552343050000000	0.1104252800000000
1222	4.15682	2.2606424249579891	0.1665504850000000	0.1118413550000000
1224	4.57009	2.2545775787490046	0.1756105950000000	0.0798271400000000
1226	4.35377	2.2287784031852222	0.1305758650000000	0.0665093850000000
1228	4.42998	2.2547881112709698	0.1172242450000000	0.0846575750000000
1230	5.20353	2.2449073643434785	0.1643410350000000	0.0945715700000000
1232	4.57896	2.2558219349410900	0.1626377500000000	0.0909817600000000
1234	5.14180	2.2471057289040401	0.1400832350000000	0.1134316600000000
1236	4.22672	2.2548549172485721	0.1012035900000000	0.0877506550000000
1240	6.10483	2.2402670427357703	0.1446493750000000	0.0633956000000000
1242	5.75275	2.2406379566080146	0.1539229300000000	0.1447188650000000
1244	4.25318	2.2604457172124826	0.1327983200000000	0.0911214500000000
1246	4.67784	2.2537702789870631	0.1157017150000000	0.0561164300000000
1248	4.14212	2.2619139058172015	0.1159495950000000	0.0776810000000000
1250	7.39761	2.2359492028169781	0.1605368900000000	0.1071111000000000
1252	4.82270	2.2537801452098010	0.1321849750000000	0.0690399950000000
1254	4.41000	nan	nan	0.0000000000000000
1256	5.28996	2.2543869342144656	0.1670770000000000	0.0464641650000000
1258	6.13964	2.2371197366604134	0.1213332000000000	0.0985733350000000
1260	5.95341	2.2782202787451551	0.2046179300000000	0.1370349350000000
1264	4.59321	2.2562515875227951	0.1454383450000000	0.0743671950000000
1266	4.18517	2.3561236393202378	0.2258286750000000	0.1255863200000000
1268	7.77916	2.2332100801429910	0.1434157950000000	0.1069896300000000
1270	5.12282	2.2441822847234540	0.1207835750000000	0.1188761250000000
1274	7.78094	2.2218187700904397	0.1596617400000000	0.0557053500000000
1276	6.23931	2.2401838859209615	0.1331687700000000	0.0530830550000000
120	4.49998	2.2654112148658396	0.1796369050000000	0.1007081000000000
122	4.12503	2.2563104005643639	0.1331076850000000	0.0955384050000000
126	4.67039	2.2545841776661057	0.1147636250000000	0.0545340100000000
1280	4.86258	2.2460834591086067	0.1554025850000000	0.0903677100000000
1282	9.14179	2.2283742155926958	0.1262936100000000	0.0820272000000000
1284	8.93260	2.2307765996285216	0.1470889700000000	0.1191319500000000
1286	16.78930	2.2159115779559646	0.1388091300000000	0.0925288350000000
1288	4.10059	2.2563925882828637	0.1112818850000000	0.0951539900000000
1290	4.41996	2.2583805654526667	0.1789555600000000	0.1302289900000000
1294	41.53440	2.2035248189963732	0.1378605250000000	0.0904780150000000
1295	41.53440	2.1934462025258243	0.1632727900000000	0.1203213100000000
1296	4.83472	2.2462794947132751	0.1434636550000000	0.0869017050000000
1298	4.20010	2.2598374173126792	0.1395224950000000	0.0991937100000000
1300	5.56063	2.2491033220145025	0.1507551150000000	0.1028923850000000
1306	26.52460	2.2097360359394052	0.1506753600000000	0.0430925550000000
1308	5.28082	2.2479637393089669	0.1350994450000000	0.0877445400000000
1310	4.21926	2.2727659651747150	0.1414429500000000	0.0962816750000000
1312	4.92507	2.2494983303173242	0.1260978850000000	0.0861262600000000
1316	8.20009	2.2205515644173386	0.1012078550000000	0.0888953700000000
1318	4.28512	2.2211837243370605	0.2080556950000000	0.1432576300000000
1320	4.50593	2.2494530861203543	0.1213502400000000	0.1042772450000000
1322	4.92764	2.2462469401571838	0.1471128550000000	0.1222818150000000
1324	4.19051	2.2615983060835623	0.1477648100000000	0.1094850950000000
1326	5.08958	2.2495737194987400	0.2032042100000000	0.1259734250000000
1328	6.31772	2.2339257600473403	0.1261836550000000	0.0700138650000000
1330	4.42435	2.2588229122370680	0.1161538700000000	0.0817807600000000
1334	6.43223	2.2383430468326173	0.1286529450000000	0.0700408950000000
1336	5.40002	2.2481238635469158	0.1735364200000000	0.0962563050000000
1338	4.29983	2.2607635183179586	0.1145354800000000	0.0882086400000000
1340	4.74091	2.2162414366159728	0.0914082700000000	0.1365733100000000
1346	4.12469	2.2563177518167441	0.1253609000000000	0.1070053650000000
1348	4.19133	2.2596127004564535	0.1196079650000000	0.0961088650000000
1350	19.24980	2.2399368516995919	0.2437932300000000	0.1419424250000000
1352	6.49995	2.2394503629153215	0.1301959450000000	0.0815554100000000
1354	4.93868	2.2508551884623200	0.1545356700000000	0.1173600850000000
1356	5.16798	2.2496730703101013	0.1603524300000000	0.0676894800000000
130	4.41998	2.2546232683367466	0.1411853100000000	0.1136596700000000
132	4.26004	2.2597094396600794	0.1510272000000000	0.1065270450000000
1360	4.34000	2.2596646220701824	0.1224027200000000	0.0752366700000000
1362	4.19857	2.2579493219512186	0.1169150250000000	0.0872124950000000
1366	4.28500	2.2650222942891767	0.1369313550000000	0.0537159050000000
1368	4.33103	2.2563403241317186	0.1518829250000000	0.0563475500000000
1370	5.01810	2.2576933877279290	0.1369943750000000	0.0848318800000000
1372	4.83900	2.2478523261490602	0.1128769950000000	0.0818269600000000
1374	11.70160	2.2234280886515361	0.1232434800000000	0.0763901850000000
1376	4.18779	2.2562897269062927	0.1172533250000000	0.0740764950000000
1378	4.30225	2.2554134098072445	0.1646530750000000	0.1062994100000000
1380	4.47979	2.2561707938759810	0.1441857200000000	0.0832631200000000
1382	4.19429	2.2624426923067498	0.1542156400000000	0.0788855200000000
1384	4.74990	2.2467809454725733	0.1331970750000000	0.0939793300000000
1386	4.46202	2.2550181020165816	0.1413850750000000	0.0531427550000000
1388	7.51339	2.2247926974624428	0.1232657150000000	0.1012527950000000
1390	4.07593	2.2588708643406252	0.1702206950000000	0.1204142800000000
1392	4.50586	2.2512538194801874	0.1216157750000000	0.1063990450000000
1394	5.40028	2.2459118313550102	0.1267942550000000	0.0992376750000000
1396	4.21001	2.2639494053438658	0.1326424250000000	0.0987369650000000
1398	4.55972	2.2455772305041077	0.1724113250000000	0.1126311650000000
1400	6.45934	2.2396142399594341	0.1553388550000000	0.1206840950000000
1404	5.63143	2.2475739217840012	0.1376582550000000	0.0782195450000000
1406	5.45344	2.2386748629364512	0.1060887450000000	0.1007867000000000
1410	3.99999	2.2619362092396273	0.1394041950000000	0.1264314350000000
1412	5.06884	2.2433152318302687	0.1486405000000000	0.1083769350000000
1414	5.17088	2.2493692955646885	0.1271767550000000	0.0518245950000000
1416	4.16630	2.2575045738026436	0.1407559150000000	0.0772839850000000
1418	4.45962	2.2596245717947636	0.1403556450000000	0.0725260500000000
1420	4.96768	2.2534471996737757	0.1218228100000000	0.0705303850000000
1422	6.48742	2.2843125806989630	0.1523369750000000	0.1146535550000000
1424	4.55737	2.2437267433464951	0.1439892650000000	0.1201557600000000
1426	4.59597	2.2376336432337576	0.1615079550000000	0.0904599950000000
1430	4.82750	2.2408948132930036	0.1665159600000000	0.0991081050000000
1432	4.74588	2.2482682828256220	0.1648480050000000	0.0322903400000000
1436	4.05549	2.3565878742717210	0.2201938000000000	0.0970880750000000
1438	4.35346	2.2448274547130112	0.1149450150000000	0.1141551750000000
136	8.85313	2.3021652490421483	0.2385557150000000	0.1280894650000000
138	5.65792	2.2267160588951587	0.1193883700000000	0.0773575750000000
142	7.11878	2.2393610577422560	0.1283801950000000	0.0907081500000000
1440	14.84560	2.2209333439960575	0.1574960900000000	0.1137249500000000
1442	5.15863	2.2297924147610395	0.1396094550000000	0.1018419250000000
1444	4.52015	2.2491099736506888	0.1114240800000000	0.0763524650000000
1446	13.19560	2.2099292168670321	0.1398033250000000	0.0928390900000000
1447	13.19560	2.1838193027287662	0.1370482750000000	0.0961674550000000
1452	26.14010	2.2016188201379028	0.1392642200000000	0.0904017600000000
1453	26.14010	2.1934636570033255	0.1450509800000000	0.1012052900000000
1458	6.81732	2.2379069835712415	0.1436291900000000	0.0807010700000000
1462	4.30914	2.2527315852660479	0.1976156800000000	0.0960962100000000
1464	4.88418	2.2553816035562324	0.1611386650000000	0.0966299450000000
1466	5.14388	2.2373666760834849	0.1116764750000000	0.1199229550000000
1468	5.40044	2.2476770860210720	0.1381617250000000	0.1191514950000000
1474	16.46020	2.2152242628311600	0.1487136050000000	0.0851807250000000
1476	4.04919	2.2560765321246818	0.1125560750000000	0.0782200200000000
1478	4.73253	2.2513326600554979	0.1397087600000000	0.0604850300000000
1480	4.41109	2.2528652856776992	0.1447401850000000	0.0673155500000000
1482	8.11443	2.2325307613460850	0.1750525100000000	0.0742231750000000
1484	4.90953	2.2499892117250901	0.1426958700000000	0.1041953950000000
1486	4.76000	2.2466668622716917	0.1402409450000000	0.0743367650000000
1488	4.99997	2.2502446043490405	0.1342444350000000	0.0870066500000000
1492	4.27256	2.2572044665606441	0.1898014800000000	0.1458788200000000
1494	8.85629	2.2272525171784467	0.1306959950000000	0.0658730900000000
1496	4.43155	2.3280794857274123	0.2096993800000000	0.1427644000000000
1498	5.33950	2.2468670056840154	0.1300338250000000	0.0719165350000000
1500	10.05860	2.2193329842359231	0.1403359600000000	0.0941076850000000
1502	5.32626	2.2476186916336598	0.1498242050000000	0.1357410500000000
1504	5.00547	2.2503727674805152	0.1328874200000000	0.0893947600000000
1506	6.05950	2.2419590853713740	0.1231273800000000	0.0838676000000000
1508	4.98861	2.2523913608941912	0.1493373500000000	0.1274726500000000
1510	7.57217	2.2293230767083094	0.1566918900000000	0.0941884150000000
1512	6.33965	2.2287448129445919	0.1269773850000000	0.0827974550000000
1513	6.33965	2.1609967002590480	0.1290448200000000	0.0527288300000000
1514	4.41009	2.2512431811287961	0.1534192450000000	0.1249476350000000
1518	4.00000	2.2452090786229371	0.1574516250000000	0.0770078100000000
144	4.19992	2.2602905417154120	0.1463768600000000	0.0756760850000000
146	4.16991	2.2614551421092290	0.1155931950000000	0.0887744750000000
148	4.15883	2.4136513439493061	0.2535709450000000	0.1227451800000000
150	5.97077	2.2432019326826440	0.1470614300000000	0.0865872400000000
1530	6.61898	2.2382088541218508	0.1608214550000000	0.1012367400000000
1534	4.40991	2.2590315502426601	0.1290874800000000	0.0991247200000000
1536	6.77581	2.2393114229998905	0.1509251650000000	0.1158448600000000
1539	6.34045	2.1642916331938724	0.1421571400000000	0.0818592600000000
1540	5.93810	2.2406720378524660	0.1293453500000000	0.0710815000000000
1542	4.00992	2.2611395010532589	0.1422269150000000	0.0809903550000000
1544	6.17991	2.2428242469715141	0.1557229650000000	0.0901809600000000
1546	5.33599	2.2499420714099938	0.1594464800000000	0.0900631350000000
1548	4.86100	2.2512335126970795	0.1701992550000000	0.0630886850000000
1550	4.11980	2.2650644628125840	0.1197206400000000	0.0580572350000000
1552	4.80348	2.2502471918266855	0.1609349350000000	0.1320653150000000
1554	9.48333	2.2248883255714258	0.1748645600000000	0.1033850200000000
1556	5.13316	2.2460086601053968	0.1235764900000000	0.0892151200000000
1558	6.80042	2.2401823492753952	0.1350948550000000	0.0834148700000000
1562	5.98505	2.2230377205553373	0.0831601650000000	0.0623915400000000
1566	5.19021	2.2366400044327071	0.1467215950000000	0.0785894400000000
1568	4.75006	2.2481088372587599	0.1033236100000000	0.0834161400000000
1570	5.24969	2.2426244115913843	0.1182473750000000	0.0805973150000000
1572	5.57786	2.2280371411565327	0.1368616100000000	0.0953779800000000
1578	5.96102	2.2372162498018895	0.1461166550000000	0.0919597500000000
1580	6.63143	2.2350008025286572	0.1303409250000000	0.0910958150000000
1582	4.83719	2.2385228636268386	0.1377177800000000	0.1009105100000000
1584	8.53797	2.2388496486572893	0.1677349550000000	0.0790440100000000
1585	8.53797	2.2222591479413243	0.1903855850000000	0.1072788600000000
1586	7.09003	2.2204350062009479	0.1026261200000000	0.0817072400000000
1588	5.52782	2.2476332129213343	0.1466364650000000	0.1048870950000000
1590	4.29175	2.2531508200238295	0.1478700100000000	0.0728185000000000
1592	4.96853	2.2384271802440048	0.1370606250000000	0.1011646050000000
1594	4.28156	2.2500596575815561	0.1418781450000000	0.1308123100000000
1596	11.63420	2.2263354607376571	0.1484310800000000	0.1038892450000000
152	4.46989	2.2563062662496249	0.1243929900000000	0.0828943850000000
154	4.73684	2.2511177460776648	0.1433632750000000	0.1059017800000000
156	5.91927	2.2457450097031750	0.1464074700000000	0.0831676850000000
158	4.24722	2.2624959427628388	0.1469320650000000	0.0781975250000000
10	6.61961	2.2400913112013838	0.1475097250000000	0.1034363000000000
1600	5.91412	2.2358622026731698	0.1600487400000000	0.1118587800000000
1602	4.45082	2.2560739479629435	0.1541855350000000	0.1246772250000000
1604	4.01197	2.2627697422555793	0.1722163600000000	0.0885911850000000
1606	7.80313	2.2316723411271346	0.1285374850000000	0.0855386750000000
1607	7.80313	2.1772295685769469	0.1513620650000000	0.0839503700000000
1608	4.35612	2.2564305535840292	0.1347452500000000	0.0730401500000000
1610	6.87927	2.2350344749672666	0.1444970000000000	0.0748858500000000
1612	11.05520	2.2185499178934736	0.1627340900000000	0.0695844250000000
1614	4.00000	2.2683036106601371	0.1493873500000000	0.0810854150000000
1616	4.47015	2.2678560638167764	0.1742953700000000	0.0466215000000000
1618	5.73820	2.2393175128541682	0.1621732450000000	0.1254845300000000
1620	7.00016	2.2357058790857338	0.1211251950000000	0.0784471150000000
1622	12.58970	2.7304456257073122	0.3594672050000000	0.0802321150000000
1624	4.48996	2.2637546458706628	0.1211823900000000	0.0755930400000000
1626	4.90009	2.2453877978529229	0.1328566750000000	0.0942722150000000
1630	4.68953	2.2509246667961658	0.1245694100000000	0.0809365950000000
1636	4.18877	2.2471651493648253	0.1484516150000000	0.0914474400000000
1640	4.79451	2.2523910404243783	0.1283422300000000	0.1137157750000000
1642	12.51970	2.2224213792174377	0.1619512550000000	0.0881307900000000
1644	7.68019	2.2295759150356829	0.1145592950000000	0.0678664350000000
1648	4.34003	2.2604809913491994	0.1427195650000000	0.0989638850000000
1650	4.01793	2.2562574767098513	0.1546024800000000	0.0303956900000000
1654	12.19800	2.2275207329303712	0.1675836200000000	0.0664703800000000
1656	4.50001	2.1734128562185742	0.1494454900000000	0.1183259500000000
1658	4.83879	2.2357466042744165	0.1858711250000000	0.0817754450000000
1660	5.07562	2.2275052518385534	0.0983710950000000	0.1058514100000000
1662	8.78127	2.2306055106830875	0.1592452050000000	0.1114748150000000
1664	4.94033	2.2512896735621788	0.1442660150000000	0.0908259350000000
1670	7.31305	2.2396630936784239	0.1570905500000000	0.1318484850000000
1674	11.11390	2.2239389875413984	0.1166134450000000	0.0628600150000000
1675	11.11390	2.1854493666869379	0.1394937900000000	0.0659602700000000
1676	4.40009	2.2532642990557976	0.1522101450000000	0.1018693750000000
1678	4.18668	2.2563678904821609	0.1558122950000000	0.0799456050000000
162	5.93497	2.2425206691132802	0.1466482100000000	0.0786291000000000
164	5.68967	2.2454178670617542	0.1231252150000000	0.0856063200000000
166	5.78332	2.2341169963861911	0.1467832600000000	0.1112312400000000
1680	4.03869	2.2590597163933963	0.1448753050000000	0.1151649950000000
1682	4.61938	2.2603625504931641	0.1229093600000000	0.0737641850000000
1686	4.16990	2.2615490304990620	0.1351426200000000	0.0794735650000000
1688	6.46034	2.2411543065628039	0.1670911350000000	0.0921214500000000
1690	4.63023	2.2381489521445115	0.1634713500000000	0.0814577600000000
1692	4.23272	2.2600990886416472	0.1377606150000000	0.0870458300000000
1694	5.91378	2.2490597623553614	0.1528829300000000	0.0878340850000000
1696	6.10417	2.2461164819084347	0.1522914600000000	0.1033293550000000
1698	4.87797	2.2472374162255635	0.1210510400000000	0.0920384000000000
1700	7.91949	2.2338336460502028	0.1142785150000000	0.0823371350000000
1702	5.64337	2.2489097621234779	0.1508116050000000	0.0545145050000000
1704	4.22001	2.2591024774273132	0.1242810950000000	0.1388810850000000
1706	4.40746	2.2526252446209134	0.1439210200000000	0.0872660950000000
1708	5.48181	2.2430088526845693	0.1319540550000000	0.0900646050000000
1712	4.60117	2.2486688951834437	0.1410057200000000	0.0955848550000000
1716	9.08621	2.2272024263079775	0.1609867650000000	0.0901096800000000
1718	7.71937	2.2310378486901818	0.1400453100000000	0.1022522900000000
1720	6.48811	2.2471995097240094	0.1468709950000000	0.0874750900000000
1722	4.73518	2.2578667193432502	0.1188489650000000	0.0776546250000000
1724	5.38985	2.2737866819815551	0.1846181600000000	0.1369076650000000
1726	6.50072	2.2398711428740965	0.1621172550000000	0.1315763450000000
1728	4.27002	2.2543244304976868	0.1383340300000000	0.0871375450000000
1736	5.01793	2.2482881620316810	0.1497657050000000	0.1199483950000000
1738	8.36069	2.2284403903224717	0.1402903650000000	0.0980970950000000
1740	13.08860	2.2210529697635630	0.1388710900000000	0.0965938600000000
1742	4.35559	2.2707707011380021	0.2363345850000000	0.1347408400000000
1744	4.70019	2.2598296968055154	0.1948279650000000	0.1070515850000000
1746	4.08501	2.2624748228690388	0.1536706150000000	0.0978099300000000
1748	6.24506	2.2297164911967524	0.1621892300000000	0.1057098750000000
1750	6.87963	2.2391467522250990	0.1365010500000000	0.0945608750000000
1752	6.34639	2.2363265094237832	0.1189026350000000	0.0971365100000000
1756	5.33757	2.2506040470398903	0.1707349050000000	0.1536025800000000
1758	8.89967	2.2277533512558074	0.1621094200000000	0.0837179600000000
170	4.28517	2.2519582300607901	0.0964939850000000	0.0754990300000000
174	8.08467	2.2294183522365598	0.1480236850000000	0.0620400800000000
1760	5.55909	2.2496916553039688	0.1250207000000000	0.0984668450000000
1762	5.89161	2.2458041887536813	0.1501940600000000	0.1015023350000000
1764	4.26026	2.2579912914943634	0.1223365900000000	0.0848309200000000
1766	6.50125	2.2411890693958223	0.1517904000000000	0.0875403200000000
1768	4.34000	2.2605894522141541	0.1470497650000000	0.1066158500000000
1770	4.19462	2.2659831541123281	0.1476568350000000	0.0722796200000000
1776	4.24900	2.2553880571251614	0.1249605400000000	0.0595445700000000
1778	5.36257	2.2442310136163406	0.1596760000000000	0.1080541550000000
1780	10.91730	2.2263897882332691	0.1330017150000000	0.0665490750000000
1782	7.36541	2.2287181991763751	0.1456310250000000	0.0834602200000000
1786	4.37997	2.2597433488223104	0.1274994950000000	0.1042232250000000
1788	4.46975	2.2544929061463441	0.1335894350000000	0.0820422400000000
1790	5.02970	2.2557025079682185	0.1743192400000000	0.1042817150000000
1796	4.43979	2.2438513180071107	0.1659309050000000	0.1338656650000000
1798	4.58448	2.2529001620648708	0.1710786450000000	0.0955213400000000
1800	4.07502	2.2610577051681475	0.1654230550000000	0.1011547400000000
1804	4.14194	2.2605951230624646	0.1270973600000000	0.1013822800000000
1806	5.71642	2.2484847236240886	0.1575790650000000	0.1190983100000000
1812	6.14934	2.2481344040321440	0.1565255400000000	0.1314995750000000
1814	4.17537	2.2659794426594129	0.1623458400000000	0.0876049200000000
1816	8.09001	2.2297188419112355	0.1680202500000000	0.0920427350000000
1817	8.09001	2.2361931225379568	0.1216236700000000	0.1454288050000000
1824	5.01750	2.2381031115314647	0.1000973600000000	0.0496795550000000
1826	4.27361	2.2610784049518391	0.1878463050000000	0.1018057000000000
1828	4.80502	2.2526877319023830	0.1540666050000000	0.0735772300000000
1830	4.04717	2.2427212888571781	0.1602959550000000	0.1256875300000000
1832	4.33506	2.2509521444579623	0.1407411400000000	0.0982975650000000
1834	6.04510	2.2360084669192246	0.1450555350000000	0.1124463400000000
1836	4.83045	2.2562286608370146	0.1558634800000000	0.1268494300000000
1838	4.24767	2.2388705085090814	0.1463233200000000	0.0826533500000000
176	6.35654	2.2418754128868259	0.1444369550000000	0.1177836200000000
180	6.95937	2.2312094759498358	0.1590009250000000	0.0773594650000000
182	4.04727	2.2548687569026553	0.1481306900000000	0.1115472000000000
1840	5.76000	2.2452232489190171	0.1301216650000000	0.0870230900000000
1842	4.19228	2.2548242892712893	0.1549074350000000	0.1119758500000000
1846	4.13014	2.2642649906371708	0.1498490900000000	0.1132930400000000
1848	7.04093	2.2390960075556525	0.1439680400000000	0.1155027800000000
1850	5.00731	2.2499412807784642	0.1233197300000000	0.0683502050000000
1852	4.56028	2.2498400776410410	0.1445488200000000	0.1164147650000000
1854	4.18300	2.2563035776117486	0.1162807950000000	0.1063109200000000
1860	4.39127	2.2545529119585139	0.1673535800000000	0.0927483550000000
1864	12.57260	2.2329755944999929	0.1758132900000000	0.1151406300000000
1868	5.77880	2.2460172147127708	0.1495318800000000	0.0868992650000000
1870	4.38822	2.2611255187879746	0.1653958500000000	0.1064260900000000
1872	4.18016	2.2560006464308100	0.1895958850000000	0.1095587000000000
1874	4.38937	2.2581674062634258	0.1520403800000000	0.1051652350000000
1876	4.80798	2.2548077432463365	0.1447994400000000	0.0991370700000000
1878	6.23233	2.2381668586929746	0.1170679850000000	0.0830778200000000
1879	6.23233	2.1500548038149003	0.1301816750000000	0.0742059900000000
1880	4.14205	2.2499677843941464	0.1536652200000000	0.1348182300000000
1882	6.14244	2.2332269659495929	0.1462712800000000	0.1223513250000000
1884	4.47101	2.2510034360444040	0.1484822000000000	0.0908727000000000
1886	4.59031	2.2509468906918046	0.1135454250000000	0.0794427950000000
1888	8.27008	2.2253983114059839	0.1383876750000000	0.0485338250000000
1892	6.53008	2.2388019721146257	0.1592366900000000	0.1233617700000000
1893	6.53008	2.1616136679970936	0.1018763500000000	0.0896255400000000
1896	4.45915	2.2579864249116124	0.1881627700000000	0.1086158100000000
1900	6.39020	2.2387305234799100	0.1350343450000000	0.0702779150000000
1906	6.61739	2.2417892292389392	0.1665175400000000	0.0654546700000000
1908	4.82403	2.2586590547654088	0.1315554000000000	0.0624289300000000
1910	16.46690	2.2075754229789708	0.1579380450000000	0.0712224850000000
1911	16.46690	2.1812063593415720	0.1367273550000000	0.0926590350000000
1916	5.98995	2.2391749530764771	0.1282845650000000	0.0575839150000000
1918	5.56728	2.2506739399981686	0.1894516300000000	0.1178618000000000
184	5.27085	2.2459361318424329	0.1549592750000000	0.0776118450000000
186	4.12611	2.2508494609495102	0.1022152500000000	0.0936226650000000
190	6.25027	2.2427109997409587	0.1336477350000000	0.0879242050000000
1920	4.47102	2.2566236683790670	0.1907598600000000	0.0909720850000000
1922	4.58188	2.2550041526163791	0.1319612250000000	0.0778139650000000
1926	6.96936	2.2260126872379393	0.1181847800000000	0.0771590450000000
1928	4.69985	2.2446203851953737	0.1498726950000000	0.0988161750000000
1930	4.57472	2.2428610491987993	0.1574873500000000	0.1176169400000000
1932	11.82330	2.2217393140510882	0.1476734150000000	0.1166086950000000
1934	4.62575	2.2471327292816583	0.1469687800000000	0.0986521250000000
1936	4.23855	2.2649775797400014	0.1239688650000000	0.0854744300000000
1939	16.47600	2.1875206611843643	0.1279280300000000	0.1231846150000000
1940	4.14098	2.2642875294338998	0.1222729350000000	0.0905179300000000
1942	5.97899	2.2391503737447285	0.1049495600000000	0.1035831850000000
1944	13.31540	2.2220765453597209	0.1313736200000000	0.0732916200000000
1946	7.10612	2.2391427620404278	0.1616033800000000	0.0705004750000000
1948	4.40992	2.2457010081830808	0.1592493650000000	0.0663895750000000
1950	4.13001	2.2614967048536738	0.1910650800000000	0.1219254200000000
1952	5.00849	2.2658885891743541	0.1351096950000000	0.1421414250000000
1954	4.41097	2.2436478772058406	0.1405966500000000	0.0470057750000000
1956	4.33100	2.2544898017424058	0.1270162800000000	0.0765177850000000
1958	4.28230	2.2607823237860667	0.1775475600000000	0.1285834050000000
1960	4.81984	2.2456838811633442	0.1595857100000000	0.0719951050000000
1962	4.58831	2.2548426296960322	0.1249940850000000	0.0921613250000000
1964	4.15438	2.2578605584536349	0.1281344700000000	0.0862903650000000
1967	5.13324	2.2754867544823192	0.1968344250000000	0.1246405500000000
1968	6.51561	2.2377676907842163	0.1265736450000000	0.0793958250000000
1972	4.42705	2.2499443023127279	0.1573443600000000	0.1114797950000000
1974	5.00888	2.2483924975857481	0.1482067950000000	0.0749318550000000
1976	4.14179	2.2595491853695133	0.1287493350000000	0.0770256100000000
1978	4.75150	2.2404009673164680	0.1844246150000000	0.1203395200000000
1980	4.27992	2.2600268498426095	0.1787921300000000	0.1003688800000000
1986	5.28977	2.2424019178824035	0.1288744950000000	0.0806380350000000
1990	4.86217	2.2460516740182932	0.1592437950000000	0.1157659500000000
1992	4.94400	2.2559080275112930	0.1601457000000000	0.0878537300000000
1994	6.98118	2.2425222228221058	0.1675356300000000	0.1608982950000000
1996	5.06186	2.2562676912361810	0.1518704300000000	0.1037280650000000
1998	4.77968	2.2467713957728770	0.1472299300000000	0.1202786450000000
192	5.18987	2.2372837480586290	0.0653972750000000	0.0429708700000000
194	4.73165	2.2530058476816115	0.1311259200000000	0.0858306150000000
196	5.01785	2.2479985653703358	0.1519165300000000	0.0821212700000000
198	6.59951	2.2466153446234132	0.1680715000000000	0.1081776050000000
199	6.59951	2.1769272696906747	0.1499605850000000	0.0685469300000000
2000	4.63641	2.2521260926833437	0.1399116650000000	0.0576596050000000
2002	4.21002	2.2512771335759165	0.1600188450000000	0.1055620700000000
2006	4.60571	2.2622523530047052	0.1390820550000000	0.0573378250000000
2012	5.96074	2.2413011201712063	0.1403586150000000	0.0658326000000000
2014	6.50528	2.2411834719268633	0.1423246500000000	0.1000590750000000
2016	4.90000	2.2550373697861175	0.1433264850000000	0.1040545650000000
2018	5.71973	2.2436948724772421	0.1487361350000000	0.1184313800000000
2020	4.17423	2.2854748629664661	0.1991972200000000	0.1834860250000000
2022	5.30051	2.2487601937244603	0.1184792650000000	0.0925657900000000
2026	4.89723	2.2491812828231290	0.1253774900000000	0.0901264300000000
2028	4.12020	2.2584141621986928	0.1450641400000000	0.0808143450000000
2030	4.07470	2.2590496597071161	0.1781772250000000	0.0901623150000000
2032	7.86804	2.2337569874784218	0.1473426100000000	0.1311163800000000
2036	4.45063	2.2625740850798226	0.1327060550000000	0.0675264950000000
2038	4.71942	2.2388783730695327	0.1403137200000000	0.1057353450000000
2042	7.59734	2.2329364876034803	0.1368767100000000	0.1165784800000000
2044	5.45900	2.2406032386804866	0.1278337650000000	0.0766943650000000
2046	4.32232	2.2588644520288019	0.1260967000000000	0.0870271850000000
2048	4.69000	2.2506024413054182	0.1551435300000000	0.1227827900000000
2050	5.42755	2.2463267295376652	0.1322751700000000	0.0953570500000000
2054	4.49794	nan	nan	0.0000000000000000
2057	14.65630	2.1790776680393331	0.1384832450000000	0.1006584450000000
2058	8.22613	2.2200399856872846	0.1344745850000000	0.0818758350000000
2062	4.76312	2.2524850494708200	0.1411723750000000	0.0613570950000000
2066	5.20017	2.2506210257188015	0.1174250200000000	0.0785432750000000
2068	5.23793	2.2425298531235742	0.1348130650000000	0.1084616350000000
2070	4.54763	2.2475466155657902	0.1382898050000000	0.0943452600000000
2072	4.25762	2.2533611171833745	0.1290615600000000	0.0840938300000000
2074	7.33799	2.2375633376406050	0.1380194000000000	0.0689585400000000
2076	13.21610	2.2226756456893275	0.1443630550000000	0.0440680450000000
2077	13.21610	2.1925899636989556	0.1387274000000000	0.0718324000000000
2078	4.62607	2.2524925282904884	0.1392690300000000	0.0796095750000000
202	4.11536	2.2711376779663119	0.1333177400000000	0.0705437650000000
204	5.59931	2.2505708496389114	0.1561621600000000	0.0890446350000000
205	5.59931	2.2821873739411842	0.2326291550000000	0.0903313400000000
206	6.43016	2.2424621833610261	0.1640747950000000	0.1333389700000000
2080	6.52993	2.2237802453912363	0.1721137900000000	0.0968148800000000
2082	20.88530	2.2146776319592902	0.1629030300000000	0.1191232600000000
2083	20.88530	2.1876995510194250	0.1670385500000000	0.0895146550000000
2084	5.29028	2.2490920829254439	0.1237389850000000	0.0839866000000000
2086	5.04000	2.2469450022446344	0.1634806950000000	0.0885619650000000
2088	5.10973	2.2509878278757567	0.1502596550000000	0.1024883900000000
2090	6.91809	2.2387713604742956	0.1539786800000000	0.1222930600000000
2092	4.28292	2.3336341972162700	0.3092100350000000	0.1486881050000000
2094	4.93995	2.3050499214640237	0.2200787650000000	0.1176044000000000
2100	4.79986	2.2517935101136763	0.1405023200000000	0.0603774250000000
2104	5.18390	2.2380713423616876	0.1452771050000000	0.0949119250000000
2106	19.63850	2.2111618140632889	0.1457789750000000	0.1032138750000000
2110	5.01005	2.2420050952978920	0.1215250500000000	0.0831568900000000
2112	4.40635	2.2481591583438729	0.1447479000000000	0.0927337650000000
2114	4.93994	2.2558514972076713	0.1484681150000000	0.0773568550000000
2116	4.53304	2.2396428762427543	0.1250867000000000	0.1355972650000000
2118	4.40994	2.2586694435333032	0.1336972050000000	0.0751370150000000
2124	4.39748	2.2605803157548250	0.1698053500000000	0.0971462150000000
2126	4.81993	2.2458417720403681	0.1467495100000000	0.1135210000000000
2128	4.05005	2.2476034053723661	0.1634609550000000	0.0308040800000000
2130	4.12003	2.2624821014609355	0.1040648950000000	0.0759651150000000
2132	4.59966	2.2578568760817221	0.1478834350000000	0.1129177500000000
2134	7.98999	2.2333479818778050	0.1373126850000000	0.1097404550000000
2136	11.35650	2.2239032269392780	0.1587284600000000	0.0898387100000000
2138	4.97123	2.2446555510945028	0.1460955400000000	0.1297672000000000
2146	4.33999	2.2546634998894577	0.1373558700000000	0.1084562150000000
2147	4.33999	2.3642444024505544	0.2565729550000000	0.1518744900000000
2150	8.91215	2.2254820884543305	0.1481304500000000	0.0845633800000000
2152	4.40007	2.2581692495400683	0.1957631400000000	0.0948278750000000
2156	4.19661	2.2589384603039395	0.1727123200000000	0.1226729300000000
2158	7.90423	2.2329227036044395	0.1191044400000000	0.0802261900000000
208	8.47765	2.2335900694039763	0.1508353400000000	0.1079185450000000
210	4.19882	2.2627977512962612	0.1297480600000000	0.1143990450000000
212	6.96937	2.2347974510086335	0.1397527400000000	0.1019192500000000
2162	7.44116	2.2313188392548589	0.1587435700000000	0.0878695800000000
2164	4.87773	2.2487092448756827	0.1544842250000000	0.1378983700000000
2166	5.23061	2.2435820656994458	0.1588455050000000	0.0622603550000000
2170	5.14179	2.2491174997527419	0.1389684150000000	0.0754932700000000
2172	4.25928	2.2597020139436381	0.1363980800000000	0.0600977350000000
2174	4.72264	2.2524031782323499	0.1366428450000000	0.0832297000000000
2176	4.05502	2.2632288788425439	0.1736738150000000	0.1070373750000000
2178	4.05080	2.2399010699706836	0.1071099950000000	0.1313430000000000
2180	4.13502	2.2547418113086257	0.1272369900000000	0.1254529600000000
2182	4.92703	2.2562178345538504	0.1266283400000000	0.0996740100000000
2184	4.26802	2.2626547953596998	0.1437449500000000	0.0541359400000000
2186	9.13856	2.2194179583284095	0.1257419300000000	0.0380928550000000
2190	5.22439	2.2527197949980664	0.1448450950000000	0.0938139550000000
2194	4.07712	2.2589206883608086	0.1306149250000000	0.0858466000000000
2196	5.67482	2.2476509045221471	0.1574389050000000	0.0761978750000000
2198	5.32678	2.2451937059938172	0.1365047300000000	0.1186164000000000
2202	4.45561	2.2515905920312922	0.1491685400000000	0.1159389700000000
2204	4.79078	2.2524715033138412	0.1412105850000000	0.0685257700000000
2206	6.88521	2.2382585634194929	0.1546180450000000	0.1141438900000000
2208	4.03176	2.2627379854011354	0.1631926950000000	0.1023875000000000
2210	5.30647	2.2492052324073732	0.1525690750000000	0.0733932100000000
2212	8.61331	2.2319591647014438	0.1520790400000000	0.1293061850000000
2214	8.53267	2.2353914128557881	0.1538953900000000	0.1090748200000000
2216	5.74185	2.2479557759540802	0.1380522050000000	0.0977686050000000
2222	5.65161	2.2401031441083106	0.1289275950000000	0.0803314250000000
2224	5.75049	2.2467526725889724	0.1362507050000000	0.1095081150000000
2226	4.58643	2.2610670325955375	0.1668949900000000	0.0947467800000000
2231	15.17590	2.1823078627318613	0.1684687350000000	0.0904077200000000
2232	5.55595	2.2478951340985067	0.1474917250000000	0.1058231300000000
2238	5.19071	2.2522682812584938	0.1472498050000000	0.1080867150000000
220	4.04241	2.2516690347817718	0.1228960750000000	0.0846988450000000
222	4.78988	2.2411996380080708	0.1285601600000000	0.0994967300000000
2240	4.01854	2.2641145623495813	0.1050484750000000	0.0814572050000000
2242	7.67028	2.2325111887266140	0.1384427250000000	0.0642994850000000
2244	4.49999	2.2567575228967769	0.1448276050000000	0.1027177400000000
2246	4.20006	2.2514986559573602	0.1435981650000000	0.1421754100000000
2248	5.10066	2.2359930087484474	0.1144414850000000	0.0895616100000000
2250	4.79503	2.2545304791072569	0.1387343100000000	0.0990155550000000
2252	4.19468	2.2625440365862830	0.1275558500000000	0.1131987150000000
2254	5.38651	2.2458261226923550	0.1446399550000000	0.1023983000000000
2256	5.06968	2.2514571794766960	0.1443388000000000	0.1008459000000000
2264	6.71177	2.2074830007815134	0.1430750450000000	0.0875397700000000
2269	5.98929	2.1932710572985235	0.1965670050000000	0.1191490550000000
2274	5.89059	2.2317520026925561	0.1225451050000000	0.0734002900000000
2276	7.77805	2.2322880655665629	0.1394207300000000	0.0970315600000000
2278	4.56889	2.2581343015807605	0.1421427800000000	0.0649489800000000
2280	4.30126	2.2481743271750263	0.1150858850000000	0.0806322250000000
2282	4.82332	2.2424659838242142	0.1314701450000000	0.0419752700000000
2286	5.19002	2.2450929804368047	0.1374923950000000	0.0912536800000000
2288	4.21002	2.2640447967117869	0.1748165400000000	0.0828435000000000
2292	4.41278	2.2544641388342446	0.1488860300000000	0.1012986400000000
2293	4.41278	2.5249582193414541	0.0585866000000000	0.1223324700000000
2294	4.58509	2.2519949132279047	0.1439904250000000	0.1189094750000000
2296	4.83457	2.2530952720853574	0.1419681150000000	0.0820948400000000
2304	5.00864	2.2555040322925333	0.1448281000000000	0.1236358550000000
2306	4.33997	2.2580859050566735	0.1088979700000000	0.1119072250000000
2308	6.43072	2.2394266865401904	0.1046578150000000	0.0739158400000000
2312	5.47919	2.2462929361858461	0.1370152450000000	0.0783165500000000
2314	6.49465	2.2388967736819585	0.1299157700000000	0.0935965150000000
2316	4.08024	2.2608648377717260	0.1261415550000000	0.0925208500000000
2318	4.17074	2.2544467558262364	0.1550870950000000	0.1186407500000000
226	4.01982	2.2613090674599849	0.1663387200000000	0.0700187400000000
230	4.44085	2.2593082431536651	0.2042217900000000	0.0981414150000000
2320	4.31623	2.2504647200312213	0.1222553750000000	0.0687381800000000
2324	4.25323	2.2582891008811421	0.1568309550000000	0.0542906250000000
2326	4.01220	2.2595865069060039	0.1474297750000000	0.1334019900000000
2332	5.57607	2.2443731465355721	0.1313852650000000	0.0848350500000000
2334	8.07432	2.2310145979743270	0.1557461300000000	0.0867912350000000
2336	5.06049	2.2584326093482061	0.1867948600000000	0.1282050000000000
2338	10.11930	2.2125725047525258	0.1473127200000000	0.0869720950000000
2340	4.16587	2.2477369269914562	0.1492810700000000	0.1063187050000000
2342	4.70859	2.2504376913476176	0.1206672750000000	0.0656312500000000
2344	4.30697	2.2552088065384219	0.1689459100000000	0.1081148900000000
2346	4.89999	2.2502213189976037	0.1131794500000000	0.0836516450000000
2352	4.02994	2.2633094701493301	0.1243237600000000	0.0785368400000000
2354	4.01158	2.2678624150655988	0.1524508250000000	0.0718219650000000
2356	4.74062	2.2559857280127038	0.1780399800000000	0.1123698200000000
2358	4.05500	2.2684494342258024	0.1581763450000000	0.1110447100000000
2360	4.59340	2.2729467958339424	0.2124270550000000	0.1421177650000000
2362	4.92326	2.2481018062697040	0.1252684800000000	0.1118558900000000
2364	4.35580	2.2563067713529108	0.1297759200000000	0.0838806650000000
2368	3.99999	2.2564684829839545	0.1251150850000000	0.0961856650000000
2370	12.34250	2.2269116037288001	0.1605251100000000	0.0830290850000000
2372	4.90161	2.2505117052891936	0.1615330000000000	0.1348251500000000
2374	16.47150	2.2198189545999205	0.1777601150000000	0.0912749600000000
2375	16.47150	2.1845530460463745	0.1478797550000000	0.0797242000000000
2378	4.75031	2.2512970102633343	0.1458469700000000	0.0934005550000000
2380	4.45364	2.2359241562904448	0.1435669000000000	0.1000535950000000
2382	4.59106	2.2504755497050981	0.1534687400000000	0.1188603400000000
2384	7.24841	2.2349276021422257	0.1499089200000000	0.0972822050000000
2386	4.80803	2.2386051489023884	0.1568871550000000	0.0805091400000000
2388	5.51822	2.2425639717210712	0.1597395400000000	0.0847970900000000
2390	4.94079	2.2493212604791939	0.1626200250000000	0.0819867950000000
2392	4.41901	2.2635942795931308	0.1310857400000000	0.0564251850000000
2394	7.50984	2.2553905319195193	0.1674771900000000	0.1522788200000000
2395	7.50984	2.2944904060822719	0.2404674350000000	0.0943576950000000
2396	4.08572	2.2664843737453784	0.1537951750000000	0.1058247300000000
2398	4.74527	2.2572086733856884	0.1436953500000000	0.1049543600000000
232	12.26340	2.2124805678835746	0.1302241450000000	0.0915913600000000
234	5.78232	2.2475983632149625	0.1309376550000000	0.0885683300000000
236	4.33431	2.2631561062855616	0.1477829600000000	0.1033295550000000
238	5.61069	2.2407984320054166	0.1616297550000000	0.1066068700000000
16	5.98005	2.2491680962149903	0.1461557000000000	0.1246852600000000
20	5.62748	2.2346515004192153	0.1463758200000000	0.1341151900000000
22	4.99103	2.2502041799160009	0.1317312850000000	0.0829825300000000
2400	7.88262	2.2399145529536271	0.1610639700000000	0.0976159850000000
2402	4.08570	2.2614344874125907	0.1361898700000000	0.1126892850000000
2404	4.06501	2.2647068667106884	0.1550839000000000	0.1155548500000000
2406	4.45094	2.2542815619435657	0.1383914350000000	0.0878641300000000
2412	4.49850	2.2609195285294694	0.1682466950000000	0.0617075750000000
2414	4.04883	2.2633004001923949	0.1486747250000000	0.0857220300000000
2416	4.54257	2.2582866363244092	0.1490113450000000	0.1096858550000000
2421	7.12177	2.1810521131607148	0.1039275950000000	0.1054646850000000
2422	9.15709	2.2264637668016225	0.1425518400000000	0.0855978900000000
2426	4.85214	2.2499480894060859	0.1389309600000000	0.1021563700000000
2428	5.56826	2.2351249861474001	0.1390204850000000	0.1151654050000000
2430	4.10002	2.2673914096731216	0.1432340200000000	0.0699664600000000
2432	5.48099	2.2462638812668638	0.1509251300000000	0.1064394900000000
2434	4.47713	2.2554169488276852	0.1926271950000000	0.0982210100000000
2438	4.25976	2.2569113163444143	0.1511104400000000	0.0685505900000000
2440	5.95377	2.2415213584833045	0.1354486200000000	0.1065810300000000
2442	7.23954	2.2375483774484430	0.1447061600000000	0.1091202900000000
2444	4.28977	2.2487166109418566	0.1275795400000000	0.0882544300000000
2446	5.77132	2.2416612390206683	0.1389029600000000	0.0995768500000000
2448	5.66994	2.2443098224026334	0.1467840300000000	0.1006576650000000
2450	10.92920	2.2277088880273768	0.1481813100000000	0.1263937150000000
2452	4.65062	2.2563319004234654	0.1566350200000000	0.1087221450000000
2454	6.76463	2.2416023393212408	0.1516692800000000	0.1044744750000000
2456	4.98975	2.2475832724813798	0.1529079750000000	0.0920106550000000
2458	4.14186	2.2687950231247473	0.1460724900000000	0.0799363150000000
2460	5.78045	2.2399122137888003	0.1192064300000000	0.0711249200000000
2462	5.94902	2.2446127804328144	0.1481227050000000	0.0892313300000000
2463	5.94902	2.1776815541307211	0.1495511600000000	0.0983989750000000
2464	4.42413	2.2547653834325692	0.1360730350000000	0.0756799650000000
2470	5.46645	2.2466347937344793	0.1469870550000000	0.1049567100000000
2472	5.58451	2.2424361942603328	0.1455836050000000	0.0986882950000000
2478	5.55707	2.2466215807726906	0.1274388300000000	0.0838144950000000
240	5.50983	2.2397323297798701	0.1215694450000000	0.0713448100000000
242	5.45059	2.2338492193822952	0.1414924750000000	0.1197189200000000
244	4.24928	2.2480306078478796	0.1584176900000000	0.0918232750000000
246	4.35462	2.2374129984032303	0.1069327100000000	0.0647083850000000
2480	5.62859	2.2380081814495525	0.1583593850000000	0.1157142800000000
2482	4.28059	2.2358971926322915	0.1466031350000000	0.1182721550000000
2484	5.95322	2.2419658711375150	0.1290970500000000	0.0977548900000000
2486	6.79841	2.2319728343116463	0.1192305650000000	0.0870490950000000
2488	5.46554	2.2426520535757319	0.1394287950000000	0.0536815500000000
2490	4.49999	2.2582342678176026	0.1405343450000000	0.0541786550000000
2494	4.25000	2.2614947510128518	0.1413867350000000	0.1120770350000000
2498	4.34841	2.2476794052043836	0.1316529050000000	0.0609981350000000
2502	8.62901	2.2299608402446491	0.1459292600000000	0.1170463100000000
2504	10.74330	2.2236627284057202	0.1192113000000000	0.0852735050000000
2510	6.05950	2.2407974411830258	0.1419413750000000	0.1332930800000000
2512	5.28933	2.2435292431808502	0.1345804050000000	0.0698232650000000
2514	4.41001	2.2553128693530646	0.1783109300000000	0.0750683550000000
2516	4.26802	2.2653515601639964	0.1521668000000000	0.0911877200000000
2518	5.13055	2.2435091740535840	0.1309850550000000	0.0423573600000000
2522	6.40295	2.2425421765653319	0.1535027300000000	0.1215888050000000
2526	14.64260	2.2110314160755511	0.1414000400000000	0.1098636600000000
2532	4.14002	2.2394997394298373	0.1152415900000000	0.0937389750000000
2534	4.80702	2.2509865655578021	0.1425759000000000	0.0954582200000000
2536	4.76015	2.2414500451338362	0.1503104850000000	0.1002989050000000
2538	6.04764	2.2391293355707882	0.1045934200000000	0.0917478550000000
2542	5.83197	2.2361637774715803	0.1294328150000000	0.1488473100000000
2546	4.96316	2.2384087200796312	0.1141152200000000	0.0786588650000000
2550	5.43885	2.2470795565491244	0.1383155050000000	0.0953780150000000
2552	4.17057	2.2429311902029587	0.1656311550000000	0.1311619000000000
2554	5.93308	2.2448868667470165	0.1657290900000000	0.1286829900000000
2555	5.93308	2.1564505972793073	0.1178825850000000	0.0720840800000000
2556	4.15730	2.2626836740342164	0.1354964100000000	0.0915602550000000
248	4.31335	2.2558455492745932	0.1220146350000000	0.0881581500000000
250	6.62067	2.2295474239741346	0.1367982800000000	0.0864158400000000
252	4.55085	2.2543954504518635	0.1682408400000000	0.1212450400000000
254	4.41005	2.2565377496469394	0.1995011400000000	0.1244621650000000
2562	5.04993	2.2448350036509819	0.1258307800000000	0.0879105100000000
2564	4.49000	2.2217971679899904	0.1096871700000000	0.0910451050000000
2566	5.95871	2.2461959382201204	0.1542703400000000	0.0998875500000000
2570	4.20187	2.2571529892421873	0.1388090800000000	0.0835176500000000
2572	5.68831	2.2471668886344114	0.1496174700000000	0.0980494050000000
2574	4.99999	2.2504874120269447	0.1580197300000000	0.1137362600000000
2580	5.55984	2.2485468522370464	0.1377089000000000	0.0726882750000000
2584	5.25287	2.2475624721240650	0.1472480750000000	0.0993460250000000
2588	4.63899	2.2488139466952757	0.1500591550000000	0.0967788800000000
2590	4.11994	2.2606616522732517	0.1204294650000000	0.0607747100000000
2592	4.07504	2.2623214039678157	0.1429723100000000	0.1100009150000000
2594	5.96073	2.2375067530633679	0.1085746850000000	0.0719089250000000
2597	23.17250	2.1971263509019190	0.1602478300000000	0.0511133200000000
2598	7.49862	2.2378690277805164	0.1403511800000000	0.1026424950000000
2600	4.63991	2.2507416136901726	0.1701684400000000	0.1455130900000000
2602	4.29987	2.2662856955907955	0.1576143600000000	0.1205166850000000
2604	10.60660	2.2183638781222030	0.1568568550000000	0.0851671000000000
2606	4.23221	2.2436960722528361	0.1475134500000000	0.1064084450000000
2608	6.26069	2.2339197560238260	0.1282781200000000	0.0673930350000000
2614	4.81994	2.2466296683521514	0.1309386100000000	0.0986675300000000
2616	4.26804	2.2520286912144627	0.1435891750000000	0.0786974550000000
2622	4.51028	2.2529181172778605	0.1169409950000000	0.0678980450000000
2624	4.50770	2.2594052342908264	0.1585288300000000	0.0445834450000000
2626	4.33115	2.2988300626303273	0.2254124350000000	0.1065985250000000
2628	4.61964	2.2546847287236713	0.1482666650000000	0.0441827600000000
2630	4.97066	2.2489171929019358	0.1240179400000000	0.0810322250000000
2632	6.25048	2.2388367499847490	0.1523504100000000	0.0945723100000000
2634	4.39901	2.2505602588788989	0.1256749950000000	0.1029047250000000
2636	5.13421	2.2542457498274562	0.1609169950000000	0.0855681300000000
2638	7.14109	2.2311246490132013	0.1489001150000000	0.0900149550000000
256	4.32200	2.2525471057737647	0.1641945300000000	0.0693797300000000
260	4.96843	2.2395542492732048	0.1513941500000000	0.1285000200000000
2640	4.25273	2.2437174966343587	0.1420625050000000	0.0944070000000000
2644	4.54641	2.2513490496540602	0.1487704050000000	0.1193622500000000
2646	4.56044	2.2493011927213402	0.1268339200000000	0.0891748350000000
2648	4.30162	2.2474752116695180	0.1471865050000000	0.1176648200000000
2650	6.40168	2.2299370917471268	0.1624719650000000	0.1097218800000000
2652	7.80242	2.2176898771122824	0.1039016100000000	0.0822867800000000
2654	7.23947	2.2391806556132532	0.1644421700000000	0.0886789350000000
2656	7.37276	2.2278232425317315	0.1305818450000000	0.0929408800000000
2658	4.10350	2.2631438885742305	0.1596769850000000	0.1343542950000000
2662	5.21238	2.2462194237125601	0.1342607700000000	0.0629599150000000
2666	4.94037	2.2527920387655196	0.1459071300000000	0.1067721650000000
2668	5.32015	2.2519624376466254	0.1507106450000000	0.1232098250000000
2670	7.96881	2.2308420482983751	0.1250747900000000	0.0885136600000000
2672	5.42989	2.2358816001127284	0.1601515600000000	0.1027138900000000
2674	6.18038	2.2411330648472871	0.1466443700000000	0.0901461300000000
2678	4.67021	2.2501670528220901	0.1498502650000000	0.1000141400000000
2682	11.59270	2.2215101595449642	0.1535513500000000	0.1135538950000000
2684	4.85792	2.2511086902918724	0.1793273950000000	0.0803213450000000
2687	8.91157	2.1847129651976189	0.1623303200000000	0.0531129500000000
2688	11.84740	2.2298947066016344	0.1509928350000000	0.1181169250000000
2690	4.02890	2.2531663649976017	0.1405175550000000	0.1122278600000000
2692	4.24923	2.2643566521815504	0.1374247350000000	0.0569566900000000
2698	4.00000	2.2499325283693192	0.1269243600000000	0.1198332100000000
2700	4.00689	2.2704575705999765	0.1448110450000000	0.0963135350000000
2702	4.83927	2.2400118726498324	0.1432692850000000	0.1277959750000000
2706	5.48782	2.2294726536127123	0.0954828400000000	0.0709533600000000
2708	4.72899	2.2518513764070973	0.1275668650000000	0.1057720000000000
2710	5.00004	2.2374569403587956	0.1314318650000000	0.1043519550000000
2714	9.24012	2.2256354300692682	0.1418865500000000	0.0943464350000000
264	5.25325	2.2496412745040497	0.1623507750000000	0.1083272850000000
266	4.65214	2.2513526972206832	0.0936512500000000	0.0940874550000000
270	6.35340	2.2358865126204788	0.1343800700000000	0.0968130950000000
2720	6.09093	2.2400014405198134	0.1690795800000000	0.0731030200000000
2722	4.12514	2.2661398256613325	0.2124160050000000	0.1042999100000000
2724	9.23853	2.2241539961284564	0.0926517500000000	0.0733106850000000
2726	4.60106	2.2777064599870536	0.1924932800000000	0.1245668500000000
2728	4.66500	2.2521695191717179	0.2628748450000000	0.1520987150000000
2730	4.92034	2.2504491849679300	0.1545391750000000	0.0987352600000000
2734	8.35854	2.2294155755471143	0.1194382100000000	0.0919277300000000
2736	4.05690	2.3444930985116974	0.2187064750000000	0.0942434950000000
2738	4.49996	2.2624378916305536	0.1409788850000000	0.0697406050000000
2740	6.40598	2.2418703454009981	0.1493468900000000	0.0922442700000000
2742	4.18392	2.2603574821182728	0.1799106550000000	0.0877504300000000
2744	4.14386	2.2545413162933343	0.1157848700000000	0.0798887400000000
2746	4.16699	2.2531806790595730	0.1539275150000000	0.0929225150000000
2749	8.05054	2.1671308555541158	0.1215993000000000	0.0667388650000000
2750	4.46992	2.2622198897102321	0.1402483550000000	0.0908305350000000
2756	4.18461	2.2563544398767168	0.1328879050000000	0.1071446150000000
2758	7.11963	2.2368162806922900	0.1485531750000000	0.1095070850000000
2760	5.01788	2.2479563400842850	0.1463143200000000	0.0963575550000000
2762	4.62710	2.2529106573327535	0.1277608750000000	0.1021164750000000
2766	4.86095	2.2663496848878624	0.2593118050000001	0.1410936600000000
2768	4.40001	2.2478299418184493	0.1288990950000000	0.0819558500000000
2774	4.96965	2.2504747309314426	0.1459049150000000	0.0931659600000000
2780	6.99973	2.2305377187311288	0.1523081800000000	0.0956010750000000
2784	4.28057	2.2476811407976256	0.1076569600000000	0.1273729350000000
2786	4.73897	2.2481168639028590	0.1338760550000000	0.0867379150000000
2788	5.18812	2.2513255148727223	0.1390960750000000	0.0927353000000000
2790	4.99142	2.2420179807063354	0.1094393400000000	0.1156995650000000
2792	4.82661	2.2749922767699617	0.1313451250000000	0.1350649550000000
2794	4.66571	2.2582286497948743	0.1351554150000000	0.0836757650000000
2796	5.32699	2.2471371951627739	0.1608741500000000	0.1276081600000000
2798	5.64999	2.2472205920694424	0.1336381000000000	0.0958217750000000
272	4.72232	2.2549982879327475	0.1649049550000000	0.0786288550000000
274	4.71760	2.2395933914322450	0.1252846050000000	0.0828625050000000
276	4.17418	2.2436888630559664	0.0856724550000000	0.0585039300000000
278	4.44217	2.2481431891217087	0.1291964850000000	0.0873404850000000
2800	6.88302	2.2414199351388353	0.1435864550000000	0.1039916900000000
2802	4.66222	2.2564620596511604	0.1524485000000000	0.0576332450000000
2804	4.88168	2.2511264726354208	0.1375612400000000	0.0761779900000000
2808	5.87316	2.2485857589416396	0.1403527950000000	0.1091066150000000
2810	4.39874	2.2634697720676678	0.1474725950000000	0.0582123600000000
2812	5.23815	2.2494944667181156	0.1456571400000000	0.0720932950000000
2814	5.57099	2.2487807584401658	0.1263182550000000	0.0979854900000000
2816	4.08318	2.2606767361194740	0.1328138500000000	0.0571924650000000
2818	7.18112	2.2206686514307590	0.1346819050000000	0.0814323400000000
2820	6.06766	2.2427096068670469	0.1386712000000000	0.1121514450000000
2822	4.01000	2.2520626520739069	0.1582817900000000	0.1008516300000000
2824	4.61980	2.2621538664617540	0.1405362550000000	0.1127658850000000
2826	6.46623	2.2384743659849411	0.1171345100000000	0.0732485000000000
2828	5.17079	2.2425242506433012	0.1443081000000000	0.0837184150000000
2831	6.17302	2.3807086644021229	0.2650499350000000	0.1087688700000000
2832	4.47691	2.2550052643338474	0.1885868750000000	0.0625490450000000
2834	5.11679	2.2516330217985994	0.1481831200000000	0.1019702650000000
2836	4.67993	2.2057731610980005	0.1194201850000000	0.0961052950000000
2838	6.50823	2.2430786469899209	0.1554879900000000	0.1045877850000000
2842	4.57021	2.2636453303169466	0.1609881350000000	0.1073107750000000
2844	4.76573	2.2546023241830211	0.1252470300000000	0.1149539350000000
2846	7.11878	2.2360554114460607	0.1621444500000000	0.0620808350000000
2848	7.04899	2.2402912111781230	0.1483459350000000	0.1022402150000000
2849	7.04899	2.1727460577987721	0.1540458200000000	0.0685367150000000
2850	4.29009	2.2593129640797343	0.1583394400000000	0.0742670350000000
2852	4.63682	2.2510078010944774	0.1638570400000000	0.1419861050000000
2856	4.26809	2.2545174270104829	0.1187165400000000	0.0679082350000000
2858	4.35001	2.2541367052826731	0.1304671100000000	0.0744207550000000
2862	6.50001	2.2438326761087950	0.1420036400000000	0.0793930050000000
2864	5.26656	2.2483974603238148	0.1273364500000000	0.0752357250000000
2866	9.63891	2.2129068429328460	0.1052736750000000	0.0928634600000000
2868	5.06922	2.2505199776183704	0.1580718850000000	0.1185168600000000
2870	4.50002	2.2638724247708266	0.1576473950000000	0.0825607300000000
2872	9.30238	2.2257450695649763	0.1327130600000000	0.1069695950000000
2874	4.70978	2.2571317760145795	0.1687850150000000	0.1118052100000000
2876	4.47483	2.2446959708987393	0.1348433350000000	0.0966085300000000
280	4.40855	2.2329245500508770	0.1448056400000000	0.0859689350000000
282	8.46518	2.2312012123119858	0.1352642650000000	0.0898361650000000
286	6.38959	2.2470261367991928	0.1292825850000000	0.0978370950000000
2880	4.50001	2.2639059643380723	0.1517318250000000	0.0742986750000000
2882	5.59937	2.2385132264620529	0.1293453600000000	0.0932101800000000
2883	5.59937	2.1737608383527363	0.1639112000000000	0.0350691750000000
2884	4.43812	2.2405293325668274	0.1299931850000000	0.0780897400000000
2888	6.52649	2.2425279531829903	0.1391426200000000	0.0853228700000000
2890	4.04346	2.2608086834359429	0.1076382750000000	0.0880530450000000
2892	5.17000	2.2392894322345942	0.1384014450000000	0.1222072950000000
2894	4.59563	2.2577149430796757	0.1407225300000000	0.1199895700000000
2896	6.65399	2.2367913158464683	0.1249009000000000	0.0853904300000000
2900	4.42397	2.2591499554101171	0.1886335150000000	0.0858477300000000
2902	4.68997	2.2525192458410075	0.1239805950000000	0.0921584100000000
2912	9.19568	2.2336554923559468	0.1529461350000000	0.0983810400000000
2916	4.69994	2.2450029657586597	0.1556595400000000	0.0948069050000000
2920	5.91350	2.2442093468450151	0.1347686500000000	0.0855897000000000
2922	4.44081	2.2601842253933051	0.1486199500000000	0.1306998850000000
2924	4.26997	2.2578227065993399	0.1641980950000000	0.0679341700000000
2926	4.72330	2.2453805240049372	0.1508319600000000	0.0992503450000000
2928	5.95016	2.2392450197612672	0.1707794050000000	0.0818865150000000
2932	4.04891	2.2671139920742527	0.1441215750000000	0.1012378200000000
2934	4.17539	2.2564131599991577	0.1547163100000000	0.0890665350000000
2936	5.33228	2.2440047611461784	0.1505786750000000	0.1012296500000000
2940	4.15092	2.2525025697079775	0.1394808650000000	0.0809844100000000
2942	4.72946	2.2598387392234680	0.1263545750000000	0.0772074700000000
2944	5.12695	2.2384239147655691	0.0917073550000000	0.0654978950000000
2946	8.35572	2.2307569708290962	0.1455619600000000	0.0883707650000000
2950	6.40363	2.2373332402896371	0.1511584550000000	0.1038001500000000
2952	7.48225	2.2331144634812889	0.1445436250000000	0.1070718950000000
2954	9.01194	2.2269968430680214	0.1602843850000000	0.1029627250000000
2956	4.92169	2.2543160766897850	0.1441924150000000	0.1187599650000000
2958	4.00000	2.2523116497671500	0.1347722100000000	0.0618721000000000
290	4.56983	2.2377603809255509	0.1080172750000000	0.0983023900000000
292	4.74063	2.2514677516574229	0.1097194200000000	0.0724423750000000
2960	4.82794	2.2503794803192276	0.1597022450000000	0.1402497850000000
2962	7.04486	2.2343133062353355	0.1678398750000000	0.1077040200000000
2964	5.06386	2.2509255108106117	0.1253085200000000	0.0962189850000000
2968	4.49799	2.2666446374674796	0.1472475250000000	0.0924498400000000
2970	10.13270	2.2315004435012469	0.1711462850000000	0.0772798950000000
2973	7.88851	2.1621366827969477	0.1508579200000000	0.0910171650000000
2974	9.21944	2.2272729738268815	0.1480145200000000	0.0792518450000000
2976	4.41979	2.2626722705625411	0.1598244600000000	0.1173359150000000
2978	5.88975	2.2333724569146529	0.1150484700000000	0.0875781650000000
2980	4.14296	2.2529721584671791	0.1292694100000000	0.0966989850000000
2982	12.90590	2.2105121111245025	0.1328248350000000	0.1068950250000000
2984	4.93568	2.2459633024615631	0.1340089700000000	0.0803775250000000
2986	4.49291	2.2579086770284333	0.1218812550000000	0.1298719850000000
2988	5.13341	2.2501619947366658	0.1421338400000000	0.0986454100000000
2990	4.25226	2.2570792189324163	0.1906134650000000	0.0931953550000000
2994	14.96590	2.2178456309411558	0.1484993500000000	0.1110436750000000
3000	8.19245	2.2287307435386423	0.1595518350000000	0.0919694900000000
3002	9.68277	2.2260482818812757	0.1289162750000000	0.0878408500000000
3003	9.68277	2.1804006526967030	0.1578262750000000	0.0451098100000000
3006	9.66154	2.2224200020932852	0.1213090650000000	0.0837722400000000
3012	4.27623	2.2686811111693750	0.1324289200000000	0.1215191200000000
3016	5.21969	2.3481388685560960	0.2267746700000000	0.0982032800000000
3018	5.26619	2.2463914793158644	0.1420622000000000	0.0797464150000000
3020	5.59896	2.2477361161438973	0.1390270050000000	0.1173633400000000
3021	5.59896	2.1556235867211408	0.1227132750000000	0.0404961200000000
3024	8.44299	2.2292273866924641	0.1547694600000000	0.1178646150000000
3026	10.30760	2.2286000604481098	0.1496609500000000	0.0899169500000000
3028	5.95873	2.2425660881231173	0.1504884700000000	0.1121485950000000
3030	8.95530	2.2283922126227420	0.1501411450000000	0.0885358450000000
3031	8.95530	2.1823465801408046	0.1836658800000000	0.0658662000000000
3032	4.59982	2.2449400237454489	0.1269548850000000	0.0870573850000000
3034	4.74703	2.2509340976462360	0.1350872700000000	0.0647875950000000
3038	10.91730	2.2250790969107812	0.1368759650000000	0.0911871600000000
298	5.72922	2.2425171146414500	0.1307977650000000	0.0693501550000000
300	4.48033	2.2620444220231133	0.1659480850000000	0.0944178300000000
301	4.48033	2.1440046790305538	0.1286648100000000	0.0472522600000000
302	9.30426	2.2281523328385053	0.1415867850000000	0.0978847000000000
3040	4.47175	2.2590542880595996	0.1530608700000000	0.0996396450000000
3042	5.28955	2.2449138027005358	0.1423748500000000	0.0784796900000000
3046	4.45076	2.2644162813093542	0.1346280500000000	0.0658409500000000
3048	4.95637	2.2506676329701105	0.1341392050000000	0.0819551650000000
3050	6.73115	2.2406944558072235	0.1273866850000000	0.0840006900000000
3052	4.24874	2.2610296877892160	0.1192998550000000	0.1230487550000000
3058	5.59479	2.2411228901402573	0.1356092000000000	0.0964761950000000
3062	4.57984	2.2654028831313302	0.1453374300000000	0.0784705850000000
3064	4.72266	2.2581897298989246	0.1475670750000000	0.1028729950000000
3067	6.16990	2.2279940626113643	0.1559572100000000	0.1227281500000000
3068	4.07954	2.2544987728306762	0.1033519500000000	0.0729895700000000
3070	5.25119	2.2398331242230460	0.1496612600000000	0.0853772400000000
3072	6.56144	2.2406622304533554	0.1552011100000000	0.0532298500000000
3078	4.22833	2.2677345569149496	0.1777864550000000	0.0850138200000000
3080	5.71492	2.2460847861277569	0.1536098350000000	0.0976633550000000
3084	4.92164	2.2563082395392389	0.1272357400000000	0.0885312500000000
3088	6.05933	2.2426762531829780	0.1529581100000000	0.0687902850000000
3090	11.04760	2.1929070215399795	0.1329843900000000	0.1111262950000000
3092	9.08518	2.2249354403922097	0.1174414300000000	0.0791461000000000
3093	9.08518	2.1824078408456802	0.1869957000000000	0.1027116150000000
3096	7.97027	2.2409303402355030	0.1928053350000000	0.0925338150000000
3097	7.97027	2.1823100591581128	0.1485563650000000	0.0880088100000000
3098	4.38017	2.2530745368594922	0.1541558700000000	0.0745186900000000
3100	6.43345	2.2415998448572889	0.1373150450000000	0.0882923950000000
3104	4.34008	2.2553826292740329	0.1257293700000000	0.0806685400000000
3110	13.23870	2.2206579567166198	0.1390609150000000	0.0788280000000000
3112	4.78521	2.2371722700835650	0.1242859500000000	0.0669524300000000
3114	4.29999	2.2587113112605088	0.1336737000000000	0.0832952950000000
3116	4.66860	2.2566846637588913	0.1434088850000000	0.0785328850000000
3118	6.78583	2.2447824181236156	0.1431265950000000	0.0659840700000000
304	4.35666	2.2574647299990120	0.1247555600000000	0.0859366400000000
310	11.78130	2.2219293758178753	0.1477840300000000	0.0999306900000000
3120	5.42970	2.2372293936847862	0.1300130000000000	0.0938945000000000
3124	4.41995	2.2477475153682986	0.1286227300000000	0.0991799350000000
3128	4.06100	2.2707930422809675	0.1527483600000000	0.0987923700000000
3130	5.00992	2.2484287706697073	0.1397434000000000	0.0807010350000000
3132	13.21360	2.2147404572891607	0.1507961500000000	0.0876568200000000
3136	4.21009	2.2557467444997754	0.1435588900000000	0.1165433950000000
3138	4.94001	2.2535229294617345	0.1432611750000000	0.0625048700000000
3144	4.11924	2.2560612432317937	0.1905095500000000	0.1056904400000000
3146	7.78009	2.2328445362201617	0.1221000350000000	0.0628565150000000
3148	4.41958	2.2643025188581243	0.1547815300000000	0.0568590000000000
3152	4.75031	2.2435013930387222	0.1334380200000000	0.0920166100000000
3153	4.75031	2.2347925126875747	0.1643307450000000	0.1497555700000000
3154	6.13193	2.2356728908478765	0.1530499750000000	0.1229302900000000
3158	5.74657	2.2428523458768370	0.1625395350000000	0.1420028500000000
3160	4.38829	2.2563176712028499	0.1539498100000000	0.1003004700000000
3162	4.47027	2.2558631858891758	0.1876481000000000	0.0411528450000000
3164	5.20138	2.2457047417555986	0.1292276050000000	0.0878997550000000
3166	4.20967	2.2622422072871995	0.1335206150000000	0.0941785350000000
3168	4.81774	2.2546400398940540	0.1152853050000000	0.0848556950000000
3170	4.60942	2.2590973721127989	0.1354839000000000	0.1087394200000000
3172	4.35084	2.2583092671701976	0.1375097850000000	0.0971652000000000
3174	5.11026	2.2496240685948234	0.1399253500000000	0.1008952850000000
3176	4.34000	2.2511752925213115	0.1560164550000000	0.0971081100000000
3178	4.39618	2.2543291765160838	0.2027180350000000	0.1212422800000000
3180	4.29221	2.2580416642511927	0.1441574650000000	0.0676042050000000
3182	5.62373	2.2473476682719093	0.1423858900000000	0.0359546250000000
3184	6.99027	2.2371266996911334	0.1411292450000000	0.1169681250000000
3186	5.89004	2.2479729203995236	0.1555476000000000	0.0444576700000000
3190	4.31221	2.2609003397649698	0.1515280550000000	0.1341003950000000
3192	5.32008	2.2516406731244043	0.1310039100000000	0.0915447200000000
3194	4.17145	2.2578037964716584	0.1661568300000000	0.1298941050000000
312	6.42442	2.2405210605544337	0.1385112450000000	0.0973880200000000
314	5.20148	2.2521266344263262	0.1278850550000000	0.0841792700000000
316	8.45468	2.2303012288930475	0.1278692450000000	0.0738633700000000
318	4.10089	2.3978789943138876	0.2575555300000000	0.1363897800000000
24	6.39008	2.2368991154777560	0.1515517950000000	0.1004141300000000
26	6.09737	2.2422630776703323	0.1214025000000000	0.0932307300000000
28	5.95941	2.2371044795132411	0.1491962150000000	0.1026790900000000
30	4.08821	2.2605854737081583	0.1201024250000000	0.0948357950000000
320	11.69890	2.2265529957756680	0.1614020350000000	0.0786074850000000
322	4.72290	2.2519294078601324	0.1402021400000000	0.0879232150000000
324	5.87348	2.2286672827148273	0.1543082850000000	0.0942852300000000
326	6.53933	2.2422069398167515	0.1706138250000000	0.0905169500000000
328	6.99964	2.2410263085151612	0.1700311700000000	0.1162948750000000
330	4.00913	2.2640921983513067	0.1450613750000000	0.1087980950000000
332	5.18578	2.2519373866137862	0.1390063200000000	0.0493136300000000
334	4.27849	2.2600793580993090	0.1420307100000000	0.0896387600000000
336	4.86590	2.2487537356010967	0.1446551900000000	0.0864307900000000
338	4.59223	2.2636263973958313	0.1503869900000000	0.0994811500000000
340	7.84714	2.2304525065888368	0.1559987200000000	0.1060170250000000
342	5.06002	2.2463806149389565	0.1276068850000000	0.0758950650000000
344	5.97000	2.2217375280645562	0.1260145550000000	0.1218370050000000
352	5.20191	2.2519661447180943	0.1643974900000000	0.0814865200000000
354	12.23160	2.2310869968548799	0.1738577100000000	0.0863134250000000
356	5.38920	2.2515233664631285	0.1407095050000000	0.1274369600000000
358	6.98731	2.2973911489989565	0.2017133850000000	0.1351188400000000
362	4.48027	2.2593206162099868	0.1354598300000000	0.0987635500000000
364	5.02670	2.2455731260733351	0.1210263650000000	0.0638467900000000
366	4.28634	2.2483512516227719	0.1432478500000000	0.1033799250000000
368	4.57993	2.3841313555260264	0.2326473200000000	0.0967968900000000
370	4.38007	2.2558405327405509	0.1747464350000000	0.1253174550000000
372	4.99183	2.2563054713874404	0.1722865400000000	0.0661159900000000
374	7.54955	2.2377012028590140	0.1598877550000000	0.0840735950000000
375	7.54955	2.3022972632950740	0.2661383350000000	0.0889465900000000
376	4.88651	2.2574387166692547	0.1077720100000000	0.0896757200000000
378	8.36841	2.2312548630916407	0.1672937300000000	0.0945611300000000
380	5.25044	2.2494779429366796	0.1317432400000000	0.0591960800000000
382	5.55295	2.4188311296079372	0.2504714500000000	0.1336085850000000
386	8.63574	2.2318875389410704	0.1568543650000000	0.0986769750000000
388	5.01801	2.2469250176546769	0.1423688500000000	0.0925145650000000
390	4.07706	2.2636927562097044	0.1523111800000000	0.0827721750000000
392	4.76010	2.2463555985147443	0.1448122450000000	0.1273123200000000
394	4.96945	2.2554477424174384	0.1327080800000000	0.0938681850000000
396	5.97077	2.2438574791373518	0.1521334750000000	0.1445305150000000
32	5.00000	2.2472574204087654	0.1463743500000000	0.1001254200000000
34	4.59597	2.2518900142913179	0.1552633650000000	0.0753711700000000
36	11.42750	2.2159190602187029	0.1383487000000000	0.1270732350000000
37	11.42750	2.1818659055822698	0.1502205500000000	0.0805058150000000
38	7.71594	2.2350655790036447	0.1371018100000000	0.0530786700000000
400	13.25910	2.2202123408473695	0.1452868800000000	0.0833062700000000
402	4.80712	2.2503428138390880	0.1529630350000000	0.1151754200000000
404	5.17820	2.2438322299758751	0.1620854800000000	0.0585800150000000
406	4.72298	2.2459082145624443	0.1534784850000000	0.1274796250000000
408	4.83876	2.2480740374677537	0.1408145800000000	0.1073821850000000
414	5.02974	2.2498072124202504	0.1540964500000000	0.1051718550000000
416	19.16470	2.2100008985106361	0.1539437750000000	0.1122630150000000
418	4.62812	2.2426005434546856	0.1529872850000000	0.1239968800000000
420	10.91070	2.2249274537312758	0.1649154100000000	0.0901789900000000
422	4.49919	2.2448124622737184	0.1986603750000000	0.1123273950000000
424	4.41018	2.2613588403432696	0.1743983250000000	0.1227495050000000
426	4.14775	2.3216088309830121	0.2026434850000000	0.1308553000000000
428	4.01005	2.2682559414117724	0.1268639400000000	0.0598914350000000
432	12.00770	2.2221071917988917	0.1433412400000000	0.1169713400000000
433	12.00770	2.1780781084918144	0.1299016050000000	0.0954627550000000
440	4.69001	2.2358886511814360	0.1368338250000000	0.1090194700000000
442	5.97021	2.2402813962674086	0.1474537750000000	0.1086556950000000
444	4.01200	2.2562637800774628	0.1417845750000000	0.0748204650000000
446	3.99999	2.2593993732586899	0.1122647750000000	0.0749196750000000
448	4.38024	2.2512746526336578	0.1630601450000000	0.0918372250000000
450	10.69890	2.2184230690937010	0.1043774350000000	0.0781816350000000
451	10.69890	2.1774143510262758	0.1138714300000000	0.0937922450000000
452	5.10067	2.2458745709426022	0.1468494450000000	0.0888443600000000
454	5.28648	2.2520520984736732	0.1440634850000000	0.0424833450000000
456	7.52274	2.2380945221425494	0.1344938400000000	0.0863602900000000
458	5.24962	2.2327863284967830	0.1610831650000000	0.0715034300000000
460	4.80720	2.2529132016356201	0.1552047300000000	0.0985919300000000
462	5.32730	2.3128337735757216	0.2129563350000000	0.1494854750000000
464	4.45389	2.2163028096554238	0.1804269250000000	0.0928518300000000
466	5.10844	2.2513505053583156	0.1514473200000000	0.1009528300000000
468	4.35962	2.2965583394334872	0.2098009300000000	0.1357993900000000
470	4.69002	2.2511700808063262	0.1314650050000000	0.0829128100000000
472	5.52889	2.2453908024539153	0.1183944800000000	0.0863452250000000
473	5.52889	2.2184963008470122	0.1982397550000000	0.1031157450000000
474	5.01269	2.2489096769550061	0.1445475450000000	0.1190114200000000
476	4.28973	2.2489155538995460	0.1181653500000000	0.0896399150000000
40	4.72137	2.2532680310630031	0.1267844050000000	0.1007118850000000
42	5.30174	2.2405874049081285	0.1615962750000000	0.0718736100000000
43	5.30174	2.7202741285183070	0.2962516750000000	0.0604554050000000
44	4.88565	2.2534997659352949	0.1671654100000000	0.1522599550000000
46	4.86181	2.2543875455121283	0.1352145850000000	0.0935611550000000
480	9.18256	2.2267131785024370	0.1191904650000000	0.0849009400000000
482	4.07001	2.2553983878085351	0.1911142950000000	0.1379710600000000
484	4.84521	2.2534073940293537	0.1520727400000000	0.0732080300000000
486	5.16271	2.2478639222930754	0.1514437150000000	0.1241886500000000
488	6.47736	2.2399813157683250	0.1417085800000000	0.0974225650000000
490	6.05020	2.2491761809167135	0.1447863150000000	0.0951262750000000
492	4.09257	2.2425448019531329	0.1472739750000000	0.0433216800000000
494	8.00877	2.2316173537294319	0.1242621000000000	0.0970452950000000
496	4.60806	2.2554215770247144	0.1639330450000000	0.1036168400000000
500	9.56550	2.2292005931343106	0.1421557400000000	0.0980681450000000
501	9.56550	2.1846881971547214	0.1651101600000000	0.1025673150000000
502	4.17605	2.2496837465872757	0.1464719800000000	0.0986448000000000
506	4.44068	2.2514493120459353	0.1409761950000000	0.1323437600000000
512	4.50597	2.2563759423506360	0.1347098500000000	0.0838427650000000
514	5.80851	2.2431371645516265	0.1488186250000000	0.1116554650000000
516	5.57690	2.2465447488062034	0.1530530350000000	0.1212035650000000
520	4.83509	2.2444161022606619	0.1325725400000000	0.0921669450000000
522	4.93996	2.2516255055106815	0.1671100600000000	0.0803087750000000
524	5.93792	2.2475945898987244	0.1495323900000000	0.0832346800000000
526	5.33980	2.2492325753908968	0.1543154300000000	0.1455634300000000
528	5.22447	2.2446037957716030	0.1219964400000000	0.0968345900000000
530	7.65335	2.2306133641659760	0.1453288750000000	0.0929925800000000
532	4.49980	2.2616905490172359	0.1620229650000000	0.0957741450000000
534	4.17992	2.2579667791196814	0.1217166800000000	0.0744298300000000
544	8.30517	2.2741016516736607	0.2002553450000000	0.1220511750000000
546	4.66661	2.2467963353996003	0.1519176000000000	0.0918478150000000
548	4.13510	2.2593919302463874	0.1075557350000000	0.1010149050000000
550	5.97092	2.2411339756098254	0.1049055250000000	0.0722465250000000
551	5.97092	2.1779322683147662	0.1622236200000000	0.0577430000000000
553	4.13999	2.4183677855512804	0.3029652350000000	0.0443395750000000
554	4.87395	2.2485202639180830	0.1226450900000000	0.0783224450000000
556	5.28839	2.2423867832867139	0.1513752000000000	0.1163087650000000
558	4.91079	2.2439963333682629	0.1528752250000000	0.1247349350000000
48	5.98162	2.2444219778635848	0.1623856350000000	0.1055033100000000
50	4.65639	2.2303131876322682	0.1334807700000000	0.1071321450000000
52	16.74470	2.2125827472469384	0.1365033700000000	0.0501888950000000
560	6.12474	2.2431429257475992	0.1495045750000000	0.1060170100000000
562	5.92542	2.2303554752588224	0.1109137750000000	0.0885450700000000
564	5.28955	2.2459316908549738	0.1391542850000000	0.0985671500000000
568	5.29829	2.2456627197812198	0.1453764500000000	0.1196405050000000
570	13.32050	2.2235039857734846	0.1474044500000000	0.0977310550000000
572	8.19246	2.2287500726385217	0.1502539150000000	0.0670202100000000
574	5.42940	2.2453462104899540	0.1490637200000000	0.0984416950000000
576	5.51229	2.2406017187753338	0.1203778850000000	0.0751745400000000
578	6.71299	2.2410040867471070	0.1506763700000000	0.0846514300000000
580	7.37675	2.2325397756687684	0.1539437150000000	0.0822419450000000
582	4.27199	2.2545429919609807	0.1305120050000000	0.0912414100000000
588	4.95559	2.2473905497598134	0.1439063450000000	0.0630382700000000
590	10.20320	2.4051792485980168	0.2491771450000000	0.0945681850000000
591	10.20320	2.1871674464656521	0.1301684850000000	0.1189601500000000
592	5.47005	2.2442183601216774	0.1654631900000000	0.0940936000000000
594	4.59101	2.2547067820749764	0.1715060250000000	0.1014239900000000
598	6.13030	2.2359077862862695	0.1435707250000000	0.1017245650000000
602	4.91992	2.2575633239366990	0.1355646050000000	0.0925828400000000
604	7.96701	2.2260351298674972	0.1454434700000000	0.0930465300000000
606	4.24997	2.2554198054345829	0.1500806200000000	0.0704178700000000
608	4.74682	2.2516658734760049	0.1713125600000000	0.0969146650000000
612	15.79580	2.2041327719174411	0.1426213600000000	0.1073986250000000
614	7.96823	2.2325684700479269	0.1247814650000000	0.0686263050000000
616	5.75065	2.2365285732314368	0.1549334400000000	0.0928338850000000
618	5.39051	2.2450822219350610	0.1533417150000000	0.0906620650000000
620	4.99862	2.2527639262488806	0.1403964400000000	0.0878544850000000
622	4.00730	2.2649419749106317	0.1312513000000000	0.1080419850000000
624	5.00235	2.2299095633692256	0.1320849750000000	0.0701452000000000
626	7.71899	2.2336582569358616	0.1533477050000000	0.1096017300000000
628	7.78068	2.2348553742040269	0.1257101050000000	0.0890501200000000
630	7.58673	2.2235730650078733	0.0716912300000000	0.1044113800000000
632	4.51447	2.2422726133380366	0.1548482050000000	0.0709958400000000
638	5.39993	2.2520643864886516	0.1258666800000000	0.0689156150000000
56	4.27006	2.2663328744990250	0.1494789800000000	0.0944438450000000
60	4.04813	2.2646062073094608	0.1366429800000000	0.0634061150000000
640	6.60590	2.2439014994003510	0.1785317800000000	0.1073180950000000
642	5.30005	2.2526910088092791	0.1622629150000000	0.1306296450000000
644	4.20982	2.2511196645491776	0.1283635800000000	0.0654968800000000
646	5.04993	2.2475066201035721	0.1374605000000000	0.0742701450000000
648	5.16018	2.2489028698579170	0.1500302650000000	0.1271353850000000
650	5.68948	2.2421313128908693	0.1495139300000000	0.0614854100000000
652	5.04957	2.2507965911093453	0.1693580700000000	0.1302972550000000
658	11.91340	2.2263842494145689	0.1612876850000000	0.0879329950000000
660	4.39697	2.2624557181370020	0.1743849450000000	0.0796186250000000
662	4.80723	2.2494238873319166	0.1269460150000000	0.0736476250000000
664	4.25844	2.2445612984550878	0.1538624000000000	0.0617963200000000
666	4.26001	2.2596429989304720	0.1631308100000000	0.1018637300000000
668	6.19983	2.2408424612536786	0.1396175000000000	0.1103202550000000
672	8.53196	2.2799765498273903	0.1967234350000000	0.0946829600000000
673	8.53196	2.2486110069866285	0.2115118950000000	0.1022697150000000
674	6.29109	2.2480862454880310	0.1622783350000000	0.1333047500000000
680	5.55312	2.2426676910922128	0.1568363600000000	0.0773903450000000
684	4.81861	2.2473782792437067	0.1244838700000000	0.0893146300000000
686	6.88888	2.2320238903705847	0.1615595600000000	0.0720179050000000
690	8.86501	2.2243723191620135	0.1038061250000000	0.0767704550000000
692	4.72836	2.2583014048239369	0.1382631800000000	0.1052702250000000
694	4.26026	2.2537455359262011	0.1581935400000000	0.1099591800000000
696	7.24264	2.2325704823805967	0.1375068700000000	0.0812483950000000
700	6.63621	2.2389887853690484	0.1362483450000000	0.0660428900000000
702	4.01006	2.2498899970115502	0.1379798250000000	0.1195482000000000
704	4.18303	2.2484722999367190	0.1417798700000000	0.1268803750000000
706	4.21997	2.2658651187472900	0.1477479450000000	0.0416045400000000
710	4.99021	2.2544191742073352	0.1327829250000000	0.0784032550000000
712	4.16844	2.2730430954547614	0.1584867750000000	0.1090325650000000
714	4.85701	2.2440029424560648	0.1513122950000000	0.0944282800000000
718	4.49795	2.2563513385557266	0.1437814650000000	0.0437749700000000
64	4.05404	2.2605843003005899	0.1377120900000000	0.0840782200000000
66	4.12811	2.2598545127925824	0.1560098900000000	0.1086412550000000
70	4.99201	2.2523193406154003	0.1389840250000000	0.0863539900000000
720	4.86081	2.2584401239586360	0.1406965900000000	0.0912571900000000
722	9.55964	2.2286910141160763	0.1125564400000000	0.0769337400000000
724	5.58146	2.2393681680009330	0.1399004250000000	0.0669184250000000
726	4.48954	2.2456858472377688	0.1354432650000000	0.1041417050000000
728	5.37312	2.2448578766662677	0.1283388200000000	0.1192668100000000
730	4.04598	2.2666265708724085	0.1125497800000000	0.1154879400000000
734	5.81957	2.2414403870350919	0.1517269850000000	0.1119403450000000
736	4.71994	2.2243986091188117	0.2126831100000000	0.1060771200000000
738	4.39812	2.3190858833514412	0.1962077650000000	0.1330657500000000
740	5.73561	2.2485581989480483	0.1446090350000000	0.0926468700000000
741	5.73561	2.1823520274349080	0.1673198800000000	0.1100297100000000
742	4.34562	2.2464484895785017	0.0826458450000000	0.1040908200000000
746	5.02036	2.2530295769089106	0.1655314650000000	0.0922906400000000
748	10.29080	2.2295531539902718	0.1530871850000000	0.0718309600000000
752	7.13508	2.2376777890874262	0.1520870800000000	0.1133517650000000
754	4.57918	2.2515935638479756	0.1617289000000000	0.1109340050000000
760	4.93558	2.2529519334488128	0.1465776700000000	0.0969241950000000
762	4.49133	2.2530390928645798	0.1426572850000000	0.0625030750000000
764	5.32050	2.2298754841267399	0.1653900450000000	0.1407834650000000
766	6.03861	2.2443901077566566	0.1366299550000000	0.0840087400000000
768	6.49957	2.2319283550055187	0.1153967550000000	0.0878399450000000
772	4.01021	2.2354149146821456	0.1053836500000000	0.0916741800000000
774	4.84509	2.2416310220020010	0.1401362250000000	0.1013116250000000
776	6.40735	2.2361775155313923	0.1274350100000000	0.0844306300000000
778	6.98751	2.2406126896874330	0.1304569900000000	0.0878768950000000
780	4.63996	2.2456704023545360	0.2166533650000000	0.1562309500000000
782	5.28004	2.2421792884525029	0.1596050800000000	0.1275693500000000
784	6.20121	2.2409817636592719	0.1467707450000000	0.0717066850000000
786	6.00964	2.2397525475565714	0.1103287000000000	0.0801293800000000
788	5.78503	2.2369681150121568	0.1405738700000000	0.1192583800000000
790	5.27576	2.2445227748834933	0.1509587500000000	0.1073863100000000
792	4.44731	2.2491266395949627	0.1438676650000000	0.1214060950000000
794	4.28445	2.2420458032329003	0.2336951300000000	0.0577072050000000
796	5.91367	2.2358629552670712	0.1377039900000000	0.0801765250000000
798	4.83879	2.2492665234130982	0.1236592800000000	0.0708813500000000
799	4.83879	2.2369843950080122	0.2197558500000000	0.0713933600000000
72	9.58719	2.2295056840999807	0.1473643250000000	0.0553229550000000
74	4.85628	2.2555304023769924	0.1802923300000000	0.1073201400000000
76	4.73062	2.2461685624418353	0.1316509350000000	0.0848494700000000
78	5.98490	2.2360801976337044	0.1185739650000000	0.0882401700000000
