0	147.49000	2.2926503480280793	0.2180388200000000	0.0980548000000000
4	4.35645	2.2625487230770074	0.1491483300000000	0.1107195350000000
6	4.69902	2.2616342134240841	0.1226714150000000	0.0828747950000000
802	9.13833	2.2296322945017146	0.1139200050000000	0.0793107700000000
808	4.77777	2.2650012529471830	0.1649342900000000	0.0984407200000000
810	4.50192	2.2681392886665019	0.1476549950000000	0.0680930850000000
812	4.12992	2.2750408389156349	0.1350673000000000	0.1472335600000000
814	5.51014	2.2649711787492115	0.1633943850000000	0.1183567550000000
816	4.70120	2.2470657100596938	0.1538827600000000	0.1157856400000000
820	5.49543	2.2551870778895364	0.1761944350000000	0.1072524150000000
822	4.02000	2.2766954911278265	0.1517926900000000	0.0703202250000000
824	5.48187	2.2409061153693686	0.1595175850000000	0.1033317850000000
826	5.02823	2.2504330606105967	0.1535988750000000	0.1122114600000000
828	4.39944	2.2645568844285084	0.1375629500000000	0.0995592150000000
830	4.76516	2.2617904595358787	0.1424493350000000	0.0864489050000000
834	4.69003	2.2604122354043552	0.1380675300000000	0.0463972350000000
836	9.14174	2.2212762369881989	0.1575493300000000	0.1109309500000000
838	11.07470	2.2303793889323309	0.1514494800000000	0.1065099700000000
842	7.66761	2.3550535156914427	0.2446317500000000	0.1728809800000000
844	5.82782	2.2385116203383344	0.1468424200000000	0.0959387950000000
846	4.41559	2.2530578291310905	0.1675584150000000	0.0611212150000000
850	5.91751	2.2471582730361859	0.1307686850000000	0.0829450100000000
856	4.41190	2.2547432024606335	0.1491869650000000	0.0795008300000000
858	4.98057	2.2556812856146391	0.1407692200000000	0.1311925450000000
860	4.86085	2.2471945667122615	0.1427290900000000	0.1006958400000000
862	4.83234	2.2625267234566886	0.1689168400000000	0.1026961250000000
864	4.09047	2.2579020878767482	0.1391868150000000	0.0716436650000000
866	4.16608	2.2603136520549940	0.1949223350000000	0.1153251700000000
872	4.02906	2.2590517226236777	0.1238059100000000	0.0862495500000000
878	4.54933	2.2584064904232721	0.1249760850000000	0.0557459450000000
80	5.11851	2.2439973904836861	0.1423260300000000	0.0634837200000000
82	4.14228	2.2559740028162971	0.1525160100000000	0.1063213050000000
84	6.99024	2.2471159293038929	0.1652545650000000	0.1080234900000000
882	4.12996	2.2415363381206976	0.1935860950000000	0.0888723950000000
886	4.24842	2.2676987729655771	0.1595727650000000	0.0971053400000000
888	6.76593	2.2379064425375370	0.1595800050000000	0.0782349950000000
890	4.95505	2.2441658013026458	0.1204896800000000	0.0749553850000000
892	5.01257	2.2727372665285075	0.2505635850000000	0.0898553700000000
894	9.01225	2.2321203662436866	0.1186476700000000	0.0909855750000000
896	4.86598	2.2532570063521833	0.1275814400000000	0.0747358100000000
900	4.50584	2.2513731703420836	0.1270152850000000	0.0893050600000000
902	4.70921	2.2523278866905510	0.1431854800000000	0.1207279400000000
904	4.73006	2.2638014728701590	0.1399411750000000	0.0661705400000000
906	7.99125	2.2303465524923682	0.1265063400000000	0.1049773400000000
907	7.99125	2.2064165295695557	0.2047099350000000	0.0913847950000000
908	5.04026	2.3081485598029770	0.2103787550000000	0.1134371550000000
910	4.24570	2.2446645959163130	0.1630210400000000	0.0767911700000000
920	4.84378	2.2561433301351062	0.1458021000000000	0.1266567300000000
922	4.80728	2.2741075152750563	0.1952483100000000	0.1333555350000000
932	4.53006	2.2520687356074527	0.1292992800000000	0.0902290350000000
934	4.34599	2.3215094952402247	0.2216768600000000	0.0948556650000000
938	4.13974	2.2630028214458004	0.1507903650000000	0.1033317400000000
940	4.62017	2.2502550233702783	0.1408227500000000	0.0749020950000000
942	4.78462	2.2549661051087009	0.1240748400000000	0.0707673100000000
944	4.71987	2.2664498411728466	0.1287538750000000	0.0678908200000000
946	6.24975	2.2262151020710519	0.1231676950000000	0.1055483600000000
948	4.02000	2.2627094215239048	0.1391355250000000	0.1067474100000000
950	10.71510	2.2245217544020419	0.1190452350000000	0.0854573500000000
954	8.53221	2.2331408549934970	0.1663165500000000	0.1212956300000000
956	4.00829	2.2634865315073061	0.1619818300000000	0.1392554350000000
958	16.47030	2.2191474479595783	0.1268543650000000	0.0974375650000000
88	5.11225	2.2417792003325245	0.1469689250000000	0.0963185400000000
94	6.88144	2.2440066320823493	0.1470398750000000	0.0564052550000000
960	5.30527	2.2563859018121821	0.1736018700000000	0.1019488600000000
962	4.08396	2.2689359749223037	0.1335115800000000	0.0955603000000000
970	5.00324	2.2489895884257440	0.1536914200000000	0.1112401150000000
974	5.07010	2.2507391529237748	0.1224499200000000	0.0570253900000000
976	6.08247	2.2426119035799892	0.1668614600000000	0.0962287350000000
978	5.95959	2.2443522025718305	0.1471114600000000	0.1085427850000000
980	4.01998	2.2645780510187521	0.1037021100000000	0.0633938650000000
982	4.16579	2.2550997992668154	0.1113947200000000	0.0826370850000000
984	4.28682	2.2616163600994739	0.1326965600000000	0.0679897950000000
988	5.02105	2.2578042053462939	0.1491033750000000	0.0903898000000000
990	4.13117	2.3080256133874317	0.2014574650000000	0.1368851200000000
994	5.46914	2.2580923264388280	0.1749434300000000	0.1306115100000000
996	4.81901	2.2546806712618523	0.1750920800000000	0.0707644400000000
998	4.05999	2.2438152323237532	0.0960451350000000	0.0952069400000000
1000	6.84932	2.2456449790963475	0.1642606100000000	0.0573359050000000
1002	4.06005	2.2688417409130870	0.1297256550000000	0.0625225250000000
1004	4.05646	2.2679854232495940	0.1584537800000000	0.1222031050000000
1006	4.73002	2.2555921665570624	0.1377927300000000	0.0737185650000000
1008	10.74660	2.2258044733884064	0.1467274250000000	0.0707759600000000
1009	10.74660	2.1633217103199662	0.1367239000000000	0.0559417200000000
1010	7.48502	2.2327103914102135	0.1816231100000000	0.0825177500000000
1012	4.85771	2.0417631687231306	0.2344992750000000	0.1829884900000000
1014	4.79428	2.2624157752642953	0.1363080350000000	0.0627800050000000
1016	5.42450	2.2522574036195313	0.1158426450000000	0.0928977600000000
1018	4.35595	2.2598259960462115	0.1268977450000000	0.1096071950000000
1020	4.59215	2.2546631726248054	0.1163446450000000	0.0600079600000000
1024	4.11828	2.2627792689224195	0.1506364900000000	0.1029225550000000
1026	5.42788	2.2473652745558357	0.1483002200000000	0.0626934750000000
1032	5.37206	2.2488142437491994	0.1372144900000000	0.0840188750000000
1036	6.19163	2.2407458299705070	0.1533102950000000	0.0851206000000000
1038	20.58720	2.2094238554155017	0.1410180250000000	0.0995382350000000
1039	20.58720	2.3754715570604850	0.2629379750000000	0.0988938000000000
96	4.49598	2.2172380078724174	0.1789394350000000	0.1114642450000000
100	4.44442	2.2551515336048049	0.1555477100000000	0.0796224250000000
102	11.84740	2.2243742777462154	0.1477134950000000	0.0770590700000000
103	11.84740	2.1814348279961795	0.1433125800000000	0.0686703500000000
1042	8.97676	2.2337605207877536	0.1421260000000000	0.0843305250000000
1044	7.71618	2.2354069104955450	0.1522453900000000	0.1224329900000000
1048	7.04994	2.2434114976603756	0.1458751800000000	0.1143110450000000
1050	4.79443	2.2449516848520026	0.1256609750000000	0.1107838200000000
1054	5.00964	2.2528412019627071	0.1415543900000000	0.1196269950000000
1056	13.19180	2.2413514132265879	0.1577414400000000	0.0447029750000000
1058	5.16946	2.2513431653520692	0.1462843950000000	0.1110162950000000
1060	4.42420	2.2620696054723277	0.1189427450000000	0.1055882400000000
1062	7.52754	2.2378409315034835	0.1456023750000000	0.1013917600000000
1064	4.13375	2.2693794074417464	0.1304556250000000	0.0936244000000000
1066	4.58473	2.2559251589357072	0.1710880700000000	0.1019934450000000
1068	4.03979	2.2707983566511554	0.1553099550000000	0.1034502300000000
1070	5.57741	2.2509757993802504	0.1562456500000000	0.1296767900000000
1074	5.15909	2.2492160739009486	0.1371953800000000	0.1135230700000000
1076	4.75638	2.2528889978819651	0.1269458550000000	0.0767022750000000
1078	9.13998	2.2281237529899158	0.1540820400000000	0.0875532950000000
1080	6.88055	2.2394399369330409	0.1606227400000000	0.0732735400000000
1082	4.01200	2.3809461215527161	0.2917467850000000	0.1553761250000000
1084	4.39977	2.2609202776695807	0.1680753250000000	0.1220703250000000
1090	5.32049	2.2515261243487728	0.1594209050000000	0.1047704450000000
1092	4.06107	2.2578090413216962	0.1404772500000000	0.1160043200000000
1094	5.02848	2.2591191082508559	0.1240241950000000	0.0905433650000000
1096	4.94043	2.2583987499485301	0.1431978250000000	0.0835706950000000
1098	4.99017	2.2483300830123718	0.1248832350000000	0.0648624100000000
1100	6.64546	2.2355097129475778	0.1250338200000000	0.0816576450000000
1104	4.56992	2.2546754343422157	0.1429600850000000	0.0507171500000000
1106	5.56954	2.2406951493520237	0.1648032800000000	0.0945336950000000
1108	4.29600	2.2967762452851703	0.2273527600000000	0.1003513150000000
1114	6.80212	2.2413176691847863	0.1498647450000000	0.0729464200000000
1116	4.09318	2.2536215070940671	0.1239716850000000	0.0889726450000000
1118	4.94317	2.2545882159838810	0.1238871200000000	0.1206660650000000
104	4.17470	2.2650624032638063	0.1064237250000000	0.0820476650000000
106	4.24173	2.2595189462295791	0.1366584850000000	0.0927729550000000
108	6.74909	2.2474971745170755	0.1794667950000000	0.1173617550000000
110	4.95835	2.2536481615177366	0.1334968400000000	0.1118050900000000
1120	6.15791	2.2396050346168948	0.1414187850000000	0.0918398100000000
1122	4.50022	2.2503561857212397	0.1232267100000000	0.1004973300000000
1126	4.63993	2.2648921255678478	0.1688880450000000	0.1061877700000000
1128	4.73005	2.2640316546623285	0.1313432000000000	0.0766116500000000
1130	6.62189	2.2376140100355237	0.1363542300000000	0.0829325250000000
1132	4.82357	2.2594004042474900	0.1270076800000000	0.1024394200000000
1134	4.49785	2.2621826379020398	0.1253467400000000	0.0912965050000000
1136	4.52370	2.2589292585900798	0.1576175300000000	0.0646217500000000
1138	4.57963	2.2662887735817159	0.1674907350000000	0.1007572350000000
1140	4.33156	2.2628267121953916	0.1163791200000000	0.0549971050000000
1142	5.77021	2.2389400408856854	0.1451296350000000	0.1164742250000000
1147	8.21793	2.1673531658703649	0.1027357400000000	0.0863820900000000
1148	4.34715	2.2690812763145631	0.0951938950000000	0.1207077200000000
1150	4.29202	2.2631536099569707	0.1416079900000000	0.0782548100000000
1152	6.15727	2.2371471144500727	0.1509431250000000	0.0912000500000000
1154	4.28273	2.2527900822376008	0.1433972900000000	0.1410437150000000
1156	4.92139	2.2645655000792799	0.1472650750000000	0.0738454900000000
1158	4.44046	2.2545838873397694	0.1468902500000000	0.1152581050000000
1166	4.99160	2.2990326838856241	0.2113521900000000	0.1372507250000000
1168	4.99998	2.2563301203254258	0.1329312200000000	0.0730674800000000
1170	4.44863	2.2585227759269202	0.1748236700000000	0.1182555300000000
1172	7.77621	2.2179495133993270	0.1141386400000000	0.0702113650000000
1176	8.82243	2.2274042340022762	0.1133354850000000	0.0923503750000000
1180	6.98595	2.2386709928396837	0.1310457600000000	0.1007025150000000
1182	4.13498	2.2519952559955279	0.1664013100000000	0.0758786900000000
1186	4.49995	2.2628402373696734	0.1468462550000000	0.0948734450000000
1190	9.36204	2.2298805804617770	0.1418543600000000	0.0845389350000000
1192	4.60472	2.2592573433490384	0.1700814000000000	0.0379632250000000
1194	5.00000	2.2512333798084785	0.1503928300000000	0.0807174000000000
1195	5.00000	2.2624635263626027	0.2084626400000000	0.0747189750000000
1197	4.78462	2.2144196921135486	0.1694295600000000	0.0751882750000000
112	4.34973	2.2666382319981930	0.1380579800000000	0.1156127100000000
114	5.67070	2.2461293294078488	0.1543237200000000	0.0628314850000000
116	4.16424	2.4268702161137621	0.2985178400000000	0.0703625550000000
118	4.02935	2.2667308203688741	0.1205156950000000	0.0757000400000000
1200	7.75231	2.2312403347846499	0.1530864600000000	0.1168310400000000
1202	4.35313	2.2576802952599144	0.1411557450000000	0.0974743550000000
1204	6.77997	2.2407388750813899	0.1497370550000000	0.0859326900000000
1206	6.99988	2.2421172281895982	0.1302880150000000	0.0948331400000000
1212	4.82000	2.3207121268633815	0.1977613300000000	0.0948693550000000
1214	10.74680	2.2287329513042855	0.1334301950000000	0.0686811500000000
1216	4.93969	2.2451774723483200	0.1425896000000000	0.1043811150000000
1218	7.34905	2.2288172711311054	0.1614410250000000	0.1317725150000000
1220	12.93590	2.2196361909485098	0.1542527950000000	0.1159703350000000
1222	4.15682	2.2677216743843123	0.1670320700000000	0.1116645850000000
1224	4.57009	2.2614145526592941	0.1851008000000000	0.0759814050000000
1226	4.35377	2.2331286506521102	0.1307013200000000	0.0660649900000000
1228	4.42998	2.2544326820495626	0.1163905600000000	0.0955533950000000
1230	5.20353	2.2490867696027008	0.1626824750000000	0.0924545250000000
1232	4.57896	2.2601310111460409	0.1481077450000000	0.0915077850000000
1234	5.14180	2.2522180706137678	0.1257089650000000	0.1057961500000000
1236	4.22672	2.2576761198430133	0.1145930050000000	0.0919760300000000
1240	6.10483	2.2441878360828444	0.1453744000000000	0.0685765000000000
1242	5.75275	2.2450754000888686	0.1590231350000000	0.1505939250000000
1244	4.25318	2.2665626133406946	0.1338608400000000	0.0851643900000000
1246	4.67784	2.2609773846804191	0.1146683200000000	0.0573570700000000
1248	4.14212	2.2673399209846150	0.1146380800000000	0.0778387400000000
1250	7.39761	2.2359003219261027	0.1538452250000000	0.1086975100000000
1252	4.82270	2.2602666838993661	0.1369573550000000	0.0778690000000000
1254	4.41000	nan	nan	0.0000000000000000
1256	5.28996	2.2623905951749723	0.1628158650000000	0.0442623800000000
1258	6.13964	2.2406503011609775	0.1311689300000000	0.1083168250000000
1260	5.95341	2.2848368259257725	0.2034834450000000	0.1310614300000000
1264	4.59321	2.2616305565959669	0.1300597750000000	0.0674567050000000
1266	4.18517	2.3595254892651876	0.2304541800000000	0.1339657250000000
1268	7.77916	2.2375236890013883	0.1418102950000000	0.1089881700000000
1270	5.12282	2.2491756229207085	0.1142792600000000	0.1145870600000000
1274	7.78094	2.2256291885197097	0.1540477650000000	0.0521929650000000
1276	6.23931	2.2438814039948505	0.1317400100000000	0.0522169750000000
120	4.49998	2.2726130281746477	0.1827131200000000	0.1032969550000000
122	4.12503	2.2623771773845589	0.1456683900000000	0.1142375850000000
126	4.67039	2.2597766537563015	0.1206172350000000	0.0587399200000000
1280	4.86258	2.2517069630141444	0.1464050700000000	0.0822354500000000
1282	9.14179	2.2321189857764057	0.1441361450000000	0.0948938450000000
1284	8.93260	2.2343532058345481	0.1485230450000000	0.1210751500000000
1286	16.78930	2.2170920131756597	0.1394396850000000	0.0855469350000000
1288	4.10059	2.2619028168505020	0.1483104400000000	0.1139579600000000
1290	4.41996	2.2625077087211425	0.1800420950000000	0.1295470050000000
1294	41.53440	2.2041159078510391	0.1381309600000000	0.0903214000000000
1295	41.53440	2.2986751782579264	0.2123550950000000	0.1536887950000000
1296	4.83472	2.2517894328719219	0.1535764750000000	0.0973650050000000
1298	4.20010	2.2656964104810311	0.1406577150000000	0.0999244700000000
1300	5.56063	2.2542527822855343	0.1534616600000000	0.1048578050000000
1306	26.52460	2.2102416576589610	0.1510355850000000	0.0518437550000000
1308	5.28082	2.2524002031542159	0.1357472250000000	0.0795454700000000
1310	4.21926	2.2786199451600022	0.1399151700000000	0.0949542300000000
1312	4.92507	2.2542956812943520	0.1299140300000000	0.0824851550000000
1316	8.20009	2.2235485354695568	0.0970113550000000	0.0844435050000000
1320	4.50593	2.2572197697261340	0.1250364300000000	0.1122867500000000
1322	4.92764	2.2518600552858778	0.1464474700000000	0.1130725150000000
1324	4.19051	2.2669706165569856	0.1377425700000000	0.0962213300000000
1328	6.31772	2.2359411912797333	0.1285448200000000	0.0703819400000000
1330	4.42435	2.2647010220312347	0.1159634050000000	0.0821491900000000
1334	6.43223	2.2420287644126322	0.1291103150000000	0.0777294250000000
1336	5.40002	2.2521616301348519	0.1721148450000000	0.0927620200000000
1338	4.29983	2.2666081743464295	0.1118039800000000	0.0883798550000000
1340	4.74091	2.2207228334270246	0.0843085000000000	0.1345974550000000
1346	4.12469	2.2610745581519245	0.1141714600000000	0.0974103950000000
1348	4.19133	2.2652350229816425	0.1216546400000000	0.0972543800000000
1352	6.49995	2.2437864190813510	0.1295261200000000	0.0838599700000000
1354	4.93868	2.2582162352254356	0.1344617000000000	0.1176097900000000
1356	5.16798	2.2563263016210060	0.1541469600000000	0.0667031600000000
130	4.41998	2.2548030965800843	0.1983701400000000	0.1353925700000000
132	4.26004	2.2649752566432770	0.1362300850000000	0.1051329200000000
1360	4.34000	2.2650418766769893	0.1212361900000000	0.0678374700000000
1362	4.19857	2.2633710508026961	0.1135164700000000	0.0849239900000000
1366	4.28500	2.2704611213942778	0.1358634150000000	0.0544916150000000
1368	4.33103	2.2599594611455411	0.1726652450000000	0.0647759550000000
1370	5.01810	2.2631128191253693	0.1354188000000000	0.0823322500000000
1372	4.83900	2.2528715725536568	0.1135103800000000	0.0840791950000000
1374	11.70160	2.2259983062375808	0.1351261300000000	0.0811366700000000
1376	4.18779	2.2618966298212073	0.1126389400000000	0.0730813900000000
1378	4.30225	2.2588501026856744	0.1925993800000000	0.1187758600000000
1380	4.47979	2.2611259077989185	0.1357889650000000	0.0907261500000000
1382	4.19429	2.2680142043795017	0.1517221000000000	0.0789539650000000
1384	4.74990	2.2521175238563553	0.1417923550000000	0.1208377700000000
1386	4.46202	2.2562100773025056	0.1449460150000000	0.0528870650000000
1388	7.51339	2.2280770201347497	0.1232016400000000	0.1025146000000000
1390	4.07593	2.2637851101272330	0.1702712400000000	0.1193856200000000
1392	4.50586	2.2553896895892933	0.1211277700000000	0.1028621200000000
1394	5.40028	2.2500743669816425	0.1402175700000000	0.1094978200000000
1396	4.21001	2.2697032723350508	0.1329742000000000	0.0992442800000000
1398	4.55972	2.2506574375615469	0.1734911900000000	0.1113527100000000
1400	6.45934	2.2435388744849565	0.1550836300000000	0.1069791800000000
1404	5.63143	2.2519176139483235	0.1351475100000000	0.0772439900000000
1406	5.45344	2.2429192626089187	0.1024018900000000	0.0998308700000000
1410	3.99999	2.2682830510252514	0.1379117200000000	0.1231247450000000
1412	5.06884	2.2481491983800268	0.1509694700000000	0.1128967100000000
1414	5.17088	2.2546032607543660	0.1229786200000000	0.0488311350000000
1416	4.16630	2.2638281479446780	0.1417133450000000	0.0817860500000000
1418	4.45962	2.2653296193637122	0.1409836000000000	0.0737966550000000
1420	4.96768	2.2551666276290301	0.1571517900000000	0.0963319800000000
1422	6.48742	2.2881658107907259	0.1589343050000000	0.1187645150000000
1424	4.55737	2.2487881904826450	0.1442511600000000	0.1188325850000000
1426	4.59597	2.2418103714969773	0.1583098650000000	0.0838093200000000
1430	4.82750	2.2470123608188448	0.1705120450000000	0.0937382750000000
1432	4.74588	2.2531600812616221	0.1668869950000000	0.0309731150000000
1436	4.05549	2.3597460480457388	0.2191619100000000	0.0939754850000000
1438	4.35346	2.2507844333990930	0.1207682700000000	0.1148392000000000
138	5.65792	2.2315628146824102	0.1194313550000000	0.0777518800000000
142	7.11878	2.2431977004416392	0.1277927100000000	0.0888710800000000
1440	14.84560	2.2215346674875787	0.1549866600000000	0.1030519050000000
1442	5.15863	2.2348187791238638	0.1256853900000000	0.0896752300000000
1444	4.52015	2.2544391887264208	0.1153779000000000	0.0784676900000000
1446	13.19560	2.2138471147939560	0.1384255150000000	0.0846435500000000
1447	13.19560	2.1803525584632175	0.1225893800000000	0.0960079700000000
1452	26.14010	2.2023641011532562	0.1446125100000000	0.0986509750000000
1453	26.14010	2.2027745004902015	0.1628912850000000	0.1188896050000000
1458	6.81732	2.2409295403153040	0.1471161050000000	0.0923688450000000
1464	4.88418	2.3141489621529994	0.2375872000000000	0.1036813300000000
1466	5.14388	2.2421235900886467	0.0947477900000000	0.1109922800000000
1468	5.40044	2.2521736208114036	0.1379821200000000	0.1209262350000000
1474	16.46020	2.2157930482806711	0.1426598600000000	0.0783028200000000
1476	4.04919	2.2625193132477661	0.1166021400000000	0.0871633250000000
1478	4.73253	2.2601121333522851	0.1436194550000000	0.0633664900000000
1480	4.41109	2.2564043687997679	0.1483333900000000	0.0626204000000000
1482	8.11443	2.2377572250322872	0.1743737900000000	0.0692245400000000
1484	4.90953	2.2571428344264679	0.1418747900000000	0.0886534600000000
1486	4.76000	2.2516884661476522	0.1407105050000000	0.0808110150000000
1488	4.99997	2.2558327115881820	0.1350114500000000	0.0692542550000000
1494	8.85629	2.2303763827684833	0.1277453700000000	0.0659767150000000
1496	4.43155	2.3327432803525383	0.2051400250000000	0.1361463650000000
1498	5.33950	2.2513951508712702	0.1298319900000000	0.0714237100000000
1500	10.05860	2.2210311490363535	0.1416690250000000	0.0933568600000000
1502	5.32626	2.2504110773408317	0.1468433850000000	0.1272191050000000
1504	5.00547	2.2563756794252727	0.1362534000000000	0.0999339350000000
1506	6.05950	2.2450671308041876	0.1207786350000000	0.0850264200000000
1508	4.98861	2.2597356971303069	0.1206035300000000	0.1172080800000000
1510	7.57217	2.2335507133331371	0.1575653450000000	0.1012382200000000
1512	6.33965	2.2328872692831241	0.1233293400000000	0.0814965850000000
1513	6.33965	2.1574158311641232	0.1340657400000000	0.0659490000000000
1514	4.41009	2.2597770642432597	0.1401809950000000	0.1308231500000000
1518	4.00000	2.2520459240544435	0.1619933150000000	0.0815863750000000
144	4.19992	2.2664340791545032	0.1454494250000000	0.0758057650000000
146	4.16991	2.2672862060238179	0.1157814000000000	0.0887274600000000
148	4.15883	2.4265834480416224	0.2549065250000001	0.1255580900000000
150	5.97077	2.2477717724463266	0.1473748700000000	0.0892750500000000
1530	6.61898	2.2420093535455887	0.1586429900000000	0.0998815100000000
1534	4.40991	2.2638576731301367	0.1297176050000000	0.0948963850000000
1536	6.77581	2.2426174250560074	0.1523353600000000	0.1139349350000000
1539	6.34045	2.2747502453984727	0.2422334550000000	0.1176926600000000
1540	5.93810	2.2439301311431357	0.1306819500000000	0.0706957600000000
1542	4.00992	2.2674069759772872	0.1420799800000000	0.0777726350000000
1544	6.17991	2.2470221156278272	0.1554842650000000	0.0856464600000000
1546	5.33599	2.2559178772622004	0.1672767200000000	0.0829217700000000
1548	4.86100	2.2615211230862928	0.1804339050000000	0.0828321400000000
1550	4.11980	2.2710124958475832	0.1201207050000000	0.0556835000000000
1552	4.80348	2.2555622236731483	0.1883415450000000	0.1073751650000000
1554	9.48333	2.2249384884181045	0.1681269350000000	0.1008981900000000
1556	5.13316	2.2508309911534843	0.1252517350000000	0.0895066250000000
1558	6.80042	2.2443074300757915	0.1345308050000000	0.0804003000000000
1562	5.98505	2.2271991792753041	0.0859645600000000	0.0671473650000000
1566	5.19021	2.2410118886741133	0.1435555350000000	0.0679106550000000
1568	4.75006	2.2531240574845373	0.1031469850000000	0.0819524900000000
1570	5.24969	2.2472259404278296	0.1163310850000000	0.0777498250000000
1572	5.57786	2.2333956094436536	0.1250279600000000	0.0840671250000000
1578	5.96102	2.2412043297433657	0.1522374850000000	0.0880614550000000
1580	6.63143	2.2396809533522890	0.1412505550000000	0.0882357500000000
1582	4.83719	2.2432059595168914	0.1373174900000000	0.0996980700000000
1584	8.53797	2.2417411016843496	0.1643451350000000	0.0910440150000000
1586	7.09003	2.2237401568058295	0.1009392700000000	0.0739168250000000
1588	5.52782	2.2516667946088651	0.1452979600000000	0.1112977250000000
1590	4.29175	2.2600392944912002	0.1606988500000000	0.0783576450000000
1592	4.96853	2.2439054729756194	0.1299922250000000	0.1033515800000000
1594	4.28156	2.2588427535644038	0.1325260400000000	0.1339769700000000
1596	11.63420	2.2282124104476551	0.1475485550000000	0.0905704750000000
152	4.46989	2.2609817864978825	0.1221184600000000	0.0841153700000000
154	4.73684	2.2580507841672213	0.1410805950000000	0.1048979700000000
156	5.91927	2.2503346887221620	0.1516288850000000	0.0805286000000000
158	4.24722	2.2676639605620950	0.1432557350000000	0.0760165600000000
10	6.61961	2.2440729803098529	0.1345610000000000	0.0899927800000000
1600	5.91412	2.2395780339001936	0.1579406100000000	0.1080616000000000
1602	4.45082	2.2597162879567634	0.1130537150000000	0.1116284650000000
1604	4.01197	2.2698087501928930	0.1737721150000000	0.0919297350000000
1606	7.80313	2.2349827456399969	0.1261956500000000	0.0830941350000000
1607	7.80313	2.1741948809486886	0.1465888850000000	0.0797439350000000
1608	4.35612	2.2618248932001066	0.1359883350000000	0.0899594500000000
1610	6.87927	2.2395504521135239	0.1556390050000000	0.0866133350000000
1612	11.05520	2.2217714257636798	0.1620200750000000	0.0646119100000000
1614	4.00000	2.2746939365077794	0.1504993950000000	0.0822470600000000
1616	4.47015	2.2733582146744280	0.1737123800000000	0.0476573650000000
1618	5.73820	2.2429678155012041	0.1524636900000000	0.1163514750000000
1620	7.00016	2.2391857778397144	0.1197768500000000	0.0781471000000000
1624	4.48996	2.2691604440617805	0.1207584600000000	0.0777805450000000
1626	4.90009	2.2506954398752699	0.1296448000000000	0.0968316250000000
1630	4.68953	2.2566113904413658	0.1272253050000000	0.0842272600000000
1636	4.18877	2.2530613056307964	0.1576559100000000	0.0936172100000000
1640	4.79451	2.2592174800294202	0.1198559700000000	0.1048081250000000
1642	12.51970	2.2243716099033826	0.1609649300000000	0.1000977700000000
1644	7.68019	2.2322523004989692	0.1137651150000000	0.0668766950000000
1648	4.34003	2.2655456413951605	0.1408957600000000	0.0938511400000000
1650	4.01793	2.2605447875334890	0.1462929050000000	0.0308318250000000
1654	12.19800	2.2306610666320683	0.1689386000000000	0.0810243750000000
1658	4.83879	2.2359437170132095	0.1871934250000000	0.0851560250000000
1660	5.07562	2.2319522071562758	0.1142330600000000	0.1127360800000000
1662	8.78127	2.2311973131919247	0.1598627500000000	0.1201817500000000
1664	4.94033	2.2562739485488033	0.1564649600000000	0.1077566400000000
1670	7.31305	2.2425477153005517	0.1506798850000000	0.1137895950000000
1674	11.11390	2.2262460212408786	0.1145358900000000	0.0593246350000000
1675	11.11390	2.1832987952037528	0.1349224100000000	0.0662689350000000
1676	4.40009	2.2596340110329800	0.1867417350000000	0.1012357300000000
1678	4.18668	2.2566194054850168	0.2018240650000000	0.0723461150000000
162	5.93497	2.2465302756006547	0.1496873550000000	0.0899875350000000
164	5.68967	2.2494311973327936	0.1257900850000000	0.0835759450000000
166	5.78332	2.2393791023388494	0.1452898900000000	0.1098386700000000
1680	4.03869	2.2649081312801611	0.1330605600000000	0.1140258400000000
1682	4.61938	2.2656287677585145	0.1206400250000000	0.0741249400000000
1686	4.16990	2.2670339663397310	0.1320088600000000	0.0734151550000000
1688	6.46034	2.2457410954870562	0.1752538550000000	0.0987773100000000
1690	4.63023	2.2443521719985537	0.1598033700000000	0.0727804350000000
1692	4.23272	2.2661491067678412	0.1389769000000000	0.0851775700000000
1694	5.91378	2.2530404813293781	0.1471521250000000	0.0838847000000000
1696	6.10417	2.2502011511659261	0.1519583750000000	0.1079780150000000
1698	4.87797	2.2520693959087028	0.1182001950000000	0.0892599550000000
1700	7.91949	2.2373799906334320	0.1174494900000000	0.0786799200000000
1702	5.64337	2.2532198124675218	0.1513263750000000	0.0528970000000000
1704	4.22001	2.2642383341666945	0.1244405750000000	0.1418146150000000
1706	4.40746	2.2615853614446726	0.1532521100000000	0.1196122650000000
1708	5.48181	2.2475814507432967	0.1275274450000000	0.0890997750000000
1712	4.60117	2.2544160052046367	0.1549428650000000	0.0853537050000000
1716	9.08621	2.2317454070071050	0.1650640500000000	0.1153110150000000
1718	7.71937	2.2342397483266172	0.1405941350000000	0.1054035550000000
1720	6.48811	2.2508871192542679	0.1563246450000000	0.0925159050000000
1722	4.73518	2.2630037290857334	0.1167542550000000	0.0792038950000000
1724	5.38985	2.2786737605343208	0.1815869700000000	0.1397390250000000
1726	6.50072	2.2448981020377605	0.1581239000000000	0.1357337350000000
1728	4.27002	2.2553846451437116	0.1596518600000000	0.1079556450000000
1736	5.01793	2.2527788492856575	0.1497286600000000	0.1158581900000000
1738	8.36069	2.2322889232905299	0.1413601500000000	0.0953004250000000
1740	13.08860	2.2225072314627896	0.1385064850000000	0.1026991800000000
1744	4.70019	2.2631336575756782	0.2543502499999999	0.0728300450000000
1746	4.08501	2.2684232322870708	0.1517586450000000	0.0998237100000000
1748	6.24506	2.2341806955396124	0.1616624350000000	0.1071535450000000
1750	6.87963	2.2432871009903645	0.1431571150000000	0.1041628650000000
1752	6.34639	2.2400994773727203	0.1293627500000000	0.1052656250000000
1756	5.33757	2.2577716306406130	0.1182052100000000	0.1481799400000000
1758	8.89967	2.2317509361702146	0.1635930050000000	0.0783905350000000
170	4.28517	2.2588504790956083	0.0959691350000000	0.0850273750000000
174	8.08467	2.2324588640529095	0.1448545800000000	0.0617974000000000
1760	5.55909	2.2545899969909269	0.1259362150000000	0.0989548150000000
1762	5.89161	2.2500449429209870	0.1522511400000000	0.1031585950000000
1764	4.26026	2.2633870772110694	0.1243069350000000	0.0909064250000000
1766	6.50125	2.2460399815334684	0.1477801750000000	0.0866419300000000
1768	4.34000	2.2662276268683894	0.1371672450000000	0.1077282300000000
1770	4.19462	2.2725152065544223	0.1459531450000000	0.0728830850000000
1776	4.24900	2.2615354693617378	0.1227049000000000	0.0588364650000000
1778	5.36257	2.2489651249787364	0.1619577100000000	0.1103865500000000
1780	10.91730	2.2283240595009413	0.1361584550000000	0.0670169850000000
1782	7.36541	2.2305833512548556	0.1472693450000000	0.0780198950000000
1786	4.37997	2.2649682249257497	0.1296331500000000	0.1092462250000000
1788	4.46975	2.2550288780602430	0.1680730000000000	0.1067629700000000
1790	5.02970	2.3265090324455802	0.2508257950000000	0.0924541150000000
1796	4.43979	2.2496071993889788	0.1680469850000000	0.1430052700000000
1798	4.58448	2.2803798594813700	0.2214823250000000	0.0867715750000000
1800	4.07502	2.2682872709478850	0.1671919550000000	0.1039522850000000
1804	4.14194	2.2666710370872400	0.1285806300000000	0.0955438050000000
1806	5.71642	2.2517360162713738	0.1564206800000000	0.1214312400000000
1812	6.14934	2.2519313759875743	0.1532348400000000	0.1244607350000000
1814	4.17537	2.2716576489093909	0.1588988450000000	0.0811192700000000
1816	8.09001	2.2311533041335858	0.1670310500000000	0.0900797950000000
1817	8.09001	2.2329055781385456	0.1291781550000000	0.1467758850000000
1824	5.01750	2.2425839518490940	0.1012813200000000	0.0518001200000000
1826	4.27361	2.2650111388044345	0.1868681500000000	0.0957584150000000
1828	4.80502	2.2550764071023530	0.1590824400000000	0.0841927150000000
1830	4.04717	2.2496299681129659	0.1602599750000000	0.1303503850000000
1832	4.33506	2.2551916273863490	0.1866340600000000	0.0680475200000000
1834	6.04510	2.2385537684926295	0.1446998850000000	0.1166552400000000
1836	4.83045	2.2593674432714046	0.1522154350000000	0.1211226950000000
1838	4.24767	2.2440774862825674	0.1473843350000000	0.0895475050000000
176	6.35654	2.2464643940579716	0.1417677200000000	0.1153580200000000
180	6.95937	2.2355528345720583	0.1515234350000000	0.0752996500000000
182	4.04727	2.2636584846505743	0.1409590850000000	0.0977076500000000
1840	5.76000	2.2498783142147789	0.1342538900000000	0.0869878000000000
1842	4.19228	2.2695540488692889	0.2364164000000000	0.1197168800000000
1846	4.13014	2.2682384748463056	0.1384471450000000	0.0978322100000000
1848	7.04093	2.2431555736796103	0.1417851450000000	0.1138873650000000
1850	5.00731	2.2544218946390955	0.1242645200000000	0.0677190300000000
1852	4.56028	2.2558131114732221	0.1566105000000000	0.0977557550000000
1854	4.18300	2.2542617169138115	0.1445500500000000	0.1247240000000000
1860	4.39127	2.3112720244728502	0.2643455650000000	0.0843027750000000
1864	12.57260	2.2360187095630981	0.1746830400000000	0.1134387050000000
1868	5.77880	2.2503018699406150	0.1373915650000000	0.0924289000000000
1870	4.38822	2.2667846931920459	0.1636518150000000	0.1042226900000000
1872	4.18016	2.2623830098563578	0.1838804300000000	0.1193850800000000
1874	4.38937	2.2639390102917991	0.1489004100000000	0.1126415000000000
1876	4.80798	2.2754133142103790	0.2169348300000000	0.1054708350000000
1878	6.23233	2.2420494748234261	0.1158599550000000	0.0792748750000000
1880	4.14205	2.2843358808772045	0.2192243800000000	0.1354515250000000
1882	6.14244	2.2381865051772674	0.1485950400000000	0.1241533550000000
1884	4.47101	2.2546358436861391	0.1478652100000000	0.1004000850000000
1886	4.59031	2.2582771780990822	0.1094299800000000	0.0850724400000000
1888	8.27008	2.2281517645945765	0.1350547250000000	0.0448532750000000
1892	6.53008	2.2428171660022946	0.1593376500000000	0.1184605250000000
1893	6.53008	2.1573088109059744	0.1027884050000000	0.0919650950000000
1896	4.45915	2.2630421181357105	0.1824271250000000	0.1067651800000000
1900	6.39020	2.2429358993095958	0.1332612050000000	0.0659486900000000
1906	6.61739	2.2428488497486154	0.1638300300000000	0.0602098100000000
1908	4.82403	2.2630449813982398	0.1310555950000000	0.0638853650000000
1910	16.46690	2.2093652375788966	0.1478248050000000	0.0381798450000000
1911	16.46690	2.1796759417626168	0.1124799400000000	0.0977769800000000
1916	5.98995	2.2431613522210379	0.1270049750000000	0.0642540650000000
1918	5.56728	2.2555012073725069	0.1908527800000000	0.1006873200000000
184	5.27085	2.2508496577981481	0.1633802300000000	0.0852223250000000
186	4.12611	2.2564985204100307	0.0959020100000000	0.0975644200000000
190	6.25027	2.2469494035541726	0.1331095100000000	0.0847021450000000
1920	4.47102	2.2624951427861095	0.1977286250000000	0.0986793450000000
1922	4.58188	2.2585261398537209	0.1622799500000000	0.0802490700000000
1926	6.96936	2.2301051259546645	0.1203027350000000	0.0794949850000000
1928	4.69985	2.2496168828937613	0.1443370800000000	0.1056842600000000
1930	4.57472	2.2470477860199920	0.1614773050000000	0.1163388500000000
1932	11.82330	2.2242847542224191	0.1452996550000000	0.1138040400000000
1934	4.62575	2.2521698958616034	0.1417035700000000	0.1012848250000000
1936	4.23855	2.2702249457433541	0.1203562550000000	0.0827635600000000
1939	16.47600	2.1864034964663683	0.1097340850000000	0.1219634100000000
1940	4.14098	2.2704599224094393	0.1228905800000000	0.0921561500000000
1942	5.97899	2.2433236871443798	0.1031401750000000	0.1030048700000000
1944	13.31540	2.2241754214817369	0.1367020450000000	0.0798238300000000
1946	7.10612	2.2439946843178711	0.1656686300000000	0.0721636050000000
1948	4.40992	2.2505591694785356	0.1676785950000000	0.0788181100000000
1950	4.13001	2.2635031734172464	0.1921406500000000	0.1246656900000000
1952	5.00849	2.2713547285111111	0.1335279300000000	0.1455847250000000
1954	4.41097	2.2490279210953150	0.1414156050000000	0.0501108350000000
1956	4.33100	2.2604216640714090	0.1061148700000000	0.0640361650000000
1958	4.28230	2.2671325931428736	0.1832925850000000	0.1274844450000000
1960	4.81984	2.2490727136270037	0.1602125450000000	0.0760124400000000
1962	4.58831	2.2601329028305943	0.1081613300000000	0.0875802250000000
1964	4.15438	2.2637124332631466	0.1254795850000000	0.0959045850000000
1967	5.13324	2.2722127819076992	0.2011892850000000	0.1241794450000000
1968	6.51561	2.2410188215451412	0.1266758350000000	0.0800125100000000
1972	4.42705	2.2544706975335744	0.1497339550000000	0.1063608900000000
1974	5.00888	2.2532920152125846	0.1523938500000000	0.0837872350000000
1976	4.14179	2.2656633989996342	0.1289529350000000	0.0805087700000000
1978	4.75150	2.2429755448330329	0.1830349750000000	0.1261903150000000
1980	4.27992	2.2676623418598623	0.1825452650000000	0.1027047250000000
1986	5.28977	2.2471939703018315	0.1274962150000000	0.0789458600000000
1990	4.86217	2.2513138608380299	0.1620287050000000	0.1130502600000000
1992	4.94400	2.2601574986699133	0.1716017050000000	0.0833273650000000
1994	6.98118	2.2469001117893068	0.1677020700000000	0.1521167950000000
1996	5.06186	2.2582521279116921	0.1556112250000000	0.1277763700000000
1998	4.77968	2.2517644802811136	0.1518684400000000	0.1236042050000000
192	5.18987	2.2419402695627677	0.0650218700000000	0.0439132300000000
194	4.73165	2.2596014284379380	0.1302808600000000	0.0864588800000000
196	5.01785	2.2524245247142560	0.1537632200000000	0.0889486700000000
198	6.59951	2.2508571187947317	0.1693482850000000	0.1053436350000000
199	6.59951	2.1660050832303179	0.1420651900000000	0.0573260400000000
2000	4.63641	2.2548898479712447	0.1507258900000000	0.0650746950000000
2002	4.21002	2.2589912558718304	0.1732529400000000	0.0981401250000000
2006	4.60571	2.2674390151016062	0.1380019700000000	0.0648165300000000
2012	5.96074	2.2446893855703589	0.1407466900000000	0.0745800550000000
2014	6.50528	2.2455705750873003	0.1296726500000000	0.0970015550000000
2016	4.90000	2.2611751377276201	0.1418736550000000	0.1124834300000000
2018	5.71973	2.2476099489544135	0.1483446750000000	0.1224699050000000
2020	4.17423	2.4194038411028749	0.2790570300000000	0.1944256550000000
2022	5.30051	2.2532584359693724	0.1178821000000000	0.0897417850000000
2026	4.89723	2.2546526984724533	0.1204677000000000	0.0897737400000000
2028	4.12020	2.2640247938899480	0.1408978850000000	0.0781273300000000
2030	4.07470	2.2656013896242104	0.1759425400000000	0.0910634100000000
2032	7.86804	2.2374275484862935	0.1404048800000000	0.1290803950000000
2036	4.45063	2.2682312280601713	0.1339170750000000	0.0844495950000000
2038	4.71942	2.2445024448118023	0.1425899350000000	0.1085694300000000
2042	7.59734	2.2370077515999123	0.1339020250000000	0.1155889100000000
2044	5.45900	2.2436502036313799	0.1266048850000000	0.0802582050000000
2046	4.32232	2.2639462529674073	0.1241336500000000	0.0779569500000000
2048	4.69000	2.2557516846519268	0.1818043100000000	0.1248242250000000
2050	5.42755	2.2512773700770259	0.1460855350000000	0.1050875850000000
2054	4.49794	nan	nan	0.0000000000000000
2057	14.65630	2.1911270610118834	0.1681713150000000	0.1096795650000000
2058	8.22613	2.2235195722169250	0.1435739250000000	0.0843324600000000
2062	4.76312	2.2564938094695011	0.1314329900000000	0.0591616400000000
2066	5.20017	2.2546931498924319	0.1101378650000000	0.0775718950000000
2068	5.23793	2.2467116673858047	0.1217521050000000	0.0984303800000000
2070	4.54763	2.2528635533950880	0.1433234150000000	0.1215227750000000
2072	4.25762	2.2541996890373919	0.1599660550000000	0.1096640900000000
2074	7.33799	2.2411753557532545	0.1370364650000000	0.0658033550000000
2076	13.21610	2.2236500073164032	0.1418256150000000	0.0447659050000000
2077	13.21610	2.1911436947437117	0.1407634450000000	0.0774838350000000
2078	4.62607	2.2554923194306151	0.1710254400000000	0.1057398350000000
202	4.11536	2.2773084083527242	0.1316847500000000	0.0700846200000000
204	5.59931	2.2557271306486122	0.1879347050000000	0.1000549700000000
205	5.59931	2.2822159677159384	0.2256059550000000	0.0657238550000000
206	6.43016	2.2479405147109688	0.1694138000000000	0.1462778500000000
2080	6.52993	2.2290440284987989	0.1804825550000000	0.0933695850000000
2082	20.88530	2.2168721933408828	0.1567236400000000	0.1155330850000000
2084	5.29028	2.2534991488619278	0.1250291650000000	0.0846600400000000
2086	5.04000	2.2513054256429252	0.1621287100000000	0.0925741500000000
2088	5.10973	2.2562590605795196	0.1344359400000000	0.0976513050000000
2090	6.91809	2.2425171276714466	0.1649099700000000	0.1348227150000000
2100	4.79986	2.2558242933141632	0.1499154000000000	0.0628969900000000
2104	5.18390	2.2430030215309840	0.1456428700000000	0.0796856300000000
2106	19.63850	2.2149916448521751	0.1445763400000000	0.0951316400000000
2110	5.01005	2.2468855945802968	0.1176704600000000	0.0848986500000000
2112	4.40635	2.2546379508160830	0.1369316500000000	0.0920121800000000
2114	4.93994	2.2610066606406036	0.1554392850000000	0.0791269600000000
2116	4.53304	2.2446412555722111	0.1246920450000000	0.1345352000000000
2118	4.40994	2.2646109788232964	0.1341816150000000	0.0755293650000000
2124	4.39748	2.2665929104087619	0.1633993000000000	0.0901579000000000
2126	4.81993	2.2505041314213527	0.1469434700000000	0.1089069700000000
2128	4.05005	2.2524655215487370	0.1640705700000000	0.0306636750000000
2130	4.12003	2.2683753941633285	0.0997032200000000	0.0662904400000000
2132	4.59966	2.2639013071721488	0.1310133550000000	0.1035802350000000
2134	7.98999	2.2358496739764524	0.1357820850000000	0.1081170900000000
2136	11.35650	2.2273082176548806	0.1616112000000000	0.0806674150000000
2138	4.97123	2.2493685825268184	0.1408603100000000	0.1295561150000000
2146	4.33999	2.2619913293974627	0.1303701250000000	0.1091444750000000
2147	4.33999	2.2893663015014947	0.2202682600000000	0.1335394050000000
2150	8.91215	2.2287394098757569	0.1390934800000000	0.0823491100000000
2152	4.40007	2.4650347790076812	0.2907163950000000	0.1054123100000000
2156	4.19661	2.2659502897153931	0.1761591400000000	0.1264831650000000
2158	7.90423	2.2368023265783559	0.1186736400000000	0.0849631450000000
208	8.47765	2.2373889773050770	0.1552444250000000	0.1040083800000000
210	4.19882	2.2686127099513960	0.1324874200000000	0.1108124950000000
212	6.96937	2.2392976960729079	0.1276040800000000	0.0894940350000000
2162	7.44116	2.2347009263553672	0.1421840550000000	0.0673102700000000
2164	4.87773	2.2531130573098213	0.1540261400000000	0.1360021700000000
2166	5.23061	2.2457704654315509	0.1592301250000000	0.0657833150000000
2170	5.14179	2.2559151596827980	0.1401427900000000	0.0702437550000000
2172	4.25928	2.2659088632613531	0.1358733050000000	0.0619339150000000
2174	4.72264	2.2614204374982472	0.1355812650000000	0.0808638500000000
2176	4.05502	2.2704244652790107	0.1740070450000000	0.1053559800000000
2178	4.05080	2.2457349266479030	0.1053816000000000	0.1300460800000000
2180	4.13502	2.2602713422484628	0.1268429100000000	0.1274298600000000
2182	4.92703	2.2620991086867575	0.1219046950000000	0.1019490800000000
2184	4.26802	2.2687157930059363	0.1434459450000000	0.0509428650000000
2186	9.13856	2.2215299400378736	0.1230268100000000	0.0421042000000000
2190	5.22439	2.2559138704212360	0.1837846450000000	0.0955127050000000
2194	4.07712	2.2651134870217859	0.1278568050000000	0.0869936050000000
2196	5.67482	2.2514490947326045	0.1585050150000000	0.0746810900000000
2198	5.32678	2.2502984684729306	0.1337885300000000	0.1181996150000000
2204	4.79078	2.2587358440295584	0.1606520150000000	0.0673462350000000
2206	6.88521	2.2422064143294755	0.1510081750000000	0.0979290100000000
2208	4.03176	2.2696942834134055	0.1568254500000000	0.0948189850000000
2210	5.30647	2.2551911960634943	0.1666787850000000	0.0656210050000000
2212	8.61331	2.2354032950052130	0.1645451400000000	0.1349191950000000
2214	8.53267	2.2358679466665787	0.1476880750000000	0.1001205250000000
2216	5.74185	2.2518744946126086	0.1402110700000000	0.1036990450000000
2222	5.65161	2.2443383712917480	0.1286279250000000	0.0903360200000000
2224	5.75049	2.2505576457251650	0.1243037100000000	0.0993390150000000
2226	4.58643	2.2662997975913548	0.1653674800000000	0.0922104950000000
2232	5.55595	2.2521860191294336	0.1313581550000000	0.1033777000000000
2238	5.19071	2.2603707950362510	0.1629728350000000	0.1178783150000000
220	4.04241	2.2560579766237527	0.1195766850000000	0.0725877150000000
222	4.78988	2.2462865621116883	0.1273811500000000	0.1025105700000000
2240	4.01854	2.2698764684901982	0.1049322800000000	0.0851853550000000
2242	7.67028	2.2366266180043373	0.1375509000000000	0.0612535550000000
2244	4.49999	2.2301344483337302	0.2004738400000000	0.0979304200000000
2246	4.20006	2.2589012119511884	0.1337461550000000	0.1314439200000000
2248	5.10066	2.2405404782806193	0.1067688750000000	0.0831111850000000
2250	4.79503	2.2666613539245630	0.2058651900000000	0.1068837350000000
2252	4.19468	2.2679575034930122	0.1356630050000000	0.1182261000000000
2254	5.38651	2.2503352809708592	0.1456978650000000	0.1258629500000000
2256	5.06968	2.2587906945704339	0.1373759800000000	0.0920515950000000
2264	6.71177	2.2109204473242126	0.1396389150000000	0.0882178650000000
2274	5.89059	2.2366777594334399	0.1247346700000000	0.0794808750000000
2276	7.77805	2.2351755195243985	0.1340593750000000	0.0996520550000000
2278	4.56889	2.2642732819904530	0.1399957600000000	0.0641901850000000
2280	4.30126	2.2536426649089978	0.1125715050000000	0.0796324050000000
2282	4.82332	2.2470812461596688	0.1327643400000000	0.0353472200000000
2286	5.19002	2.2488906457936766	0.1337085250000000	0.0907791300000000
2288	4.21002	2.2690764639789003	0.1737487000000000	0.0800757850000000
2292	4.41278	2.2608976327912491	0.1263792250000000	0.0964289500000000
2293	4.41278	2.5194538123846026	0.0616706900000000	0.1227170550000000
2294	4.58509	2.2556360010647634	0.1867515400000000	0.1246540400000000
2296	4.83457	2.2610894144618583	0.1382796950000000	0.0803835900000000
2304	5.00864	2.2608317663881143	0.1336125200000000	0.1304360850000000
2306	4.33997	2.2639068015019674	0.1047206350000000	0.1103422800000000
2308	6.43072	2.2429956225403371	0.1040905500000000	0.0753043800000000
2312	5.47919	2.2497899703658257	0.1347318200000000	0.0813306200000000
2314	6.49465	2.2426141241452413	0.1256891350000000	0.0934826600000000
2316	4.08024	2.2665682975231216	0.1259746500000000	0.0886999250000000
2318	4.17074	2.2554796383766780	0.1691912750000000	0.1311556150000000
226	4.01982	2.2671732710413766	0.1663311050000000	0.0709972100000000
2320	4.31623	2.2546143581727005	0.1245797700000000	0.0721594200000000
2324	4.25323	2.2637080425118588	0.1583777350000000	0.0554727700000000
2326	4.01220	2.2663115737813850	0.1474022500000000	0.1334340450000000
2332	5.57607	2.2487948211789464	0.1317658800000000	0.0849453500000000
2334	8.07432	2.2341868834512320	0.1578656300000000	0.0978061700000000
2336	5.06049	2.2682471886822388	0.1930412450000000	0.1305120450000000
2338	10.11930	2.2125534806822560	0.1515133300000000	0.0839981400000000
2340	4.16587	2.2538050855944771	0.1360408800000000	0.0907687800000000
2342	4.70859	2.2564153014951245	0.1266442300000000	0.0617691700000000
2344	4.30697	2.2628055826591051	0.1740533950000000	0.1132903400000000
2346	4.89999	2.2547043745095001	0.1148379700000000	0.0815780150000000
2352	4.02994	2.2691938848699214	0.1247589050000000	0.0760744200000000
2354	4.01158	2.2742167936565054	0.1538201550000000	0.0753384750000000
2358	4.05500	2.2763866112458686	0.1480120050000000	0.1030307550000000
2362	4.92326	2.2529381223427305	0.1180790100000000	0.1076198750000000
2364	4.35580	2.2606826819906036	0.1269311550000000	0.0934356050000000
2368	3.99999	2.2620263645239826	0.1122253750000000	0.0893102350000000
2370	12.34250	2.2298328141410328	0.1598501200000000	0.1192238600000000
2372	4.90161	2.2562800083812702	0.1503663950000000	0.1064224350000000
2374	16.47150	2.2104558327142505	0.1742863600000000	0.1017365650000000
2375	16.47150	2.1823675776014304	0.1711360750000000	0.0973149050000000
2378	4.75031	2.2495272110167424	0.1950881450000000	0.1066068900000000
2380	4.45364	2.2406842904666817	0.1241665000000000	0.0872484350000000
2382	4.59106	2.2576977068177624	0.1126778950000000	0.1170069250000000
2384	7.24841	2.2393073181978220	0.1414598100000000	0.0864605550000000
2386	4.80803	2.2440714620137450	0.1439672950000000	0.0806743700000000
2388	5.51822	2.2466791042846732	0.1507817300000000	0.0786901850000000
2390	4.94079	2.2548165518010910	0.1611455450000000	0.0806741000000000
2392	4.41901	2.2690743692994277	0.1285038100000000	0.0536114450000000
2394	7.50984	2.2599982508864813	0.1514676500000000	0.1583753100000000
2395	7.50984	2.3102204431613762	0.2324953950000000	0.0884474250000000
2396	4.08572	2.2731291975206314	0.1530147300000000	0.1052733100000000
2398	4.74527	2.2581696565320004	0.1282823400000000	0.0956782750000000
232	12.26340	2.2125562882327188	0.0970434550000000	0.0745557100000000
234	5.78232	2.2516418918146890	0.1312574750000000	0.0928132000000000
236	4.33431	2.2675898071133167	0.1490414650000000	0.1063987200000000
238	5.61069	2.2457523375210036	0.1568930550000000	0.1152866050000000
16	5.98005	2.2529620664488306	0.1447659550000000	0.1197494750000000
20	5.62748	2.2394360723132740	0.1462726450000000	0.1359406600000000
22	4.99103	2.2563458902969256	0.1301012750000000	0.1021612400000000
2400	7.88262	2.2432162936395494	0.1616704100000000	0.1107243350000000
2402	4.08570	2.2662447930670693	0.1374998600000000	0.1139189100000000
2404	4.06501	2.2685141445319341	0.1539292100000000	0.1124199600000000
2406	4.45094	2.2450688854312353	0.2032998450000000	0.1018673800000000
2412	4.49850	2.2666124600944384	0.1714243550000000	0.0649141050000000
2414	4.04883	2.2701912954438286	0.1526851850000000	0.0915154450000000
2416	4.54257	2.2626541183563820	0.1460963650000000	0.1104131950000000
2421	7.12177	2.1775052418269323	0.1181142200000000	0.1063665900000000
2422	9.15709	2.2297834258218758	0.1443350050000000	0.0937998050000000
2426	4.85214	2.2572832051860163	0.1335783650000000	0.1116065700000000
2428	5.56826	2.2408322999526376	0.1399243450000000	0.1300762050000000
2430	4.10002	2.2728077226979035	0.1463905000000000	0.0717560600000000
2432	5.48099	2.2508732710197532	0.1456629400000000	0.1056450050000000
2438	4.25976	2.2624412250524180	0.1505100600000000	0.0676306500000000
2440	5.95377	2.2448196682357926	0.1411785050000000	0.1105383200000000
2442	7.23954	2.2410235649909183	0.1441658950000000	0.1072086100000000
2444	4.28977	2.2559675413537508	0.1313732850000000	0.0869585150000000
2446	5.77132	2.2459707387482304	0.1452729150000000	0.0936337750000000
2448	5.66994	2.2491599947589300	0.1508155800000000	0.0893728900000000
2450	10.92920	2.2309763602106170	0.1436822300000000	0.1228841350000000
2452	4.65062	2.2612079971429808	0.1705807800000000	0.1129636350000000
2454	6.76463	2.2446284181583227	0.1530892500000000	0.1288569100000000
2456	4.98975	2.2522476582598179	0.1547490800000000	0.0845424200000000
2458	4.14186	2.2750309955447570	0.1458023000000000	0.0788599050000000
2460	5.78045	2.2444226705328467	0.1177082150000000	0.0728945350000000
2462	5.94902	2.2487880197871348	0.1560201250000000	0.1155036750000000
2464	4.42413	2.2573389767474992	0.1534342200000000	0.0792770500000000
2470	5.46645	2.2507486380325359	0.1352780850000000	0.0923138600000000
2472	5.58451	2.2471997393190937	0.1299886000000000	0.0896078650000000
2478	5.55707	2.2510582641883587	0.1254930650000000	0.0835006950000000
240	5.50983	2.2445706120985025	0.1216179000000000	0.0723074350000000
242	5.45059	2.2388467944259700	0.1368431750000000	0.1195688900000000
244	4.24928	2.2535089890719098	0.1483511750000000	0.0823980650000000
246	4.35462	2.2426547563973527	0.1056095600000000	0.0642268050000000
2480	5.62859	2.2428057238083325	0.1548340400000000	0.1140257900000000
2482	4.28059	2.2416463674615228	0.1511327550000000	0.1187467850000000
2484	5.95322	2.2466998411385468	0.1409200550000000	0.1025132550000000
2486	6.79841	2.2357153310946458	0.1158207700000000	0.0858288750000000
2488	5.46554	2.2463446848923434	0.1370142550000000	0.0529977700000000
2490	4.49999	2.2627257239489231	0.1392611650000000	0.0581626650000000
2494	4.25000	2.2668198272127627	0.1461332050000000	0.1128724500000000
2498	4.34841	2.2541941216164689	0.1297477300000000	0.0603680200000000
2502	8.62901	2.2332414284295452	0.1417676650000000	0.1157967000000000
2504	10.74330	2.2261126140440046	0.1169535500000000	0.0815800550000000
2510	6.05950	2.2447272749755647	0.1459038550000000	0.1347706150000000
2512	5.28933	2.2475822166619066	0.1351383450000000	0.0600922750000000
2514	4.41001	2.2547807108539306	0.1814584100000000	0.0859183300000000
2516	4.26802	2.2701890217122074	0.1459906400000000	0.0900710300000000
2518	5.13055	2.2479798949012029	0.1292796700000000	0.0433434050000000
2522	6.40295	2.2462005353214387	0.1501895050000000	0.1149050600000000
2526	14.64260	2.2148877487050505	0.1402931050000000	0.1124577650000000
2532	4.14002	2.2453264437214817	0.1164850500000000	0.0945035700000000
2534	4.80702	2.2561966907193898	0.1689223700000000	0.1180431550000000
2536	4.76015	2.2469631128810854	0.1502025150000000	0.1228539300000000
2538	6.04764	2.2431785773785986	0.1070762150000000	0.0920090350000000
2542	5.83197	2.2373002235074440	0.1393353000000000	0.1584503550000000
2546	4.96316	2.2436151171134822	0.1116909500000000	0.0778579150000000
2550	5.43885	2.2519184958188196	0.1463521900000000	0.1252057450000000
2552	4.17057	2.2484471944998150	0.1601917650000000	0.1300198700000000
2554	5.93308	2.2487144460830857	0.1677203550000000	0.1229361100000000
2555	5.93308	2.1524671151629398	0.1018350950000000	0.0707102150000000
2556	4.15730	2.2689079607960987	0.1364407050000000	0.0948876400000000
248	4.31335	2.2610333094676056	0.1308719500000000	0.0910361900000000
250	6.62067	2.2336187223490285	0.1398333650000000	0.0945736350000000
252	4.55085	2.2597444752706455	0.1619199200000000	0.1096013450000000
2562	5.04993	2.2497122155860860	0.1241392950000000	0.0852753700000000
2564	4.49000	2.2266645600332580	0.1040934600000000	0.0876454800000000
2566	5.95871	2.2504577404110906	0.1402303100000000	0.0834882800000000
2570	4.20187	2.2634218500033967	0.1349938100000000	0.0833066150000000
2572	5.68831	2.2516835201987200	0.1513037550000000	0.0973358900000000
2574	4.99999	2.2859070089590299	0.2318956550000000	0.1122668350000000
2580	5.55984	2.2527077566143370	0.1372754600000000	0.0738581700000000
2584	5.25287	2.2523004645892537	0.1461962800000000	0.0965553000000000
2588	4.63899	2.2562077219490790	0.1463890900000000	0.1066466850000000
2590	4.11994	2.2664841506454780	0.1193900750000000	0.0599066250000000
2592	4.07504	2.2679026640387536	0.1368652500000000	0.0982736350000000
2594	5.96073	2.2416734031564785	0.1064130450000000	0.0695578600000000
2597	23.17250	2.1962286439966756	0.1659393200000000	0.0381272300000000
2598	7.49862	2.2410776857276034	0.1335950100000000	0.0850392000000000
2600	4.63991	2.2340498015181200	0.2029234200000000	0.1595361800000000
2602	4.29987	2.2725003108571613	0.1552832500000000	0.1190441450000000
2604	10.60660	2.2210271927992160	0.1555372250000000	0.0850805650000000
2606	4.23221	2.2484962039890450	0.1483816850000000	0.1114481250000000
2608	6.26069	2.2367411518786611	0.1251775000000000	0.0678842550000000
2614	4.81994	2.2512045018847471	0.1490389450000000	0.1052390450000000
2616	4.26804	2.2588011255819094	0.1494168350000000	0.0792454550000000
2622	4.51028	2.2582348833752310	0.1166233850000000	0.0627342400000000
2624	4.50770	2.2655396836261383	0.1597867750000000	0.0445225500000000
2626	4.33115	2.2631311451703069	0.1994808100000000	0.0919520100000000
2628	4.61964	2.2603559570009866	0.1412602800000000	0.0458340000000000
2630	4.97066	2.2554427625829496	0.1241205500000000	0.0788361200000000
2632	6.25048	2.2425771190012829	0.1341719700000000	0.0817040350000000
2634	4.39901	2.2560458923904756	0.1473792000000000	0.1172966500000000
2636	5.13421	2.2595660933869599	0.1737726700000000	0.0786836350000000
2638	7.14109	2.2341257228647429	0.1390057700000000	0.0734330900000000
260	4.96843	2.2440522733461257	0.1502286750000000	0.1328875500000000
2640	4.25273	2.2493216860899166	0.1515414650000000	0.0965850000000000
2644	4.54641	2.2551414316592813	0.1883707400000000	0.1186296600000000
2646	4.56044	2.2572065287672327	0.1170862450000000	0.0895525900000000
2648	4.30162	2.2532652905403885	0.1460953450000000	0.1223655250000000
2650	6.40168	2.2338449741211126	0.1651426450000000	0.1012052300000000
2652	7.80242	2.2207432469869048	0.1050049600000000	0.0863885600000000
2654	7.23947	2.2433119904452137	0.1614548000000000	0.0812192050000000
2656	7.37276	2.2315134459573720	0.1378504650000000	0.0958569500000000
2658	4.10350	2.2706032904153526	0.1563681500000000	0.1322807800000000
2662	5.21238	2.2504963059320184	0.1353343650000000	0.0512326500000000
2666	4.94037	2.2605254225206926	0.1267515800000000	0.1060577700000000
2668	5.32015	2.2601092955197228	0.1409149850000000	0.1196377550000000
2670	7.96881	2.2343052200429647	0.1327078250000000	0.0902004050000000
2672	5.42989	2.2362550419812646	0.1628075900000000	0.1145136850000000
2674	6.18038	2.2465452219646518	0.1434649800000000	0.0960281250000000
2678	4.67021	2.2556054786287101	0.1801945300000000	0.0928052250000000
2682	11.59270	2.2239104881659615	0.1567737850000000	0.1097728150000000
2684	4.85792	2.2596199405674988	0.1770127450000000	0.0787841700000000
2687	8.91157	2.1802767129880052	0.1548587250000000	0.0685564550000000
2688	11.84740	2.2333459258476203	0.1483633600000000	0.1144974950000000
2690	4.02890	2.2600676602681440	0.1787735750000000	0.1184783250000000
2692	4.24923	2.2706857368163789	0.1392022200000000	0.0551078600000000
2698	4.00000	2.2549759478342630	0.1167656350000000	0.1220914850000000
2700	4.00689	2.2762512776652271	0.1439376300000000	0.0904046400000000
2702	4.83927	2.2444099695101936	0.1451249300000000	0.1271230250000000
2706	5.48782	2.2339388637386541	0.0942268950000000	0.0722039750000000
2708	4.72899	2.2598132350350966	0.1484450750000000	0.1218984950000000
2710	5.00004	2.2422465457698659	0.1246849700000000	0.1012419850000000
2714	9.24012	2.2291399733917312	0.1401357650000000	0.0947962000000000
264	5.25325	2.2560083384456435	0.1639720700000000	0.0967117900000000
266	4.65214	2.2582130534916889	0.0951704150000000	0.0928502550000000
270	6.35340	2.2369497073080202	0.1295834400000000	0.0920345550000000
2720	6.09093	2.2449454420697479	0.1664093550000000	0.0727956350000000
2722	4.12514	2.2847084269873421	0.2052258200000000	0.0916346550000000
2724	9.23853	2.2265393243591647	0.0898479550000000	0.0711022400000000
2726	4.60106	2.2848512746770986	0.1945228400000000	0.1272986200000000
2730	4.92034	2.2553777114808700	0.1495988500000000	0.1110959000000000
2734	8.35854	2.2321867133668856	0.1356141900000000	0.1048134750000000
2736	4.05690	2.3506063247920177	0.2133483500000000	0.0891314200000000
2738	4.49996	2.2666451621575843	0.1402755350000000	0.0702214250000000
2740	6.40598	2.2465073154106889	0.1418092500000000	0.0669013100000000
2742	4.18392	2.2678993822429052	0.1804110750000000	0.0889017950000000
2744	4.14386	2.2604199586723142	0.1191729200000000	0.0823350850000000
2746	4.16699	2.2623779022304080	0.1613391350000000	0.1092305600000000
2749	8.05054	2.1637973325897981	0.1154154450000000	0.0701255450000000
2750	4.46992	2.2677981134115375	0.1388317700000000	0.0908700150000000
2756	4.18461	2.2618344391127878	0.1133766100000000	0.1022009150000000
2758	7.11963	2.2401648652938895	0.1427815750000000	0.0816342450000000
2760	5.01788	2.2528486871380884	0.1475236250000000	0.1025641050000000
2762	4.62710	2.2585856059896234	0.1308577900000000	0.1093318200000000
2768	4.40001	2.2533932063829845	0.1268683950000000	0.0818037050000000
2774	4.96965	2.2563023297541873	0.1407829200000000	0.0795161100000000
2780	6.99973	2.2336354181569833	0.1493027350000000	0.0912041050000000
2784	4.28057	2.2532959821699823	0.0961876000000000	0.1226610150000000
2786	4.73897	2.2530502734910982	0.1327447900000000	0.0830511750000000
2788	5.18812	2.2588264618661307	0.1555772200000000	0.1102254600000000
2790	4.99142	2.2472359766363201	0.1125799350000000	0.1177984150000000
2792	4.82661	2.2798546275240636	0.1322623500000000	0.1389071600000000
2794	4.66571	2.2633370978517595	0.1346441350000000	0.0825696650000000
2796	5.32699	2.2525240035726997	0.1624834950000000	0.1183788450000000
2798	5.64999	2.2515300642924556	0.1276935350000000	0.0935762900000000
272	4.72232	2.2609529239143287	0.1625466600000000	0.0641753950000000
274	4.71760	2.2450155578085678	0.1277988650000000	0.0780228400000000
276	4.17418	2.2494547954900419	0.0869615700000000	0.0588718450000000
278	4.44217	2.2536052698743037	0.1265886150000000	0.0866340600000000
2800	6.88302	2.2425861865932308	0.1471862600000000	0.1049292200000000
2802	4.66222	2.2586104219074286	0.1478293800000000	0.0728501800000000
2804	4.88168	2.2546036046147893	0.1313159900000000	0.0710962900000000
2808	5.87316	2.2529749718941470	0.1475447600000000	0.1073244500000000
2810	4.39874	2.2690535855627196	0.1480946500000000	0.0600749800000000
2812	5.23815	2.2548636100642945	0.1531330600000000	0.0766914450000000
2814	5.57099	2.2531068525486728	0.1266030600000000	0.1000654700000000
2816	4.08318	2.2664081124657520	0.1319560700000000	0.0690999600000000
2818	7.18112	2.2243011242392599	0.1383940850000000	0.0872595050000000
2820	6.06766	2.2467929261014872	0.1373671700000000	0.1122099950000000
2822	4.01000	2.2608832035776780	0.1552765050000000	0.0980826100000000
2824	4.61980	2.2676075717787167	0.1287719050000000	0.1086793350000000
2826	6.46623	2.2420379349679522	0.1167014500000000	0.0744941300000000
2828	5.17079	2.2442304859844917	0.1595426250000000	0.0951503700000000
2831	6.17302	2.2499195023007665	0.2101136150000000	0.1002347300000000
2832	4.47691	2.2652456860946653	0.2005162350000000	0.0701337900000000
2836	4.67993	2.2112836643962850	0.1048184850000000	0.0864416150000000
2838	6.50823	2.2457437228778980	0.1527974250000000	0.1048797700000000
2842	4.57021	2.2678356065851064	0.1595902650000000	0.1092583500000000
2844	4.76573	2.2608256268738125	0.1253512900000000	0.1189444000000000
2846	7.11878	2.2382080899086749	0.1611448400000000	0.0662566400000000
2848	7.04899	2.2426839523632078	0.1359337850000000	0.0923144800000000
2849	7.04899	2.2553904090938688	0.2075347350000000	0.0750277150000000
2850	4.29009	2.2661498245590006	0.1575418850000000	0.0771883250000000
2856	4.26809	2.2596212928594865	0.1117151550000000	0.0623159650000000
2858	4.35001	2.2576767183770405	0.1246145150000000	0.0741638150000000
2862	6.50001	2.2473910491439009	0.1407507450000000	0.0765504150000000
2864	5.26656	2.2529348243528831	0.1269404450000000	0.0761400300000000
2866	9.63891	2.2126244177312557	0.1156889350000000	0.0928982400000000
2868	5.06922	2.2760193661252544	0.2200922350000000	0.1451197800000000
2870	4.50002	2.2691292839305435	0.1554855550000000	0.0823761100000000
2872	9.30238	2.2292274936362517	0.1318459450000000	0.1059705150000000
2874	4.70978	2.2443526065322335	0.1933250750000000	0.1147796950000000
2876	4.47483	2.2496194692475715	0.1446898950000000	0.1041273750000000
280	4.40855	2.2367523505340077	0.1336386700000000	0.0853116450000000
282	8.46518	2.2340042571983703	0.1251595850000000	0.0911543550000000
286	6.38959	2.2499186573983612	0.1267919400000000	0.0905288000000000
2880	4.50001	2.2691738833420749	0.1492383550000000	0.0718699800000000
2882	5.59937	2.2420842635960883	0.1387213050000000	0.0943501250000000
2883	5.59937	2.1445811315198426	0.1637782400000000	0.0503338500000000
2884	4.43812	2.2444828495835458	0.1300812100000000	0.0786864350000000
2888	6.52649	2.2465390166195136	0.1525109700000000	0.0977065300000000
2890	4.04346	2.2666126266452471	0.1068413900000000	0.0909726250000000
2892	5.17000	2.2437953830739690	0.1331077600000000	0.1199814400000000
2894	4.59563	2.2635883099717549	0.1402816600000000	0.1204413750000000
2896	6.65399	2.2404139755004331	0.1236269800000000	0.0812852750000000
2900	4.42397	2.2663047443810775	0.1979467750000000	0.0885013950000000
2902	4.68997	2.2585206396842494	0.1246918950000000	0.0989944100000000
2912	9.19568	2.2375657046998447	0.1532016000000000	0.1023228800000000
2916	4.69994	2.2510747394206758	0.1398872000000000	0.0792995800000000
2920	5.91350	2.2482464724184865	0.1387679750000000	0.0811139300000000
2922	4.44081	2.2666517147360579	0.1438962550000000	0.1272925900000000
2924	4.26997	2.2624033743417917	0.1660379100000000	0.0699110350000000
2926	4.72330	2.2506088711972843	0.1341813300000000	0.0930140700000000
2928	5.95016	2.2440917239126845	0.1687181950000000	0.0795599750000000
2932	4.04891	2.2729468747166215	0.1438801600000000	0.1041156750000000
2934	4.17539	2.2559422733437215	0.1422759850000000	0.0878890950000000
2936	5.33228	2.2487831018130784	0.1465574400000000	0.0979953650000000
2940	4.15092	2.2552639615333208	0.1941065550000000	0.0872128450000000
2942	4.72946	2.2649071734388788	0.1258311150000000	0.0824519750000000
2944	5.12695	2.2425951209829864	0.0962199800000000	0.0717485600000000
2946	8.35572	2.2336886814949350	0.1509933000000000	0.0934878900000000
2950	6.40363	2.2407867890779349	0.1524549400000000	0.0995664550000000
2952	7.48225	2.2375919458253848	0.1416912050000000	0.0957338500000000
2954	9.01194	2.2285766872597295	0.1541001350000000	0.1028962100000000
2956	4.92169	2.2583163992583613	0.1412651550000000	0.1602436300000000
2958	4.00000	2.2542201023103257	0.1432045300000000	0.0716732450000000
290	4.56983	2.2427160029812594	0.1081637900000000	0.0972545950000000
292	4.74063	2.2563053232065240	0.1060307050000000	0.0748508400000000
2962	7.04486	2.2399552159590210	0.1708417650000000	0.1180470550000000
2964	5.06386	2.2552271064314526	0.1789100000000000	0.1126298250000000
2968	4.49799	2.2724731095968793	0.1446568100000000	0.0924315500000000
2970	10.13270	2.2328464799807679	0.1674938150000000	0.0778387750000000
2973	7.88851	2.3079789083358024	0.2454958450000000	0.1223197550000000
2974	9.21944	2.2306276890522145	0.1414169800000000	0.0752338100000000
2976	4.41979	2.2683453651019545	0.1580937500000000	0.1168990300000000
2978	5.88975	2.2374369474785931	0.1137761550000000	0.0838951300000000
2980	4.14296	2.2616870736300485	0.1339439300000000	0.1038305250000000
2982	12.90590	2.2124987160135272	0.1612453650000000	0.1028627000000000
2984	4.93568	2.2511810089920732	0.1329794100000000	0.0766274900000000
2986	4.49291	2.2635772570338868	0.1026990300000000	0.1221108650000000
2988	5.13341	2.2551004754317994	0.1479215050000000	0.0936079400000000
2990	4.25226	2.2606457821270927	0.2074648850000000	0.0509219600000000
2994	14.96590	2.2197095629779739	0.1518999600000000	0.1160712300000000
3000	8.19245	2.2321519096629263	0.1618925250000000	0.0945737900000000
3002	9.68277	2.2288116188931042	0.1357404900000000	0.0915442000000000
3003	9.68277	2.1762726892800615	0.1616344000000000	0.0532606550000000
3006	9.66154	2.2249421772113109	0.1240937150000000	0.0856674850000000
3012	4.27623	2.2745517114802514	0.1221328700000000	0.1130175800000000
3016	5.21969	2.3518833868804165	0.2311233500000000	0.1018559850000000
3018	5.26619	2.2508283244548446	0.1414014150000000	0.0869441600000000
3020	5.59896	2.2518849884668426	0.1225691450000000	0.1025046700000000
3021	5.59896	2.1505127435686631	0.1271853300000000	0.0530515750000000
3024	8.44299	2.2318694461696933	0.1502203300000000	0.1153314850000000
3026	10.30760	2.2298796934555476	0.1500358050000000	0.0876538400000000
3028	5.95873	2.2447216661920710	0.1395408900000000	0.0871056050000000
3030	8.95530	2.2306552946581149	0.1454075350000000	0.0773901300000000
3032	4.59982	2.2498660776972028	0.1240192300000000	0.0832762900000000
3034	4.74703	2.2575397888223798	0.1430306550000000	0.0692125150000000
3038	10.91730	2.2265410855535075	0.1270812750000000	0.0838529600000000
298	5.72922	2.2462294159622505	0.1315162650000000	0.0715461700000000
300	4.48033	2.2657659066747482	0.1569773650000000	0.0876714100000000
301	4.48033	2.2004120387770829	0.2275715750000000	0.1121247600000000
302	9.30426	2.2312251869677739	0.1398893300000000	0.0840666900000000
3040	4.47175	2.2643012353558842	0.1509193150000000	0.0957827550000000
3042	5.28955	2.2492437619646770	0.1413912750000000	0.0790420200000000
3046	4.45076	2.2704281822275467	0.1341563650000000	0.0646627250000000
3048	4.95637	2.2545984364272393	0.1206730500000000	0.0865505050000000
3050	6.73115	2.2438605015237831	0.1250794150000000	0.0825764800000000
3052	4.24874	2.2668359807157050	0.1279485550000000	0.1246932100000000
3058	5.59479	2.2462359862742427	0.1457750750000000	0.0927178150000000
3062	4.57984	2.2710062968705746	0.1437144950000000	0.0765609750000000
3064	4.72266	2.2633839826252742	0.1540033000000000	0.1085601550000000
3067	6.16990	2.2240219827389502	0.1543755800000000	0.1231620800000000
3068	4.07954	2.2588458139994043	0.1012839500000000	0.0732923800000000
3070	5.25119	2.2446515510272134	0.1558849950000000	0.0972373550000000
3072	6.56144	2.2450451183549762	0.1542670350000000	0.0485048350000000
3078	4.22833	2.2746554672115855	0.1718499350000000	0.0815264750000000
3080	5.71492	2.2502648215126739	0.1560577600000000	0.0993811350000000
3084	4.92164	2.2605310504941274	0.1182054350000000	0.0872629850000000
3088	6.05933	2.2466303232630813	0.1517973300000000	0.0622366600000000
3090	11.04760	2.1952785472455014	0.1165713400000000	0.1171915850000000
3092	9.08518	2.2275513240676230	0.1143067600000000	0.0800243150000000
3096	7.97027	2.2444719058611424	0.1900191400000000	0.0936641850000000
3097	7.97027	2.1824972202630897	0.1682704400000000	0.0907793850000000
3098	4.38017	2.2622503169459018	0.1453001400000000	0.0695018300000000
3100	6.43345	2.2469288038800985	0.1474213600000000	0.1227950650000000
3104	4.34008	2.2598454401661829	0.1318692750000000	0.0722550050000000
3110	13.23870	2.2222808967602576	0.1416054350000000	0.0891874250000000
3112	4.78521	2.2422215371816208	0.1224470050000000	0.0661705100000000
3114	4.29999	2.2644429148656640	0.1324577700000000	0.0811118850000000
3116	4.66860	2.2619038179217146	0.1441044350000000	0.0773811900000000
3118	6.78583	2.2479608427724571	0.1430415500000000	0.0606191000000000
304	4.35666	2.2630898621264821	0.1245326300000000	0.0924869750000000
310	11.78130	2.2244031848321635	0.1448721750000000	0.0999093500000000
3120	5.42970	2.2419166502612908	0.1384868650000000	0.1021514650000000
3124	4.41995	2.2529821500317140	0.1244285050000000	0.0963337800000000
3128	4.06100	2.2772936565320339	0.1606010200000000	0.1040414050000000
3130	5.00992	2.2544806526626653	0.1423576100000000	0.0784308400000000
3132	13.21360	2.2173671139761049	0.1485083600000000	0.0870277750000000
3138	4.94001	2.2573384938613499	0.1447958900000000	0.0753401550000000
3144	4.11924	2.2634526745214241	0.1856367150000000	0.1035864050000000
3146	7.78009	2.2358348587198957	0.1179177900000000	0.0623535250000000
3148	4.41958	2.2702508953947205	0.1512439900000000	0.0574469100000000
3152	4.75031	2.2485801455092136	0.1307738400000000	0.0891335850000000
3153	4.75031	2.2266427214872762	0.1492216000000000	0.1375585900000000
3154	6.13193	2.2401675388802271	0.1515035150000000	0.1221415800000000
3158	5.74657	2.2457793993250501	0.1779457550000000	0.1529890400000000
3160	4.38829	2.2623333099220102	0.1387464350000000	0.0923879250000000
3162	4.47027	2.2618106959183608	0.1916653650000000	0.0519575300000000
3164	5.20138	2.2502824405398187	0.1293153200000000	0.0854503100000000
3166	4.20967	2.2682288877925423	0.1312843150000000	0.0934106850000000
3168	4.81774	2.2575209983747002	0.1285565050000000	0.0868738550000000
3170	4.60942	2.2640189374415556	0.1394075100000000	0.1085932700000000
3172	4.35084	2.2636920600172359	0.1339375050000000	0.0934940350000000
3174	5.11026	2.2559373756623295	0.1420949150000000	0.1102195100000000
3176	4.34000	2.2610087817482274	0.1463817050000000	0.0939483800000000
3180	4.29221	2.2632442510222122	0.1427558600000000	0.0685637750000000
3182	5.62373	2.2513641745550057	0.1421816200000000	0.0310320900000000
3184	6.99027	2.2400103473588162	0.1394746550000000	0.1142796150000000
3186	5.89004	2.2522267705290790	0.1563133700000000	0.0447200800000000
3190	4.31221	2.2667570589387487	0.1499693050000000	0.1253954500000000
3192	5.32008	2.2565127889212491	0.1322536600000000	0.0954188150000000
3194	4.17145	2.2649465011198338	0.1722203250000000	0.1305004150000000
312	6.42442	2.2451970723203369	0.1370788250000000	0.0964823200000000
314	5.20148	2.2547276405756449	0.1750762300000000	0.0882005300000000
315	5.20148	2.1796659080676517	0.2594213850000000	0.3955144100000000
316	8.45468	2.2338484952307067	0.1287731850000000	0.0726504050000000
318	4.10089	2.2991755765222428	0.2273358850000000	0.1530688050000000
24	6.39008	2.2402039474347228	0.1503136750000000	0.1098927150000000
26	6.09737	2.2466301576091325	0.1225486000000000	0.0947318800000000
28	5.95941	2.2405648837823500	0.1474635450000000	0.0961198900000000
30	4.08821	2.2666744305273787	0.1182296600000000	0.0927778400000000
320	11.69890	2.2274417321094844	0.1626048350000000	0.0698634350000000
322	4.72290	2.2591022657928401	0.1401594900000000	0.0926085750000000
324	5.87348	2.2337732856017714	0.1445079400000000	0.0742519700000000
326	6.53933	2.2449685984055061	0.1645943700000000	0.0889668200000000
328	6.99964	2.2425808746975102	0.1631277250000000	0.1164729850000000
330	4.00913	2.2696752577200634	0.1396445950000000	0.1151204400000000
332	5.18578	2.2563714798495318	0.1386528550000000	0.0418435600000000
334	4.27849	2.2656494676983905	0.1378123850000000	0.0844343600000000
336	4.86590	2.2536138072593004	0.1505665600000000	0.0962576350000000
338	4.59223	2.2703643202634765	0.1530112750000000	0.0977548400000000
340	7.84714	2.2320291422289538	0.1581437300000000	0.1062448750000000
342	5.06002	2.2511310191108689	0.1259190950000000	0.0754321700000000
344	5.97000	2.2249182511334724	0.1144387900000000	0.1157676850000000
352	5.20191	2.2553861148202579	0.1981559300000000	0.0654961500000000
354	12.23160	2.2338357652598178	0.1664094350000000	0.0843724700000000
356	5.38920	2.2563748463087889	0.1415352350000000	0.1125839250000000
358	6.98731	2.3035431707393448	0.1982402450000000	0.1328710600000000
362	4.48027	2.2633585844026487	0.1344370950000000	0.1019245150000000
364	5.02670	2.2500481094281284	0.1199400350000000	0.0676454600000000
366	4.28634	2.2546257146259894	0.1384273200000000	0.0971640850000000
368	4.57993	2.3901388912128017	0.2386209350000000	0.1024530200000000
370	4.38007	1.8951313541623986	0.1578068200000000	0.3491961399999999
372	4.99183	2.2618912424751207	0.1869861450000000	0.0720389850000000
374	7.54955	2.2414141647352279	0.1503111850000000	0.0751980700000000
376	4.88651	2.2627029357673192	0.1018867100000000	0.0864519750000000
378	8.36841	2.2332712858627510	0.1645384250000000	0.1013897600000000
380	5.25044	2.2546386976843067	0.1293105250000000	0.0547246350000000
382	5.55295	2.4192770766929241	0.2677387950000000	0.1460364500000000
386	8.63574	2.2348305711498013	0.1411571600000000	0.0780702900000000
388	5.01801	2.2514118261455862	0.1411143450000000	0.0882734000000000
390	4.07706	2.2709931792468687	0.1509157750000000	0.0822045950000000
392	4.76010	2.2513686095703580	0.1421742750000000	0.1271926700000000
394	4.96945	2.2596428280695693	0.1111107700000000	0.0846263550000000
396	5.97077	2.2484124528482399	0.1470746200000000	0.1332442300000000
32	5.00000	2.2519482477453461	0.1444951350000000	0.1064212950000000
34	4.59597	2.2556433157967679	0.1724651100000000	0.0907091450000000
36	11.42750	2.2178966197190428	0.1429603800000000	0.1288964400000000
37	11.42750	2.1842545744095583	0.1552287000000000	0.0958827650000000
38	7.71594	2.2392089790475147	0.1381222550000000	0.0577355700000000
400	13.25910	2.2223173012710813	0.1456331750000000	0.0835045050000000
402	4.80712	2.2423309846323387	0.2056537100000000	0.1171288150000000
404	5.17820	2.2495846959476653	0.1642534300000000	0.0608101700000000
406	4.72298	2.2512419292700323	0.1551149850000000	0.1326825250000000
408	4.83876	2.2532174723900895	0.1336069800000000	0.0918080300000000
414	5.02974	2.2554853898403882	0.1609807850000000	0.1216700550000000
416	19.16470	2.2139614305703428	0.1550326950000000	0.1076176550000000
418	4.62812	2.2481376810641422	0.1550941550000000	0.1442985150000000
420	10.91070	2.2272262361882191	0.1624395050000000	0.0871626500000000
422	4.49919	2.2609036190425309	0.1857439900000000	0.1090672250000000
424	4.41018	2.2669045953415954	0.1715945800000000	0.1234488400000000
426	4.14775	2.3259863387445527	0.1997699700000000	0.1305408600000000
428	4.01005	2.2749195243563518	0.1286972950000000	0.0619217950000000
432	12.00770	2.2243918570890990	0.1428229450000000	0.1178152300000000
433	12.00770	2.1761940665627724	0.1457359650000000	0.1150990000000000
440	4.69001	2.2397439870190645	0.1294912100000000	0.1103318550000000
442	5.97021	2.2437977099850830	0.1503399750000000	0.1172386850000000
444	4.01200	2.2602153342228104	0.1463780400000000	0.0947041150000000
446	3.99999	2.2653894968800774	0.1099333450000000	0.0725463850000000
448	4.38024	2.2541207908270313	0.1622922350000000	0.1036928650000000
450	10.69890	2.2210355954846870	0.1132691450000000	0.0841239850000000
451	10.69890	2.1752735967114298	0.1392240800000000	0.1106421650000000
452	5.10067	2.2507531595433385	0.1590341400000000	0.0939425850000000
454	5.28648	2.2586726551864404	0.1543351700000000	0.0389890800000000
456	7.52274	2.2412340170508434	0.1381779500000000	0.0893525450000000
458	5.24962	2.2387878533546948	0.1590307950000000	0.0536220200000000
460	4.80720	2.2575630908018351	0.1415736050000000	0.0820069650000000
462	5.32730	2.3184465219433577	0.2120065150000000	0.1487465600000000
464	4.45389	2.2266142764385894	0.1832498300000000	0.0939467450000000
466	5.10844	2.2590259554363032	0.1650160700000000	0.1073930050000000
468	4.35962	2.3038248647296236	0.2067031600000000	0.1305741350000000
470	4.69002	2.2577676294086904	0.1241096100000000	0.0737056750000000
472	5.52889	2.2496791256337509	0.1212868850000000	0.0874400600000000
473	5.52889	2.2246804814310801	0.2015314100000000	0.1273916650000000
474	5.01269	2.2548523077975635	0.1472802950000000	0.1156077350000000
476	4.28973	2.2546568128870641	0.1151087500000000	0.0875950400000000
40	4.72137	2.2609855586957490	0.1344258100000000	0.1060948150000000
42	5.30174	2.2458836916785150	0.1645838750000000	0.0812622450000000
43	5.30174	2.7161960355795607	0.2959775900000000	0.0526185000000000
44	4.88565	2.2189516183940969	0.1606890350000000	0.1643104150000000
46	4.86181	2.2573663669377111	0.1584644000000000	0.0980904450000000
480	9.18256	2.2287953953679778	0.1079243350000000	0.0759233000000000
484	4.84521	2.2559637916797688	0.1800300550000000	0.0863858500000000
486	5.16271	2.2526109980571696	0.1476510400000000	0.1301156450000000
488	6.47736	2.2435739742324343	0.1415095350000000	0.0891262600000000
490	6.05020	2.2530910320819806	0.1481433550000000	0.1046989400000000
492	4.09257	2.2475233177636622	0.1464299600000000	0.0349532850000000
494	8.00877	2.2351448606138065	0.1357794100000000	0.1056858400000000
496	4.60806	2.4312108827038523	0.2759729850000000	0.1327573900000000
500	9.56550	2.2314651700242907	0.1294086150000000	0.0817783450000000
501	9.56550	2.1810600130656930	0.1642216650000000	0.0752777550000000
502	4.17605	2.2562268930129838	0.1329018700000000	0.0834835350000000
506	4.44068	2.2550113268501581	0.1617444050000000	0.1180678400000000
512	4.50597	2.2609433856176890	0.1279474050000000	0.1032929600000000
514	5.80851	2.2472204252649424	0.1333776650000000	0.0937849600000000
516	5.57690	2.2500244480972738	0.1513489850000000	0.1230088300000000
520	4.83509	2.2495053166009193	0.1334959150000000	0.0940247400000000
522	4.93996	2.2585659094645516	0.1699668750000000	0.0914226250000000
524	5.93792	2.2512384508505794	0.1448109900000000	0.0780799550000000
528	5.22447	2.2492724393724193	0.1180915000000000	0.0941437150000000
530	7.65335	2.2339534701197579	0.1399629600000000	0.0863952750000000
532	4.49980	2.2677347525419318	0.1585867050000000	0.0920025000000000
534	4.17992	2.2636342011477320	0.1233826500000000	0.0692205200000000
544	8.30517	2.2761525929724642	0.2014563250000000	0.1237017800000000
546	4.66661	2.2515360259874453	0.1481406950000000	0.0762435000000000
548	4.13510	2.2653037760650272	0.1066657400000000	0.1007834700000000
550	5.97092	2.2455054834668733	0.1009083900000000	0.0673248650000000
551	5.97092	2.2282366477115234	0.2360314500000000	0.0764951100000000
553	4.13999	2.4185743705210325	0.3104748250000000	0.0495351200000000
554	4.87395	2.2533701101861099	0.1229998850000000	0.0797324500000000
556	5.28839	2.2474534219930651	0.1476856000000000	0.1153165650000000
558	4.91079	2.2503307244180784	0.1578946850000000	0.1200071100000000
48	5.98162	2.2487517822162073	0.1591132100000000	0.1053971150000000
50	4.65639	2.2362084446698560	0.1335835250000000	0.1064489000000000
52	16.74470	2.2144782533106664	0.1417199300000000	0.0400173900000000
560	6.12474	2.2466470486704351	0.1553275250000000	0.1409917950000000
562	5.92542	2.2344439244167922	0.1106107550000000	0.0882550300000000
564	5.28955	2.2496031241620869	0.1434852750000000	0.0978525450000000
568	5.29829	2.2502746721564058	0.1492028950000000	0.1381083350000000
570	13.32050	2.2260537879144313	0.1459567700000000	0.0952067150000000
572	8.19246	2.2300954860553257	0.1517455350000000	0.0570722800000000
574	5.42940	2.2499568737127418	0.1511249050000000	0.0975283950000000
576	5.51229	2.2454272567663764	0.1220369100000000	0.0776940700000000
578	6.71299	2.2454662658130400	0.1472455600000000	0.0812249150000000
580	7.37675	2.2369282276786548	0.1555871850000000	0.0940798200000000
582	4.27199	2.2568884402432650	0.1403014050000000	0.1005697700000000
588	4.95559	2.2524814777344755	0.1443383900000000	0.0677779450000000
590	10.20320	2.4066495487643622	0.2482009850000000	0.1059564300000000
591	10.20320	2.2559183790354105	0.1952122450000000	0.1369169650000000
592	5.47005	2.2472307500654534	0.1597478850000000	0.0984738600000000
594	4.59101	2.2624913629473382	0.1682397400000000	0.1029247900000000
598	6.13030	2.2372410017236315	0.1264471000000000	0.0920426750000000
602	4.91992	2.2626583137975040	0.1327176550000000	0.0887775650000000
604	7.96701	2.2287712068420356	0.1339769650000000	0.0733948800000000
606	4.24997	2.2559319343836788	0.1761115900000000	0.1021485500000000
612	15.79580	2.2057931174330272	0.1392466000000000	0.1076893050000000
614	7.96823	2.2354140714032273	0.1257409600000000	0.0685851950000000
616	5.75065	2.2377312638733815	0.1553905900000000	0.0652005000000000
618	5.39051	2.2493412629030707	0.1548861500000000	0.0931731050000000
620	4.99862	2.2549501924202175	0.1716170950000000	0.0827333400000000
622	4.00730	2.2706738150255688	0.1266539250000000	0.1055136450000000
624	5.00235	2.2346911084492729	0.1278109500000000	0.0692863950000000
626	7.71899	2.2380276539697146	0.1533472700000000	0.1112807050000000
628	7.78068	2.2360695312059087	0.1406568400000000	0.1002021200000000
630	7.58673	2.2266942791577269	0.0714610050000000	0.1027620550000000
632	4.51447	2.2471050027920461	0.1619625500000000	0.0754936850000000
638	5.39993	2.2576449066939932	0.1182063800000000	0.0732591400000000
56	4.27006	2.2724400773276283	0.1504528050000000	0.0961495100000000
60	4.04813	2.2696623873234034	0.1370282650000000	0.0621594050000000
640	6.60590	2.2465306301395493	0.1765398300000000	0.1085382050000000
642	5.30005	2.2609222586543787	0.1867677850000000	0.1338063250000000
644	4.20982	2.2585107396513031	0.1339036250000000	0.0657766150000000
646	5.04993	2.2519307663098758	0.1372201900000000	0.0778150950000000
648	5.16018	2.2541628007345924	0.1445189800000000	0.1256099950000000
650	5.68948	2.2475663287722849	0.1484955850000000	0.0500334700000000
652	5.04957	2.3943784324566004	0.2850510350000001	0.1382266250000000
658	11.91340	2.2294605815278810	0.1619485700000000	0.0928540200000000
660	4.39697	2.2668356498211266	0.1750096950000000	0.0816692800000000
662	4.80723	2.2544747223934714	0.1214789100000000	0.0794930150000000
664	4.25844	2.2502347513335565	0.1539562000000000	0.0637468250000000
666	4.26001	2.2661802646084248	0.1648423950000000	0.1028700550000000
668	6.19983	2.2453008538767936	0.1307235450000000	0.1016534700000000
672	8.53196	2.2874557184498308	0.2000454350000000	0.0907006500000000
673	8.53196	2.4035545016059570	0.2831262950000000	0.1047145050000000
674	6.29109	2.2518443404784518	0.1592156550000000	0.1227610150000000
680	5.55312	2.2468045683535514	0.1549114950000000	0.0829786550000000
684	4.81861	2.2521547044736212	0.1207001550000000	0.0845228050000000
686	6.88888	2.2359293729964320	0.1702873150000000	0.0657785350000000
690	8.86501	2.2272688586570921	0.1065841400000000	0.0829461000000000
692	4.72836	2.2634428265161590	0.1433685350000000	0.1038961250000000
694	4.26026	2.2618188967777848	0.2232385250000000	0.1344129000000000
696	7.24264	2.2364948825649420	0.1362084900000000	0.0670001550000000
700	6.63621	2.2427128436720372	0.1352308450000000	0.0628167800000000
702	4.01006	2.2584436823237315	0.1413214850000000	0.1317505150000000
704	4.18303	2.2545665385102667	0.1324933600000000	0.1242248300000000
706	4.21997	2.2715047144700109	0.1474738150000000	0.0403461700000000
710	4.99021	2.2610976925349671	0.1465183550000000	0.0907418150000000
712	4.16844	2.2791579769900898	0.1533941500000000	0.1047308000000000
714	4.85701	2.2499085878397076	0.1501837250000000	0.0886181750000000
718	4.49795	2.2597975470929486	0.1598241850000000	0.0577819250000000
64	4.05404	2.2662845841186718	0.1347503500000000	0.0808735750000000
66	4.12811	2.2666753762702214	0.1557942850000000	0.1046245350000000
70	4.99201	2.2569593522976827	0.1374680600000000	0.0811827500000000
720	4.86081	2.2635314294637383	0.1419211850000000	0.0952659150000000
722	9.55964	2.2306837402240003	0.1108715050000000	0.0746929100000000
724	5.58146	2.2427108731751826	0.1414029100000000	0.0637437500000000
726	4.48954	2.2503852097984138	0.1296629900000000	0.1007681300000000
728	5.37312	2.2495504229704193	0.1185308900000000	0.1143715250000000
730	4.04598	2.2721674479247063	0.1154103250000000	0.1196218500000000
734	5.81957	2.2471656420354273	0.1547170800000000	0.1113810850000000
738	4.39812	2.3250505961770531	0.1945919800000000	0.1398057400000000
740	5.73561	2.2524583445561301	0.1434954500000000	0.0858429150000000
741	5.73561	2.1736683935275334	0.1337633350000000	0.1104199100000000
742	4.34562	2.2518917184309086	0.0813716100000000	0.1001152750000000
746	5.02036	2.2601305422391644	0.1769215900000000	0.0847316450000000
748	10.29080	2.2310693390229042	0.1485287600000000	0.0700649700000000
752	7.13508	2.2405773512346006	0.1565730250000000	0.1213838300000000
754	4.57918	2.2590863217262420	0.1633229600000000	0.1078599950000000
760	4.93558	2.2232212600106167	0.2069006350000000	0.1152705350000000
762	4.49133	2.2590539732570654	0.1464639750000000	0.0635500500000000
766	6.03861	2.2479989613915348	0.1385531200000000	0.0871037850000000
768	6.49957	2.2361608428440856	0.1163366700000000	0.0890997300000000
772	4.01021	2.2417531052123807	0.1012507600000000	0.0898910250000000
774	4.84509	2.2466577519886668	0.1397585450000000	0.0997195550000000
776	6.40735	2.2398064995143079	0.1257381150000000	0.0863510200000000
778	6.98751	2.2442843582906460	0.1288957200000000	0.0820648800000000
782	5.28004	2.2481675601056699	0.1597247800000000	0.1260704250000000
784	6.20121	2.2453626298749128	0.1496273050000000	0.0713312000000000
786	6.00964	2.2438318692292292	0.1047757700000000	0.0739923650000000
788	5.78503	2.2406446909798357	0.1378159400000000	0.1129456250000000
790	5.27576	2.2475599341947556	0.1520147100000000	0.1119047200000000
792	4.44731	2.2562931705892697	0.1360858550000000	0.1023395400000000
796	5.91367	2.2394809847345551	0.1417891500000000	0.0830945150000000
798	4.83879	2.2546116319662519	0.1172229000000000	0.0664047550000000
72	9.58719	2.2324437957293526	0.1483715300000000	0.0536729650000000
76	4.73062	2.2513527219039777	0.1304722400000000	0.0860367250000000
78	5.98490	2.2400405985845451	0.1240900150000000	0.0865936850000000
