0	147.49000	2.2871867191421069	0.2096229750000000	0.0886113750000000
4	4.35645	2.2660523109797381	0.1393235900000000	0.1023601850000000
6	4.69902	2.2648069788163969	0.1253781250000000	0.1072428200000000
802	9.13833	2.2315339356140402	0.1149816450000000	0.0795979000000000
808	4.77777	2.2682256362744075	0.1660146000000000	0.0994931300000000
810	4.50192	2.2722258607902845	0.1482364100000000	0.0675840850000000
812	4.12992	2.2787013476346205	0.1331773700000000	0.1442232950000000
814	5.51014	2.2678650293967770	0.1622483350000000	0.1168698100000000
816	4.70120	2.2505509931188818	0.1518797050000000	0.1188028300000000
820	5.49543	2.2547689392763726	0.1535590250000000	0.1358365550000000
822	4.02000	2.2807750610261763	0.1494293150000000	0.0695233100000000
824	5.48187	2.2426084953689527	0.1626465600000000	0.1045175200000000
826	5.02823	2.2547707193299709	0.1668998950000000	0.1048061000000000
828	4.39944	2.2685074551062132	0.1406951450000000	0.1073053300000000
830	4.76516	2.2649145906128179	0.1416873200000000	0.0863201300000000
834	4.69003	2.2637599458182960	0.1385057550000000	0.0479768200000000
836	9.14174	2.2226175200821241	0.1572783200000000	0.1082529850000000
838	11.07470	2.2317620654228563	0.1527277650000000	0.1056640100000000
842	7.66761	2.3863143488417147	0.2590890600000000	0.1747929150000000
844	5.82782	2.2416568063330962	0.1507913650000000	0.0920035400000000
846	4.41559	2.2556411294370613	0.1558756000000000	0.0712654250000000
850	5.91751	2.2495901007361172	0.1274561700000000	0.0823287300000000
856	4.41190	2.2595763819996231	0.1373451150000000	0.0712662200000000
858	4.98057	2.2573963854529051	0.1093264650000000	0.1075524700000000
860	4.86085	2.2500249826882333	0.1357609200000000	0.0919484250000000
862	4.83234	2.2665166075393737	0.1689164750000000	0.1021596500000000
864	4.09047	2.2623313721140210	0.1396900600000000	0.0696914650000000
866	4.16608	2.2635332483447801	0.1953281900000000	0.1163177300000000
872	4.02906	2.2629522615083411	0.1231583900000000	0.0819814300000000
878	4.54933	2.2623477242940768	0.1255775300000000	0.0570804200000000
80	5.11851	2.2474106084935412	0.1431649650000000	0.0643720050000000
82	4.14228	2.2579401696383115	0.1710212650000000	0.1119592450000000
84	6.99024	2.2496767611792450	0.1631485700000000	0.1031168950000000
882	4.12996	2.2401986221263890	0.1909298100000000	0.0956067900000000
886	4.24842	2.2720019345904134	0.1599963100000000	0.0984809200000000
888	6.76593	2.2410020593613442	0.1610154300000000	0.0787904550000000
890	4.95505	2.2475818744425249	0.1229221600000000	0.0823881650000000
894	9.01225	2.2340055642336210	0.1341538850000000	0.1034010000000000
896	4.86598	2.2573053848704308	0.1322806300000000	0.0822362750000000
900	4.50584	2.2569458736768602	0.1257048550000000	0.0889899700000000
902	4.70921	2.2593559796141847	0.1322913400000000	0.1200732150000000
904	4.73006	2.2674306485145461	0.1397750550000000	0.0678743150000000
906	7.99125	2.2328277024375782	0.1275570050000000	0.1064765650000000
908	5.04026	2.3110609759669187	0.2097960550000000	0.1094426350000000
910	4.24570	2.2495001395812908	0.1622239800000000	0.0786083700000000
920	4.84378	2.2561842569759274	0.1402448350000000	0.1281551800000000
922	4.80728	2.2763090632988066	0.1928039950000000	0.1333727400000000
932	4.53006	2.2549718838060770	0.1225715050000000	0.0897628600000000
934	4.34599	2.3251479489273255	0.2153518850000000	0.0810876850000000
938	4.13974	2.2671229702978559	0.1523045450000000	0.1051244100000000
940	4.62017	2.2546664111726868	0.1424181050000000	0.0722619050000000
942	4.78462	2.2586399133491066	0.1214399850000000	0.0697867850000000
944	4.71987	2.2703560365242770	0.1278106850000000	0.0649274250000000
946	6.24975	2.2291425451585880	0.1098552950000000	0.0971766750000000
948	4.02000	2.2671547009483630	0.1466602800000000	0.1119003700000000
950	10.71510	2.2257151377805942	0.1316317200000000	0.0944811300000000
954	8.53221	2.2348903716308794	0.1645209000000000	0.1173004600000000
956	4.00829	2.2678645163432187	0.1629753700000000	0.1385735100000000
958	16.47030	2.2201345628751890	0.1104284400000000	0.0846664000000000
88	5.11225	2.2450752497873792	0.1395739700000000	0.0955678800000000
94	6.88144	2.2462572752574159	0.1441733800000000	0.0537315700000000
960	5.30527	2.2265692870254603	0.2037380300000000	0.0779958350000000
962	4.08396	2.2726133923739611	0.1332829150000000	0.1064035150000000
970	5.00324	2.2520429275365612	0.1552172050000000	0.1083056850000000
974	5.07010	2.2536095500065207	0.1248259600000000	0.0540325050000000
976	6.08247	2.2437698791588483	0.1646660750000000	0.0955779000000000
978	5.95959	2.2474526542528950	0.1462873950000000	0.1082274600000000
980	4.01998	2.2684940847269059	0.1028203050000000	0.0612673700000000
982	4.16579	2.2564582869707888	0.1419498050000000	0.0858913200000000
984	4.28682	2.2656294551715379	0.1321990550000000	0.0677221250000000
988	5.02105	2.2610901802240155	0.1485218550000000	0.0886343350000000
990	4.13117	2.3122711641413543	0.1993392650000000	0.1370775300000000
994	5.46914	2.2604175559436159	0.1685124700000000	0.1308942650000000
996	4.81901	2.2556844123557109	0.1802401700000000	0.0800828100000000
998	4.05999	2.2479122509193532	0.0966452850000000	0.0957941900000000
1000	6.84932	2.2458863152510027	0.1636896450000000	0.0582373400000000
1002	4.06005	2.2709447330120724	0.1275524800000000	0.0603007850000000
1004	4.05646	2.2719175690108417	0.1567502200000000	0.1190011050000000
1006	4.73002	2.2581159982799432	0.1569395800000000	0.0767556200000000
1008	10.74660	2.2275198783138754	0.1497622200000000	0.0777985400000000
1009	10.74660	2.1618380710816321	0.1443736900000000	0.0505774600000000
1010	7.48502	2.2371388350826646	0.1793068150000000	0.0813305800000000
1014	4.79428	2.2657986608759151	0.1358577850000000	0.0639058950000000
1016	5.42450	2.2555777284145289	0.1126878800000000	0.0931428800000000
1018	4.35595	2.2638037466290166	0.1328418700000000	0.1145365100000000
1020	4.59215	2.2556311794679846	0.0953722300000000	0.0658095200000000
1024	4.11828	2.2672464744452925	0.1503989950000000	0.1041827700000000
1026	5.42788	2.2499994298488288	0.1482675800000000	0.0628719550000000
1032	5.37206	2.2518452652934755	0.1382897250000000	0.0808926750000000
1036	6.19163	2.2426326957915470	0.1485723200000000	0.0837533750000000
1038	20.58720	2.2103122268253244	0.1419461750000000	0.0993264250000000
96	4.49598	2.2182395098011094	0.1714184150000000	0.1192104700000000
100	4.44442	2.2553498802571870	0.1623579950000000	0.0736782900000000
102	11.84740	2.2256514966206078	0.1533231700000000	0.0791588600000000
103	11.84740	2.1799302401716303	0.1545698150000000	0.0713190300000000
1042	8.97676	2.2350690517299094	0.1476866150000000	0.0848709250000000
1044	7.71618	2.2375651533669005	0.1567823850000000	0.1159842350000000
1048	7.04994	2.2455424782670099	0.1455608600000000	0.1168733000000000
1050	4.79443	2.2479184975613329	0.1202426050000000	0.1077019500000000
1054	5.00964	2.2549516209327507	0.1742004550000000	0.1079311600000000
1056	13.19180	2.2424627760396487	0.1584084150000000	0.0431175700000000
1058	5.16946	2.2549550786913675	0.1351287350000000	0.0917238900000000
1060	4.42420	2.2655182857409035	0.1175280200000000	0.1057535000000000
1062	7.52754	2.2397052040475400	0.1352012550000000	0.0970529100000000
1064	4.13375	2.2726166075141601	0.1285019550000000	0.0920593150000000
1066	4.58473	2.3476265053193157	0.2837543500000000	0.0896897200000000
1068	4.03979	2.2741798442267176	0.1530036450000000	0.1021974950000000
1070	5.57741	2.2555362919365423	0.1839011950000000	0.1331812100000000
1074	5.15909	2.2525090347720509	0.1356905700000000	0.1154707650000000
1076	4.75638	2.2563206381013918	0.1327970350000000	0.0697794350000000
1078	9.13998	2.2306427535614284	0.1363783500000000	0.0735544800000000
1080	6.88055	2.2427513217819377	0.1608916900000000	0.0745713500000000
1084	4.39977	2.2645248485793643	0.1660425000000000	0.1210242700000000
1090	5.32049	2.2553354429824828	0.1560425150000000	0.1068025650000000
1092	4.06107	2.2620762124273410	0.1460899700000000	0.1136152000000000
1094	5.02848	2.2618710465026446	0.1242474650000000	0.0829888100000000
1096	4.94043	2.2614954967479179	0.1430339900000000	0.0858444750000000
1098	4.99017	2.2516299133651327	0.1228385300000000	0.0641046250000000
1100	6.64546	2.2383639573111451	0.1310107700000000	0.0867924800000000
1104	4.56992	2.2604368326862141	0.1399982600000000	0.0502174150000000
1106	5.56954	2.2443169425109475	0.1673400450000000	0.0924053650000000
1108	4.29600	2.3026234501391869	0.2393204250000000	0.1055964650000000
1114	6.80212	2.2445679833123813	0.1507388800000000	0.0743636150000000
1116	4.09318	2.2550897859007315	0.1429247250000000	0.0981785050000000
1118	4.94317	2.2598761582005977	0.1206027950000000	0.1217817500000000
104	4.17470	2.2688831080080814	0.1091899300000000	0.0861504650000000
106	4.24173	2.2624956969310142	0.1350961500000000	0.0929008850000000
108	6.74909	2.2496184276054207	0.1775247100000000	0.1187276950000000
110	4.95835	2.2601610072583846	0.1374072150000000	0.1077550800000000
1120	6.15791	2.2422295750842962	0.1500318450000000	0.0897994350000000
1122	4.50022	2.2535750397953884	0.1227138850000000	0.1024262050000000
1126	4.63993	2.2697195684513685	0.1677131950000000	0.1058173200000000
1128	4.73005	2.2675608047470472	0.1291290100000000	0.0770605450000000
1130	6.62189	2.2400240560941578	0.1329654100000000	0.0827804200000000
1132	4.82357	2.2629833035533014	0.1283829950000000	0.0975441100000000
1134	4.49785	2.2658323135182070	0.1251046600000000	0.0881726350000000
1136	4.52370	2.2617194683418353	0.1559305350000000	0.0646704400000000
1138	4.57963	2.2705312248125633	0.1669991900000000	0.1014882300000000
1140	4.33156	2.2665823542464922	0.1155589950000000	0.0500055950000000
1142	5.77021	2.2420562038366172	0.1458891250000000	0.1178541650000000
1147	8.21793	2.1643610354725453	0.1137695500000000	0.0988073750000000
1148	4.34715	2.2728439112158743	0.0944714850000000	0.1207959950000000
1150	4.29202	2.2666400647876563	0.1393656350000000	0.0776492000000000
1152	6.15727	2.2402032679481749	0.1522939300000000	0.0902591150000000
1154	4.28273	2.2318893430224946	0.2110585150000000	0.1555452650000000
1156	4.92139	2.2672690004776741	0.1460382400000000	0.0717873050000000
1158	4.44046	2.2602337350544524	0.1302092900000000	0.1085986500000000
1168	4.99998	2.2598205773220497	0.1395183000000000	0.0887763850000000
1170	4.44863	2.2599174150792201	0.1714185450000000	0.1165074600000000
1172	7.77621	2.2201213404711870	0.1126634900000000	0.0794264350000000
1176	8.82243	2.2299211715543086	0.1335468800000000	0.1078930300000000
1180	6.98595	2.2411048520974819	0.1322322950000000	0.1003445100000000
1182	4.13498	2.2287957034864343	0.2206982200000000	0.1279672900000000
1186	4.49995	2.2660906073634788	0.1552750550000000	0.1031953450000000
1190	9.36204	2.2317056050287305	0.1471920150000000	0.0849904900000000
1192	4.60472	2.2630861684879666	0.1642343100000000	0.0379942000000000
1194	5.00000	2.2550722589626466	0.1646804550000000	0.0888492450000000
1197	4.78462	2.2088330269880903	0.1595624000000000	0.0788108350000000
112	4.34973	2.2697878696091118	0.1305538850000000	0.1092740150000000
114	5.67070	2.2489951458644573	0.1540522950000000	0.0613257700000000
118	4.02935	2.2708703454677259	0.1195549250000000	0.0753183950000000
1200	7.75231	2.2330096803663317	0.1552357750000000	0.1155719200000000
1202	4.35313	2.2618957235970942	0.1434592300000000	0.0934201600000000
1204	6.77997	2.2438367569345097	0.1547159000000000	0.0913510600000000
1206	6.99988	2.2446142873923396	0.1382013050000000	0.0999261150000000
1212	4.82000	2.3237442436528681	0.1941815850000000	0.0884329300000000
1214	10.74680	2.2286668302826627	0.1247416350000000	0.0668746150000000
1216	4.93969	2.2474420230432841	0.1415516700000000	0.0927435050000000
1218	7.34905	2.2300901695445572	0.1622685100000000	0.1333765950000000
1220	12.93590	2.2209578027282579	0.1493682150000000	0.1145424900000000
1222	4.15682	2.2711994467729610	0.1647060550000000	0.1132438400000000
1224	4.57009	2.2636135409987550	0.1845817400000000	0.0804378300000000
1226	4.35377	2.2371481009558032	0.1336384550000000	0.0718521000000000
1228	4.42998	2.2552601089713469	0.0962720050000000	0.0820614350000000
1230	5.20353	2.2517124181651589	0.1619906250000000	0.0920198750000000
1232	4.57896	2.2641173748148118	0.1494054500000000	0.0944405550000000
1234	5.14180	2.2547088514893439	0.1345613700000000	0.1080381350000000
1236	4.22672	2.2617087644682417	0.1138559800000000	0.0957997450000000
1240	6.10483	2.2465588313767855	0.1446930950000000	0.0724368050000000
1242	5.75275	2.2484435401657845	0.1554847550000000	0.1407409050000000
1244	4.25318	2.2707542587955425	0.1355850250000000	0.0843825300000000
1246	4.67784	2.2644934875690672	0.1144649900000000	0.0572740300000000
1248	4.14212	2.2714470582017849	0.1111290450000000	0.0661019100000000
1250	7.39761	2.2359906046654330	0.1574849050000000	0.1050980700000000
1252	4.82270	2.2639540113815122	0.1389542100000000	0.0802918250000000
1254	4.41000	nan	nan	0.0000000000000000
1256	5.28996	2.2655810615210847	0.1697002900000000	0.0448800400000000
1258	6.13964	2.2425115109828888	0.1318096600000000	0.1099398800000000
1260	5.95341	2.2865233496727084	0.2046847900000000	0.1324775600000000
1264	4.59321	2.2651195858587490	0.1309210900000000	0.0636672750000000
1266	4.18517	2.3593824055137773	0.2321124300000000	0.1424170650000000
1268	7.77916	2.2395672774351114	0.1433103300000000	0.1109299750000000
1270	5.12282	2.2523374954849409	0.1207629350000000	0.1191005650000000
1274	7.78094	2.2265926731069743	0.1635161550000000	0.0566799350000000
1276	6.23931	2.2464594746161350	0.1322132750000000	0.0563302100000000
120	4.49998	2.2762474758468647	0.1835781250000000	0.1060705500000000
122	4.12503	2.2663511749158243	0.1485159400000000	0.1298894050000000
126	4.67039	2.2635591278140192	0.1200153350000000	0.0577406350000000
1280	4.86258	2.2556314732101881	0.1642476400000000	0.0792249700000000
1282	9.14179	2.2338705843948992	0.1400732650000000	0.0948634400000000
1284	8.93260	2.2372756840013137	0.1517221950000000	0.1185960800000000
1286	16.78930	2.2182795729056162	0.1416748950000000	0.0843423400000000
1288	4.10059	2.2650533998450313	0.1487760100000000	0.1161981400000000
1290	4.41996	2.2660098798443742	0.1805894800000000	0.1303327700000000
1294	41.53440	2.2044829768888112	0.1382824950000000	0.0908657700000000
1295	41.53440	2.2938784693987562	0.2228998200000000	0.1503650450000000
1296	4.83472	2.2563663805733634	0.1518516950000000	0.0977998100000000
1298	4.20010	2.2697268657937988	0.1410420500000000	0.1016888750000000
1300	5.56063	2.2601615702997382	0.1512426300000000	0.1029760950000000
1306	26.52460	2.2108026195536548	0.1454947800000000	0.0490750550000000
1308	5.28082	2.2562497132263419	0.1366767550000000	0.0723181950000000
1310	4.21926	2.2832036447705915	0.1403907250000000	0.0949484550000000
1312	4.92507	2.2586948029290088	0.1381118450000000	0.0814141600000000
1316	8.20009	2.2257449097907194	0.0995421800000000	0.0843640250000000
1320	4.50593	2.2603574216106361	0.1190517050000000	0.1108427400000000
1322	4.92764	2.2586023838384137	0.1310867600000000	0.1084228350000000
1324	4.19051	2.2696024156371624	0.1395120900000000	0.0976736200000000
1328	6.31772	2.2376161626502848	0.1276917850000000	0.0651381700000000
1330	4.42435	2.2686353022165164	0.1164108300000000	0.0921243500000000
1334	6.43223	2.2445016418558672	0.1260499200000000	0.0772793900000000
1336	5.40002	2.2550432916465195	0.1875863700000000	0.0930318200000000
1338	4.29983	2.2702783932906279	0.1152277550000000	0.0852742700000000
1340	4.74091	2.2237811314330576	0.0853939700000000	0.1333829900000000
1346	4.12469	2.2652668384434462	0.1138235100000000	0.0972979800000000
1348	4.19133	2.2691695168397543	0.1196376200000000	0.0931485550000000
1352	6.49995	2.2466237152908199	0.1266889500000000	0.0837911300000000
1354	4.93868	2.2617084156314244	0.1327410300000000	0.1240797850000000
1356	5.16798	2.2597599072273318	0.1530419600000000	0.0613402150000000
130	4.41998	2.4238204088464421	0.2849196350000000	0.1377053700000000
132	4.26004	2.2682022125258090	0.1319587750000000	0.1101667550000000
1360	4.34000	2.2688053194518765	0.1211855550000000	0.0674265300000000
1362	4.19857	2.2670992848469074	0.1134744750000000	0.0841858100000000
1366	4.28500	2.2742581225595626	0.1387721350000000	0.0548124050000000
1368	4.33103	2.2639407315049445	0.1761785650000000	0.0709350250000000
1370	5.01810	2.2662014329652287	0.1338272050000000	0.0833814350000000
1372	4.83900	2.2582290135062224	0.1061052500000000	0.0659045400000000
1374	11.70160	2.2271439507869064	0.1330512950000000	0.0774995050000000
1376	4.18779	2.2655559040282234	0.1118700200000000	0.0718715200000000
1380	4.47979	2.2647264101697417	0.1346243550000000	0.0880756450000000
1382	4.19429	2.2724232825723796	0.1534284550000000	0.0792197650000000
1384	4.74990	2.2561978797086990	0.1615336700000000	0.1358992550000000
1386	4.46202	2.2546258717091168	0.1434696800000000	0.0595895550000000
1388	7.51339	2.2307347735151755	0.1204716550000000	0.1015584850000000
1390	4.07593	2.2681935350451141	0.1714089900000000	0.1202699400000000
1392	4.50586	2.2589808091923813	0.1394759250000000	0.1310317950000000
1394	5.40028	2.2530009816097958	0.1370004600000000	0.1066445300000000
1396	4.21001	2.2736261956609218	0.1316501900000000	0.1022024050000000
1398	4.55972	2.2587260026519762	0.1768171650000000	0.1083048450000000
1400	6.45934	2.2467423519473431	0.1504983450000000	0.1070030300000000
1404	5.63143	2.2572017447606698	0.1424952600000000	0.0762059000000000
1406	5.45344	2.2459468586361750	0.1043262200000000	0.1001517300000000
1410	3.99999	2.2725930814320727	0.1373058250000000	0.1255447800000000
1412	5.06884	2.2513350218947998	0.1517470800000000	0.1139568950000000
1414	5.17088	2.2581421146080292	0.1237789200000000	0.0546375750000000
1416	4.16630	2.2681349914325897	0.1422361000000000	0.0834634100000000
1418	4.45962	2.2691585722678642	0.1404960050000000	0.0735367200000000
1420	4.96768	2.2596328688204337	0.1673501850000000	0.1050641300000000
1422	6.48742	2.2909984396022787	0.1560169950000000	0.1169103150000000
1424	4.55737	2.2525914251241979	0.1468409600000000	0.1237213700000000
1426	4.59597	2.2446589242213104	0.1594950900000000	0.0879636150000000
1430	4.82750	2.2502492547472603	0.1716790150000000	0.0914916600000000
1432	4.74588	2.2604847229967437	0.1714833500000000	0.0305134600000000
1436	4.05549	2.3644115021937657	0.2232637500000000	0.0960278700000000
1438	4.35346	2.2561727082340757	0.1220456900000000	0.1159842550000000
138	5.65792	2.2343493477861696	0.1177395650000000	0.0797340500000000
142	7.11878	2.2452307816838597	0.1428282450000000	0.1089182600000000
1440	14.84560	2.2222874035885463	0.1564544200000000	0.1036472900000000
1442	5.15863	2.2360456431900824	0.1468777750000000	0.1040000550000000
1444	4.52015	2.2588875779533497	0.1110697350000000	0.0821359650000000
1446	13.19560	2.2153772382859045	0.1240517750000000	0.0728744800000000
1447	13.19560	2.1786488380223425	0.1089151300000000	0.0998616550000000
1452	26.14010	2.2034747066874329	0.1441276400000000	0.0976417050000000
1453	26.14010	2.2021924570104972	0.1522498350000000	0.1146511500000000
1458	6.81732	2.2426174711252744	0.1453860750000000	0.0896095050000000
1464	4.88418	2.2932905890181603	0.2264653950000000	0.1140339550000000
1466	5.14388	2.2453061640123173	0.0902345850000000	0.1051721800000000
1468	5.40044	2.2554491830707302	0.1547715550000000	0.1202874950000000
1474	16.46020	2.2165591001105351	0.1421004450000000	0.0785395050000000
1476	4.04919	2.2663684060056744	0.1159828600000000	0.0854557650000000
1478	4.73253	2.2637477422531833	0.1442832700000000	0.0637054700000000
1480	4.41109	2.2600867716523898	0.1483256100000000	0.0578641250000000
1482	8.11443	2.2395265606536805	0.1756292650000000	0.0690829450000000
1484	4.90953	2.2607367081326877	0.1426802600000000	0.0960471500000000
1486	4.76000	2.2563733092579392	0.1550657250000000	0.0892116250000000
1488	4.99997	2.2576348135055002	0.1308974050000000	0.0661534400000000
1494	8.85629	2.2321302345830301	0.1291336050000000	0.0656394750000000
1496	4.43155	2.3359054339387835	0.2047435700000000	0.1348399700000000
1498	5.33950	2.2545576482364291	0.1278952000000000	0.0766991750000000
1500	10.05860	2.2225933898449126	0.1438251150000000	0.0944949250000000
1502	5.32626	2.2533953051762450	0.1463538050000000	0.1246119600000000
1504	5.00547	2.2581682794014779	0.1189671600000000	0.0864925400000000
1506	6.05950	2.2479929042387301	0.1181890500000000	0.0807604850000000
1508	4.98861	2.2630849071022303	0.1267020550000000	0.1213725550000000
1510	7.57217	2.2352409392660371	0.1594669400000000	0.1097542300000000
1512	6.33965	2.2355265243244995	0.1230389050000000	0.0803043850000000
1513	6.33965	2.1555047670216285	0.1098284500000000	0.0584612400000000
1514	4.41009	2.2630491176417178	0.1400902850000000	0.1298895400000000
1518	4.00000	2.2579461115212429	0.1597240250000000	0.0908097950000000
144	4.19992	2.2708660774375358	0.1461279100000000	0.0788994450000000
146	4.16991	2.2714378081250146	0.1160674750000000	0.0891844150000000
148	4.15883	2.4230439411194387	0.2519757800000000	0.1246477550000000
150	5.97077	2.2504469082882919	0.1534431550000000	0.0867452500000000
1530	6.61898	2.2447607409054560	0.1580885400000000	0.1022382700000000
1534	4.40991	2.2676867804923853	0.1306424300000000	0.0972553650000000
1536	6.77581	2.2446711509447943	0.1534157150000000	0.1081156500000000
1539	6.34045	2.1876385804386667	0.2324288150000000	0.0942563500000000
1540	5.93810	2.2469257557928324	0.1295179500000000	0.0694505650000000
1542	4.00992	2.2721748874274477	0.1426416750000000	0.0791958550000000
1544	6.17991	2.2498212655204366	0.1605757400000000	0.0936705100000000
1546	5.33599	2.2594196382884824	0.1739442150000000	0.0829465350000000
1548	4.86100	2.2661156529501256	0.1822031950000000	0.0825610650000000
1550	4.11980	2.2748138825989686	0.1177834350000000	0.0508359850000000
1552	4.80348	2.4464105779980887	0.2898414700000000	0.1057025150000000
1554	9.48333	2.2250980403860372	0.1657685150000000	0.1040883400000000
1556	5.13316	2.2563363522726867	0.1352219950000000	0.0852673450000000
1558	6.80042	2.2468576767600665	0.1327168250000000	0.0795222100000000
1562	5.98505	2.2299193849600978	0.0789235750000000	0.0586096250000000
1566	5.19021	2.2425824727527437	0.1422425400000000	0.0694488000000000
1568	4.75006	2.2572458702737115	0.0916641000000000	0.0741125200000000
1570	5.24969	2.2499758000897931	0.1140186950000000	0.0786930250000000
1572	5.57786	2.2371668613688351	0.1282948050000000	0.0857344100000000
1578	5.96102	2.2445487269317126	0.1475061150000000	0.0828874750000000
1580	6.63143	2.2422265531998233	0.1479065800000000	0.0881961200000000
1582	4.83719	2.2470176544574989	0.1356712250000000	0.0997457700000000
1584	8.53797	2.2441221269210572	0.1672339800000000	0.0905090750000000
1586	7.09003	2.2251970260859690	0.0977102600000000	0.0735862800000000
1588	5.52782	2.2550675757046097	0.1438593900000000	0.1167664350000000
1590	4.29175	2.2649343725275770	0.1574904950000000	0.0765466100000000
1592	4.96853	2.2465263305758305	0.1409766700000000	0.1073462700000000
1594	4.28156	2.2618305901174609	0.1349270750000000	0.1375861550000000
1596	11.63420	2.2302166952971265	0.1307725450000000	0.0825809750000000
152	4.46989	2.2646904227769120	0.1224521300000000	0.0833542450000000
154	4.73684	2.2606662780407460	0.1434123450000000	0.1082834150000000
156	5.91927	2.2529296094696281	0.1527248500000000	0.0786160150000000
158	4.24722	2.2721367565501542	0.1444123300000000	0.0769340450000000
10	6.61961	2.2466989844289942	0.1333727050000000	0.0877695050000000
1600	5.91412	2.2425638162435035	0.1617073400000000	0.1102128900000000
1602	4.45082	2.2630965815287025	0.1132833050000000	0.1087967750000000
1604	4.01197	2.2717498776247593	0.1652571900000000	0.0904225400000000
1606	7.80313	2.2358025346960626	0.1357084350000000	0.0779349450000000
1608	4.35612	2.2652687843998787	0.1349568900000000	0.0820010750000000
1610	6.87927	2.2420678840828629	0.1556429650000000	0.0924602950000000
1612	11.05520	2.2226870224837407	0.1512687150000000	0.0501385800000000
1614	4.00000	2.2775357016353301	0.1508218750000000	0.0812334700000000
1616	4.47015	2.2777133452207172	0.1736208450000000	0.0462959450000000
1618	5.73820	2.2457204400244248	0.1537698450000000	0.1194437150000000
1620	7.00016	2.2417104814970270	0.1202355150000000	0.0792737950000000
1624	4.48996	2.2721121369292758	0.1198696350000000	0.0747021900000000
1626	4.90009	2.2540912075587145	0.1318495200000000	0.0990908250000000
1630	4.68953	2.2607057816612182	0.1227625750000000	0.0814606350000000
1636	4.18877	2.2588660471245681	0.1809037750000000	0.1049759350000000
1640	4.79451	2.2626169753182204	0.1185586050000000	0.1041485700000000
1642	12.51970	2.2249783112498256	0.1628260400000000	0.0890910050000000
1644	7.68019	2.2342248037660655	0.1202493050000000	0.0757441550000000
1648	4.34003	2.2692189336535784	0.1396536850000000	0.0934965200000000
1650	4.01793	2.2647300159984427	0.1491047150000000	0.0310031800000000
1654	12.19800	2.2326959130557884	0.1680145300000000	0.0811555050000000
1658	4.83879	2.2359753800140032	0.1852017200000000	0.0824884350000000
1660	5.07562	2.2350098119278150	0.0946219050000000	0.1045454950000000
1662	8.78127	2.2345762800780054	0.1804511050000000	0.1479419600000000
1664	4.94033	2.2551311915472532	0.1638428650000000	0.1020458200000000
1670	7.31305	2.2425882124626377	0.1479151250000000	0.1151813150000000
1674	11.11390	2.2273941254571135	0.1162924300000000	0.0609812300000000
1675	11.11390	2.1799081586756315	0.1306843600000000	0.0631252500000000
1676	4.40009	2.2648699745431169	0.1896149400000000	0.1054841300000000
1678	4.18668	2.1906649259270998	0.1891448250000000	0.0347215500000000
162	5.93497	2.2492050302241036	0.1538438050000000	0.1005368800000000
164	5.68967	2.2523064295002162	0.1264619350000000	0.0854312500000000
166	5.78332	2.2433271022254146	0.1452435050000000	0.1125550450000000
1680	4.03869	2.2688257311176026	0.1415826500000000	0.1203313750000000
1682	4.61938	2.2690685061867124	0.1209299250000000	0.0743292600000000
1686	4.16990	2.2714474915926077	0.1323507650000000	0.0745323150000000
1688	6.46034	2.2475505411550611	0.1754334200000000	0.1006082500000000
1690	4.63023	2.2473963039786131	0.1589240700000000	0.0702980750000000
1692	4.23272	2.2696323895724708	0.1369096750000000	0.0854412850000000
1694	5.91378	2.2541840399714426	0.1833581600000000	0.0974399900000000
1696	6.10417	2.2530641107371223	0.1504315400000000	0.1097550100000000
1698	4.87797	2.2577820931516741	0.1147127850000000	0.0959615450000000
1700	7.91949	2.2394411580137850	0.1148842350000000	0.0773531250000000
1702	5.64337	2.2590987839989887	0.1484815200000000	0.0502526700000000
1704	4.22001	2.2680829811835088	0.1245532500000000	0.1416592550000000
1706	4.40746	2.2649660831139533	0.1550373900000000	0.1203956400000000
1708	5.48181	2.2502445281838401	0.1279268950000000	0.0903840550000000
1712	4.60117	2.2607754198200078	0.1518086950000000	0.0904733300000000
1716	9.08621	2.2340811729688133	0.1628951100000000	0.1125467300000000
1718	7.71937	2.2370086765624739	0.1391455750000000	0.1027385900000000
1720	6.48811	2.2532797502091451	0.1579737300000000	0.0907749000000000
1722	4.73518	2.2663192859772749	0.1196146350000000	0.0731277450000000
1724	5.38985	2.2840629674694521	0.1836703700000000	0.1365103450000000
1726	6.50072	2.2475307142500029	0.1562158900000000	0.1366588250000000
1728	4.27002	2.2562516850868328	0.1174228150000000	0.0994193650000000
1738	8.36069	2.2339233287083347	0.1424710600000000	0.0996546900000000
1740	13.08860	2.2240410381325630	0.1406991250000000	0.1013885550000000
1746	4.08501	2.2728603430702976	0.1488618300000000	0.0983894850000000
1748	6.24506	2.2382156950799743	0.1615646450000000	0.1106962000000000
1750	6.87963	2.2454693998630777	0.1386277000000000	0.0973143250000000
1752	6.34639	2.2426661328246134	0.1298087500000000	0.1037025950000000
1756	5.33757	2.2610055158123075	0.1170329350000000	0.1490163250000000
1758	8.89967	2.2339326641269417	0.1616198550000000	0.0691842100000000
170	4.28517	2.2626590893456906	0.0974307100000000	0.0858053000000000
174	8.08467	2.2346156867349425	0.1452154150000000	0.0649721600000000
1760	5.55909	2.2577043411162334	0.1386916600000000	0.1036076700000000
1762	5.89161	2.2526903080698326	0.1467374250000000	0.1032734550000000
1764	4.26026	2.2671208906834011	0.1259460250000000	0.0963607000000000
1766	6.50125	2.2487522381759444	0.1549376200000000	0.0862842550000000
1768	4.34000	2.2700423043097722	0.1388367000000000	0.1115472000000000
1770	4.19462	2.2765059553802449	0.1476507150000000	0.0727005950000000
1776	4.24900	2.2654132474652804	0.1221596450000000	0.0596460800000000
1778	5.36257	2.2517312573376294	0.1583648850000000	0.1068555750000000
1780	10.91730	2.2300969051655213	0.1429924600000000	0.0619488050000000
1782	7.36541	2.2334997824891039	0.1528550650000000	0.0752553550000000
1786	4.37997	2.2684289160711124	0.1267545100000000	0.1084724150000000
1788	4.46975	2.2558892462471816	0.1457360600000000	0.0898838800000000
1790	5.02970	2.4183094552117836	0.2682035650000000	0.0862061600000000
1796	4.43979	2.2560659191560903	0.1668674550000000	0.1371175700000000
1798	4.58448	2.1706297056561592	0.1393052400000000	0.0971745800000000
1800	4.07502	2.2726316556309767	0.1651920000000000	0.1031003750000000
1804	4.14194	2.2696887977461295	0.1304047150000000	0.0952641850000000
1806	5.71642	2.2551895276744469	0.1746625800000000	0.1328293500000000
1812	6.14934	2.2546123806477314	0.1536931650000000	0.1173849550000000
1814	4.17537	2.2752934094986030	0.1614265850000000	0.0814452400000000
1816	8.09001	2.2341651477407392	0.1692800600000000	0.0946484900000000
1817	8.09001	2.2310979024079809	0.1483673100000000	0.1509131100000000
1824	5.01750	2.2459657954787096	0.1000730350000000	0.0500958550000000
1826	4.27361	2.2696306509777573	0.1860513700000000	0.0979047800000000
1828	4.80502	2.2586467226333786	0.1464417550000000	0.0815448350000000
1830	4.04717	2.2552229767371790	0.1632423100000000	0.1276621550000000
1832	4.33506	2.2255879609888281	0.2011333150000000	0.0826173450000000
1834	6.04510	2.2408010668549889	0.1429824000000000	0.1179189650000000
1836	4.83045	2.2631283316648809	0.1530776150000000	0.1215521600000000
1838	4.24767	2.2470891443579561	0.1497261200000000	0.0954638200000000
176	6.35654	2.2485544568871116	0.1397764100000000	0.1139846600000000
180	6.95937	2.2381787586473099	0.1541616900000000	0.0735971000000000
182	4.04727	2.2674176714801453	0.1396661350000000	0.0956803650000000
1840	5.76000	2.2525737447011451	0.1313699650000000	0.0806000650000000
1846	4.13014	2.2723898827543607	0.1375919750000000	0.0986904850000000
1848	7.04093	2.2455046241382739	0.1440646700000000	0.1151389300000000
1850	5.00731	2.2589889456059202	0.1325789800000000	0.0610292250000000
1852	4.56028	2.2563338682974847	0.1317775450000000	0.1026831200000000
1854	4.18300	2.2606350573031881	0.1404130000000000	0.1187486350000000
1864	12.57260	2.2359627014495884	0.1736357400000000	0.1173262600000000
1868	5.77880	2.2544057429376232	0.1497757700000000	0.1080162600000000
1870	4.38822	2.2695691815238535	0.1540492600000000	0.0947476050000000
1872	4.18016	2.2669708018711754	0.1837048300000000	0.1182946950000000
1874	4.38937	2.2679925759836816	0.1494509300000000	0.1146589800000000
1876	4.80798	2.2929273877670746	0.2165660100000000	0.1113062850000000
1878	6.23233	2.2448599415834627	0.1207801100000000	0.0834145250000000
1882	6.14244	2.2409038488334114	0.1485169350000000	0.1232626000000000
1884	4.47101	2.2578199922497841	0.1548733400000000	0.1011695600000000
1886	4.59031	2.2621544010115904	0.1081319450000000	0.0807998650000000
1888	8.27008	2.2306962228581013	0.1354361300000000	0.0408926450000000
1892	6.53008	2.2463670783208243	0.1595255200000000	0.1189704350000000
1893	6.53008	2.1543832770615787	0.1001652800000000	0.0896467650000000
1896	4.45915	2.2677507952112022	0.1839220900000000	0.1074045850000000
1900	6.39020	2.2452361675905297	0.1331203450000000	0.0656943200000000
1906	6.61739	2.2451713813755787	0.1732230700000000	0.0689442000000000
1908	4.82403	2.2666413827125611	0.1290591800000000	0.0547548450000000
1910	16.46690	2.2103395214043533	0.1478743050000000	0.0402890750000000
1911	16.46690	2.1784549864073388	0.1119798300000000	0.0999272250000000
1916	5.98995	2.2457557994621764	0.1289066450000000	0.0652169200000000
1918	5.56728	2.2842157141690147	0.2176478000000000	0.0998782550000000
184	5.27085	2.2546616105580886	0.1716427150000000	0.0783586850000000
186	4.12611	2.2607443980169037	0.0922432750000000	0.0961883300000000
190	6.25027	2.2498457893987900	0.1308164650000000	0.0832515600000000
1920	4.47102	2.2620404583289342	0.1956474200000000	0.0997902950000000
1922	4.58188	2.2618722654576136	0.1584213500000000	0.0789050450000000
1926	6.96936	2.2327059893943320	0.1234080950000000	0.0828326500000000
1928	4.69985	2.2528419392307910	0.1277865800000000	0.1009005950000000
1930	4.57472	2.2507626169609427	0.1593832600000000	0.1158096600000000
1932	11.82330	2.2255694133882629	0.1415858900000000	0.1089535000000000
1934	4.62575	2.2560273036931933	0.1524575050000000	0.0797745750000000
1936	4.23855	2.2739977967850766	0.1209818650000000	0.0818090750000000
1939	16.47600	2.1943918241638594	0.1216270900000000	0.1254461550000000
1940	4.14098	2.2746197709511438	0.1222332000000000	0.0934202450000000
1942	5.97899	2.2460641030895343	0.1026333300000000	0.1037960300000000
1944	13.31540	2.2257885699484086	0.1482303250000000	0.0882272250000000
1946	7.10612	2.2458716551966336	0.1632770400000000	0.0668717500000000
1948	4.40992	2.2563382731759298	0.1531900650000000	0.0595651400000000
1950	4.13001	2.2677605200375122	0.1919156450000000	0.1257093350000000
1952	5.00849	2.2747102681838278	0.1312682750000000	0.1471283250000000
1954	4.41097	2.2525645804353291	0.1401188300000000	0.0475281250000000
1956	4.33100	2.2643542797069225	0.1077614850000000	0.0669862350000000
1958	4.28230	2.2699564986352909	0.1791991750000000	0.1295856200000000
1960	4.81984	2.2521872997781949	0.1606479450000000	0.0792199450000000
1962	4.58831	2.2631326611595703	0.1046384050000000	0.0823659750000000
1964	4.15438	2.2676462444597600	0.1276157050000000	0.0977308950000000
1967	5.13324	2.2691814348686004	0.2013805050000000	0.1268923850000000
1968	6.51561	2.2441481470013795	0.1228166150000000	0.0814223650000000
1972	4.42705	2.2605427610678817	0.1447758400000000	0.1087014650000000
1974	5.00888	2.2565609603204093	0.1571221300000000	0.0897676500000000
1976	4.14179	2.2697700293813017	0.1279519800000000	0.0798677250000000
1978	4.75150	2.2474492452640988	0.1862595850000000	0.1209192800000000
1980	4.27992	2.2704916015949426	0.1799193350000000	0.1037143200000000
1986	5.28977	2.2503396248435266	0.1294047200000000	0.0774395450000000
1990	4.86217	2.2558570331890984	0.1684203850000000	0.0998053550000000
1992	4.94400	2.2624946658344425	0.1703918400000000	0.0837666700000000
1994	6.98118	2.2501239826460817	0.1579868000000000	0.1534186900000000
1996	5.06186	2.2624493345804417	0.1566357150000000	0.1277692650000000
1998	4.77968	2.2564833998133356	0.1227905150000000	0.1111941000000000
192	5.18987	2.2451483527929295	0.0642320250000000	0.0432235650000000
194	4.73165	2.2631679582639257	0.1294781400000000	0.0860598600000000
196	5.01785	2.2548865226296315	0.1758420850000000	0.1005314600000000
198	6.59951	2.2532483284237319	0.1708147950000000	0.1072321300000000
199	6.59951	2.1652245734392532	0.1442614400000000	0.0534743200000000
2000	4.63641	2.2557834985384080	0.1916021350000000	0.0802341650000000
2002	4.21002	2.2625004181785924	0.1729852550000000	0.0951820950000000
2006	4.60571	2.2700376503017843	0.1373737550000000	0.0658348700000000
2012	5.96074	2.2466937407398904	0.1409766400000000	0.0706954200000000
2014	6.50528	2.2479246321900357	0.1345641900000000	0.1049751300000000
2016	4.90000	2.2644610611292122	0.1345417000000000	0.1075923150000000
2018	5.71973	2.2499453595507584	0.1494050350000000	0.1262734750000000
2022	5.30051	2.2578080880584555	0.1150802700000000	0.0827886250000000
2026	4.89723	2.2559683040911538	0.1562307500000000	0.1038447850000000
2028	4.12020	2.2668846886096778	0.1397057300000000	0.0789766150000000
2030	4.07470	2.2678981524936010	0.1773325400000000	0.0902416150000000
2032	7.86804	2.2394329131123674	0.1411628550000000	0.1280458800000000
2036	4.45063	2.2717283251994944	0.1326075600000000	0.0826002050000000
2038	4.71942	2.2483816543258306	0.1271290600000000	0.0955888800000000
2042	7.59734	2.2388850582218924	0.1336013000000000	0.1144763650000000
2044	5.45900	2.2467108902708994	0.1260280500000000	0.0828904150000000
2046	4.32232	2.2679671707302971	0.1250914050000000	0.0745624700000000
2048	4.69000	2.3769008672105163	0.2837047700000000	0.0889267250000000
2050	5.42755	2.2551521003648811	0.1371179200000000	0.0946553700000000
2054	4.49794	nan	nan	0.0000000000000000
2057	14.65630	2.2193623925686485	0.1932647550000000	0.0899723950000000
2058	8.22613	2.2258676887476554	0.1390912050000000	0.0799064800000000
2062	4.76312	2.2598682993660595	0.1330337750000000	0.0600150900000000
2066	5.20017	2.2563030190399149	0.1161452850000000	0.0729880400000000
2068	5.23793	2.2498402886211317	0.1254844500000000	0.0995322500000000
2070	4.54763	2.2643241287962237	0.2031273700000000	0.1355525700000000
2072	4.25762	2.2670889905200977	0.2143370650000000	0.0958834400000000
2074	7.33799	2.2436503649821344	0.1381748200000000	0.0575134800000000
2076	13.21610	2.2253863445592548	0.1402010500000000	0.0416490500000000
2077	13.21610	2.1889148328817902	0.1426382250000000	0.0784019850000000
2078	4.62607	2.2896842057123994	0.2273564650000000	0.1079050000000000
202	4.11536	2.2810060673296522	0.1318421150000000	0.0721954650000000
204	5.59931	2.2491056924579396	0.1951844300000000	0.0943286550000000
205	5.59931	2.2823539468783802	0.2244243700000000	0.0671851700000000
206	6.43016	2.2484756455727446	0.1790738700000000	0.1443484600000000
2080	6.52993	2.2312887521682412	0.1768845050000000	0.1013768950000000
2082	20.88530	2.2172832276107624	0.1579022400000000	0.1148530650000000
2084	5.29028	2.2573951372630372	0.1140541050000000	0.0791322050000000
2086	5.04000	2.2552013381002176	0.1548608500000000	0.0911358750000000
2088	5.10973	2.2545535180969121	0.1334161100000000	0.1052671450000000
2090	6.91809	2.2426651497377179	0.1710025900000000	0.1425085450000000
2100	4.79986	2.2555068694359606	0.1649349900000000	0.0702469950000000
2104	5.18390	2.2462287426975993	0.1461539600000000	0.0811456050000000
2106	19.63850	2.2154278415148982	0.1436910250000000	0.0958519800000000
2110	5.01005	2.2500567771502604	0.1234726600000000	0.0882831750000000
2112	4.40635	2.2596652681770246	0.1272055800000000	0.0893752500000000
2114	4.93994	2.2639916180153592	0.1570832750000000	0.0801223650000000
2116	4.53304	2.2484023941498119	0.1235338150000000	0.1345131500000000
2118	4.40994	2.2686874679382560	0.1334178000000000	0.0743417900000000
2124	4.39748	2.2714836982961830	0.1607699400000000	0.0900715050000000
2126	4.81993	2.2563085340399196	0.1251556300000000	0.0951148350000000
2128	4.05005	2.2559965769215489	0.1612495700000000	0.0327285700000000
2130	4.12003	2.2725776948119374	0.1002978650000000	0.0668565600000000
2132	4.59966	2.2673764744093479	0.1319267350000000	0.1039014300000000
2134	7.98999	2.2373909407548989	0.1364227250000000	0.1079581500000000
2136	11.35650	2.2298442279723365	0.1589980400000000	0.0872424350000000
2138	4.97123	2.2527258704258695	0.1443679050000000	0.1306849350000000
2146	4.33999	2.2660202619478573	0.1443984950000000	0.1221028600000000
2147	4.33999	2.3112914681398595	0.2239799200000000	0.1319440950000000
2150	8.91215	2.2287842578658172	0.1346331400000000	0.0762405550000000
2156	4.19661	2.2684956981384459	0.1740082850000000	0.1272862600000000
2158	7.90423	2.2388904721219971	0.1178839450000000	0.0860458300000000
208	8.47765	2.2394150088560498	0.1572151100000000	0.1197946950000000
210	4.19882	2.2711516482891838	0.1351250950000000	0.1071521300000000
212	6.96937	2.2417834877536822	0.1321421200000000	0.0932657150000000
2162	7.44116	2.2377915781475348	0.1437198100000000	0.0656031250000000
2164	4.87773	2.2585914382678896	0.1210239400000000	0.1379976300000000
2166	5.23061	2.2489312909107997	0.1569362600000000	0.0636527700000000
2170	5.14179	2.2546357133037382	0.1440621650000000	0.0787343350000000
2172	4.25928	2.2701362462403094	0.1351434750000000	0.0596063750000000
2174	4.72264	2.2654326418014787	0.1340029750000000	0.0708617950000000
2176	4.05502	2.2741184402195858	0.1738738200000000	0.1074689550000000
2178	4.05080	2.2496260557040557	0.1033987050000000	0.1310309100000000
2180	4.13502	2.2642092529982816	0.1121803350000000	0.1167008100000000
2182	4.92703	2.2655677012188762	0.1216455500000000	0.1009824700000000
2184	4.26802	2.2731780256853980	0.1439990700000000	0.0509519700000000
2186	9.13856	2.2232389073666314	0.1242348850000000	0.0439989050000000
2190	5.22439	2.2616589640458722	0.1803266150000000	0.0952099950000000
2194	4.07712	2.2684758842397827	0.1279284550000000	0.0886777300000000
2196	5.67482	2.2553595921892784	0.1804700900000000	0.0968131450000000
2198	5.32678	2.2543275589306697	0.1350041150000000	0.1176872200000000
2204	4.79078	2.2630407680865829	0.1619981350000000	0.0688545350000000
2206	6.88521	2.2447037397492569	0.1432609350000000	0.0836226750000000
2208	4.03176	2.2745684947340989	0.1540469500000000	0.0930710450000000
2210	5.30647	2.2591904667849971	0.1774705850000000	0.0747619300000000
2212	8.61331	2.2354631002887255	0.1651499250000000	0.1392632100000000
2214	8.53267	2.2360757752910958	0.1499137800000000	0.1050404650000000
2216	5.74185	2.2549429138756891	0.1801893350000000	0.1092763450000000
2222	5.65161	2.2466940328505087	0.1283319600000000	0.0920076200000000
2224	5.75049	2.2533400861646706	0.1219462350000000	0.1036688700000000
2226	4.58643	2.2711870204685338	0.1616545850000000	0.0882637700000000
2232	5.55595	2.2544038089456762	0.1414970800000000	0.1162495650000000
2238	5.19071	2.2639970008387880	0.1636367700000000	0.1184536950000000
220	4.04241	2.2562338132106410	0.1352454400000000	0.0727787650000000
222	4.78988	2.2495954442413431	0.1361162350000000	0.1074528000000000
2240	4.01854	2.2738101469565306	0.1054415000000000	0.0838113000000000
2242	7.67028	2.2387939709028020	0.1382850700000000	0.0599037050000000
2244	4.49999	2.2492107909730006	0.2116502300000000	0.0821072150000000
2246	4.20006	2.2629863066327416	0.1349453250000000	0.1349635350000000
2248	5.10066	2.2438010099071808	0.1153233350000000	0.0887828950000000
2250	4.79503	2.2985263562747025	0.2589877100000000	0.1231675850000000
2252	4.19468	2.2697763192375242	0.1301632350000000	0.1140195200000000
2254	5.38651	2.2560013251407542	0.1447417150000000	0.1337870000000000
2256	5.06968	2.2620532207058552	0.1387225150000000	0.0894238900000000
2264	6.71177	2.2158560595378041	0.1364347200000000	0.0895725150000000
2274	5.89059	2.2394900355154501	0.1218438700000000	0.0778365000000000
2276	7.77805	2.2380898812773280	0.1284902050000000	0.0973396750000000
2278	4.56889	2.2665808463779835	0.1382066350000000	0.0633261550000000
2280	4.30126	2.2576428872073149	0.1123068400000000	0.0843815850000000
2282	4.82332	2.2503943638333843	0.1318832700000000	0.0365314950000000
2286	5.19002	2.2520611176098844	0.1373391800000000	0.1003197050000000
2288	4.21002	2.2734661217433669	0.1803425100000000	0.0859990950000000
2292	4.41278	2.2642968495856666	0.1286483650000000	0.1108803300000000
2293	4.41278	2.5152988124782074	0.0620105600000000	0.1233157350000000
2296	4.83457	2.2644182050500854	0.1375221850000000	0.0922320350000000
2304	5.00864	2.2639505010731309	0.1299206700000000	0.1307035000000000
2306	4.33997	2.2675950363933093	0.1046730400000000	0.1090149450000000
2308	6.43072	2.2455252094094513	0.1043601800000000	0.0738940650000000
2312	5.47919	2.2527350054635882	0.1418775650000000	0.0987548950000000
2314	6.49465	2.2450056234273976	0.1231161700000000	0.0936684850000000
2316	4.08024	2.2711242788732182	0.1272926500000000	0.0908056650000000
2318	4.17074	2.2555032968109234	0.1831286000000000	0.1194076400000000
226	4.01982	2.2723417953383938	0.1658772200000000	0.0690758500000000
2320	4.31623	2.2582109133880119	0.1330271900000000	0.0819186100000000
2324	4.25323	2.2663779997226632	0.1573607200000000	0.0567484650000000
2326	4.01220	2.2701915127445291	0.1516954150000000	0.1517732950000000
2332	5.57607	2.2518731615499350	0.1328152650000000	0.0858392300000000
2334	8.07432	2.2378196539329136	0.1574297600000000	0.0980058000000000
2336	5.06049	2.2696610182360435	0.1925699700000000	0.1315889450000000
2338	10.11930	2.2147043802120088	0.1497151000000000	0.0896064100000000
2340	4.16587	2.2587097437941868	0.1327351550000000	0.0786130250000000
2342	4.70859	2.2603973022119135	0.1241166900000000	0.0789388450000000
2344	4.30697	2.2665159952564462	0.1732945400000000	0.1146656550000000
2346	4.89999	2.2573437760356851	0.1093596550000000	0.0841965750000000
2352	4.02994	2.2735099835041757	0.1235249900000000	0.0701582100000000
2354	4.01158	2.2785503656008816	0.1555949500000000	0.0769281100000000
2358	4.05500	2.2804837692800688	0.1494185200000000	0.1036538100000000
2362	4.92326	2.2590079164246060	0.1340070450000000	0.1169730950000000
2364	4.35580	2.2643011146736240	0.1295433800000000	0.1117465950000000
2368	3.99999	2.2660166032631861	0.1107797500000000	0.0889856750000000
2370	12.34250	2.2316168131340444	0.1622292850000000	0.1100945300000000
2372	4.90161	2.2593579376280046	0.1588852150000000	0.1049906900000000
2374	16.47150	2.2125928761339217	0.2020082800000000	0.1226474200000000
2375	16.47150	2.1825172840261136	0.1685659850000000	0.0914098600000000
2378	4.75031	2.2815162909521614	0.2844598300000000	0.1053092900000000
2380	4.45364	2.2446674308411914	0.1230772700000000	0.0853198150000000
2382	4.59106	2.2599433692017481	0.1278575350000000	0.1250388250000000
2384	7.24841	2.2419764855297206	0.1469951300000000	0.0835984050000000
2386	4.80803	2.2469850595313492	0.1531981100000000	0.0859395600000000
2388	5.51822	2.2494158964727924	0.1466560500000000	0.0753788850000000
2390	4.94079	2.2608593347798731	0.1555252100000000	0.0774819800000000
2392	4.41901	2.2720122339615054	0.1272441800000000	0.0535131050000000
2394	7.50984	2.2632199662342289	0.1604018600000000	0.1543132250000000
2395	7.50984	2.3182390670091677	0.2291851700000000	0.0707268000000000
2396	4.08572	2.2762719916985987	0.1549270350000000	0.1072377300000000
2398	4.74527	2.2618499797243237	0.1289168000000000	0.0904951750000000
232	12.26340	2.2126408709681415	0.0916083650000000	0.0820285150000000
234	5.78232	2.2546481545060275	0.1286032600000000	0.0930856000000000
236	4.33431	2.2703319580260408	0.1484680350000000	0.1075610000000000
238	5.61069	2.2482831531910796	0.1548267700000000	0.1117332350000000
16	5.98005	2.2597060928187278	0.1347485050000000	0.1201428150000000
20	5.62748	2.2421515760031774	0.1471702650000000	0.1346370150000000
22	4.99103	2.2595436513827889	0.1437418400000000	0.1113902950000000
2400	7.88262	2.2452825764767232	0.1611426550000000	0.1246833350000000
2402	4.08570	2.2703828006493052	0.1414303100000000	0.1151513400000000
2404	4.06501	2.2697453135099819	0.1421153500000000	0.1075382150000000
2406	4.45094	2.2724911836963826	0.2162175900000000	0.1142244050000000
2412	4.49850	2.2712949305859356	0.1721508300000000	0.0644408250000000
2414	4.04883	2.2741608130696824	0.1530811750000000	0.0908858050000000
2416	4.54257	2.2666695808924398	0.1423358500000000	0.1084761100000000
2421	7.12177	2.2010546250863108	0.1702056600000000	0.1215554700000000
2422	9.15709	2.2316830321487662	0.1433604650000000	0.0998165500000000
2426	4.85214	2.2609045744420571	0.1416393650000000	0.1156172550000000
2428	5.56826	2.2441051711213404	0.1445429550000000	0.1333652000000000
2430	4.10002	2.2768776278628775	0.1453745250000000	0.0707205350000000
2432	5.48099	2.2535544400716532	0.1438004100000000	0.1089217200000000
2438	4.25976	2.2666527980264877	0.1498479800000000	0.0675563500000000
2440	5.95377	2.2475946310526043	0.1436430300000000	0.1040764250000000
2442	7.23954	2.2432433089725494	0.1388332700000000	0.0960696150000000
2444	4.28977	2.2563301575639891	0.1432174450000000	0.0920731100000000
2446	5.77132	2.2490654144268492	0.1479020850000000	0.0993361450000000
2448	5.66994	2.2518765393417115	0.1543916700000000	0.0942324150000000
2450	10.92920	2.2328671444089951	0.1429626500000000	0.1250308400000000
2452	4.65062	2.2649802412707896	0.1699076799999999	0.1117654500000000
2454	6.76463	2.2473956773136226	0.1564681600000000	0.1318264300000000
2456	4.98975	2.2537669271440652	0.1428223000000000	0.0837589300000000
2458	4.14186	2.2788583769691733	0.1441272100000000	0.0788874750000000
2460	5.78045	2.2472701949840630	0.1165978750000000	0.0706180050000000
2462	5.94902	2.2513286093412019	0.1561284750000000	0.1085411650000000
2464	4.42413	2.2599455250777805	0.1537878850000000	0.0796493600000000
2470	5.46645	2.2541916388246337	0.1383687950000000	0.0955899500000000
2472	5.58451	2.2503593751960276	0.1335791250000000	0.0904926850000000
2478	5.55707	2.2543814163684690	0.1192287150000000	0.0845776500000000
240	5.50983	2.2471768290906433	0.1205278900000000	0.0661411100000000
242	5.45059	2.2419505909964754	0.1361271700000000	0.1162509450000000
244	4.24928	2.2582607691530430	0.1696648750000000	0.0901772050000000
246	4.35462	2.2466005564857623	0.1071809100000000	0.0690016300000000
2480	5.62859	2.2446419078791853	0.1513364050000000	0.1086907050000000
2482	4.28059	2.2452783323726178	0.1462274500000000	0.1175012100000000
2484	5.95322	2.2495868510805104	0.1343107950000000	0.1020996650000000
2486	6.79841	2.2361344039478466	0.1284096450000000	0.0929746750000000
2488	5.46554	2.2493340915922273	0.1394459750000000	0.0547270000000000
2490	4.49999	2.2662307132814696	0.1388311400000000	0.0560364450000000
2494	4.25000	2.2706590367627593	0.1438112600000000	0.1092864800000000
2498	4.34841	2.2572749638364540	0.1410985350000000	0.0671179700000000
2502	8.62901	2.2350470434293812	0.1417350200000000	0.1129713300000000
2504	10.74330	2.2276985930384452	0.1210945850000000	0.0827954950000000
2510	6.05950	2.2477330327071776	0.1462629450000000	0.1343256250000000
2512	5.28933	2.2504544029910458	0.1337854850000000	0.0582451350000000
2514	4.41001	2.2546848617281183	0.1884504700000000	0.0865318700000000
2516	4.26802	2.2736737947891532	0.1463769500000000	0.0908253550000000
2518	5.13055	2.2508874909386010	0.1303740950000000	0.0386970500000000
2522	6.40295	2.2491667876469972	0.1508671850000000	0.1168427200000000
2526	14.64260	2.2158558093851433	0.1294392500000000	0.1130525300000000
2532	4.14002	2.2497153016980427	0.1173087300000000	0.0950791450000000
2534	4.80702	2.2600714223312317	0.1754372550000000	0.1156027550000000
2536	4.76015	2.2501745632641037	0.1472395950000000	0.1264928150000000
2538	6.04764	2.2459263572340018	0.1093365300000000	0.0931061600000000
2542	5.83197	2.2401285532568154	0.1449246250000000	0.1593569850000000
2546	4.96316	2.2470145819214093	0.1125968650000000	0.0759947700000000
2550	5.43885	2.2557152112096728	0.2097310300000000	0.1330558400000000
2552	4.17057	2.2529714613079701	0.1682499200000000	0.1419907850000000
2554	5.93308	2.2504035333103283	0.1690167900000000	0.1255747800000000
2555	5.93308	2.1497066799908358	0.1030612650000000	0.0644905600000000
2556	4.15730	2.2735725149758101	0.1352956000000000	0.0957230450000000
248	4.31335	2.2649450756851350	0.1325158200000000	0.0899998100000000
250	6.62067	2.2362146293716925	0.1359914050000000	0.0949565400000000
252	4.55085	2.2636357978211752	0.1626965300000000	0.1094685050000000
2562	5.04993	2.2528272048255595	0.1242076450000000	0.0865196850000000
2564	4.49000	2.2288018820117976	0.1066654900000000	0.0977563700000000
2566	5.95871	2.2529364515524923	0.1388551000000000	0.0828812850000000
2570	4.20187	2.2673905008628448	0.1349459800000000	0.0810299750000000
2572	5.68831	2.2548993655714984	0.1533436700000000	0.0973688200000000
2574	4.99999	2.3402979260635601	0.2601301950000000	0.0930891550000000
2580	5.55984	2.2545271941762000	0.1369055500000000	0.0691462100000000
2584	5.25287	2.2555217434323267	0.1719925400000000	0.1067797350000000
2588	4.63899	2.2613039323652111	0.1483200450000000	0.1046821000000000
2590	4.11994	2.2705435973097741	0.1186903250000000	0.0549933850000000
2592	4.07504	2.2721630736472913	0.1368595400000000	0.0990733050000000
2594	5.96073	2.2445069487114147	0.1034303000000000	0.0666080750000000
2597	23.17250	2.1958714256990159	0.1662631700000000	0.0380804200000000
2598	7.49862	2.2435444558165014	0.1339981700000000	0.0847250250000000
2600	4.63991	2.2828191729894525	0.2125975200000000	0.1677041650000000
2602	4.29987	2.2767283011366075	0.1555543150000000	0.1196578450000000
2604	10.60660	2.2215924989300473	0.1542868100000000	0.0846700850000000
2606	4.23221	2.2525183133977906	0.1487397350000000	0.1194301500000000
2608	6.26069	2.2395181222525484	0.1240579200000000	0.0652540500000000
2614	4.81994	2.2537580678343492	0.1383455450000000	0.0940988900000000
2616	4.26804	2.2620019510511322	0.1477947650000000	0.0821300950000000
2622	4.51028	2.2619055246996069	0.1136128900000000	0.0592292050000000
2624	4.50770	2.2683562736122864	0.1554801400000000	0.0437075900000000
2626	4.33115	2.2709498564672823	0.1998178700000000	0.0949579100000000
2628	4.61964	2.2631313011747949	0.1416049500000000	0.0467113500000000
2630	4.97066	2.2590761610901300	0.1210541200000000	0.0730039650000000
2632	6.25048	2.2448421003825310	0.1311665100000000	0.0861036350000000
2634	4.39901	2.2564014445701512	0.1389128850000000	0.1198826650000000
2636	5.13421	2.2624772638225483	0.1683089350000000	0.0763948700000000
2638	7.14109	2.2375962585559992	0.1378609550000000	0.0709533900000000
260	4.96843	2.2465277769960506	0.1539014850000000	0.1318468600000000
2640	4.25273	2.2546681359042644	0.1465621100000000	0.0916343400000000
2644	4.54641	2.2845641705531974	0.2186604450000000	0.1461041700000000
2646	4.56044	2.2608802387871543	0.1148520950000000	0.0871282950000000
2648	4.30162	2.2595201499678792	0.1331660150000000	0.1337909400000000
2650	6.40168	2.2376952013198150	0.1620922600000000	0.1039235250000000
2652	7.80242	2.2226091060830284	0.1014251200000000	0.0838305650000000
2654	7.23947	2.2463841315097159	0.1651069850000000	0.0842033800000000
2656	7.37276	2.2336652969610591	0.1267911100000000	0.0907720050000000
2658	4.10350	2.2748524349981936	0.1572872600000000	0.1337559900000000
2662	5.21238	2.2544876807495187	0.1321165450000000	0.0512420050000000
2666	4.94037	2.2638882337087467	0.1262666900000000	0.1003254450000000
2668	5.32015	2.2631852681357225	0.1261861650000000	0.1103430600000000
2670	7.96881	2.2372410147340624	0.1440599600000000	0.0952054700000000
2672	5.42989	2.2399398141413434	0.1636061100000000	0.1218382950000000
2674	6.18038	2.2490616839552766	0.1408953450000000	0.1025717350000000
2678	4.67021	2.2603747693111931	0.1881998200000000	0.0979704300000000
2682	11.59270	2.2261689251576491	0.1559889550000000	0.1081097100000000
2684	4.85792	2.2634697308009599	0.1784180550000000	0.0800857200000000
2687	8.91157	2.1778184329777632	0.1487534700000000	0.0614816900000000
2688	11.84740	2.2345028052974985	0.1460351750000000	0.1153981700000000
2690	4.02890	2.2644172057739547	0.1792018950000000	0.1207786300000000
2692	4.24923	2.2747446403391693	0.1387115850000000	0.0538456400000000
2698	4.00000	2.2545833330111495	0.1205967850000000	0.1214619450000000
2700	4.00689	2.2803493351662709	0.1422509300000000	0.0895993650000000
2702	4.83927	2.2484423070980650	0.1433458400000000	0.1251823600000000
2706	5.48782	2.2368591070505595	0.0895291750000000	0.0670706700000000
2708	4.72899	2.2634918481170918	0.1545454950000000	0.1315098650000000
2710	5.00004	2.2457576410801967	0.1232564600000000	0.1028880100000000
2714	9.24012	2.2306353329591633	0.1317333400000000	0.0850669900000000
264	5.25325	2.2603353625412872	0.1667076800000000	0.1050259550000000
266	4.65214	2.2616119632358624	0.0935136950000000	0.0921741600000000
270	6.35340	2.2394020015447715	0.1390376700000000	0.0995326150000000
2720	6.09093	2.2476944002738062	0.1669213250000000	0.0775517900000000
2722	4.12514	2.2881712266176351	0.2043692600000000	0.0913801400000000
2724	9.23853	2.2282633688721907	0.0882504750000000	0.0705813450000000
2726	4.60106	2.2887025160537693	0.1930947100000000	0.1259965100000000
2730	4.92034	2.2546760854823162	0.1501695100000000	0.0754378550000000
2734	8.35854	2.2340539928939744	0.1362359750000000	0.1004267900000000
2736	4.05690	2.3525539575722680	0.2178045100000000	0.0937416550000000
2738	4.49996	2.2704809515550455	0.1388582000000000	0.0693013700000000
2740	6.40598	2.2486186301171052	0.1424125250000000	0.0722095150000000
2742	4.18392	2.2726117932451406	0.1825276250000000	0.0870339500000000
2744	4.14386	2.2639213265877380	0.1199343700000000	0.0866528000000000
2746	4.16699	2.2657075709279799	0.1608151800000000	0.1111609100000000
2749	8.05054	2.1620165609165780	0.1079991600000000	0.0677510700000000
2750	4.46992	2.2697577197096606	0.1374726300000000	0.0935850050000000
2756	4.18461	2.2657897504385653	0.1165327600000000	0.1042543600000000
2758	7.11963	2.2425193458691655	0.1574579200000000	0.0901867850000000
2760	5.01788	2.2584561849227440	0.1268521500000000	0.0983018100000000
2762	4.62710	2.2627482271533750	0.1289215450000000	0.1144970950000000
2768	4.40001	2.2563974427460960	0.1452856900000000	0.0830555350000000
2774	4.96965	2.2557130915805583	0.1536113250000000	0.1067517300000000
2780	6.99973	2.2360404511009899	0.1523507550000000	0.1056814900000000
2784	4.28057	2.2595041859689808	0.1065647750000000	0.1246277750000000
2786	4.73897	2.2544954693285186	0.1297752400000000	0.0823695050000000
2788	5.18812	2.2598828080643738	0.1602445200000000	0.1120122200000000
2790	4.99142	2.2506219098275735	0.1130690350000000	0.1198890400000000
2792	4.82661	2.2843624213291673	0.1322743000000000	0.1377900050000000
2794	4.66571	2.2666189596689672	0.1336541500000000	0.0769393900000000
2798	5.64999	2.2549177080380480	0.1331781800000000	0.0925436150000000
272	4.72232	2.2653908637682307	0.1621562300000000	0.0659411950000000
274	4.71760	2.2485025697706496	0.1271546800000000	0.0789901250000000
276	4.17418	2.2533431550652536	0.0816199400000000	0.0538909600000000
278	4.44217	2.2563208162222961	0.1276742100000000	0.0700020600000000
2800	6.88302	2.2443512156401009	0.1313598350000000	0.1018962250000000
2802	4.66222	2.2620432696609329	0.1460798800000000	0.0739331850000000
2804	4.88168	2.2552541939694071	0.1657035300000000	0.0835490100000000
2808	5.87316	2.2554525233835556	0.1467573500000000	0.0954586550000000
2810	4.39874	2.2730695273966184	0.1468996550000000	0.0623792050000000
2812	5.23815	2.2973098041761348	0.2265894750000000	0.0795071050000000
2814	5.57099	2.2546247525124747	0.1059699900000000	0.1013944200000000
2816	4.08318	2.2697170508091764	0.1321990750000000	0.0667833450000000
2818	7.18112	2.2269059908102942	0.1303451100000000	0.0775134150000000
2820	6.06766	2.2493416797250529	0.1397807750000000	0.1146276950000000
2822	4.01000	2.2650736062746191	0.1565706800000000	0.1002123850000000
2824	4.61980	2.2709025290032097	0.1452887500000000	0.1182648650000000
2826	6.46623	2.2445985705712417	0.1165093050000000	0.0730475150000000
2828	5.17079	2.2480816946261202	0.1559593350000000	0.0900202100000000
2832	4.47691	2.2668917566278788	0.1972388250000000	0.0693405700000000
2836	4.67993	2.2165612218490316	0.1103535350000000	0.0926752450000000
2838	6.50823	2.2478663075187644	0.1522233950000000	0.1037797350000000
2842	4.57021	2.2720775503368991	0.1602976200000000	0.1100259450000000
2844	4.76573	2.2644651701413068	0.1186539600000000	0.1177620100000000
2846	7.11878	2.2410457507319075	0.1627283850000000	0.0656875400000000
2848	7.04899	2.2450271475279191	0.1385374300000000	0.0858784200000000
2849	7.04899	2.2552724947766172	0.1802604100000000	0.0550477350000000
2850	4.29009	2.2710218595731102	0.1581023850000000	0.0775592250000000
2856	4.26809	2.2632228359433180	0.1105013550000000	0.0620094750000000
2858	4.35001	2.2614049957947353	0.1251791200000000	0.0692453500000000
2862	6.50001	2.2500547970211535	0.1399326400000000	0.0755648700000000
2864	5.26656	2.2544265941466159	0.1065533500000000	0.0700227300000000
2866	9.63891	2.2134982842157060	0.1354122600000000	0.0945125250000000
2870	4.50002	2.2735898062390167	0.1566843850000000	0.0840780500000000
2872	9.30238	2.2311185457939224	0.1304135400000000	0.1019369850000000
2874	4.70978	2.2340933614609657	0.1863347250000000	0.1166129200000000
2876	4.47483	2.2534067396398103	0.1459818450000000	0.1039406000000000
280	4.40855	2.2403498000580133	0.1315898350000000	0.0867692100000000
282	8.46518	2.2358715301021244	0.1370976500000000	0.0993796900000000
286	6.38959	2.2524586111858182	0.1294075650000000	0.0907488850000000
2880	4.50001	2.2733398974235577	0.1479044200000000	0.0716757050000000
2882	5.59937	2.2451910242023434	0.1380572550000000	0.0975643300000000
2884	4.43812	2.2482187430894864	0.1310139150000000	0.0791197100000000
2888	6.52649	2.2491046318718850	0.1414256900000000	0.0887485400000000
2890	4.04346	2.2709580468852519	0.1068510150000000	0.0924227050000000
2892	5.17000	2.2469597541055824	0.1336748000000000	0.1201410000000000
2894	4.59563	2.2668786683574722	0.1271162800000000	0.1096441500000000
2896	6.65399	2.2430909208430734	0.1233405400000000	0.0774571100000000
2900	4.42397	2.2711415904015015	0.1944991150000000	0.0930150500000000
2902	4.68997	2.2620770317404824	0.1242683850000000	0.1010097050000000
2912	9.19568	2.2396517510017020	0.1522116300000000	0.0953944450000000
2916	4.69994	2.2546869207653955	0.1433088100000000	0.0788354800000000
2920	5.91350	2.2508412639213984	0.1380428500000000	0.0820162350000000
2922	4.44081	2.2708063875714424	0.1451510700000000	0.1251906650000000
2924	4.26997	2.2666256327011451	0.1666452850000000	0.0686371600000000
2926	4.72330	2.2547670139805458	0.1301601750000000	0.0848391750000000
2928	5.95016	2.2457856957541615	0.1705374450000000	0.0787610350000000
2932	4.04891	2.2775273583366968	0.1443493600000000	0.1044742600000000
2934	4.17539	2.2609640768860140	0.1400148450000000	0.0885051700000000
2936	5.33228	2.2518816550248553	0.1528227800000000	0.1076297950000000
2940	4.15092	2.2584737298281885	0.2167553400000000	0.1075477650000000
2942	4.72946	2.2681438610365010	0.1258347000000000	0.0831147050000000
2944	5.12695	2.2458337842450535	0.0931566400000000	0.0684004850000000
2946	8.35572	2.2358830485641970	0.1437041950000000	0.0880931800000000
2950	6.40363	2.2439001151362872	0.1546933850000000	0.0948343650000000
2952	7.48225	2.2398321439848794	0.1438011300000000	0.0995355700000000
2954	9.01194	2.2299708317110043	0.1533163300000000	0.1034895100000000
2956	4.92169	2.2596698027746047	0.1558000700000000	0.1815352200000000
2958	4.00000	2.2543603162528925	0.1330025550000000	0.0656804350000000
290	4.56983	2.2461455615039103	0.1084348250000000	0.0969323350000000
292	4.74063	2.2569212481863441	0.1081471100000000	0.0665899200000000
2962	7.04486	2.2426964907706481	0.1681004000000000	0.1190255750000000
2968	4.49799	2.2766197099168890	0.1454352550000000	0.0933332100000000
2970	10.13270	2.2338046985659301	0.1670520050000000	0.0815756800000000
2973	7.88851	2.3498299750027285	0.2552604950000000	0.1118577550000000
2974	9.21944	2.2324317647488443	0.1390238100000000	0.0693459300000000
2976	4.41979	2.2726206636086341	0.1570887300000000	0.1173245100000000
2978	5.88975	2.2401541649138483	0.1087171000000000	0.0811445000000000
2980	4.14296	2.2650468735948759	0.1371666950000000	0.1078171650000000
2982	12.90590	2.2128930816161825	0.1415479350000000	0.1093149150000000
2984	4.93568	2.2546244471723207	0.1252180200000000	0.0751097200000000
2986	4.49291	2.2670954995396064	0.1022033200000000	0.1217575550000000
2988	5.13341	2.2612822615568828	0.2045117650000000	0.1155743700000000
2990	4.25226	2.1998507661880442	0.1777549650000000	0.0499827750000000
2994	14.96590	2.2211534166736961	0.1548112850000000	0.1164998200000000
3000	8.19245	2.2340634968764577	0.1678816200000000	0.0854690050000000
3002	9.68277	2.2292417854170288	0.1358559550000000	0.0896449300000000
3003	9.68277	2.1823669055828541	0.1826271950000000	0.0435985200000000
3006	9.66154	2.2267657364721902	0.1293522550000000	0.0926970150000000
3012	4.27623	2.2783007269183897	0.1226977850000000	0.1117942000000000
3016	5.21969	2.3571489497850266	0.2274017750000000	0.0914101150000000
3018	5.26619	2.2574750608714105	0.1450296950000000	0.0949460000000000
3020	5.59896	2.2555660352330484	0.1198470900000000	0.1061416000000000
3021	5.59896	2.1467852884089713	0.1315895100000000	0.0524935350000000
3024	8.44299	2.2343489400938013	0.1521700000000000	0.1170501050000000
3026	10.30760	2.2313288808834137	0.1510154700000000	0.0865725350000000
3028	5.95873	2.2475941926222798	0.1381937650000000	0.0829400300000000
3030	8.95530	2.2326701400970022	0.1469007150000000	0.0681301000000000
3032	4.59982	2.2540233458624286	0.1292062450000000	0.0858215750000000
3034	4.74703	2.2605486397164913	0.1450528900000000	0.0690021250000000
3038	10.91730	2.2276936445612114	0.1229974150000000	0.0818450000000000
298	5.72922	2.2491656444322241	0.1314282750000000	0.0716956700000000
300	4.48033	2.2687902354670371	0.1653417900000000	0.0956328700000000
302	9.30426	2.2327418578556091	0.1324448300000000	0.0834030650000000
3040	4.47175	2.2679576461158848	0.1537640250000000	0.0984522150000000
3042	5.28955	2.2525015403488862	0.1396310250000000	0.0757454450000000
3046	4.45076	2.2740832371284854	0.1333681300000000	0.0644302850000000
3048	4.95637	2.2590703273663273	0.1197351800000000	0.0837584950000000
3050	6.73115	2.2461612459485845	0.1281883750000000	0.0799696200000000
3052	4.24874	2.2697194677044354	0.1308520600000000	0.1225617650000000
3058	5.59479	2.2489256208824200	0.1500976900000000	0.0955548850000000
3062	4.57984	2.2750760559775660	0.1430277100000000	0.0771124750000000
3064	4.72266	2.2666025858792187	0.1506895400000000	0.1067165300000000
3067	6.16990	2.2204529512535656	0.1729881150000000	0.1318694400000000
3068	4.07954	2.2629759002749807	0.1029563650000000	0.0753350850000000
3070	5.25119	2.2482707576834096	0.1491491400000000	0.0846899200000000
3072	6.56144	2.2476053234612063	0.1532923800000000	0.0478585600000000
3078	4.22833	2.2780671015336948	0.1768636950000000	0.0837296250000000
3080	5.71492	2.2529279071752524	0.1562314000000000	0.1002191050000000
3084	4.92164	2.2639358228498669	0.1183510750000000	0.0854688500000000
3088	6.05933	2.2495960951584215	0.1528759650000000	0.0641416250000000
3090	11.04760	2.1965613227041332	0.1113348650000000	0.1217406550000000
3092	9.08518	2.2297309929886469	0.1152817350000000	0.0799211400000000
3096	7.97027	2.2426373810980049	0.1857210750000000	0.0893555700000000
3097	7.97027	2.2708458960904876	0.2217385800000000	0.0809783650000000
3098	4.38017	2.2657571408669668	0.1445606750000000	0.0694275650000000
3100	6.43345	2.2495326497202894	0.1476494650000000	0.1193522500000000
3104	4.34008	2.2640113655483125	0.1319865450000000	0.0734141350000000
3110	13.23870	2.2225932772597670	0.1419069350000000	0.0891698150000000
3112	4.78521	2.2461502245795675	0.1220332900000000	0.0630430000000000
3114	4.29999	2.2681026747036581	0.1325022100000000	0.0863284800000000
3116	4.66860	2.2649977623689477	0.1458893750000000	0.0759559950000000
3118	6.78583	2.2499472471695032	0.1426536750000000	0.0597757450000000
304	4.35666	2.2670714619990822	0.1246405950000000	0.0972069000000000
310	11.78130	2.2263502467466205	0.1467257750000000	0.0975783050000000
3120	5.42970	2.2440460392554722	0.1269629100000000	0.0889286100000000
3124	4.41995	2.2584512238426413	0.1280269200000000	0.1012956750000000
3128	4.06100	2.2813487647427211	0.1574526050000000	0.1022051700000000
3130	5.00992	2.2587630230440290	0.1401765150000000	0.0703287750000000
3132	13.21360	2.2183198062634721	0.1461267700000000	0.0862439200000000
3138	4.94001	2.2603673205789745	0.1453241650000000	0.0773302000000000
3144	4.11924	2.2681348737653173	0.1846087300000000	0.1039286050000000
3146	7.78009	2.2358173697517847	0.1214527900000000	0.0641899950000000
3148	4.41958	2.2738581329096497	0.1530107400000000	0.0578894500000000
3152	4.75031	2.2521306904614651	0.1306876700000000	0.0865142400000000
3153	4.75031	2.2225235324379038	0.1624867850000000	0.1533035550000000
3154	6.13193	2.2431226500461174	0.1467231200000000	0.1076588400000000
3158	5.74657	2.2629593013370073	0.2018374300000000	0.1597735050000000
3160	4.38829	2.2664197187596966	0.1383020600000000	0.0849975500000000
3162	4.47027	2.2644381942929437	0.1846259350000000	0.0436696150000000
3164	5.20138	2.2533147340426560	0.1265006050000000	0.0848790950000000
3166	4.20967	2.2719980934466131	0.1380039000000000	0.1112615200000000
3168	4.81774	2.2606316989104407	0.1287837250000000	0.0850303550000000
3170	4.60942	2.2679880979091389	0.1355084750000000	0.1133539350000000
3172	4.35084	2.2673828007264158	0.1330616650000000	0.0933705650000000
3174	5.11026	2.2599186145220029	0.1777338150000000	0.1213719100000000
3176	4.34000	2.2655289333372490	0.1546559450000000	0.0989655300000000
3180	4.29221	2.2674655545980529	0.1429136950000000	0.0695810250000000
3182	5.62373	2.2570855472032765	0.1326609850000000	0.0309713350000000
3184	6.99027	2.2417099323454805	0.1391854250000000	0.1144613950000000
3186	5.89004	2.2552872728959623	0.1644555000000000	0.0482316200000000
3190	4.31221	2.2707022691563936	0.1475967350000000	0.1257441750000000
3192	5.32008	2.2562003551829863	0.1140945100000000	0.0840922450000000
3194	4.17145	2.2685904732789437	0.1741337200000000	0.1299126300000000
312	6.42442	2.2477879942095313	0.1371479600000000	0.1010491800000000
315	5.20148	2.1662072034817039	0.2237353900000000	0.3936494950000000
316	8.45468	2.2358331014684913	0.1278758650000000	0.0740896050000000
318	4.10089	2.3765381050788283	0.2566805200000000	0.1468177250000000
24	6.39008	2.2435764128594089	0.1463666050000000	0.1142816600000000
26	6.09737	2.2489634329547523	0.1210251250000000	0.0896781150000000
28	5.95941	2.2433786752294238	0.1464387300000000	0.0993125350000000
30	4.08821	2.2709117791960800	0.1181280350000000	0.1067840950000000
320	11.69890	2.2292706654789409	0.1505913300000000	0.0723160750000000
322	4.72290	2.2624506573797052	0.1379696450000000	0.0832454600000000
324	5.87348	2.2376426286250086	0.1567019950000000	0.0972990250000000
326	6.53933	2.2476048718241075	0.1602434400000000	0.0853782800000000
328	6.99964	2.2448088620840245	0.1619031700000000	0.1121822600000000
330	4.00913	2.2735673831193259	0.1380565700000000	0.1201956500000000
332	5.18578	2.2592751178291519	0.1387940000000000	0.0500938750000000
334	4.27849	2.2692608092658348	0.1374135450000000	0.0841770000000000
336	4.86590	2.2586699595906854	0.1682123600000000	0.1151921000000000
338	4.59223	2.2741509990803173	0.1509154100000000	0.0981966650000000
340	7.84714	2.2342929394667652	0.1555385500000000	0.0979011850000000
342	5.06002	2.2561605368550999	0.1261398950000000	0.0841987450000000
344	5.97000	2.2263901985998924	0.1109488400000000	0.1133625650000000
354	12.23160	2.2348441888621338	0.1652823250000000	0.0862851350000000
356	5.38920	2.2587775157712042	0.1363410750000000	0.1165291600000000
358	6.98731	2.3049377642531939	0.1964289550000000	0.1321623000000000
362	4.48027	2.2671143556735824	0.1316143100000000	0.1027329200000000
364	5.02670	2.2534002592981182	0.1178667200000000	0.0661136650000000
366	4.28634	2.2590635941541821	0.1531259950000000	0.1037532000000000
368	4.57993	2.3964013681528780	0.2401216000000000	0.1041788000000000
372	4.99183	2.2655882881304636	0.1807620600000000	0.0625869800000000
374	7.54955	2.2432618633408232	0.1576761300000000	0.0873890200000000
376	4.88651	2.2661806974664529	0.1010616800000000	0.0833906600000000
378	8.36841	2.2357309704299655	0.1717186900000000	0.0930236900000000
380	5.25044	2.2580328537756529	0.1298988700000000	0.0514731750000000
382	5.55295	2.4083396921193732	0.2615156600000000	0.1507486300000000
386	8.63574	2.2374830913876589	0.1426322150000000	0.0803855150000000
388	5.01801	2.2547260043487949	0.1384730100000000	0.0871371250000000
390	4.07706	2.2748095560135080	0.1510405500000000	0.0825956300000000
392	4.76010	2.2578217323357368	0.1264276100000000	0.1184060000000000
394	4.96945	2.2630456544010444	0.1074529400000000	0.0831000050000000
396	5.97077	2.2508136948215820	0.1475404050000000	0.1256517100000000
32	5.00000	2.2553954686321855	0.1649333850000000	0.1048931550000000
34	4.59597	2.2613890471568765	0.1797681300000000	0.0873679600000000
36	11.42750	2.2191542940829483	0.1390554900000000	0.1275967250000000
37	11.42750	2.1826229290046042	0.1528874500000000	0.0989670000000000
38	7.71594	2.2415746320124801	0.1378770650000000	0.0486878950000000
400	13.25910	2.2236958198038175	0.1475906300000000	0.0999745750000000
402	4.80712	2.2046376715712701	0.1847258300000000	0.1138354400000000
404	5.17820	2.2564298959474880	0.1629471150000000	0.0601934550000000
406	4.72298	2.2292027685354947	0.1956392950000000	0.1393667150000000
408	4.83876	2.2581588040876142	0.1301395850000000	0.0897162900000000
416	19.16470	2.2154251897258930	0.1614817700000000	0.1079638100000000
418	4.62812	2.2516378026439150	0.1610115950000000	0.1445011250000000
420	10.91070	2.2279166608594485	0.1576318450000000	0.0890201250000000
422	4.49919	2.2657890466619230	0.1890683100000000	0.1106030750000000
424	4.41018	2.2710548340499508	0.1730846750000000	0.1234582300000000
426	4.14775	2.3279187989464849	0.1968087500000000	0.1351012800000000
428	4.01005	2.2791169033174317	0.1282991350000000	0.0623582200000000
432	12.00770	2.2261503619504439	0.1411736750000000	0.1167093550000000
433	12.00770	2.2626358540512923	0.2507472050000000	0.1290519850000000
440	4.69001	2.2434835080565860	0.1243783000000000	0.1029736950000000
442	5.97021	2.2472017710275463	0.1533249300000000	0.1379535850000000
444	4.01200	2.2642481753023374	0.1563844700000000	0.1020941750000000
446	3.99999	2.2691539960859339	0.1097540900000000	0.0746300550000000
448	4.38024	2.2602584874497493	0.1680843650000000	0.1005219650000000
450	10.69890	2.2223686106971798	0.1148805500000000	0.0854300300000000
451	10.69890	2.1743407643853092	0.1157826850000000	0.1142151600000000
452	5.10067	2.2557372635933794	0.1509059400000000	0.0906432700000000
454	5.28648	2.2611880468293450	0.1550258900000000	0.0396039800000000
456	7.52274	2.2440071569866928	0.1372633750000000	0.0940016700000000
458	5.24962	2.2399843233935770	0.1568643350000000	0.0546382300000000
460	4.80720	2.2614976805870630	0.1425967300000000	0.0925414400000000
462	5.32730	2.3211595265970590	0.2110442500000000	0.1477685900000000
464	4.45389	2.2267715615906920	0.1784911950000000	0.0924964650000000
466	5.10844	2.2618520471660037	0.1671567650000000	0.1068437700000000
468	4.35962	2.3050164692324451	0.1846008550000000	0.1252302750000000
470	4.69002	2.2613717350130020	0.1243634350000000	0.0751721950000000
472	5.52889	2.2526351666018321	0.1201960100000000	0.0866812900000000
473	5.52889	2.4290861407469446	0.2811415350000000	0.0825367150000000
474	5.01269	2.2586758923656043	0.1763394600000000	0.1094547450000000
476	4.28973	2.2546205772672314	0.1200614600000000	0.0836265950000000
40	4.72137	2.2646160868283669	0.1463609600000000	0.1212510250000000
42	5.30174	2.2485870403849919	0.1655390750000000	0.0824570650000000
46	4.86181	2.2612947024728087	0.1637280200000000	0.1050515400000000
480	9.18256	2.2305626568971215	0.1134264200000000	0.0827087450000000
484	4.84521	2.2618579497853357	0.1764762800000000	0.0822065400000000
486	5.16271	2.2578980013557000	0.1504861950000000	0.1331230800000000
488	6.47736	2.2460827424187233	0.1381316200000000	0.0917934150000000
490	6.05020	2.2545256538477521	0.1511374250000000	0.1003591000000000
492	4.09257	2.2512314443384760	0.1460903200000000	0.0360837000000000
494	8.00877	2.2381220039666441	0.1372236150000000	0.0970519700000000
500	9.56550	2.2326840397181824	0.1297406000000000	0.0813606350000000
501	9.56550	2.1881112899498363	0.1655275550000000	0.0767249750000000
502	4.17605	2.2604558886000548	0.1365901050000000	0.0881046900000000
506	4.44068	2.2544687546153681	0.1378016000000000	0.0871334450000000
512	4.50597	2.2642056297049193	0.1326298100000000	0.1129172700000000
514	5.80851	2.2499350656454928	0.1382337050000000	0.0943525050000000
516	5.57690	2.2526184109910301	0.1473778700000000	0.1186564150000000
520	4.83509	2.2527799211761250	0.1306383000000000	0.0928640100000000
522	4.93996	2.2625026717142029	0.1593876600000000	0.0832646150000000
524	5.93792	2.2554618681566203	0.1531616200000000	0.0703549900000000
528	5.22447	2.2524845764380483	0.1160128100000000	0.0917683200000000
530	7.65335	2.2369636557742911	0.1387696450000000	0.0893759500000000
532	4.49980	2.2702650196297420	0.1621508700000000	0.0983358450000000
534	4.17992	2.2677493329100802	0.1229106900000000	0.0707804800000000
544	8.30517	2.2755890455209156	0.1951119000000000	0.1208723050000000
546	4.66661	2.2578390992968633	0.1419486200000000	0.0868060700000000
548	4.13510	2.2691800677714529	0.1090375250000000	0.1025954900000000
550	5.97092	2.2482351988472460	0.1005292250000000	0.0653486200000000
553	4.13999	2.4184136259633355	0.3171499550000000	0.0444620250000000
554	4.87395	2.2562862542505862	0.1182705950000000	0.0700067700000000
556	5.28839	2.2509193956247469	0.1492508600000000	0.1114591750000000
558	4.91079	2.2556933696660257	0.1494265200000000	0.1330995400000000
48	5.98162	2.2515759117137097	0.1582008350000000	0.1055457450000000
50	4.65639	2.2400628014915780	0.1380939900000000	0.1072374200000000
52	16.74470	2.2155013491289406	0.1439172950000000	0.0469607200000000
560	6.12474	2.2506470032632517	0.1659726900000000	0.1511915300000000
562	5.92542	2.2370487118974367	0.1105018050000000	0.0887711350000000
564	5.28955	2.2527773603782992	0.1495372550000000	0.1031424750000000
568	5.29829	2.2531536284257414	0.1529642450000000	0.1423190550000000
570	13.32050	2.2271077976395111	0.1451565300000000	0.1007233050000000
572	8.19246	2.2316271888777544	0.1516716350000000	0.0517927450000000
574	5.42940	2.2524842926948776	0.1518891350000000	0.1094985600000000
576	5.51229	2.2479258795125645	0.1210127750000000	0.0752800150000000
578	6.71299	2.2480800103813277	0.1518235050000000	0.0768143900000000
580	7.37675	2.2388865740363637	0.1584509150000000	0.1013713750000000
582	4.27199	2.2613681095462574	0.1331528350000000	0.0981146250000000
588	4.95559	2.2553836438151187	0.1595382000000000	0.0924843600000000
590	10.20320	2.4108162263410646	0.2475792350000000	0.1168109100000000
592	5.47005	2.2500189501908059	0.1614427150000000	0.1004827700000000
594	4.59101	2.2656173592501569	0.1649278350000000	0.1036877550000000
598	6.13030	2.2399330296961351	0.1283996100000000	0.0922969450000000
602	4.91992	2.2652494679379820	0.1329281550000000	0.0898708650000000
604	7.96701	2.2288400606770233	0.1281945300000000	0.0754244850000000
606	4.24997	2.2603010690739835	0.2141412400000000	0.0826361100000000
612	15.79580	2.2069955723660919	0.1388907450000000	0.1077785300000000
614	7.96823	2.2381030606380574	0.1266040800000000	0.0674813950000000
616	5.75065	2.2404215377804060	0.1576677850000000	0.0632406200000000
618	5.39051	2.2524262372902273	0.1540980950000000	0.0958295850000000
620	4.99862	2.2584342030522020	0.1880758300000000	0.0541066400000000
622	4.00730	2.2749471993778840	0.1251624200000000	0.1049022300000000
624	5.00235	2.2376315464417802	0.1297322700000000	0.0678393450000000
626	7.71899	2.2401895993156384	0.1532599400000000	0.1268883700000000
628	7.78068	2.2382433951712359	0.1384338550000000	0.0999469150000000
630	7.58673	2.2287656603589889	0.0701331200000000	0.1020121900000000
632	4.51447	2.2512810737179141	0.1669785000000000	0.0801200250000000
638	5.39993	2.2606163811361841	0.1164335000000000	0.0740855600000000
56	4.27006	2.2764092539370715	0.1532672300000000	0.0972215500000000
60	4.04813	2.2734033652363350	0.1377608450000000	0.0608438550000000
640	6.60590	2.2491050229427541	0.1752163850000000	0.1071981550000000
642	5.30005	2.2650341610898685	0.1852407350000000	0.1309131300000000
644	4.20982	2.2618981192084999	0.1342937300000000	0.0595012100000000
646	5.04993	2.2574933336314249	0.1325113150000000	0.0814013250000000
648	5.16018	2.2546492447455684	0.1627964250000000	0.1317388000000000
650	5.68948	2.2502334872184906	0.1476102600000000	0.0501681650000000
658	11.91340	2.2312203770015073	0.1611728750000000	0.0920985000000000
660	4.39697	2.2709626542476724	0.1769417400000000	0.0829055750000000
662	4.80723	2.2584813441455633	0.1209336550000000	0.0788129400000000
664	4.25844	2.2546698082214522	0.1510732650000000	0.0597993200000000
666	4.26001	2.2697131185892321	0.1645297800000000	0.1031360800000000
668	6.19983	2.2478199971738020	0.1408895050000000	0.1038665000000000
672	8.53196	2.2895908257903645	0.2021137950000000	0.0916850200000000
673	8.53196	2.6002390215856650	0.2764802800000000	0.1105435400000000
674	6.29109	2.2772915668516918	0.2258118550000000	0.1226346550000000
680	5.55312	2.2498071072796808	0.1502262100000000	0.0708428250000000
684	4.81861	2.2579598390959346	0.1151648550000000	0.0830445900000000
686	6.88888	2.2391918692887938	0.1645529600000000	0.0581740850000000
690	8.86501	2.2289663332043026	0.1040581350000000	0.0779800350000000
692	4.72836	2.2673767192345733	0.1486559500000000	0.1079222800000000
694	4.26026	2.3815890133851569	0.2600162600000000	0.1132465250000000
696	7.24264	2.2385783655864633	0.1348759950000000	0.0656447400000000
700	6.63621	2.2450065616152797	0.1361331450000000	0.0533158100000000
702	4.01006	2.2626127678920320	0.1462113550000000	0.1592449750000000
704	4.18303	2.2564864557536741	0.1332329550000000	0.1183651700000000
706	4.21997	2.2745669190362583	0.1469129850000000	0.0402490300000000
710	4.99021	2.2643121897690017	0.1448178500000000	0.0872347150000000
712	4.16844	2.2842741167848533	0.1485794050000000	0.1031163950000000
714	4.85701	2.2531628629718603	0.1502606400000000	0.0902417500000000
718	4.49795	2.2635931880116544	0.1614560850000000	0.0541329100000000
64	4.05404	2.2708478480719574	0.1355024700000000	0.0796951500000000
66	4.12811	2.2708512126572233	0.1599781400000000	0.1075948850000000
70	4.99201	2.2603953289629248	0.1363960350000000	0.0820556900000000
720	4.86081	2.2668756810661983	0.1435189050000000	0.0958947750000000
722	9.55964	2.2313862376730387	0.1129764150000000	0.0776033800000000
724	5.58146	2.2457148455006282	0.1413845200000000	0.0604313400000000
726	4.48954	2.2553609730118347	0.1457684100000000	0.1171687300000000
728	5.37312	2.2525747075119176	0.1120614600000000	0.1107488950000000
730	4.04598	2.2763317262926539	0.1179993150000000	0.1188004300000000
734	5.81957	2.2504528864809767	0.1496504600000000	0.1176890500000000
738	4.39812	2.3307599220967754	0.1954158950000000	0.1441124300000000
740	5.73561	2.2570254398677920	0.1724022250000000	0.0734152400000000
741	5.73561	2.1686084423007408	0.1214263000000000	0.1065449300000000
742	4.34562	2.2562293822182178	0.0862651950000000	0.1012586150000000
746	5.02036	2.2639992435025094	0.1754206700000000	0.0803617100000000
748	10.29080	2.2319754067235302	0.1475357700000000	0.0719577700000000
752	7.13508	2.2437992554804675	0.1540989150000000	0.1500572250000000
754	4.57918	2.2629751148528583	0.1630304350000000	0.1085938650000000
760	4.93558	2.4386813267760550	0.3013807350000000	0.1245841650000000
762	4.49133	2.2627795019074375	0.1461018400000000	0.0637397050000000
766	6.03861	2.2509252254369669	0.1370690650000000	0.0795318700000000
768	6.49957	2.2387889399170176	0.1167955000000000	0.0926101950000000
772	4.01021	2.2452112808383440	0.1033122750000000	0.0915934250000000
774	4.84509	2.2498297677213608	0.1408073750000000	0.1041556950000000
776	6.40735	2.2421848243166727	0.1239532600000000	0.0858986350000000
778	6.98751	2.2459478927123411	0.1297842200000000	0.0834318600000000
782	5.28004	2.2513436840132930	0.1586435800000000	0.1240147150000000
784	6.20121	2.2489740239124667	0.1484764050000000	0.0647488450000000
786	6.00964	2.2466856653648519	0.1068897200000000	0.0749869500000000
788	5.78503	2.2431315050059215	0.1252255200000000	0.1017958400000000
790	5.27576	2.2506273360987463	0.1519331350000000	0.1095903400000000
792	4.44731	2.2593888334965042	0.1201066100000000	0.0935215600000000
796	5.91367	2.2425477677125762	0.1391241200000000	0.0816156500000000
798	4.83879	2.2562867384091492	0.1254612400000000	0.0598150300000000
72	9.58719	2.2343297813581664	0.1427446900000000	0.0601466050000000
76	4.73062	2.2576360948165104	0.1318149250000000	0.0875707950000000
78	5.98490	2.2426180633191359	0.1253720550000000	0.0896563350000000
