0	147.49000	2.2871869345184432	0.2082883750000000	0.0943381800000000
4	4.35645	2.2670039540440374	0.1427070050000000	0.1039195500000000
6	4.69902	2.2654915919205778	0.1235268250000000	0.1043924900000000
802	9.13833	2.2321660966483923	0.1154215950000000	0.0808087250000000
808	4.77777	2.2691040912248206	0.1571121550000000	0.0924883300000000
810	4.50192	2.2730695686089093	0.1475566750000000	0.0684694300000000
812	4.12992	2.2796910681585554	0.1358624600000000	0.1444719050000000
814	5.51014	2.2684064378314894	0.1646825500000000	0.1171556050000000
816	4.70120	2.2515937378876938	0.1561344750000000	0.1186682450000000
820	5.49543	2.2556456539127692	0.1836402100000000	0.1387353300000000
822	4.02000	2.2830287423740465	0.1508309000000000	0.0698228550000000
824	5.48187	2.2428557355490701	0.1632151950000000	0.0999345100000000
826	5.02823	2.2543689812520653	0.1481808250000000	0.0960927250000000
828	4.39944	2.2701059841537599	0.1451897600000000	0.1085564850000000
830	4.76516	2.2657303612619297	0.1420689200000000	0.0864124200000000
834	4.69003	2.2646777927140223	0.1381846300000000	0.0470584600000000
836	9.14174	2.2224864193441047	0.1597457250000000	0.1081391400000000
838	11.07470	2.2316698829377772	0.1522302650000000	0.1041533800000000
842	7.66761	2.3572578004348124	0.2462645950000000	0.1788704700000000
844	5.82782	2.2427762779112941	0.1432558050000000	0.0821902000000000
846	4.41559	2.2548285572013289	0.1460487150000000	0.0675437950000000
850	5.91751	2.2502517417768004	0.1281136000000000	0.0814004000000000
856	4.41190	2.2604558244583592	0.1357892550000000	0.0679559900000000
858	4.98057	2.2582814971600720	0.1092429550000000	0.1074141100000000
860	4.86085	2.2509090675654555	0.1465950600000000	0.1076619300000000
862	4.83234	2.2674531114546084	0.1675128600000000	0.1013708450000000
864	4.09047	2.2633226283131944	0.1398633650000000	0.0693430650000000
866	4.16608	2.2650998469684636	0.1974094000000000	0.1173639900000000
872	4.02906	2.2638885949970979	0.1228434900000000	0.0821325000000000
878	4.54933	2.2631559809549500	0.1253884200000000	0.0563132600000000
80	5.11851	2.2482596141597275	0.1432336100000000	0.0637268600000000
82	4.14228	2.2591409994891949	0.1699615850000000	0.1106270200000000
84	6.99024	2.2504185530501384	0.1630691350000000	0.1008153550000000
882	4.12996	2.2373357729032670	0.1877966000000000	0.0923233050000000
886	4.24842	2.2728855508052721	0.1610492100000000	0.0985444600000000
888	6.76593	2.2416475226322237	0.1592447700000000	0.0815442250000000
890	4.95505	2.2482892212380539	0.1227056050000000	0.0812869650000000
894	9.01225	2.2344243001758728	0.1282301550000000	0.0992884200000000
896	4.86598	2.2582444401344413	0.1330216700000000	0.0822206400000000
900	4.50584	2.2581004389114838	0.1263038750000000	0.0937708350000000
902	4.70921	2.2601800498137505	0.1305033200000000	0.1185119650000000
904	4.73006	2.2684548204485755	0.1404395250000000	0.0678716150000000
906	7.99125	2.2333049725357732	0.1228902850000000	0.1031373150000000
908	5.04026	2.3122155258292350	0.2085909850000000	0.1088565100000000
910	4.24570	2.2506374855183071	0.1602156600000000	0.0752030950000000
920	4.84378	2.2576206894109037	0.1382487600000000	0.1305482350000000
922	4.80728	2.2764011063358605	0.1916181050000000	0.1330974800000000
932	4.53006	2.2562549707243118	0.1253412300000000	0.0860127900000000
934	4.34599	2.3258229256318117	0.2192192150000000	0.0774220950000000
938	4.13974	2.2682178207974784	0.1494668250000000	0.1025189150000000
940	4.62017	2.2564057768823136	0.1590777700000000	0.0768141950000000
942	4.78462	2.2597177606535483	0.1215133400000000	0.0647726700000000
944	4.71987	2.2712454486910860	0.1280145350000000	0.0643691400000000
946	6.24975	2.2297753101723510	0.1182041100000000	0.0998398150000000
948	4.02000	2.2682763434791635	0.1501406000000000	0.1122501650000000
950	10.71510	2.2260559300222660	0.1270306150000000	0.0909931400000000
954	8.53221	2.2370725136771012	0.1683820350000000	0.1202130550000000
956	4.00829	2.2688715873092566	0.1615814200000000	0.1386554850000000
958	16.47030	2.2203828306991009	0.1109303350000000	0.0866628300000000
88	5.11225	2.2458331019960682	0.1431496450000000	0.0956165800000000
94	6.88144	2.2468986749974800	0.1453804650000000	0.0533027500000000
960	5.30527	2.2681651447861242	0.2209584550000000	0.0818174000000000
962	4.08396	2.2736060819133286	0.1346431300000000	0.1117722050000000
970	5.00324	2.2528566457052017	0.1554967650000000	0.1069872200000000
974	5.07010	2.2551270537053028	0.1251623650000000	0.0599259050000000
976	6.08247	2.2444421051317005	0.1659904850000000	0.0952239800000000
978	5.95959	2.2481635951658165	0.1436046950000000	0.1078002200000000
980	4.01998	2.2694503902255376	0.1026255400000000	0.0625223550000000
982	4.16579	2.2563214641460880	0.1427802250000000	0.0817986750000000
984	4.28682	2.2665650633574308	0.1327289700000000	0.0666570650000000
988	5.02105	2.2619665757848608	0.1468925350000000	0.0875162150000000
990	4.13117	2.3134591820100630	0.2006055600000000	0.1338741300000000
994	5.46914	2.2614405975465899	0.1709253050000000	0.1310185050000000
996	4.81901	2.2583263155673308	0.1768900950000000	0.0823064500000000
998	4.05999	2.2488741045739209	0.0969501600000000	0.0955951550000000
1000	6.84932	2.2463348894763171	0.1633204100000000	0.0568734800000000
1002	4.06005	2.2717424813389813	0.1290913950000000	0.0588756900000000
1004	4.05646	2.2727088701717637	0.1560908150000000	0.1200913550000000
1006	4.73002	2.2587179556026262	0.1576332250000000	0.0768045750000000
1008	10.74660	2.2279248789223103	0.1501450700000000	0.0761758750000000
1009	10.74660	2.1614548593803979	0.1430528500000000	0.0547877350000000
1010	7.48502	2.2380036871475619	0.1793494950000000	0.0794456300000000
1014	4.79428	2.2663704923686581	0.1351032050000000	0.0641109900000000
1016	5.42450	2.2563729547683433	0.1170593650000000	0.0892710400000000
1018	4.35595	2.2647558300593986	0.1424768850000000	0.1205085900000000
1020	4.59215	2.2563059605572118	0.0884324500000000	0.0578534200000000
1024	4.11828	2.2683452986276573	0.1503649550000000	0.1050051750000000
1026	5.42788	2.2507352883218950	0.1494645650000000	0.0605462800000000
1032	5.37206	2.2526624334464658	0.1389255250000000	0.0812352650000000
1036	6.19163	2.2436045311135042	0.1507816750000000	0.0878380800000000
1038	20.58720	2.2103135886856284	0.1436146700000000	0.0996894700000000
96	4.49598	2.2180885137033353	0.1699006400000000	0.1275526300000000
100	4.44442	2.2562694621146222	0.1671715100000000	0.0915473300000000
102	11.84740	2.2259606076748355	0.1535669500000000	0.0741638200000000
103	11.84740	2.1792715307517159	0.1518323600000000	0.0740167650000000
1042	8.97676	2.2365471743143432	0.1443643700000000	0.0822511650000000
1044	7.71618	2.2381822221555043	0.1522467250000000	0.1265008550000000
1048	7.04994	2.2461373546968799	0.1445218950000000	0.1183256100000000
1050	4.79443	2.2488204494751196	0.1207259900000000	0.1080863600000000
1054	5.00964	2.2551798599418440	0.1801282800000000	0.0995402550000000
1056	13.19180	2.2428878393760350	0.1596054650000000	0.0423358450000000
1058	5.16946	2.2547934360967679	0.1326434000000000	0.0907086900000000
1060	4.42420	2.2664258498791932	0.1171496950000000	0.1072431700000000
1062	7.52754	2.2403922253907051	0.1424025800000000	0.1015602550000000
1064	4.13375	2.2734460044875218	0.1269494200000000	0.0953170800000000
1066	4.58473	2.3028001303023320	0.2730953850000000	0.0888936300000000
1068	4.03979	2.2750512776425134	0.1529844050000000	0.1024668450000000
1070	5.57741	2.2562949258592142	0.2044331500000000	0.1359091350000000
1074	5.15909	2.2531445824115970	0.1235433950000000	0.1087933600000000
1076	4.75638	2.2563145025722737	0.1455309800000000	0.0762909150000000
1078	9.13998	2.2313860569135189	0.1350373700000000	0.0786362150000000
1080	6.88055	2.2436389844777831	0.1616357200000000	0.0741140750000000
1084	4.39977	2.2659974750255647	0.1671850300000000	0.1209189550000000
1090	5.32049	2.2541171143015739	0.2004854750000000	0.1034663750000000
1092	4.06107	2.2630377667630746	0.1347199550000000	0.1074696050000000
1094	5.02848	2.2626717668340994	0.1245924000000000	0.0829032900000000
1096	4.94043	2.2622925201377120	0.1425869500000000	0.0857052900000000
1098	4.99017	2.2524127125500155	0.1245494300000000	0.0652148350000000
1100	6.64546	2.2388627259159635	0.1307347550000000	0.0860583800000000
1104	4.56992	2.2613203341732939	0.1397085250000000	0.0499726000000000
1106	5.56954	2.2450871386649522	0.1662203300000000	0.0923836700000000
1108	4.29600	2.2885916654255203	0.2357616700000000	0.0949556300000000
1114	6.80212	2.2451527094216881	0.1479852600000000	0.0732089600000000
1116	4.09318	2.2558788352302215	0.1766071200000000	0.1162310500000000
1118	4.94317	2.2607273489478539	0.1192217100000000	0.1214109450000000
104	4.17470	2.2702043563855980	0.1085413850000000	0.0841437700000000
106	4.24173	2.2634282778880532	0.1349979600000000	0.0932282550000000
108	6.74909	2.2506891446925557	0.1803886150000000	0.1184929750000000
110	4.95835	2.2610762923232413	0.1428049550000000	0.1136726600000000
1120	6.15791	2.2426992415811067	0.1444537500000000	0.0855509050000000
1122	4.50022	2.2548505566592327	0.1222538600000000	0.1037881350000000
1126	4.63993	2.2709385144930541	0.1670268950000000	0.1051804900000000
1128	4.73005	2.2684007856260799	0.1297822800000000	0.0781155850000000
1130	6.62189	2.2407624562058732	0.1319280700000000	0.0816496600000000
1132	4.82357	2.2638263850545353	0.1281489050000000	0.0976407600000000
1134	4.49785	2.2667172975130923	0.1226796500000000	0.0889833800000000
1136	4.52370	2.2627855273232473	0.1546529200000000	0.0642696350000000
1138	4.57963	2.2713414647863739	0.1678707800000000	0.1025831450000000
1140	4.33156	2.2674859448143678	0.1152065600000000	0.0515012900000000
1142	5.77021	2.2431104697600830	0.1458148450000000	0.1164891850000000
1147	8.21793	2.1632515885774142	0.1455651250000000	0.1084380550000000
1148	4.34715	2.2738332790255380	0.0943652050000000	0.1202495850000000
1150	4.29202	2.2675428355440599	0.1401288250000000	0.0781649000000000
1152	6.15727	2.2408850685806030	0.1489367950000000	0.0946878900000000
1154	4.28273	2.3568400733276778	0.2883522350000000	0.1561583250000000
1156	4.92139	2.2679241654597897	0.1456079650000000	0.0719201850000000
1158	4.44046	2.2612689609794789	0.1299655900000000	0.1086201650000000
1168	4.99998	2.2605053779131730	0.1391743000000000	0.0834905500000000
1170	4.44863	2.2606352333443360	0.1721452100000000	0.1165381050000000
1172	7.77621	2.2206778056463512	0.1143992100000000	0.0769573400000000
1176	8.82243	2.2303805762099125	0.1259302200000000	0.1014159000000000
1180	6.98595	2.2416718178029087	0.1389690850000000	0.1041318100000000
1182	4.13498	2.2962018418074885	0.2448015600000000	0.1346905100000000
1186	4.49995	2.2669206929423891	0.1506032050000000	0.0990401000000000
1190	9.36204	2.2318372591347981	0.1379881200000000	0.0786398450000000
1192	4.60472	2.2639068215545985	0.1642320450000000	0.0387094400000000
1194	5.00000	2.2556111781117227	0.1519736800000000	0.0796171450000000
1197	4.78462	2.2082492657814483	0.1596935950000000	0.0785530350000000
112	4.34973	2.2707911410206156	0.1282107250000000	0.1079779750000000
114	5.67070	2.2495878800354099	0.1549468400000000	0.0605203700000000
118	4.02935	2.2718289033326577	0.1189329500000000	0.0748434900000000
1200	7.75231	2.2337612014270474	0.1514031300000000	0.1178168500000000
1202	4.35313	2.2630322482702385	0.1445295600000000	0.0928750000000000
1204	6.77997	2.2443135388889899	0.1425002850000000	0.0853301150000000
1206	6.99988	2.2451178732001207	0.1324079550000000	0.0986977550000000
1212	4.82000	2.3246898455203682	0.1942731750000000	0.0909893950000000
1214	10.74680	2.2292999979718173	0.1237262750000000	0.0683035900000000
1216	4.93969	2.2482002027884165	0.1402183250000000	0.0902256000000000
1218	7.34905	2.2306819517746841	0.1612212400000000	0.1206367950000000
1220	12.93590	2.2210165509783626	0.1534193650000000	0.1175779850000000
1222	4.15682	2.2719853804280845	0.1652392400000000	0.1137300450000000
1224	4.57009	2.2649173646710152	0.1835551600000000	0.0786302000000000
1226	4.35377	2.2380418607116748	0.1325929300000000	0.0721434050000000
1228	4.42998	2.2564284116800284	0.0945568100000000	0.0800458500000000
1230	5.20353	2.2525859004515989	0.1641123550000000	0.0937123350000000
1232	4.57896	2.2654463782823537	0.1527770400000000	0.0963040950000000
1234	5.14180	2.2537671297556341	0.1319660850000000	0.0983663800000000
1236	4.22672	2.2626189513186437	0.1137811350000000	0.0948156600000000
1240	6.10483	2.2473306220443510	0.1450861450000000	0.0718527500000000
1242	5.75275	2.2493363827248740	0.1538942350000000	0.1391519950000000
1244	4.25318	2.2716607734668872	0.1353129500000000	0.0838014000000000
1246	4.67784	2.2654609628813236	0.1142812450000000	0.0606915400000000
1248	4.14212	2.2724099799926321	0.1110287350000000	0.0649141500000000
1250	7.39761	2.2359777416267099	0.1557377150000000	0.1036715400000000
1252	4.82270	2.2647570570775546	0.1393663000000000	0.0798788850000000
1254	4.41000	nan	nan	0.0000000000000000
1256	5.28996	2.2661158909379786	0.1688982000000000	0.0439969050000000
1258	6.13964	2.2426245292999756	0.1311681050000000	0.1095825250000000
1260	5.95341	2.2873718883915255	0.2058225950000000	0.1326662050000000
1264	4.59321	2.2661713153313228	0.1321866050000000	0.0611598600000000
1266	4.18517	2.3621092816617968	0.2315344700000000	0.1405376450000000
1268	7.77916	2.2404889816072995	0.1426018250000000	0.1113029650000000
1270	5.12282	2.2530491694900694	0.1209285300000000	0.1222835600000000
1274	7.78094	2.2266963469781942	0.1641479650000000	0.0591704300000000
1276	6.23931	2.2471040202253016	0.1314502400000000	0.0518194100000000
120	4.49998	2.2763260040883777	0.1809630650000000	0.1051345050000000
122	4.12503	2.2674094819141248	0.1493346300000000	0.1338118750000000
126	4.67039	2.2644444790275782	0.1206324900000000	0.0596051150000000
1280	4.86258	2.2550155318800886	0.1721803350000000	0.0793081700000000
1282	9.14179	2.2343211281855391	0.1397444200000000	0.0945923050000000
1284	8.93260	2.2377094315376218	0.1504667100000000	0.1185280400000000
1286	16.78930	2.2184249205488706	0.1414501650000000	0.0838206300000000
1288	4.10059	2.2662603272519148	0.1461464950000000	0.1123833050000000
1290	4.41996	2.2672237312128081	0.1831898400000000	0.1327082350000000
1294	41.53440	2.2045894542776452	0.1380317150000000	0.0891548500000000
1295	41.53440	2.2962325277677271	0.2253674150000000	0.1532328750000000
1296	4.83472	2.2547130427945610	0.1739333000000000	0.1000798550000000
1298	4.20010	2.2697159581581992	0.1398980100000000	0.1021316950000000
1300	5.56063	2.2610939972005268	0.1479343600000000	0.1008514050000000
1306	26.52460	2.2109509404202177	0.1495650600000000	0.0486089150000000
1308	5.28082	2.2562840620961420	0.1441865350000000	0.0785245100000000
1310	4.21926	2.2841117562376798	0.1398118150000000	0.0948868150000000
1312	4.92507	2.2595380421755160	0.1383359100000000	0.0813167700000000
1316	8.20009	2.2262394573459328	0.0960369300000000	0.0815589850000000
1320	4.50593	2.2612139743739967	0.1195859400000000	0.1108365100000000
1322	4.92764	2.2598278405470404	0.1264613650000000	0.1075832850000000
1324	4.19051	2.2701896604666874	0.1389641700000000	0.0970187500000000
1328	6.31772	2.2381886351173965	0.1273297950000000	0.0658877450000000
1330	4.42435	2.2695697258336454	0.1172557700000000	0.0980093400000000
1334	6.43223	2.2451702483448721	0.1249972150000000	0.0767400100000000
1336	5.40002	2.2549285842833284	0.1814537100000000	0.0817740800000000
1338	4.29983	2.2711312740801746	0.1150980350000000	0.0883302850000000
1340	4.74091	2.2246123678393710	0.0868967900000000	0.1347897300000000
1346	4.12469	2.2662015718151198	0.1146012550000000	0.0973174400000000
1348	4.19133	2.2696981351170371	0.1210753950000000	0.0940610300000000
1352	6.49995	2.2472149813108575	0.1289742100000000	0.0850437000000000
1354	4.93868	2.2625925479928375	0.1347636750000000	0.1317564600000000
1356	5.16798	2.2606952593443932	0.1530983900000000	0.0609024350000000
130	4.41998	2.4168321789383640	0.2768854350000000	0.1262922500000000
132	4.26004	2.2691372761808664	0.1396954350000000	0.1163816800000000
1360	4.34000	2.2698104851721137	0.1204240400000000	0.0673182750000000
1362	4.19857	2.2680944276369224	0.1145144800000000	0.0849272500000000
1366	4.28500	2.2751119863560780	0.1386294600000000	0.0548542550000000
1368	4.33103	2.2650357137366037	0.1828063500000000	0.0788501500000000
1370	5.01810	2.2669656458436531	0.1359666850000000	0.0842322150000000
1372	4.83900	2.2593438042515910	0.1036213900000000	0.0645325400000000
1374	11.70160	2.2274520689533897	0.1278067100000000	0.0740124500000000
1376	4.18779	2.2665548704402605	0.1113852950000000	0.0717736250000000
1380	4.47979	2.2655279312939220	0.1341067450000000	0.0887596450000000
1382	4.19429	2.2732768341525191	0.1517176650000000	0.0783190350000000
1384	4.74990	2.2580363021014067	0.1586609400000000	0.1350514300000000
1386	4.46202	2.2548747019131650	0.1425821400000000	0.0589754000000000
1388	7.51339	2.2311587051094981	0.1214428000000000	0.1023912600000000
1390	4.07593	2.2690588367517823	0.1707523350000000	0.1214298100000000
1392	4.50586	2.2597233538399246	0.1418277800000000	0.1390000200000000
1394	5.40028	2.2535430683930762	0.1336005400000000	0.1017960750000000
1396	4.21001	2.2746025243021188	0.1318519250000000	0.1016322350000000
1398	4.55972	2.2589798641404450	0.1779294050000000	0.1061458950000000
1400	6.45934	2.2473267047061816	0.1496275250000000	0.1055328500000000
1404	5.63143	2.2578810876033901	0.1434157600000000	0.0779308250000000
1406	5.45344	2.2466686563515941	0.1048380350000000	0.1008382600000000
1410	3.99999	2.2735126651767361	0.1262997350000000	0.1176813650000000
1412	5.06884	2.2520449070974458	0.1514690500000000	0.1123413700000000
1414	5.17088	2.2589965413979503	0.1234533800000000	0.0543046250000000
1416	4.16630	2.2690711025433692	0.1440291450000000	0.0832660600000000
1418	4.45962	2.2703087478222881	0.1402367750000000	0.0729588400000000
1420	4.96768	2.2606820938746086	0.1697208900000000	0.1049061650000000
1422	6.48742	2.2914979456552480	0.1595482950000000	0.1196472300000000
1424	4.55737	2.2549842600329133	0.1513893700000000	0.1202133150000000
1426	4.59597	2.2455928990251217	0.1575245550000000	0.0859299250000000
1430	4.82750	2.2511101601995396	0.1689047250000000	0.0915075000000000
1432	4.74588	2.2612878330333164	0.1713692150000000	0.0302082550000000
1436	4.05549	2.3644839181677386	0.2234707300000000	0.0962334600000000
1438	4.35346	2.2562518059160253	0.1156288450000000	0.1092464500000000
138	5.65792	2.2350911158975451	0.1175122700000000	0.0813713800000000
142	7.11878	2.2462122804910845	0.1455596350000000	0.1171203750000000
1440	14.84560	2.2230281574752131	0.1551907000000000	0.1043088550000000
1442	5.15863	2.2367518116514620	0.1428416350000000	0.1003633950000000
1444	4.52015	2.2598787722205502	0.1108417850000000	0.0820519600000000
1446	13.19560	2.2154133071464792	0.1403886150000000	0.0873034350000000
1447	13.19560	2.1781528740299572	0.1106934550000000	0.0983616400000000
1452	26.14010	2.2037465056102858	0.1428168000000000	0.0996026750000000
1453	26.14010	2.2021045250958649	0.1506200950000000	0.1136726600000000
1458	6.81732	2.2425602805344607	0.1453866950000000	0.0869755050000000
1464	4.88418	2.2990414287013601	0.2312528100000000	0.1046249950000000
1466	5.14388	2.2460197996160938	0.0898872300000000	0.1032815400000000
1468	5.40044	2.2550639970378854	0.1688084750000000	0.1286095450000000
1474	16.46020	2.2169670079514949	0.1372667700000000	0.0747978350000000
1476	4.04919	2.2674421139187921	0.1179307500000000	0.0804163700000000
1478	4.73253	2.2646722627777991	0.1444269600000000	0.0636193150000000
1480	4.41109	2.2611850951480488	0.1480325100000000	0.0584453050000000
1482	8.11443	2.2405740136429189	0.1720017700000000	0.0671589550000000
1484	4.90953	2.2610421654709962	0.1406337400000000	0.0915692350000000
1486	4.76000	2.2553730634393432	0.1762335300000000	0.1043187500000000
1488	4.99997	2.2583982543505630	0.1321312150000000	0.0655678550000000
1494	8.85629	2.2325910658183123	0.1296441150000000	0.0657619200000000
1496	4.43155	2.3372429819070808	0.2049857050000000	0.1335968250000000
1498	5.33950	2.2551679298590970	0.1279057800000000	0.0708145150000000
1500	10.05860	2.2226371619413392	0.1456843600000000	0.0959010850000000
1502	5.32626	2.2548038194223801	0.1525890750000000	0.1220070600000000
1504	5.00547	2.2588290480189008	0.1192881950000000	0.0874983400000000
1506	6.05950	2.2486531295743286	0.1205907200000000	0.0769124900000000
1508	4.98861	2.2638925320707060	0.1229653100000000	0.1199097600000000
1510	7.57217	2.2366423937147641	0.1598234200000000	0.1107301150000000
1512	6.33965	2.2365959882144852	0.1222642000000000	0.0785376200000000
1513	6.33965	2.1546386237961594	0.1187366000000000	0.0599349550000000
1514	4.41009	2.2640877908195640	0.1417582800000000	0.1321139850000000
1518	4.00000	2.2590988554665929	0.1563651000000000	0.0876504500000000
144	4.19992	2.2717212058430811	0.1458592300000000	0.0789241300000000
146	4.16991	2.2723794129218704	0.1156535200000000	0.0886237200000000
148	4.15883	2.4258825731023879	0.2513130350000000	0.1240805250000000
150	5.97077	2.2511810703748307	0.1538431450000000	0.0865671150000000
1530	6.61898	2.2453921219919706	0.1555790650000000	0.0991202650000000
1534	4.40991	2.2686028670502694	0.1301100850000000	0.0964060300000000
1536	6.77581	2.2453442055882196	0.1497722600000000	0.1084811700000000
1540	5.93810	2.2477118408180736	0.1298759400000000	0.0688942100000000
1542	4.00992	2.2731098800723482	0.1430194250000000	0.0798158400000000
1544	6.17991	2.2504401443675803	0.1574350150000000	0.0906860300000000
1546	5.33599	2.2600305085914871	0.1742022650000000	0.0835043900000000
1548	4.86100	2.2673028799919188	0.1795642950000000	0.0800545200000000
1550	4.11980	2.2758327567971399	0.1173320600000000	0.0472897000000000
1554	9.48333	2.2253992020504239	0.1680487550000000	0.1072471950000000
1556	5.13316	2.2563269253962490	0.1335233900000000	0.0717518800000000
1558	6.80042	2.2474117509120823	0.1325988350000000	0.0775917050000000
1562	5.98505	2.2305526044061081	0.0802628200000000	0.0594025200000000
1566	5.19021	2.2434267765853577	0.1435310950000000	0.0685961450000000
1568	4.75006	2.2580621116614430	0.0909931450000000	0.0731082200000000
1570	5.24969	2.2506876832715288	0.1147447400000000	0.0806944300000000
1572	5.57786	2.2378342702484533	0.1263890050000000	0.0841675850000000
1578	5.96102	2.2452723337824247	0.1560791450000000	0.0966543800000000
1580	6.63143	2.2430880290944883	0.1447516550000000	0.0872636900000000
1582	4.83719	2.2478061180831559	0.1440277550000000	0.1011033100000000
1584	8.53797	2.2447829726875352	0.1672641550000000	0.0893664700000000
1586	7.09003	2.2257585108687010	0.0982791200000000	0.0734166600000000
1588	5.52782	2.2569764194202300	0.1234068850000000	0.0946618250000000
1590	4.29175	2.2660119706601680	0.1586804800000000	0.0768129600000000
1592	4.96853	2.2473528005620595	0.1412714250000000	0.1056394400000000
1594	4.28156	2.2628865233132589	0.1356801200000000	0.1343299500000000
1596	11.63420	2.2305757333076630	0.1405251100000000	0.0862235750000000
152	4.46989	2.2657490604816664	0.1233741350000000	0.0836577500000000
154	4.73684	2.2615720490290383	0.1426620100000000	0.1039419700000000
156	5.91927	2.2573439483806079	0.1467521450000000	0.0779267950000000
158	4.24722	2.2727787184950476	0.1440274200000000	0.0757324050000000
10	6.61961	2.2473618900865646	0.1332705550000000	0.0874504100000000
1600	5.91412	2.2426285298284174	0.1598270250000000	0.1076565750000000
1602	4.45082	2.2640754024163892	0.1119745350000000	0.1081261400000000
1604	4.01197	2.2730452186447478	0.1645120950000000	0.0909714700000000
1606	7.80313	2.2366023165322191	0.1350407500000000	0.0794842150000000
1608	4.35612	2.2662470933517644	0.1365776850000000	0.0864663950000000
1610	6.87927	2.2426569271393242	0.1560440200000000	0.0902046450000000
1612	11.05520	2.2226657570256809	0.1522804300000000	0.0503107650000000
1614	4.00000	2.2783647093388470	0.1501724800000000	0.0820888250000000
1616	4.47015	2.2784170871687706	0.1721678950000000	0.0463307000000000
1618	5.73820	2.2466442931873947	0.1528536350000000	0.1195882050000000
1620	7.00016	2.2423267922560384	0.1228967900000000	0.0786252050000000
1624	4.48996	2.2731401880068933	0.1205475450000000	0.0747488550000000
1626	4.90009	2.2541100403641523	0.1441889800000000	0.1003575300000000
1630	4.68953	2.2617938230354167	0.1242485200000000	0.0814414900000000
1636	4.18877	2.2590962701738468	0.1752540800000000	0.1056442050000000
1640	4.79451	2.2635583174207490	0.1202698350000000	0.1044620900000000
1642	12.51970	2.2245443112391579	0.1597328150000000	0.0948600100000000
1644	7.68019	2.2348163577814599	0.1190109050000000	0.0749563800000000
1648	4.34003	2.2706892296102552	0.1409306550000000	0.0943501250000000
1650	4.01793	2.2657799084501882	0.1495776300000000	0.0309165000000000
1654	12.19800	2.2332416861981654	0.1676609650000000	0.0773798000000000
1658	4.83879	2.2359824525168461	0.1888477700000000	0.0823153700000000
1660	5.07562	2.2362786951003453	0.0913344150000000	0.1031544000000000
1662	8.78127	2.2336232266066030	0.1768037000000000	0.1479343600000000
1664	4.94033	2.2555605428089338	0.1696555550000000	0.1154580300000000
1670	7.31305	2.2433911010169147	0.1498714250000000	0.1241108400000000
1674	11.11390	2.2277674005406687	0.1146062400000000	0.0610148600000000
1675	11.11390	2.1797387490775098	0.1310789750000000	0.0613836850000000
1676	4.40009	2.2665071611090974	0.1888359400000000	0.1028188800000000
1678	4.18668	2.1881552977700331	0.1899088600000000	0.0387593750000000
162	5.93497	2.2498408100623406	0.1546842050000000	0.1058700750000000
164	5.68967	2.2529297379025284	0.1245872400000000	0.0841202700000000
166	5.78332	2.2440080517530059	0.1443234300000000	0.1083111000000000
1680	4.03869	2.2696518338438723	0.1305854350000000	0.1171372050000000
1682	4.61938	2.2703926492185791	0.1210637300000000	0.0754435250000000
1686	4.16990	2.2724037195797089	0.1322096750000000	0.0748526500000000
1688	6.46034	2.2483488426287246	0.1758581850000000	0.1015306900000000
1690	4.63023	2.2476615259134456	0.1679676000000000	0.0788904250000000
1692	4.23272	2.2698490155858275	0.1361003350000000	0.0851470650000000
1694	5.91378	2.2558553552376086	0.1976288600000000	0.1007304500000000
1696	6.10417	2.2544738303798129	0.1418093450000000	0.1052344350000000
1698	4.87797	2.2586132502855638	0.1141268900000000	0.0951997150000000
1700	7.91949	2.2400025469163256	0.1177351150000000	0.0760611950000000
1702	5.64337	2.2596497900842909	0.1508540050000000	0.0506519850000000
1704	4.22001	2.2689789170162511	0.1240293650000000	0.1418641000000000
1706	4.40746	2.2658080204661530	0.1556044200000000	0.1200069900000000
1708	5.48181	2.2510750539306952	0.1261747350000000	0.0905974950000000
1712	4.60117	2.2611677398953511	0.1512335800000000	0.0900862650000000
1716	9.08621	2.2345761908457180	0.1626517850000000	0.1144334000000000
1718	7.71937	2.2375844773971778	0.1379348000000000	0.1009192450000000
1720	6.48811	2.2563364083853141	0.1520610600000000	0.0793660000000000
1722	4.73518	2.2671514101330015	0.1191113850000000	0.0735615700000000
1724	5.38985	2.2849901650456346	0.1851092050000000	0.1376348450000000
1726	6.50072	2.2484525470347516	0.1575591300000000	0.1385287550000000
1728	4.27002	2.2563354071982471	0.1208328350000000	0.0913592500000000
1738	8.36069	2.2343894433110378	0.1309647150000000	0.0890100250000000
1740	13.08860	2.2244906014259751	0.1365442650000000	0.0998676750000000
1746	4.08501	2.2739158979847165	0.1477321350000000	0.0980696750000000
1748	6.24506	2.2389212385476780	0.1606096450000000	0.1096054250000000
1750	6.87963	2.2464443368912201	0.1385886350000000	0.0939839250000000
1752	6.34639	2.2426204084704473	0.1347278100000000	0.1074576750000000
1756	5.33757	2.2617763511510498	0.1169524850000000	0.1488774450000000
1758	8.89967	2.2343719037584884	0.1639330000000000	0.0827323300000000
170	4.28517	2.2635695969968768	0.0971272100000000	0.0860874850000000
174	8.08467	2.2351337222804277	0.1436901350000000	0.0552854750000000
1760	5.55909	2.2583964399162992	0.1425026600000000	0.1076107300000000
1762	5.89161	2.2532839105993285	0.1389475750000000	0.0955195400000000
1764	4.26026	2.2680603115120674	0.1255817200000000	0.0972076250000000
1766	6.50125	2.2491532781664856	0.1569819350000000	0.0887131600000000
1768	4.34000	2.2710283719839333	0.1412748000000000	0.1133365550000000
1770	4.19462	2.2776640390889180	0.1463926250000000	0.0729099150000000
1776	4.24900	2.2663758437866943	0.1219222450000000	0.0590729350000000
1778	5.36257	2.2525243334343266	0.1596767300000000	0.1068851550000000
1780	10.91730	2.2304355777504670	0.1416806050000000	0.0626692850000000
1782	7.36541	2.2343358983944790	0.1569950150000000	0.0765092750000000
1786	4.37997	2.2693144459151826	0.1244135700000000	0.1082421900000000
1788	4.46975	2.2563121140890510	0.1365672500000000	0.0871952700000000
1790	5.02970	2.4185508504854765	0.2621642700000000	0.0904554550000000
1796	4.43979	2.2550777862796179	0.1851913250000000	0.1332680950000000
1798	4.58448	2.2414279282459293	0.2426006600000000	0.1021676150000000
1800	4.07502	2.2736729653457983	0.1663378550000000	0.1042690850000000
1804	4.14194	2.2706027569000677	0.1281109800000000	0.0933662050000000
1806	5.71642	2.2581948567680787	0.1674673200000000	0.1286559800000000
1812	6.14934	2.2567774522777930	0.1538753700000000	0.1187680300000000
1814	4.17537	2.2762582598234138	0.1609435600000000	0.0810926150000000
1816	8.09001	2.2341657865558631	0.1712822750000000	0.0935169100000000
1817	8.09001	2.2309418952205822	0.1387795500000000	0.1496761550000000
1824	5.01750	2.2467654627986331	0.1027439100000000	0.0517002100000000
1826	4.27361	2.2709474889470900	0.1855246150000000	0.0990790100000000
1828	4.80502	2.2591165593040410	0.1478079950000000	0.0816920650000000
1830	4.04717	2.2562885584370633	0.1467558000000000	0.1360563950000000
1832	4.33506	2.2078671771723939	0.1859883900000000	0.0860094800000000
1834	6.04510	2.2415067340150174	0.1451893300000000	0.1180452750000000
1836	4.83045	2.2640267711896795	0.1545510600000000	0.1230522150000000
1838	4.24767	2.2481806323220224	0.1447304200000000	0.0907235500000000
176	6.35654	2.2493665075551563	0.1381681950000000	0.1136460250000000
180	6.95937	2.2386711206649665	0.1545573350000000	0.0707940550000000
182	4.04727	2.2684387201788727	0.1399826900000000	0.0965565900000000
1840	5.76000	2.2532388623061737	0.1318739750000000	0.0750238050000000
1846	4.13014	2.2733852224453148	0.1392890250000000	0.0993050550000000
1848	7.04093	2.2463033996504329	0.1401005550000000	0.1125187400000000
1850	5.00731	2.2599684055547140	0.1312817850000000	0.0611448400000000
1852	4.56028	2.2562398839868072	0.1158276300000000	0.0897074600000000
1854	4.18300	2.2616134610038303	0.1353938650000000	0.1158224100000000
1864	12.57260	2.2364576879908382	0.1724742700000000	0.1137833700000000
1868	5.77880	2.2540873149697567	0.1414352450000000	0.1040922500000000
1870	4.38822	2.2704677098433748	0.1623697250000000	0.1009360500000000
1872	4.18016	2.2677587230198117	0.1852616450000000	0.1173085000000000
1874	4.38937	2.2688952928552077	0.1381898550000000	0.1079835500000000
1876	4.80798	2.2930001075396249	0.2176527500000000	0.1114743650000000
1878	6.23233	2.2455362640237397	0.1203688900000000	0.0821285300000000
1882	6.14244	2.2415737328754757	0.1483368050000000	0.1268842300000000
1884	4.47101	2.2586224799429013	0.1524827100000000	0.0980557650000000
1886	4.59031	2.2630468574402931	0.1077353700000000	0.0826058150000000
1888	8.27008	2.2310653841210542	0.1360489300000000	0.0420806000000000
1892	6.53008	2.2469376036835587	0.1603989850000000	0.1235230500000000
1893	6.53008	2.1537707557418009	0.1019289100000000	0.0886005900000000
1896	4.45915	2.2682953577449410	0.1836149750000000	0.1074685350000000
1900	6.39020	2.2458107992644805	0.1336995550000000	0.0671194750000000
1906	6.61739	2.2456347002673418	0.1738857800000000	0.0696692450000000
1908	4.82403	2.2674229606359728	0.1287292050000000	0.0540032500000000
1910	16.46690	2.2105328226246410	0.1482339150000000	0.0381273800000000
1911	16.46690	2.1781267146998817	0.1102476550000000	0.0989664300000000
1916	5.98995	2.2465304137486242	0.1282911400000000	0.0647927800000000
1918	5.56728	2.2662704677434888	0.2054379800000000	0.0989434700000000
184	5.27085	2.2554127770405854	0.1790957350000000	0.0744515250000000
186	4.12611	2.2617568976131239	0.0934595300000000	0.0957088550000000
190	6.25027	2.2504765926839889	0.1307235850000000	0.0836039900000000
1920	4.47102	2.2610308765307101	0.1934991000000000	0.1005249200000000
1922	4.58188	2.2629106749166841	0.1620427900000000	0.0790118650000000
1926	6.96936	2.2332379946658474	0.1233153000000000	0.0821348450000000
1928	4.69985	2.2535845748732641	0.1254608550000000	0.1026016250000000
1930	4.57472	2.2516762763044378	0.1633653500000000	0.1145728450000000
1932	11.82330	2.2259064052064548	0.1425604200000000	0.1097369050000000
1934	4.62575	2.2562769407037981	0.1464755950000000	0.0779637650000000
1936	4.23855	2.2748710802395822	0.1206784150000000	0.0819784100000000
1939	16.47600	2.1941545071676307	0.1314090650000000	0.1286994350000000
1940	4.14098	2.2756317309532199	0.1229010850000000	0.0940673150000000
1942	5.97899	2.2468262413116893	0.1042738500000000	0.1045853900000000
1944	13.31540	2.2259346455958404	0.1451631650000000	0.0835363300000000
1946	7.10612	2.2462419668358131	0.1635302900000000	0.0683770800000000
1948	4.40992	2.2562862785573605	0.1409044750000000	0.0509130050000000
1950	4.13001	2.2685278742119785	0.1907406350000000	0.1259171000000000
1952	5.00849	2.2755768707661157	0.1319955450000000	0.1490652750000000
1954	4.41097	2.2535350560527014	0.1406055550000000	0.0442623000000000
1956	4.33100	2.2653296912722234	0.1079440750000000	0.0679896650000000
1958	4.28230	2.2709008255568799	0.1804848400000000	0.1283033800000000
1960	4.81984	2.2530886051820680	0.1609942400000000	0.0792636800000000
1962	4.58831	2.2640128935945096	0.1063204900000000	0.0829001750000000
1964	4.15438	2.2686445925385281	0.1262725500000000	0.0967152600000000
1967	5.13324	2.2651930528394129	0.2013753550000000	0.1261760700000000
1968	6.51561	2.2447863259473180	0.1241500550000000	0.0828835750000000
1972	4.42705	2.2615308514328287	0.1443104100000000	0.1038882900000000
1974	5.00888	2.2576817401451788	0.1543836250000000	0.0833784550000000
1976	4.14179	2.2709718034656969	0.1273883350000000	0.0755638900000000
1978	4.75150	2.2508480523248626	0.1884966500000000	0.1220105750000000
1980	4.27992	2.2720501774926825	0.1807850000000000	0.1035825150000000
1986	5.28977	2.2511073349686113	0.1293738250000000	0.0776901300000000
1990	4.86217	2.2552093818666816	0.1697143050000000	0.1066777250000000
1992	4.94400	2.2632485916396270	0.1707767600000000	0.0835611000000000
1994	6.98118	2.2507857795601489	0.1576940400000000	0.1546495700000000
1996	5.06186	2.2634926757268312	0.1531456800000000	0.1276102350000000
1998	4.77968	2.2578630116723737	0.1192221150000000	0.1116657500000000
192	5.18987	2.2458632186289464	0.0633709550000000	0.0429861500000000
194	4.73165	2.2640312230560422	0.1292042300000000	0.0858070750000000
196	5.01785	2.2558933302393580	0.1612573750000000	0.0896114850000000
198	6.59951	2.2537716462084405	0.1557615650000000	0.1030150600000000
199	6.59951	2.1632026630968859	0.1376683850000000	0.0604339950000000
2000	4.63641	2.2553899685308174	0.1904252350000000	0.0867616200000000
2002	4.21002	2.2624939815936909	0.1729773400000000	0.0953412600000000
2006	4.60571	2.2708907844365172	0.1390894750000000	0.0661341050000000
2012	5.96074	2.2473658316146028	0.1398493850000000	0.0713529550000000
2014	6.50528	2.2485331302907916	0.1351710550000000	0.1038063250000000
2016	4.90000	2.2656806802348575	0.1416003600000000	0.1126645150000000
2018	5.71973	2.2506412577880606	0.1488188550000000	0.1252303150000000
2022	5.30051	2.2585565459067425	0.1141096200000000	0.0818527050000000
2026	4.89723	2.2563323707867120	0.1306345250000000	0.0819233700000000
2028	4.12020	2.2678227533911968	0.1396398700000000	0.0787654200000000
2030	4.07470	2.2688066569281280	0.1771959900000000	0.0905884150000000
2032	7.86804	2.2400038984867456	0.1421668200000000	0.1273715850000000
2036	4.45063	2.2727210659849426	0.1324490800000000	0.0827604500000000
2038	4.71942	2.2492650727649139	0.1271906250000000	0.0944686600000000
2042	7.59734	2.2394197074056952	0.1345387800000000	0.1145817300000000
2044	5.45900	2.2474013299592448	0.1237797950000000	0.0848645500000000
2046	4.32232	2.2689170932739682	0.1253489650000000	0.0745918950000000
2048	4.69000	2.3747556883388952	0.2808949050000000	0.0917398950000000
2050	5.42755	2.2576084011641711	0.1317681650000000	0.0940365300000000
2054	4.49794	nan	nan	0.0000000000000000
2057	14.65630	2.2287478667251643	0.1942419900000000	0.0911411900000000
2058	8.22613	2.2263467746434293	0.1452276450000000	0.0848469450000000
2062	4.76312	2.2606856236759545	0.1325134400000000	0.0611300050000000
2066	5.20017	2.2563634417968466	0.1213877450000000	0.0748575300000000
2068	5.23793	2.2506222804421623	0.1244059800000000	0.0991412650000000
2070	4.54763	2.2634145233497005	0.2013635300000000	0.1356981200000000
2072	4.25762	2.2226524539291472	0.1945140150000000	0.0912886600000000
2074	7.33799	2.2441945828442389	0.1380922250000000	0.0602183250000000
2076	13.21610	2.2256236262897349	0.1413197950000000	0.0434435250000000
2077	13.21610	2.1889931243775131	0.1411337200000000	0.0778207400000000
2078	4.62607	2.2833177780135636	0.2261375900000000	0.1145841050000000
202	4.11536	2.2828551262427963	0.1327053100000000	0.0716603900000000
204	5.59931	2.2508595489928394	0.1974265650000000	0.0943722450000000
205	5.59931	2.2822690798555598	0.2244826500000000	0.0707823450000000
206	6.43016	2.2486349810316457	0.1797888950000000	0.1448238100000000
2080	6.52993	2.2313822466271547	0.1763331800000000	0.1008390500000000
2082	20.88530	2.2175220981916843	0.1564893500000000	0.1083436650000000
2084	5.29028	2.2580963266416392	0.1147358700000000	0.0780345850000000
2086	5.04000	2.2549546287365785	0.1551603000000000	0.0938228550000000
2088	5.10973	2.2563006573856903	0.1428499200000000	0.1181187350000000
2090	6.91809	2.2426028066738350	0.1751647700000000	0.1452486100000000
2100	4.79986	2.2554149707986495	0.1839792150000000	0.0801726450000000
2104	5.18390	2.2467747779670946	0.1492426100000000	0.0831552300000000
2106	19.63850	2.2154018261241757	0.1410221200000000	0.0957137600000000
2110	5.01005	2.2508834774617088	0.1199585000000000	0.0884004300000000
2112	4.40635	2.2606003755461455	0.1272050200000000	0.0880093600000000
2114	4.93994	2.2648661099146543	0.1582813750000000	0.0811157400000000
2116	4.53304	2.2491738012536056	0.1225090050000000	0.1333995950000000
2118	4.40994	2.2699942578746737	0.1336920500000000	0.0744116450000000
2124	4.39748	2.2722836596138611	0.1590423150000000	0.0892182600000000
2126	4.81993	2.2541857036783615	0.1433433600000000	0.1071781350000000
2128	4.05005	2.2554138120935932	0.1636508350000000	0.0341943650000000
2130	4.12003	2.2735879273625748	0.0997737450000000	0.0668516400000000
2132	4.59966	2.2682292946032749	0.1321991850000000	0.1036249000000000
2134	7.98999	2.2378144766981856	0.1358717800000000	0.1080296100000000
2136	11.35650	2.2302260728142635	0.1573247400000000	0.0921831850000000
2138	4.97123	2.2539405293371066	0.1473329250000000	0.1199294300000000
2146	4.33999	2.2669586084422471	0.1444862400000000	0.1254748350000000
2147	4.33999	2.3083259255288247	0.2184902500000000	0.1253818500000000
2150	8.91215	2.2288255906947638	0.1479238350000000	0.0840819700000000
2156	4.19661	2.2706129681199596	0.1750576950000000	0.1275358200000000
2158	7.90423	2.2393464661144264	0.1177061450000000	0.0854688350000000
208	8.47765	2.2399032244529491	0.1563066800000000	0.1308163750000000
210	4.19882	2.2721010647727762	0.1349012150000000	0.1050149150000000
212	6.96937	2.2429903134849400	0.1300607150000000	0.0890360800000000
2162	7.44116	2.2383979564544099	0.1427646850000000	0.0736935700000000
2164	4.87773	2.2589108208891031	0.1252250550000000	0.1378928500000000
2166	5.23061	2.2496439219769653	0.1581023450000000	0.0647349700000000
2170	5.14179	2.2563680913890174	0.1529309600000000	0.0733310400000000
2172	4.25928	2.2710711063774145	0.1348636950000000	0.0586728150000000
2174	4.72264	2.2663323811317464	0.1328480100000000	0.0729038800000000
2176	4.05502	2.2747466151044642	0.1745499100000000	0.1090052150000000
2178	4.05080	2.2506102303408650	0.0854096750000000	0.1245345700000000
2180	4.13502	2.2653973722356224	0.1100057500000000	0.1136196100000000
2182	4.92703	2.2663728895696984	0.1207496350000000	0.1017627350000000
2184	4.26802	2.2741023394183020	0.1433491250000000	0.0510538500000000
2186	9.13856	2.2235977974085208	0.1259888600000000	0.0435167250000000
2190	5.22439	2.2624783777646948	0.1803964600000000	0.0954140400000000
2194	4.07712	2.2694721639197493	0.1276841850000000	0.0885227050000000
2196	5.67482	2.2551614604921335	0.1870685750000000	0.0888527000000000
2198	5.32678	2.2563401936080743	0.1448585350000000	0.1181553750000000
2204	4.79078	2.2638722743655157	0.1610767650000000	0.0682067200000000
2206	6.88521	2.2453703345332383	0.1458429800000000	0.0849800450000000
2208	4.03176	2.2755626728961409	0.1558799200000000	0.0943950000000000
2210	5.30647	2.2591205075983387	0.1739879400000000	0.0665829350000000
2212	8.61331	2.2367714281514863	0.1585599750000000	0.1426447750000000
2214	8.53267	2.2359839804793000	0.1482861600000000	0.1004031650000000
2216	5.74185	2.2407660513424292	0.1999631600000000	0.1003400800000000
2222	5.65161	2.2474532356262111	0.1277413700000000	0.0908324550000000
2224	5.75049	2.2562660252472244	0.1188820950000000	0.1001024650000000
2226	4.58643	2.2720650590966054	0.1699449300000000	0.0957872200000000
2232	5.55595	2.2543828637575980	0.1408874950000000	0.1160099850000000
2238	5.19071	2.2646626453268883	0.1645986250000000	0.1194585300000000
220	4.04241	2.2572109088762864	0.1373278950000000	0.0768652600000000
222	4.78988	2.2504354062079872	0.1337522550000000	0.1053250850000000
2240	4.01854	2.2747483620027364	0.1034542550000000	0.0839906250000000
2242	7.67028	2.2393129820260751	0.1372343700000000	0.0587229500000000
2244	4.49999	2.3038350571403448	0.2411024500000000	0.1073653000000000
2246	4.20006	2.2639540027710470	0.1312967750000000	0.1274842950000000
2248	5.10066	2.2446340285063449	0.1143199450000000	0.0877566000000000
2250	4.79503	2.2928222319661096	0.2675988250000000	0.1275236800000000
2252	4.19468	2.2708647124457380	0.1401050400000000	0.1223092000000000
2254	5.38651	2.2561733259440202	0.1485198800000000	0.1332540950000000
2256	5.06968	2.2628927108556343	0.1396422350000000	0.0846559650000000
2264	6.71177	2.2164926145830051	0.1298129550000000	0.0805668950000000
2274	5.89059	2.2402605819231307	0.1233705200000000	0.0792239600000000
2276	7.77805	2.2386048755694277	0.1328596800000000	0.1011491950000000
2278	4.56889	2.2674269237139053	0.1384261650000000	0.0630340050000000
2280	4.30126	2.2586099737906609	0.1112667000000000	0.0831704950000000
2282	4.82332	2.2512576389463490	0.1309862250000000	0.0358533100000000
2286	5.19002	2.2528798399674947	0.1338000250000000	0.0911034650000000
2288	4.21002	2.2752976822638953	0.1749719950000000	0.0798819750000000
2292	4.41278	2.2650347430046529	0.1262556250000000	0.1119815800000000
2293	4.41278	2.5143136714638699	0.0632966050000000	0.1229389200000000
2296	4.83457	2.2655583189702599	0.1372042600000000	0.0970814700000000
2304	5.00864	2.2647334872211999	0.1311640700000000	0.1265106550000000
2306	4.33997	2.2683908635792296	0.1041305750000000	0.1067510750000000
2308	6.43072	2.2460970789437074	0.1033484500000000	0.0720334000000000
2312	5.47919	2.2536008505587928	0.1390106150000000	0.1044724600000000
2314	6.49465	2.2455944666614576	0.1235621700000000	0.0950019150000000
2316	4.08024	2.2721312570429024	0.1261322900000000	0.0904896000000000
226	4.01982	2.2734742844771185	0.1656687250000000	0.0696820300000000
2320	4.31623	2.2590233663327060	0.1343223100000000	0.0819961250000000
2324	4.25323	2.2675180015216267	0.1572545750000000	0.0570163600000000
2326	4.01220	2.2710188640903115	0.1476134250000000	0.1517752400000000
2332	5.57607	2.2525363857952621	0.1314202100000000	0.0796255750000000
2334	8.07432	2.2384802782943742	0.1559219150000000	0.0988067600000000
2336	5.06049	2.2697343097728111	0.1855591050000000	0.1289602950000000
2338	10.11930	2.2157658359105872	0.1480272300000000	0.0874138900000000
2340	4.16587	2.2594780387219640	0.1304979150000000	0.0775008650000000
2342	4.70859	2.2612150914710294	0.1222704150000000	0.0810131950000000
2344	4.30697	2.2677219267005451	0.1735837050000000	0.1150231900000000
2346	4.89999	2.2580197421139054	0.1115359100000000	0.0855604000000000
2352	4.02994	2.2741324365373159	0.1229397100000000	0.0707634400000000
2354	4.01158	2.2795922917291831	0.1543795250000000	0.0760396400000000
2358	4.05500	2.2813574978578179	0.1501303000000000	0.1038741200000000
2362	4.92326	2.2597530222189888	0.1265929300000000	0.1144054900000000
2364	4.35580	2.2652607194932735	0.1419885300000000	0.1184242450000000
2368	3.99999	2.2669837129347603	0.1098204250000000	0.0888070150000000
2370	12.34250	2.2317786322675413	0.1628436850000000	0.1086573850000000
2372	4.90161	2.2599796093197697	0.1601897350000000	0.1057502300000000
2374	16.47150	2.2126703958629990	0.1950244600000000	0.1103496450000000
2375	16.47150	2.1823818972249014	0.1641330150000000	0.0830984300000000
2380	4.45364	2.2455781632765697	0.1244198650000000	0.0892186600000000
2382	4.59106	2.2607505868566586	0.1142778250000000	0.1187213700000000
2384	7.24841	2.2430255941654207	0.1522710500000000	0.0945119800000000
2386	4.80803	2.2482837843505652	0.1490121600000000	0.0812756600000000
2388	5.51822	2.2499622112163404	0.1467679750000000	0.0757918450000000
2390	4.94079	2.2617326680834764	0.1534941700000000	0.0785384650000000
2392	4.41901	2.2728297271727205	0.1258143050000000	0.0537136100000000
2394	7.50984	2.2635894909957863	0.1624662750000000	0.1565897750000000
2395	7.50984	2.3288607558722401	0.2436157500000000	0.0904676800000000
2396	4.08572	2.2774340648381419	0.1532400450000000	0.1059421500000000
2398	4.74527	2.2627446469789558	0.1285871750000000	0.0916050500000000
232	12.26340	2.2126303521192909	0.0873428150000000	0.0774215050000000
234	5.78232	2.2547229731702174	0.1209278050000000	0.0938794800000000
236	4.33431	2.2711906032580709	0.1472260950000000	0.1063788150000000
238	5.61069	2.2490604414727775	0.1576832250000000	0.1135939750000000
16	5.98005	2.2603502178489121	0.1324818600000000	0.1218198050000000
20	5.62748	2.2435119970145334	0.1482157500000000	0.1362328800000000
22	4.99103	2.2602442894983041	0.1460021500000000	0.1144752400000000
2400	7.88262	2.2456438782173249	0.1601708600000000	0.1250402750000000
2402	4.08570	2.2711657190799643	0.1390691750000000	0.1123961700000000
2404	4.06501	2.2697648667839392	0.1428192800000000	0.1074420150000000
2406	4.45094	2.2986646272845097	0.2294906750000000	0.1173524050000000
2412	4.49850	2.2721118825771267	0.1722337050000000	0.0644385500000000
2414	4.04883	2.2750563920527411	0.1532762800000000	0.0918287850000000
2416	4.54257	2.2673973306661379	0.1401802200000000	0.1073318950000000
2422	9.15709	2.2321871401397635	0.1446352600000000	0.1017176050000000
2426	4.85214	2.2618293473445958	0.1441468300000000	0.1155675700000000
2428	5.56826	2.2447767222087314	0.1474387500000000	0.1344899600000000
2430	4.10002	2.2778880936417805	0.1449854950000000	0.0715987550000000
2432	5.48099	2.2536140697543030	0.1452937100000000	0.1111610400000000
2438	4.25976	2.2675090337450396	0.1494102300000000	0.0674215050000000
2440	5.95377	2.2481479405087774	0.1325980000000000	0.0933009000000000
2442	7.23954	2.2437513804423665	0.1319950900000000	0.0926976650000000
2444	4.28977	2.2580738285580257	0.1351433750000000	0.0888431550000000
2446	5.77132	2.2497684122595856	0.1468772650000000	0.0976435800000000
2448	5.66994	2.2526260272580783	0.1567053400000000	0.0935148150000000
2450	10.92920	2.2330356031441614	0.1436954750000000	0.1262864700000000
2452	4.65062	2.2653772242623607	0.1703990850000000	0.1127563250000000
2454	6.76463	2.2479930426438677	0.1587836700000000	0.1349360800000000
2456	4.98975	2.2548191760982723	0.1389519500000000	0.0814543200000000
2458	4.14186	2.2799322044703065	0.1442980100000000	0.0786506100000000
2460	5.78045	2.2480253214059749	0.1155010200000000	0.0674486250000000
2462	5.94902	2.2519369880098656	0.1568455100000000	0.1106324550000000
2464	4.42413	2.2610584023562357	0.1526339750000000	0.0784326050000000
2470	5.46645	2.2546414841796683	0.1373939400000000	0.0927271450000000
2472	5.58451	2.2510083135417935	0.1307570800000000	0.0904356800000000
2478	5.55707	2.2553640844019758	0.1149001350000000	0.0840797400000000
240	5.50983	2.2477484202772335	0.1198592000000000	0.0651934850000000
242	5.45059	2.2426941440407431	0.1349411600000000	0.1131825300000000
244	4.24928	2.2594035842013547	0.1632111750000000	0.0851178050000000
246	4.35462	2.2474780355821471	0.1074878350000000	0.0699171300000000
2480	5.62859	2.2454085446385781	0.1546017000000000	0.1074694000000000
2482	4.28059	2.2463236815996783	0.1475359000000000	0.1207168300000000
2484	5.95322	2.2502813393495633	0.1437416100000000	0.1044317100000000
2486	6.79841	2.2361558001016153	0.1394182750000000	0.0924766400000000
2488	5.46554	2.2500024825377971	0.1380125800000000	0.0557849050000000
2490	4.49999	2.2672441365081730	0.1377044150000000	0.0562874050000000
2494	4.25000	2.2716029897342898	0.1438736150000000	0.1090542100000000
2498	4.34841	2.2580086182235282	0.1413603200000000	0.0656758050000000
2502	8.62901	2.2353481358663458	0.1413163400000000	0.1078936350000000
2504	10.74330	2.2280367411123443	0.1195755350000000	0.0840696750000000
2510	6.05950	2.2485097105782175	0.1462195300000000	0.1372199450000000
2512	5.28933	2.2512325095971746	0.1339526300000000	0.0592496200000000
2514	4.41001	2.2004600062037585	0.1842075450000000	0.0774599150000000
2516	4.26802	2.2747430336738708	0.1483778600000000	0.0911740300000000
2518	5.13055	2.2516483943206227	0.1295363050000000	0.0377201150000000
2522	6.40295	2.2498316313223228	0.1482345000000000	0.1188792200000000
2526	14.64260	2.2159909319736375	0.1290843850000000	0.1117809050000000
2532	4.14002	2.2506239093105487	0.1176062600000000	0.0951758200000000
2534	4.80702	2.2609843839275481	0.1741052300000000	0.1147201750000000
2536	4.76015	2.2508400298313656	0.1449993500000000	0.1340598100000000
2538	6.04764	2.2466340100354878	0.1098322650000000	0.0935155300000000
2542	5.83197	2.2407779794928415	0.1434192550000000	0.1603123350000000
2546	4.96316	2.2478722624403873	0.1111073600000000	0.0760721050000000
2550	5.43885	2.2631816769854165	0.2114183750000000	0.1399256150000000
2552	4.17057	2.2555878610185154	0.1884106550000000	0.1472878050000000
2554	5.93308	2.2509628372587587	0.1692861550000000	0.1271136800000000
2555	5.93308	2.1490076311370179	0.1016500900000000	0.0652676500000000
2556	4.15730	2.2744176156177045	0.1375008700000000	0.0962032100000000
248	4.31335	2.2654839738954688	0.1331377850000000	0.0909497350000000
250	6.62067	2.2370126958652832	0.1341729600000000	0.0917823100000000
252	4.55085	2.2646265319470520	0.1636530950000000	0.1094760550000000
2562	5.04993	2.2550595309888339	0.1242541550000000	0.0856596500000000
2564	4.49000	2.2288618559762416	0.1049320100000000	0.0968293200000000
2566	5.95871	2.2538613000911423	0.1387665100000000	0.0814800300000000
2570	4.20187	2.2683221418717610	0.1351247300000000	0.0806049150000000
2572	5.68831	2.2562991010942142	0.1573172950000000	0.0943657550000000
2574	4.99999	2.2276852579798883	0.2149557750000000	0.0983719250000000
2580	5.55984	2.2553543518189696	0.1362530250000000	0.0694660700000000
2584	5.25287	2.2552963166238014	0.1829648400000000	0.1032267250000000
2588	4.63899	2.2621627214317059	0.1520004050000000	0.1065575500000000
2590	4.11994	2.2715674015348362	0.1184741750000000	0.0565854200000000
2592	4.07504	2.2732320268539956	0.1370944000000000	0.0999033850000000
2594	5.96073	2.2451884451378841	0.1030145200000000	0.0665023050000000
2597	23.17250	2.1961709731692429	0.1692786250000000	0.0424305450000000
2598	7.49862	2.2441894386716399	0.1315547500000000	0.0868254150000000
2600	4.63991	2.2853761118527993	0.2120817750000000	0.1653404100000000
2602	4.29987	2.2776067784823533	0.1552966150000000	0.1187286050000000
2604	10.60660	2.2219435605755562	0.1533299500000000	0.0841733600000000
2606	4.23221	2.2536322221283265	0.1455542400000000	0.1183752650000000
2608	6.26069	2.2401596182574290	0.1234358200000000	0.0667257550000000
2614	4.81994	2.2562834212944320	0.1491691950000000	0.0955775600000000
2616	4.26804	2.2631161909442148	0.1480028950000000	0.0820024000000000
2622	4.51028	2.2628244947954816	0.1141295150000000	0.0599659400000000
2624	4.50770	2.2692419695575907	0.1546607950000000	0.0438694150000000
2626	4.33115	2.2748361364982546	0.2001130800000000	0.0939082950000000
2628	4.61964	2.2640740278459104	0.1417116400000000	0.0469064850000000
2630	4.97066	2.2598826965573191	0.1214209000000000	0.0771176500000000
2632	6.25048	2.2454878036794801	0.1290759200000000	0.0875764350000000
2634	4.39901	2.2563189174027949	0.1155277800000000	0.1165977700000000
2636	5.13421	2.2628406931300682	0.1699112250000000	0.0762495000000000
2638	7.14109	2.2381700491080725	0.1383736150000000	0.0723557250000000
260	4.96843	2.2473236955670188	0.1558604950000000	0.1342722150000000
2640	4.25273	2.2580428456076742	0.1606189400000000	0.1027841900000000
2644	4.54641	2.2622455788962701	0.2358622000000000	0.1499960650000000
2646	4.56044	2.2617142917710593	0.1147614550000000	0.0870320200000000
2648	4.30162	2.2604174501102468	0.1330143450000000	0.1327502650000000
2650	6.40168	2.2385775144572819	0.1609325300000000	0.1086957950000000
2652	7.80242	2.2229102818532036	0.1017855700000000	0.0837948250000000
2654	7.23947	2.2469777707431868	0.1604842200000000	0.0779144900000000
2656	7.37276	2.2341652586878000	0.1262199400000000	0.0898750950000000
2658	4.10350	2.2758312513833201	0.1555015100000000	0.1342191000000000
2662	5.21238	2.2572522132750548	0.1297704000000000	0.0499652600000000
2666	4.94037	2.2647601594092364	0.1260115100000000	0.0999044650000000
2668	5.32015	2.2639155398386746	0.1422376500000000	0.1173881300000000
2670	7.96881	2.2377946452318929	0.1376525750000000	0.0928676100000000
2672	5.42989	2.2399428097404610	0.1620026750000000	0.1209549700000000
2674	6.18038	2.2496570642816693	0.1394020750000000	0.0995140100000000
2678	4.67021	2.2609268816705126	0.1873602600000000	0.0972840900000000
2682	11.59270	2.2264294867196894	0.1519887300000000	0.1089097500000000
2684	4.85792	2.2639705223969155	0.1794640900000000	0.0814725000000000
2687	8.91157	2.1775198800480884	0.1439043250000000	0.0653936950000000
2688	11.84740	2.2349290281864351	0.1477340550000000	0.1168822400000000
2690	4.02890	2.2649460132927564	0.1781718750000000	0.1194345150000000
2692	4.24923	2.2755841329265492	0.1384942650000000	0.0539555900000000
2698	4.00000	2.2556334535876603	0.1347115350000000	0.1220436650000000
2700	4.00689	2.2813738950354874	0.1428867000000000	0.0896888500000000
2702	4.83927	2.2493445375398475	0.1452856300000000	0.1264105750000000
2706	5.48782	2.2375863240134608	0.0898228200000000	0.0669365150000000
2708	4.72899	2.2643088978133674	0.1515220850000000	0.1321226250000000
2710	5.00004	2.2464678165722898	0.1233527750000000	0.1074013250000000
2714	9.24012	2.2313313825744991	0.1427511400000000	0.0999408200000000
264	5.25325	2.2609273652283397	0.1682995000000000	0.1045446100000000
266	4.65214	2.2624287680286193	0.0935362900000000	0.0925909900000000
270	6.35340	2.2403236574445615	0.1397503700000000	0.1025036300000000
2720	6.09093	2.2484044381211077	0.1595925250000000	0.0682527900000000
2722	4.12514	2.2883614080978489	0.2041251850000000	0.0912855850000000
2724	9.23853	2.2288884742681772	0.0889743400000000	0.0711086950000000
2726	4.60106	2.2897337019060418	0.1937440950000000	0.1264979550000000
2730	4.92034	2.2560001627871227	0.1531923200000000	0.0722055550000000
2734	8.35854	2.2344412976789112	0.1220459700000000	0.0944037550000000
2736	4.05690	2.3534376587937960	0.2139862400000000	0.0912396600000000
2738	4.49996	2.2713767451237250	0.1395912950000000	0.0692061850000000
2740	6.40598	2.2491001840512963	0.1422527850000000	0.0720654700000000
2742	4.18392	2.2736627174143345	0.1827060850000000	0.0862448050000000
2744	4.14386	2.2648656008180055	0.1195789000000000	0.0882278650000000
2746	4.16699	2.2669489397851184	0.1606171300000000	0.1103561050000000
2749	8.05054	2.1616415618926803	0.1053810050000000	0.0626789550000000
2750	4.46992	2.2707612516750255	0.1376955500000000	0.0929776600000000
2756	4.18461	2.2667197422808387	0.1162122850000000	0.1028348350000000
2758	7.11963	2.2426757797661234	0.1496493300000000	0.0797041200000000
2760	5.01788	2.2590411959001697	0.1246646750000000	0.0998493000000000
2762	4.62710	2.2636293716267653	0.1222944950000000	0.1146792000000000
2768	4.40001	2.2562934193691375	0.1484388150000000	0.0929095350000000
2774	4.96965	2.2556091728023282	0.1293178700000000	0.0922257600000000
2780	6.99973	2.2358418123350874	0.1512727300000000	0.1057462700000000
2784	4.28057	2.2604705796069751	0.1168096450000000	0.1301433650000000
2786	4.73897	2.2556121494024515	0.1272775500000000	0.0771268950000000
2788	5.18812	2.2603217916800582	0.1582470700000000	0.1105009050000000
2790	4.99142	2.2514112648251836	0.1133026400000000	0.1202841200000000
2792	4.82661	2.2851488015784462	0.1323736400000000	0.1423978100000000
2794	4.66571	2.2675886316695824	0.1337285750000000	0.0774109400000000
2798	5.64999	2.2546603975094195	0.1485830750000000	0.0960979850000000
272	4.72232	2.2662894155011779	0.1615857050000000	0.0653381550000000
274	4.71760	2.2493425324875314	0.1267078150000000	0.0780754650000000
276	4.17418	2.2545457818863599	0.0797209650000000	0.0492200500000000
278	4.44217	2.2572127232579398	0.1225241900000000	0.0657616000000000
2800	6.88302	2.2448935092672579	0.1393266700000000	0.1066793950000000
2802	4.66222	2.2629469392286792	0.1455115800000000	0.0731229150000000
2804	4.88168	2.2548547414226880	0.1750611350000000	0.0935190600000000
2808	5.87316	2.2563964767981144	0.1508533250000000	0.0886655100000000
2810	4.39874	2.2740258207375681	0.1466018150000000	0.0613638650000000
2812	5.23815	2.3209638365785619	0.2266380700000000	0.0745027150000000
2814	5.57099	2.2546820839373281	0.1117458300000000	0.1095566050000000
2816	4.08318	2.2703684032352256	0.1299250150000000	0.0666995400000000
2818	7.18112	2.2274403455430494	0.1307665500000000	0.0756917750000000
2820	6.06766	2.2500564868203305	0.1427130500000000	0.1171394500000000
2822	4.01000	2.2660988667308919	0.1534670450000000	0.0975171300000000
2824	4.61980	2.2717570229136430	0.1342820750000000	0.1123956500000000
2826	6.46623	2.2452126397584351	0.1158649050000000	0.0741684050000000
2828	5.17079	2.2487522956682979	0.1454450150000000	0.0825635400000000
2832	4.47691	2.2712307168170374	0.1990813100000000	0.0702626600000000
2836	4.67993	2.2174546443772907	0.1221086800000000	0.1014740050000000
2838	6.50823	2.2484720595670660	0.1528571700000000	0.1029211250000000
2842	4.57021	2.2729180574682273	0.1603838000000000	0.1114639450000000
2844	4.76573	2.2650233440651579	0.1182251200000000	0.1189529450000000
2846	7.11878	2.2415875236019591	0.1637638550000000	0.0656333650000000
2848	7.04899	2.2456358541584467	0.1379952450000000	0.0871046650000000
2849	7.04899	2.2563112102507183	0.2038068950000000	0.0631562850000000
2850	4.29009	2.2720538696480523	0.1581306450000000	0.0786872650000000
2856	4.26809	2.2641081017569995	0.1105627500000000	0.0622022300000000
2858	4.35001	2.2620974636524904	0.1246327300000000	0.0693425500000000
2862	6.50001	2.2507010199404491	0.1403695300000000	0.0763981050000000
2864	5.26656	2.2557901743204236	0.1033017150000000	0.0677168850000000
2866	9.63891	2.2142221999503140	0.1319392400000000	0.0956911300000000
2870	4.50002	2.2743236597825569	0.1566604600000000	0.0835384000000000
2872	9.30238	2.2311806293869147	0.1354134950000000	0.1046883500000000
2874	4.70978	2.2413276947152303	0.1906455600000000	0.1181343100000000
2876	4.47483	2.2545691142285715	0.1458539950000000	0.0995737350000000
280	4.40855	2.2413264952085910	0.1317362350000000	0.0874113600000000
282	8.46518	2.2359171639692330	0.1376582450000000	0.0993606800000000
286	6.38959	2.2530863326390098	0.1297806050000000	0.0893345650000000
2880	4.50001	2.2746016604073027	0.1493406650000000	0.0726806750000000
2882	5.59937	2.2457247979814947	0.1398527250000000	0.0931908450000000
2884	4.43812	2.2491483528524778	0.1320533700000000	0.0802679950000000
2888	6.52649	2.2497908186874653	0.1545327600000000	0.0974740000000000
2890	4.04346	2.2719397745691268	0.1087266650000000	0.0914191650000000
2892	5.17000	2.2476096371443575	0.1324406900000000	0.1190468850000000
2894	4.59563	2.2677895662307299	0.1269377350000000	0.1092659600000000
2896	6.65399	2.2436668666661448	0.1262114650000000	0.0748998950000000
2900	4.42397	2.2709890771988026	0.1931930550000000	0.0898734750000000
2902	4.68997	2.2627199234725270	0.1248091650000000	0.0955558750000000
2912	9.19568	2.2403869913873082	0.1485576800000000	0.0950715250000000
2916	4.69994	2.2539642712905059	0.1446955700000000	0.0802437550000000
2920	5.91350	2.2515413645389635	0.1374174550000000	0.0824886300000000
2922	4.44081	2.2716381396432519	0.1454190200000000	0.1247187850000000
2924	4.26997	2.2668501849941567	0.1665901700000000	0.0690313300000000
2926	4.72330	2.2563264156870875	0.1248769950000000	0.0859067400000000
2928	5.95016	2.2463919074693117	0.1681593400000000	0.0756613800000000
2932	4.04891	2.2784077422671669	0.1443052750000000	0.1040022150000000
2934	4.17539	2.2617962457914107	0.1387895150000000	0.0835958650000000
2936	5.33228	2.2524894851381276	0.1463822200000000	0.0977437350000000
2940	4.15092	2.2652809876599425	0.2217713050000000	0.0992269800000000
2942	4.72946	2.2690522382332721	0.1268000050000000	0.0834881000000000
2944	5.12695	2.2466254892662905	0.0965173150000000	0.0730026050000000
2946	8.35572	2.2359515440815039	0.1371852000000000	0.0831409300000000
2950	6.40363	2.2441120756696793	0.1536657200000000	0.0937675200000000
2952	7.48225	2.2404886586487951	0.1404196550000000	0.0989888350000000
2954	9.01194	2.2304998277069004	0.1535452700000000	0.1019516450000000
2956	4.92169	2.2604507496598050	0.1614596600000000	0.1812089500000000
2958	4.00000	2.2562877572309219	0.1359155000000000	0.0595044850000000
290	4.56983	2.2469713710919099	0.1066320900000000	0.0950424100000000
292	4.74063	2.2577602677093274	0.1083064400000000	0.0660489250000000
2962	7.04486	2.2435195517701993	0.1687502650000000	0.1178741850000000
2968	4.49799	2.2776516704550236	0.1461118300000000	0.0933749900000000
2970	10.13270	2.2341575131400111	0.1667171750000000	0.0831881600000000
2973	7.88851	2.3248183117198638	0.2447878850000000	0.1191781000000000
2974	9.21944	2.2328862749643021	0.1398826150000000	0.0686346800000000
2976	4.41979	2.2734840083080301	0.1591974250000000	0.1168698100000000
2978	5.88975	2.2408955833467386	0.1108339800000000	0.0840054300000000
2980	4.14296	2.2661013558682876	0.1375158650000000	0.1031584000000000
2982	12.90590	2.2125683202822812	0.1341194200000000	0.1073261750000000
2984	4.93568	2.2563895447835782	0.1234194850000000	0.0661584500000000
2986	4.49291	2.2680197185457653	0.1015159150000000	0.1220189700000000
2988	5.13341	2.2606196631599129	0.2041745350000000	0.1136051050000000
2990	4.25226	2.2034453040222939	0.1783087050000000	0.0568147600000000
2994	14.96590	2.2211437645440908	0.1544245600000000	0.1163347700000000
3000	8.19245	2.2343575976211993	0.1667887350000000	0.0829380700000000
3002	9.68277	2.2297596332666441	0.1327702750000000	0.0882940900000000
3003	9.68277	2.1824137548193816	0.1987553350000000	0.0659099000000000
3006	9.66154	2.2272718617065346	0.1237421600000000	0.0911896500000000
3012	4.27623	2.2792899273017611	0.1221911350000000	0.1117414300000000
3016	5.21969	2.3579159581338986	0.2267777150000000	0.0879945400000000
3018	5.26619	2.2576737870380481	0.1453143100000000	0.0977088250000000
3020	5.59896	2.2562893572898592	0.1272824250000000	0.1095064500000000
3021	5.59896	2.1462148324952564	0.1271363000000000	0.0584958100000000
3024	8.44299	2.2348075920131132	0.1515142000000000	0.1162350900000000
3026	10.30760	2.2316634341494468	0.1550972750000000	0.0886588400000000
3028	5.95873	2.2483739876363940	0.1363806150000000	0.0772830350000000
3030	8.95530	2.2330901209195133	0.1487959550000000	0.0644648100000000
3032	4.59982	2.2572319508575993	0.1302294550000000	0.0784359850000000
3034	4.74703	2.2614006600804744	0.1448268950000000	0.0692866150000000
3038	10.91730	2.2279350825028352	0.1218233850000000	0.0809407650000000
298	5.72922	2.2497459691972970	0.1306850400000000	0.0645800450000000
300	4.48033	2.2695779135591367	0.1684513800000000	0.0994012600000000
302	9.30426	2.2333549108873627	0.1325010200000000	0.0785569050000000
3040	4.47175	2.2687971765962200	0.1594133350000000	0.1039401050000000
3042	5.28955	2.2532299791947654	0.1403172500000000	0.0765056750000000
3046	4.45076	2.2752166765383848	0.1347393450000000	0.0636551550000000
3048	4.95637	2.2598435532833676	0.1185763150000000	0.0847067100000000
3050	6.73115	2.2466968970059042	0.1291971500000000	0.0818800700000000
3052	4.24874	2.2696816662097583	0.1230132200000000	0.1220226000000000
3058	5.59479	2.2496350172047181	0.1483688450000000	0.0951792050000000
3062	4.57984	2.2758755336105581	0.1440384500000000	0.0780143200000000
3064	4.72266	2.2673535228171686	0.1457819750000000	0.1029496500000000
3067	6.16990	2.2155078084176170	0.1627772750000000	0.1224772500000000
3068	4.07954	2.2639136115854717	0.1019335150000000	0.0745662200000000
3070	5.25119	2.2490661942384014	0.1542431550000000	0.0924297500000000
3072	6.56144	2.2475919109224223	0.1549528850000000	0.0481014400000000
3078	4.22833	2.2790415643341722	0.1806078250000000	0.0889784600000000
3080	5.71492	2.2559772046116051	0.1706120750000000	0.1047241500000000
3084	4.92164	2.2647847365821616	0.1167234400000000	0.0874155450000000
3088	6.05933	2.2503060183475441	0.1533732300000000	0.0646816150000000
3090	11.04760	2.1969334601141619	0.1113167050000000	0.1203769600000000
3092	9.08518	2.2302545071392519	0.1163791800000000	0.0800004650000000
3096	7.97027	2.2432164658960780	0.1853874400000000	0.0854791100000000
3097	7.97027	2.1562604074091758	0.1567340950000000	0.0806621600000000
3098	4.38017	2.2665623898672220	0.1444485350000000	0.0697554000000000
3100	6.43345	2.2503010208993057	0.1484072250000000	0.1197011950000000
3104	4.34008	2.2652153016373853	0.1314459100000000	0.0744855350000000
3110	13.23870	2.2225728664711917	0.1422870450000000	0.0895423750000000
3112	4.78521	2.2468899310474710	0.1211515550000000	0.0627252900000000
3114	4.29999	2.2690401712953268	0.1328039150000000	0.0854953600000000
3116	4.66860	2.2655819879980617	0.1453084950000000	0.0754405400000000
3118	6.78583	2.2505919940677459	0.1439513650000000	0.0632820000000000
304	4.35666	2.2680411008325176	0.1244335200000000	0.0978095800000000
310	11.78130	2.2265782851785980	0.1452063950000000	0.0988027450000000
3120	5.42970	2.2448622697520091	0.1270855700000000	0.0892753200000000
3124	4.41995	2.2596152867438293	0.1312443500000000	0.1078250050000000
3128	4.06100	2.2833834779541879	0.1587244000000000	0.1029959400000000
3130	5.00992	2.2595632197347433	0.1388777650000000	0.0664073650000000
3132	13.21360	2.2187695218275838	0.1451759600000000	0.0849033200000000
3138	4.94001	2.2609164384214475	0.1473173250000000	0.0769184750000000
3144	4.11924	2.2692099129127024	0.1848925900000000	0.1063202950000000
3146	7.78009	2.2362216412951765	0.1205923700000000	0.0623484500000000
3148	4.41958	2.2741525520498986	0.1524175300000000	0.0577082600000000
3152	4.75031	2.2530100607471364	0.1317894050000000	0.0899752050000000
3153	4.75031	2.2337980143299325	0.1842878100000000	0.1601521250000000
3154	6.13193	2.2436855860462170	0.1476713550000000	0.1124258900000000
3160	4.38829	2.2673313845627190	0.1356368250000000	0.0851636100000000
3162	4.47027	2.2657693695513101	0.1844112900000000	0.0441611900000000
3164	5.20138	2.2542225554074617	0.1275155350000000	0.0858873850000000
3166	4.20967	2.2730324809796101	0.1363901150000000	0.1084530200000000
3168	4.81774	2.2614053769365836	0.1292640050000000	0.0859232850000000
3170	4.60942	2.2687831892438144	0.1424140800000000	0.1140482350000000
3172	4.35084	2.2683839907743342	0.1330040550000000	0.0887240950000000
3174	5.11026	2.2603613212496221	0.1770568900000000	0.1217135000000000
3176	4.34000	2.2664732014049322	0.1514124250000000	0.0955058150000000
3180	4.29221	2.2685629518823043	0.1424430300000000	0.0685098000000000
3182	5.62373	2.2578627264006395	0.1327354350000000	0.0313048050000000
3184	6.99027	2.2421921401714595	0.1387535800000000	0.1136046900000000
3186	5.89004	2.2549901025672177	0.1676385050000000	0.0478302250000000
3190	4.31221	2.2717178058524148	0.1477403550000000	0.1258061950000000
3192	5.32008	2.2562515333510427	0.1147989400000000	0.0799545300000000
3194	4.17145	2.2698257040647349	0.1712354900000000	0.1295916850000000
312	6.42442	2.2484168401013540	0.1434546150000000	0.0992852500000000
315	5.20148	2.1656299390080669	0.2099314400000000	0.3920627050000000
316	8.45468	2.2359553453436214	0.1301576900000000	0.0721570150000000
318	4.10089	2.3819489380038386	0.2577410050000000	0.1467025150000000
24	6.39008	2.2443061511034226	0.1444802200000000	0.1012861550000000
26	6.09737	2.2496656933115089	0.1224867150000000	0.0874026900000000
28	5.95941	2.2441833505752742	0.1306019300000000	0.0927068750000000
30	4.08821	2.2718655606680556	0.1179701100000000	0.1115192900000000
320	11.69890	2.2296287208793704	0.1410405200000000	0.0694763750000000
322	4.72290	2.2634214878385950	0.1400288800000000	0.0856961700000000
324	5.87348	2.2385189841989153	0.1570242050000000	0.0955272400000000
326	6.53933	2.2476687312225101	0.1509294750000000	0.0807280250000000
328	6.99964	2.2454071740097876	0.1591307100000000	0.1055197550000000
330	4.00913	2.2746094453065138	0.1329070850000000	0.1195580900000000
332	5.18578	2.2602411388721722	0.1395364500000000	0.0503989350000000
334	4.27849	2.2707207338128446	0.1380445800000000	0.0836054350000000
336	4.86590	2.2602739067199780	0.1670172500000000	0.1147267350000000
338	4.59223	2.2751818331942060	0.1629949850000000	0.1056689800000000
340	7.84714	2.2347980193657131	0.1559548700000000	0.1109233850000000
342	5.06002	2.2564213132036786	0.1376526850000000	0.0935678000000000
344	5.97000	2.2270205768692439	0.1152720450000000	0.1160286450000000
354	12.23160	2.2350522578949468	0.1637505350000000	0.0798898600000000
356	5.38920	2.2594027448492837	0.1347095100000000	0.1125427800000000
358	6.98731	2.3056708612052677	0.1929653900000000	0.1316950950000000
362	4.48027	2.2680676409304392	0.1318385150000000	0.1030868500000000
364	5.02670	2.2546226710249413	0.1245381400000000	0.0637637000000000
366	4.28634	2.2596454501074219	0.1535577050000000	0.1032659800000000
368	4.57993	2.3993994018394482	0.2339232250000000	0.0966483750000000
372	4.99183	2.2662635132526905	0.1854758550000000	0.0704522700000000
374	7.54955	2.2437326140712446	0.1582470150000000	0.0861697050000000
376	4.88651	2.2669518724112638	0.1007822800000000	0.0844418250000000
378	8.36841	2.2370928510048209	0.1701509250000000	0.0923208950000000
380	5.25044	2.2587511896700119	0.1298542450000000	0.0518148550000000
382	5.55295	2.4053457377267962	0.2599067650000000	0.1517104600000000
386	8.63574	2.2380135928053497	0.1393817800000000	0.0786139550000000
388	5.01801	2.2555082112395888	0.1339937550000000	0.0843674600000000
390	4.07706	2.2757886659888467	0.1508971000000000	0.0821669250000000
392	4.76010	2.2586338177184193	0.1240298050000000	0.1180287550000000
394	4.96945	2.2638797419313774	0.1071194550000000	0.0818464650000000
396	5.97077	2.2513670699171615	0.1467376050000000	0.1239673350000000
32	5.00000	2.2578654407861793	0.2005510500000000	0.1081737550000000
34	4.59597	2.2626892859376802	0.1783067700000000	0.0891000950000000
36	11.42750	2.2196856162289182	0.1392993750000000	0.1286213250000000
37	11.42750	2.1958139576649134	0.2063464650000000	0.1205768200000000
38	7.71594	2.2420822848581423	0.1376261400000000	0.0465956700000000
400	13.25910	2.2239776156248272	0.1476422450000000	0.1068684800000000
402	4.80712	2.2151952311104846	0.1858555600000000	0.1169863450000000
404	5.17820	2.2574820098460417	0.1584147450000000	0.0624863200000000
408	4.83876	2.2592417938940224	0.1305538300000000	0.0918145250000000
416	19.16470	2.2153535922536172	0.1593670950000000	0.1074215550000000
418	4.62812	2.2526269418600844	0.1596918500000000	0.1440072400000000
420	10.91070	2.2281900416616254	0.1615032600000000	0.0920324250000000
422	4.49919	2.2661623356753307	0.1854110150000000	0.1109607050000000
424	4.41018	2.2719238113728535	0.1718972300000000	0.1225626550000000
426	4.14775	2.3279743742036669	0.1944550750000000	0.1340255450000000
428	4.01005	2.2800764547111343	0.1288579350000000	0.0617672450000000
432	12.00770	2.2265405293768437	0.1422323650000000	0.1168531500000000
433	12.00770	2.4467967458289963	0.3148268800000000	0.1304165350000000
440	4.69001	2.2444891513514587	0.1344261700000000	0.1091961100000000
442	5.97021	2.2480529843859847	0.1578956700000000	0.1471183750000000
444	4.01200	2.2651395865012081	0.1582500950000000	0.1029329300000000
446	3.99999	2.2704825776195774	0.1097647550000000	0.0696879350000000
448	4.38024	2.2614353256618536	0.1688108100000000	0.0998949850000000
450	10.69890	2.2228517655117104	0.1140895250000000	0.0879102000000000
451	10.69890	2.1739411499575438	0.1226559150000000	0.1119641300000000
452	5.10067	2.2580269990149944	0.1472677000000000	0.0899521150000000
454	5.28648	2.2618855746482649	0.1527702400000000	0.0390653350000000
456	7.52274	2.2445088236056683	0.1402769700000000	0.0917013100000000
458	5.24962	2.2406601883400188	0.1564382400000000	0.0533002050000000
460	4.80720	2.2622616364661803	0.1428353950000000	0.0952548600000000
462	5.32730	2.3215865314407944	0.2095407900000000	0.1464972850000000
464	4.45389	2.2291392379510166	0.1803875550000000	0.0934197950000000
466	5.10844	2.2630801090514558	0.1641919400000000	0.1067701700000000
468	4.35962	2.3049449386942742	0.1852383900000000	0.1246880550000000
470	4.69002	2.2620203215059109	0.1256621350000000	0.0760464150000000
472	5.52889	2.2533376337776976	0.1216714550000000	0.0875118400000000
473	5.52889	2.3063288826018447	0.2472533900000000	0.0712139300000000
474	5.01269	2.2597775224793724	0.1703838050000000	0.1089047050000000
476	4.28973	2.2555992441164090	0.1189691600000000	0.0836913850000000
40	4.72137	2.2654281378686196	0.1461219650000000	0.1179552600000000
42	5.30174	2.2494163296522403	0.1665027400000000	0.0828450600000000
46	4.86181	2.2621609878227953	0.1648456100000000	0.1049990100000000
480	9.18256	2.2309214728235967	0.1151792550000000	0.0817327550000000
484	4.84521	2.2628708828966282	0.1798271300000000	0.0827615100000000
486	5.16271	2.2589329139143488	0.1524367700000000	0.1315957800000000
488	6.47736	2.2467253339870283	0.1425696750000000	0.1008197400000000
490	6.05020	2.2576591616342170	0.1543010850000000	0.1032381000000000
492	4.09257	2.2522220513514317	0.1462465500000000	0.0362670600000000
494	8.00877	2.2386257435711245	0.1304782700000000	0.0915955550000000
500	9.56550	2.2332926648298188	0.1308201400000000	0.0811551350000000
501	9.56550	2.1958558046849825	0.1693325350000000	0.0698334500000000
502	4.17605	2.2615079960321980	0.1368965000000000	0.0883285250000000
506	4.44068	2.2546761177517674	0.1421903550000000	0.0825752900000000
512	4.50597	2.2650559430424027	0.1286522750000000	0.1072467100000000
514	5.80851	2.2506337830559247	0.1373959250000000	0.0939910600000000
516	5.57690	2.2558115748997802	0.1398485550000000	0.1147214850000000
520	4.83509	2.2538442952849453	0.1268759400000000	0.0939159450000000
522	4.93996	2.2634296598443520	0.1688738800000000	0.0903184600000000
524	5.93792	2.2549085280856249	0.1509805050000000	0.0543953300000000
528	5.22447	2.2532621989983483	0.1157853550000000	0.0955465450000000
530	7.65335	2.2374322166624658	0.1406413400000000	0.0942075000000000
532	4.49980	2.2712997323475226	0.1658789850000000	0.0996893000000000
534	4.17992	2.2687208811148416	0.1226217100000000	0.0705101200000000
544	8.30517	2.2771378131287969	0.1967358250000000	0.1182090500000000
546	4.66661	2.2587629759150398	0.1418176050000000	0.0846371750000000
548	4.13510	2.2703153149652584	0.1092651200000000	0.1030030000000000
550	5.97092	2.2489000670848434	0.1021844550000000	0.0662672050000000
553	4.13999	2.4185363626660479	0.3166963500000000	0.0445718800000000
554	4.87395	2.2563713270697883	0.1207210850000000	0.0777999200000000
556	5.28839	2.2517918103292693	0.1522749750000000	0.1110194500000000
558	4.91079	2.2556873522662721	0.1773683550000000	0.1306372000000000
48	5.98162	2.2522918319759073	0.1586311150000000	0.1046199950000000
50	4.65639	2.2407013771354056	0.1377374600000000	0.1059944150000000
52	16.74470	2.2153973893404766	0.1424175150000000	0.0437244150000000
560	6.12474	2.2513093884609834	0.1615044850000000	0.1507137750000000
562	5.92542	2.2377818626182084	0.1084069650000000	0.0863113050000000
564	5.28955	2.2554072868066553	0.1531214850000000	0.0970756900000000
568	5.29829	2.2562992196372300	0.1492933200000000	0.1357523300000000
570	13.32050	2.2272429070397308	0.1453219000000000	0.0984185250000000
572	8.19246	2.2323739909867002	0.1513190400000000	0.0509954650000000
574	5.42940	2.2534176437359270	0.1481206950000000	0.1030930600000000
576	5.51229	2.2487760433450816	0.1204814550000000	0.0750841000000000
578	6.71299	2.2485145620629865	0.1536058550000000	0.0780594250000000
580	7.37675	2.2395110452269451	0.1567201600000000	0.0999631350000000
582	4.27199	2.2623151845027190	0.1334070300000000	0.0979807350000000
588	4.95559	2.2565690110026102	0.1726324350000000	0.0908810450000000
590	10.20320	2.4120343710813033	0.2477395100000000	0.1171136900000000
592	5.47005	2.2507058249086818	0.1606777600000000	0.1022735050000000
594	4.59101	2.2665092951237691	0.1644251750000000	0.1035787750000000
598	6.13030	2.2404187134723670	0.1275829350000000	0.0925083850000000
602	4.91992	2.2659777268563968	0.1310050850000000	0.0893013800000000
604	7.96701	2.2288056729245116	0.1318436250000000	0.0766697600000000
606	4.24997	2.2835055715962955	0.2264992200000000	0.0914524450000000
612	15.79580	2.2072081325175250	0.1485140150000000	0.1088959000000000
614	7.96823	2.2386568757579246	0.1257037750000000	0.0622180900000000
616	5.75065	2.2411159597645156	0.1668741550000000	0.0729387850000000
618	5.39051	2.2531180202880394	0.1586922200000000	0.0979747100000000
620	4.99862	2.2592097633071591	0.1889295450000000	0.0572710100000000
622	4.00730	2.2760175039660608	0.1260959550000000	0.1055581250000000
624	5.00235	2.2384786752157551	0.1326044350000000	0.0675101000000000
626	7.71899	2.2407481157126856	0.1567034600000000	0.1313225850000000
628	7.78068	2.2389465007504534	0.1322670550000000	0.0972554050000000
630	7.58673	2.2291375435011269	0.0683912350000000	0.1010085100000000
632	4.51447	2.2520947110332989	0.1680443950000000	0.0820960800000000
638	5.39993	2.2614067759715000	0.1181060700000000	0.0712859100000000
56	4.27006	2.2769377270579381	0.1516458700000000	0.0963399650000000
60	4.04813	2.2745071563595576	0.1379244500000000	0.0604877650000000
640	6.60590	2.2497053811629217	0.1750892250000000	0.1066661950000000
642	5.30005	2.2660153310269351	0.1849155100000000	0.1323258950000000
644	4.20982	2.2628753102383681	0.1348488600000000	0.0648518550000000
646	5.04993	2.2582083506294670	0.1329085100000000	0.0804684900000000
648	5.16018	2.2563734431243248	0.1458481900000000	0.1412357400000000
650	5.68948	2.2508318345031939	0.1472614750000000	0.0511238050000000
658	11.91340	2.2312213610807548	0.1592258250000000	0.0907516600000000
660	4.39697	2.2715696920068758	0.1763158750000000	0.0828589600000000
662	4.80723	2.2593823650480438	0.1225236350000000	0.0796826250000000
664	4.25844	2.2575512783106295	0.1448569050000000	0.0584376000000000
666	4.26001	2.2710478552673132	0.1535191500000000	0.0941960300000000
668	6.19983	2.2485410708643578	0.1411553750000000	0.1038741200000000
672	8.53196	2.2894437669570693	0.2015240950000000	0.0923152850000000
673	8.53196	2.6116894047140033	0.2047640200000000	0.1095698500000000
674	6.29109	2.3104663610465854	0.2391999050000000	0.1247513200000000
680	5.55312	2.2504960492272841	0.1498098300000000	0.0701919500000000
684	4.81861	2.2587869493880710	0.1144660800000000	0.0829695400000000
686	6.88888	2.2396411182505616	0.1637083800000000	0.0568233550000000
690	8.86501	2.2294431675773527	0.1064795050000000	0.0772141350000000
692	4.72836	2.2678798683860859	0.1495530250000000	0.1101919800000000
694	4.26026	2.3691322661865821	0.2551726350000000	0.1122319300000000
696	7.24264	2.2391434226743150	0.1351428200000000	0.0663770050000000
700	6.63621	2.2456047459757551	0.1371539800000000	0.0556498950000000
702	4.01006	2.2637123885819013	0.1606553550000000	0.1628166000000000
704	4.18303	2.2587361845172569	0.2057261750000000	0.1235292250000000
706	4.21997	2.2755585331038284	0.1463592650000000	0.0401867950000000
710	4.99021	2.2654532406700101	0.1446008150000000	0.0876213750000000
712	4.16844	2.2852641506313356	0.1491383950000000	0.1035870250000000
714	4.85701	2.2578819682447531	0.1629481450000000	0.0972400400000000
718	4.49795	2.2645718139563824	0.1615800200000000	0.0535091300000000
64	4.05404	2.2718820362599081	0.1358248250000000	0.0795249800000000
66	4.12811	2.2719712373935455	0.1541140200000000	0.1028304600000000
70	4.99201	2.2611183723655013	0.1360694450000000	0.0834324650000000
720	4.86081	2.2677256138357933	0.1428630500000000	0.0954044500000000
722	9.55964	2.2320406874826904	0.1144777500000000	0.0795007200000000
724	5.58146	2.2465138644223659	0.1417399000000000	0.0597703200000000
726	4.48954	2.2548327145040417	0.1563675500000000	0.1193793250000000
728	5.37312	2.2534279491639486	0.1107943450000000	0.1093242700000000
730	4.04598	2.2772435548410135	0.1168322450000000	0.1152314800000000
734	5.81957	2.2511394969823342	0.1502098100000000	0.1198735150000000
738	4.39812	2.3309982153584818	0.1976339850000000	0.1454582350000000
740	5.73561	2.2577357508445965	0.1760297150000000	0.0772800900000000
741	5.73561	2.1682882738436278	0.1248407700000000	0.1101227650000000
742	4.34562	2.2569072224641262	0.0900506800000000	0.1045250050000000
746	5.02036	2.2650858940508058	0.1690488200000000	0.0736264150000000
748	10.29080	2.2323714616626469	0.1481580950000000	0.0739166700000000
752	7.13508	2.2441110156869053	0.1615561650000000	0.1506183450000000
754	4.57918	2.2639044918439462	0.1617294350000000	0.1087521950000000
762	4.49133	2.2637038556577989	0.1464864300000000	0.0638554600000000
766	6.03861	2.2515568655135114	0.1368695400000000	0.0786080600000000
768	6.49957	2.2393879539722485	0.1145092250000000	0.0926896550000000
772	4.01021	2.2462339142416861	0.1022677750000000	0.0917546050000000
774	4.84509	2.2506528158248962	0.1376761400000000	0.1006481300000000
776	6.40735	2.2429294793415919	0.1243419250000000	0.0875792800000000
778	6.98751	2.2465482864629447	0.1307232100000000	0.0841088850000000
782	5.28004	2.2521606876917373	0.1598088450000000	0.1186291150000000
784	6.20121	2.2496129254165287	0.1474799500000000	0.0696941750000000
786	6.00964	2.2473562437524284	0.1062721000000000	0.0759947250000000
788	5.78503	2.2438568479016050	0.1193372650000000	0.0996238000000000
790	5.27576	2.2513973986214246	0.1510664300000000	0.1089598100000000
792	4.44731	2.2603192138500909	0.1205730500000000	0.0943035000000000
796	5.91367	2.2426276793968922	0.1423492800000000	0.0837240650000000
798	4.83879	2.2562664042428202	0.1229174200000000	0.0532631700000000
72	9.58719	2.2347804987111695	0.1425288850000000	0.0625443400000000
76	4.73062	2.2584310448361760	0.1307581150000000	0.0865004650000000
78	5.98490	2.2426733738252085	0.1240090700000000	0.0885434150000000
