0	147.49000	2.2862671367254910	0.2130612250000000	0.0923475950000000
4	4.35645	2.2687809070085883	0.1446367050000000	0.1045647600000000
6	4.69902	2.2672809700124623	0.1249885700000000	0.1120164400000000
802	9.13833	2.2329808159907638	0.1135925750000000	0.0798379000000000
808	4.77777	2.2713427622752755	0.1658884750000000	0.1003616400000000
810	4.50192	2.2751085077633850	0.1483857800000000	0.0681911650000000
812	4.12992	2.2817524354447345	0.1360609900000000	0.1436979300000000
814	5.51014	2.2703641936720094	0.1619943200000000	0.1165213700000000
816	4.70120	2.2547007092763409	0.1465040100000000	0.1173833100000000
820	5.49543	2.2428230956869486	0.2337563000000000	0.1221092000000000
822	4.02000	2.2848555837056312	0.1513268650000000	0.0685518500000000
824	5.48187	2.2441101691941570	0.1623958000000000	0.1023971650000000
826	5.02823	2.2590842549311643	0.1590150950000000	0.1021422350000000
828	4.39944	2.2716691191688474	0.1454270100000000	0.1096897200000000
830	4.76516	2.2675153864616329	0.1410588150000000	0.0873195500000000
834	4.69003	2.2664373777399978	0.1382891750000000	0.0470148050000000
836	9.14174	2.2238457340992306	0.1593748300000000	0.1075752850000000
838	11.07470	2.2317184268411201	0.1520602300000000	0.1030145200000000
842	7.66761	2.3644642168654491	0.2488388000000000	0.1767337500000000
844	5.82782	2.2441666605201354	0.1423523950000000	0.0809159900000000
846	4.41559	2.2546485421268767	0.1387665800000000	0.0594073550000000
850	5.91751	2.2517592878802977	0.1291423550000000	0.0824204100000000
856	4.41190	2.2619682578929852	0.1361050850000000	0.0632427300000000
858	4.98057	2.2598300805108549	0.1084090900000000	0.1077451550000000
860	4.86085	2.2527120240728586	0.1341478800000000	0.0931021450000000
862	4.83234	2.2689747527484898	0.1667228050000000	0.1004379250000000
864	4.09047	2.2655991343021968	0.1395632600000000	0.0711858000000000
866	4.16608	2.2668733483632391	0.2015321750000000	0.1199915450000000
872	4.02906	2.2659869130912114	0.1247974400000000	0.0814071200000000
878	4.54933	2.2647957286998888	0.1242097250000000	0.0557809800000000
80	5.11851	2.2498991046681320	0.1428477200000000	0.0627420550000000
82	4.14228	2.2592365618708228	0.1723937350000000	0.1121695550000000
84	6.99024	2.2517183896692616	0.1625819950000000	0.1021951500000000
882	4.12996	2.2385725816939592	0.1869275250000000	0.0846907300000000
886	4.24842	2.2741616065516284	0.1614469950000000	0.0994045000000000
888	6.76593	2.2435213378132155	0.1594643000000000	0.0811762500000000
890	4.95505	2.2498952725364774	0.1222359300000000	0.0809419350000000
894	9.01225	2.2353100754106170	0.1208257400000000	0.0926371300000000
896	4.86598	2.2595315315752140	0.1333170650000000	0.0813514400000000
900	4.50584	2.2595934083869351	0.1284446350000000	0.0864578750000000
902	4.70921	2.2616968171058218	0.1254174300000000	0.1160341600000000
904	4.73006	2.2704077437949666	0.1406833200000000	0.0690546350000000
906	7.99125	2.2344186454970760	0.1245327000000000	0.1045234900000000
908	5.04026	2.3137459861279095	0.2059108300000000	0.1094587800000000
910	4.24570	2.2526575368169732	0.1681051850000000	0.0830395250000000
920	4.84378	2.2596467219092902	0.1365387650000000	0.1305470300000000
922	4.80728	2.2782440940096902	0.1919721250000000	0.1342826900000000
932	4.53006	2.2586412413300638	0.1230762450000000	0.0865347250000000
934	4.34599	2.3280656936428401	0.2143481000000000	0.0606271400000000
938	4.13974	2.2708264581521806	0.1560829350000000	0.1063758050000000
940	4.62017	2.2555573541195684	0.1714527450000000	0.0914889150000000
942	4.78462	2.2612920677076027	0.1221775750000000	0.0720588850000000
944	4.71987	2.2729913705843479	0.1270961900000000	0.0632201250000000
946	6.24975	2.2312776025835879	0.1168927900000000	0.0996058900000000
948	4.02000	2.2707420909548004	0.1483121250000000	0.1111655500000000
950	10.71510	2.2267433515765784	0.1266602200000000	0.0917492300000000
954	8.53221	2.2378294625147293	0.1671732800000000	0.1133289550000000
956	4.00829	2.2720222016079079	0.1583869600000000	0.1379631050000000
958	16.47030	2.2209567194230058	0.1093656400000000	0.0884294700000000
88	5.11225	2.2472184546457465	0.1392796850000000	0.0950938950000000
94	6.88144	2.2482465745239377	0.1455772700000000	0.0536924300000000
960	5.30527	2.1797170313419278	0.1799399400000000	0.0912292250000000
962	4.08396	2.2755957991125584	0.1337309200000000	0.1094668350000000
970	5.00324	2.2574765401322430	0.1500717450000000	0.0994100450000000
974	5.07010	2.2562412519087265	0.1229781250000000	0.0609197050000000
976	6.08247	2.2457140552756902	0.1656036150000000	0.0913773100000000
978	5.95959	2.2496872693726586	0.1383212400000000	0.1006798350000000
980	4.01998	2.2715397539458242	0.1027080150000000	0.0642356800000000
982	4.16579	2.2539433333617143	0.1577809650000000	0.0945681750000000
984	4.28682	2.2685252069248119	0.1321929000000000	0.0682633650000000
988	5.02105	2.2638253134617186	0.1465164100000000	0.0883117350000000
990	4.13117	2.3159918456521935	0.2028591300000000	0.1382654300000000
994	5.46914	2.2625089977599617	0.1710838550000000	0.1317197300000000
996	4.81901	2.2590982639973012	0.1684231850000000	0.0718354950000000
998	4.05999	2.2508381052019750	0.0974159550000000	0.0956306000000000
1000	6.84932	2.2479001565384040	0.1639632450000000	0.0573521050000000
1002	4.06005	2.2737491052014653	0.1285603050000000	0.0578743750000000
1004	4.05646	2.2750023966258697	0.1568154300000000	0.1195163150000000
1006	4.73002	2.2609713430430438	0.1590677800000000	0.0784098200000000
1008	10.74660	2.2288191367542911	0.1490029650000000	0.0732086200000000
1009	10.74660	2.1650259101035174	0.1432867450000000	0.0493010950000000
1010	7.48502	2.2382174798241503	0.1791224600000000	0.0797655400000000
1014	4.79428	2.2681658892165162	0.1358004900000000	0.0646715000000000
1016	5.42450	2.2581061022560065	0.1183069700000000	0.0901820700000000
1018	4.35595	2.2668408875687578	0.1447457700000000	0.1215014150000000
1020	4.59215	2.2580918075804646	0.0935387750000000	0.0605412400000000
1024	4.11828	2.2696948114071427	0.1492070200000000	0.1045905050000000
1026	5.42788	2.2520137462943159	0.1453970950000000	0.0589584550000000
1032	5.37206	2.2552970895496660	0.1468031000000000	0.0962610200000000
1036	6.19163	2.2448438945189237	0.1445369000000000	0.0819790200000000
1038	20.58720	2.2107312925294162	0.1410708400000000	0.0996043800000000
96	4.49598	2.2195371700496951	0.1685296600000000	0.1180361850000000
100	4.44442	2.2558901643247262	0.1549750950000000	0.0862434000000000
102	11.84740	2.2264065842257210	0.1429190900000000	0.0686538500000000
103	11.84740	2.1799651801174029	0.1616921550000000	0.0786607500000000
1042	8.97676	2.2373573547230228	0.1487348000000000	0.0862525700000000
1044	7.71618	2.2382002837559551	0.1547219800000000	0.1262237150000000
1048	7.04994	2.2472203204245917	0.1444781200000000	0.1152548150000000
1050	4.79443	2.2504456280009864	0.1245071350000000	0.1109598750000000
1054	5.00964	2.2586144406989321	0.1771682750000000	0.0959758500000000
1056	13.19180	2.2436907039270158	0.1604009750000000	0.0418086850000000
1058	5.16946	2.2546709474938202	0.1201474000000000	0.0857738750000000
1060	4.42420	2.2681607611980863	0.1176140000000000	0.1071715800000000
1062	7.52754	2.2414539332415360	0.1334557650000000	0.0931778500000000
1064	4.13375	2.2751211602625165	0.1268076000000000	0.0899823350000000
1068	4.03979	2.2767915667381082	0.1524855400000000	0.1029794200000000
1070	5.57741	2.2696997675812676	0.2121423450000000	0.1364709600000000
1074	5.15909	2.2550366185835289	0.1592660350000000	0.1177772200000000
1076	4.75638	2.2543523720360854	0.1640070700000000	0.0831365500000000
1078	9.13998	2.2317465190043930	0.1511183500000000	0.0926552850000000
1080	6.88055	2.2447298759863443	0.1598875300000000	0.0743023300000000
1084	4.39977	2.2674274040188456	0.1669441450000000	0.1216024950000000
1092	4.06107	2.2649425344963050	0.1337407550000000	0.1067273350000000
1094	5.02848	2.2643606681435453	0.1251138500000000	0.0813305850000000
1096	4.94043	2.2641931991519444	0.1413662500000000	0.0843768750000000
1098	4.99017	2.2545439812652792	0.1202820800000000	0.0681441400000000
1100	6.64546	2.2399688119189252	0.1326454650000000	0.0884122000000000
1104	4.56992	2.2629718111954458	0.1412383500000000	0.0497111000000000
1106	5.56954	2.2472254910234004	0.1685480700000000	0.0909262600000000
1114	6.80212	2.2465906975873096	0.1490645600000000	0.0710737050000000
1116	4.09318	2.2229251128381806	0.1976283750000000	0.1159321200000000
1118	4.94317	2.2619088273646626	0.1203498800000000	0.1217680450000000
104	4.17470	2.2719946837596390	0.1056408950000000	0.0806996500000000
106	4.24173	2.2650026943435213	0.1335335450000000	0.0923168000000000
108	6.74909	2.2511382691286079	0.1769221400000000	0.1185513850000000
110	4.95835	2.2629782303101709	0.1322742300000000	0.1069225400000000
1120	6.15791	2.2430387889818171	0.1484634000000000	0.0885649900000000
1122	4.50022	2.2546066222071595	0.1459406950000000	0.1175552350000000
1126	4.63993	2.2721476542545029	0.1671005050000000	0.1045176100000000
1128	4.73005	2.2699977316215434	0.1291824900000000	0.0767687850000000
1130	6.62189	2.2419193526254113	0.1368647200000000	0.0845262100000000
1132	4.82357	2.2656006515977394	0.1285901800000000	0.0995770300000000
1134	4.49785	2.2684437980882413	0.1221675250000000	0.0884884750000000
1136	4.52370	2.2645329158983554	0.1544299150000000	0.0641588600000000
1138	4.57963	2.2732261863283094	0.1663993600000000	0.1018177400000000
1140	4.33156	2.2693406554135382	0.1172495950000000	0.0537177650000000
1142	5.77021	2.2448173037111334	0.1460108800000000	0.1169555050000000
1148	4.34715	2.2756051745508117	0.0907471000000000	0.1198025600000000
1150	4.29202	2.2695802283491942	0.1395400450000000	0.0781314650000000
1152	6.15727	2.2420376230566799	0.1484871550000000	0.1010850800000000
1156	4.92139	2.2695281142049346	0.1446857000000000	0.0730009050000000
1158	4.44046	2.2626084326234430	0.1436600150000000	0.1161348350000000
1168	4.99998	2.2619163734884937	0.1414254800000000	0.0822589900000000
1170	4.44863	2.2622075593451849	0.1727099800000000	0.1165515100000000
1172	7.77621	2.2218712748697889	0.1102501550000000	0.0724086900000000
1176	8.82243	2.2313864546594782	0.1163405250000000	0.0940833900000000
1180	6.98595	2.2425831457585783	0.1317623450000000	0.0975684050000000
1182	4.13498	2.3616620654934950	0.2846114250000000	0.1481706750000000
1186	4.49995	2.2683384267310620	0.1472791950000000	0.0956273000000000
1190	9.36204	2.2328091832977659	0.1501649750000000	0.0841939000000000
1192	4.60472	2.2661549916942403	0.1641054050000000	0.0395623500000000
1194	5.00000	2.2583723380618581	0.1565264200000000	0.0785726750000000
1197	4.78462	2.2076054400594471	0.1609338250000000	0.0812356450000000
112	4.34973	2.2726486270760393	0.1285261100000000	0.1086215350000000
114	5.67070	2.2503900618400761	0.1550367650000000	0.0616806500000000
118	4.02935	2.2738185467355692	0.1195345550000000	0.0771459450000000
1200	7.75231	2.2350289492868751	0.1545600950000000	0.1168509200000000
1202	4.35313	2.2648539111981822	0.1449901250000000	0.0942120450000000
1204	6.77997	2.2455840634561519	0.1512754050000000	0.0878557600000000
1206	6.99988	2.2465540254512351	0.1334948650000000	0.0994245300000000
1212	4.82000	2.3263119426917167	0.1939107850000000	0.0889027200000000
1214	10.74680	2.2300187885627625	0.1250493200000000	0.0660836300000000
1216	4.93969	2.2497940782564672	0.1426046550000000	0.0921240650000000
1218	7.34905	2.2316436320995510	0.1650838700000000	0.1155034800000000
1220	12.93590	2.2215377946311263	0.1498889600000000	0.1160811700000000
1222	4.15682	2.2735892824184316	0.1623316450000000	0.1138028700000000
1224	4.57009	2.2658482063138514	0.1837531150000000	0.0771760400000000
1226	4.35377	2.2398636771170577	0.1332600400000000	0.0747525450000000
1228	4.42998	2.2585105039454354	0.0942027900000000	0.0797550350000000
1230	5.20353	2.2558374103566159	0.1591916600000000	0.0865550650000000
1232	4.57896	2.2673985337269893	0.1591072950000000	0.1021558350000000
1234	5.14180	2.2559331973369141	0.1539497600000000	0.1037109700000000
1236	4.22672	2.2646327681124179	0.1142909450000000	0.0961736650000000
1240	6.10483	2.2484841419029009	0.1435104200000000	0.0724674950000000
1242	5.75275	2.2510840588014815	0.1588198750000000	0.1413395300000000
1244	4.25318	2.2734337200166221	0.1346119000000000	0.0820478800000000
1246	4.67784	2.2670749497645444	0.1145911350000000	0.0580488200000000
1248	4.14212	2.2743920493782013	0.1100075850000000	0.0633662350000000
1250	7.39761	2.2359421455460295	0.1559222450000000	0.0995588700000000
1252	4.82270	2.2666573719139689	0.1383035400000000	0.0794622050000000
1254	4.41000	nan	nan	0.0000000000000000
1256	5.28996	2.2678046187258594	0.1666475550000000	0.0424673300000000
1258	6.13964	2.2426111350359466	0.1292569400000000	0.1076249850000000
1260	5.95341	2.2879382610709067	0.2034052700000000	0.1317763400000000
1264	4.59321	2.2678372858415243	0.1322011950000000	0.0619771150000000
1266	4.18517	2.3626012500191389	0.2328567900000000	0.1408132500000000
1268	7.77916	2.2414262727024497	0.1430320900000000	0.1118737150000000
1270	5.12282	2.2563579430103418	0.1209651550000000	0.1252263600000000
1274	7.78094	2.2273828529758366	0.1578151850000000	0.0522738350000000
1276	6.23931	2.2483039989397304	0.1328395250000000	0.0480037200000000
120	4.49998	2.2782309356697987	0.1818582350000000	0.1013613500000000
122	4.12503	2.2695283063559417	0.1472156400000000	0.1315602300000000
126	4.67039	2.2659561630819458	0.1188185050000000	0.0562790350000000
1280	4.86258	2.2556502860162717	0.1887312350000000	0.0807152950000000
1282	9.14179	2.2352092707815889	0.1340041800000000	0.0905820350000000
1284	8.93260	2.2386663076450621	0.1475772500000000	0.1186164250000000
1286	16.78930	2.2188743198462495	0.1401311700000000	0.0799762600000000
1288	4.10059	2.2679999497156955	0.1446505100000000	0.1153270100000000
1290	4.41996	2.2693310214426448	0.1809888350000000	0.1330471050000000
1294	41.53440	2.2049702650244543	0.1397280900000000	0.0908799650000000
1295	41.53440	2.3053847038247341	0.2098252800000000	0.1604456050000000
1296	4.83472	2.2554487878849439	0.1807536650000000	0.0992543200000000
1298	4.20010	2.2717261363903458	0.1390638600000000	0.1012779750000000
1300	5.56063	2.2625056194626549	0.1500464350000000	0.1045046600000000
1306	26.52460	2.2114130623592518	0.1490419550000000	0.0508246050000000
1308	5.28082	2.2553648925087391	0.1614882850000000	0.0893698450000000
1310	4.21926	2.2859392894662611	0.1383706700000000	0.0948924250000000
1312	4.92507	2.2611420414038856	0.1361139800000000	0.0801220950000000
1316	8.20009	2.2271520739420816	0.0991584100000000	0.0820602200000000
1320	4.50593	2.2631613732843543	0.1191600800000000	0.1113872150000000
1322	4.92764	2.2615456457686300	0.1264542800000000	0.1079663650000000
1324	4.19051	2.2720270608216286	0.1370681850000000	0.0984923900000000
1328	6.31772	2.2396540956211881	0.1296684000000000	0.0702482250000000
1330	4.42435	2.2711971344573429	0.1165259850000000	0.0996952300000000
1334	6.43223	2.2466170345338261	0.1270435550000000	0.0770132700000000
1336	5.40002	2.2559376362614656	0.1802262400000000	0.0841423000000000
1338	4.29983	2.2729755697634468	0.1145649850000000	0.0898709350000000
1340	4.74091	2.2262841078921376	0.0867278350000000	0.1346206950000000
1346	4.12469	2.2681843686341896	0.1136913300000000	0.0973383650000000
1348	4.19133	2.2699570333744576	0.1175334850000000	0.0922091450000000
1352	6.49995	2.2484193385426012	0.1254856600000000	0.0861479950000000
1354	4.93868	2.2640114250461316	0.1378342950000000	0.1409419100000000
1356	5.16798	2.2619300020491417	0.1530171450000000	0.0606051750000000
132	4.26004	2.2712773907187951	0.1435769900000000	0.1204309000000000
1360	4.34000	2.2717877987971673	0.1212875400000000	0.0673983050000000
1362	4.19857	2.2702178485299576	0.1125867700000000	0.0823197500000000
1366	4.28500	2.2769756286713920	0.1381488800000000	0.0545367900000000
1368	4.33103	2.2667321923610531	0.1810452650000000	0.0791250450000000
1370	5.01810	2.2685601549473464	0.1351949750000000	0.0834273700000000
1372	4.83900	2.2609765036782141	0.1055344050000000	0.0656680350000000
1374	11.70160	2.2281897765450465	0.1275955800000000	0.0732767050000000
1376	4.18779	2.2684349384611524	0.1114076100000000	0.0670456300000000
1380	4.47979	2.2673046825134713	0.1322490800000000	0.0894264200000000
1382	4.19429	2.2751404604959111	0.1515116750000000	0.0785112800000000
1384	4.74990	2.2594860812469615	0.1572707300000000	0.1350353200000000
1386	4.46202	2.2547159395520477	0.1438240950000000	0.0496183500000000
1388	7.51339	2.2323721578162270	0.1210113350000000	0.1025048750000000
1390	4.07593	2.2720533556233820	0.1685029000000000	0.1196083550000000
1392	4.50586	2.2617688759325252	0.1397218550000000	0.1381742950000000
1394	5.40028	2.2570471706186157	0.1232266000000000	0.0965760700000000
1396	4.21001	2.2765927179159950	0.1329381300000000	0.1025762700000000
1398	4.55972	2.2600041879030304	0.1802577700000000	0.1075085900000000
1400	6.45934	2.2487024143591881	0.1382548250000000	0.0919183150000000
1404	5.63143	2.2595632789284670	0.1420389250000000	0.0756168500000000
1406	5.45344	2.2482062233138258	0.1019708750000000	0.0989236250000000
1410	3.99999	2.2754398430056146	0.1394539650000000	0.1252767750000000
1412	5.06884	2.2536384295608300	0.1521054100000000	0.1125631400000000
1414	5.17088	2.2602001522984625	0.1251561300000000	0.0545295350000000
1416	4.16630	2.2697464218870884	0.1441574950000000	0.0851964600000000
1418	4.45962	2.2721908989838151	0.1398052800000000	0.0748081500000000
1420	4.96768	2.2629823019571260	0.1718123950000000	0.1072356150000000
1422	6.48742	2.2934180301954301	0.1543541850000000	0.1156657750000000
1424	4.55737	2.2548049159149235	0.1337324850000000	0.1006385050000000
1426	4.59597	2.2475240415517046	0.1552237600000000	0.0866835250000000
1430	4.82750	2.2521502827395974	0.1707213950000000	0.0937713300000000
1432	4.74588	2.2637373463219563	0.1722016850000000	0.0303227700000000
1436	4.05549	2.3667524039328609	0.2220443400000000	0.0948949750000000
1438	4.35346	2.2562818931928681	0.0949980200000000	0.1155393450000000
138	5.65792	2.2360104206236686	0.1138610400000000	0.0774564900000000
142	7.11878	2.2473641402089841	0.1376219550000000	0.0988802100000000
1440	14.84560	2.2236208740980707	0.1563849400000000	0.1022513550000000
1442	5.15863	2.2383167905143679	0.1264872850000000	0.0897520650000000
1444	4.52015	2.2616870577473374	0.1104583550000000	0.0814111450000000
1446	13.19560	2.2154404423053320	0.1477781450000000	0.0908585300000000
1447	13.19560	2.1776055459070132	0.1169285100000000	0.1015417600000000
1452	26.14010	2.2042478080798533	0.1448983450000000	0.0995240050000000
1453	26.14010	2.2007628900579128	0.1480938150000000	0.1163681900000000
1458	6.81732	2.2425839862859611	0.1492665200000000	0.0963133450000000
1464	4.88418	2.3093290428583853	0.2348695900000000	0.1192963600000000
1466	5.14388	2.2475711706115007	0.0872857550000000	0.1003404000000000
1468	5.40044	2.2562965784876949	0.1387334350000000	0.1306404200000000
1474	16.46020	2.2174616032999293	0.1417093450000000	0.0806376800000000
1476	4.04919	2.2694634291198770	0.1153208950000000	0.0790489000000000
1478	4.73253	2.2666568537355776	0.1442300450000000	0.0637218350000000
1480	4.41109	2.2635001591098018	0.1500021700000000	0.0583254650000000
1482	8.11443	2.2414660827029445	0.1762573900000000	0.0721139100000000
1484	4.90953	2.2628760288508940	0.1399781000000000	0.0923420000000000
1486	4.76000	2.2576410986021358	0.1437468050000000	0.1059212500000000
1488	4.99997	2.2601606690687417	0.1308849050000000	0.0654421800000000
1494	8.85629	2.2332753135257839	0.1294581050000000	0.0650116300000000
1496	4.43155	2.3390967582818218	0.2053485450000000	0.1339092350000000
1498	5.33950	2.2545825272547333	0.1202080150000000	0.0780248650000000
1500	10.05860	2.2234890491851638	0.1433858550000000	0.0947522450000000
1502	5.32626	2.2559156489245864	0.1554905500000000	0.1297018950000000
1504	5.00547	2.2605095593757949	0.1187799250000000	0.0872883950000000
1506	6.05950	2.2498339176911704	0.1173451650000000	0.0797115900000000
1508	4.98861	2.2659103149349593	0.1276486450000000	0.1183109550000000
1510	7.57217	2.2376985867625159	0.1579316400000000	0.1042881950000000
1512	6.33965	2.2378217092187960	0.1211785550000000	0.0768266700000000
1513	6.33965	2.1531135056567710	0.1047112500000000	0.0559870550000000
1514	4.41009	2.2661739096186588	0.1418775950000000	0.1341233200000000
1518	4.00000	2.2609557253526695	0.1599572850000000	0.0906849300000000
144	4.19992	2.2735696592575287	0.1458632200000000	0.0802407900000000
146	4.16991	2.2742682032900694	0.1141667950000000	0.0856031100000000
148	4.15883	2.4272064468176993	0.2503635150000000	0.1243022800000000
150	5.97077	2.2526969913507586	0.1605560350000000	0.0913766300000000
1530	6.61898	2.2465343095710675	0.1524028600000000	0.0938789500000000
1534	4.40991	2.2707263195331873	0.1292419400000000	0.0969457650000000
1536	6.77581	2.2460708452960363	0.1539898650000000	0.1048483100000000
1540	5.93810	2.2491071787500339	0.1300673800000000	0.0692807850000000
1542	4.00992	2.2751527541896888	0.1428638500000000	0.0801827600000000
1544	6.17991	2.2518462193509632	0.1502058000000000	0.0813604450000000
1546	5.33599	2.2607426000415298	0.1703683450000000	0.0791668650000000
1548	4.86100	2.2693839596327794	0.1821982400000000	0.0800133750000000
1550	4.11980	2.2778568376946216	0.1182059750000000	0.0504900650000000
1554	9.48333	2.2258993927781447	0.1692040900000000	0.1066648900000000
1556	5.13316	2.2563409188353005	0.1298112000000000	0.0671837650000000
1558	6.80042	2.2487577492801107	0.1320200100000000	0.0789575750000000
1562	5.98505	2.2319986462565922	0.0734462550000000	0.0494283250000000
1566	5.19021	2.2451852819079563	0.1424861050000000	0.0679569950000000
1568	4.75006	2.2597468193372272	0.0902026600000000	0.0726248800000000
1570	5.24969	2.2522725263042895	0.1129802750000000	0.0802639200000000
1572	5.57786	2.2393616490913257	0.1251731400000000	0.0841026800000000
1578	5.96102	2.2470300502224405	0.1559016700000000	0.1036997500000000
1580	6.63143	2.2443389975947992	0.1503446950000000	0.0894717950000000
1582	4.83719	2.2492189283145954	0.1457401450000000	0.0997506500000000
1584	8.53797	2.2457294034326614	0.1688917250000000	0.0912600000000000
1586	7.09003	2.2268968661088602	0.0977110250000000	0.0727632750000000
1588	5.52782	2.2585128913425563	0.1219015400000000	0.0948268750000000
1590	4.29175	2.2680441665786755	0.1581096800000000	0.0759486400000000
1592	4.96853	2.2487141160172182	0.1409534050000000	0.1083990850000000
1594	4.28156	2.2648917982332275	0.1370911800000000	0.1321304300000000
1596	11.63420	2.2308427854409461	0.1337820900000000	0.0844009450000000
152	4.46989	2.2676132543003149	0.1234436600000000	0.0832347650000000
154	4.73684	2.2635859734339441	0.1410577000000000	0.1022547600000000
156	5.91927	2.2583729774327042	0.1489613450000000	0.0759631900000000
158	4.24722	2.2748353018262963	0.1446079950000000	0.0764222000000000
10	6.61961	2.2478721364889567	0.1363280700000000	0.0903919300000000
1600	5.91412	2.2434301767929217	0.1581919950000000	0.1087688050000000
1602	4.45082	2.2661166185543280	0.1117680400000000	0.1089721450000000
1604	4.01197	2.2750816544022938	0.1664899750000000	0.0921493850000000
1606	7.80313	2.2376268955151719	0.1382237500000000	0.0795611600000000
1608	4.35612	2.2681290651132588	0.1371475000000000	0.0851191450000000
1610	6.87927	2.2436224044319535	0.1445768550000000	0.0805682950000000
1612	11.05520	2.2226903811667609	0.1575496400000000	0.0697397150000000
1614	4.00000	2.2801779008293543	0.1499814850000000	0.0823326700000000
1616	4.47015	2.2802319417039407	0.1748930400000000	0.0456621950000000
1618	5.73820	2.2480548275997960	0.1527316800000000	0.1238625200000000
1620	7.00016	2.2438474815140337	0.1231424200000000	0.0801606300000000
1624	4.48996	2.2747783859843409	0.1204440250000000	0.0750238000000000
1626	4.90009	2.2573369936496741	0.1532288750000000	0.1147495150000000
1630	4.68953	2.2634453877902105	0.1247206850000000	0.0792989000000000
1636	4.18877	2.2615716861132218	0.1767878400000000	0.1055026800000000
1640	4.79451	2.2650271102287536	0.1179841150000000	0.1049483450000000
1642	12.51970	2.2250339175583087	0.1581516650000000	0.0912907400000000
1644	7.68019	2.2360329509038470	0.1185671100000000	0.0741824200000000
1648	4.34003	2.2726798033167208	0.1399114450000000	0.0941493550000000
1650	4.01793	2.2675671447263959	0.1489524800000000	0.0310090750000000
1654	12.19800	2.2340604433500926	0.1646612900000000	0.0734379900000000
1658	4.83879	2.2380255300964311	0.1825778700000000	0.0720677850000000
1660	5.07562	2.2378597212790581	0.0894341900000000	0.1015367200000000
1662	8.78127	2.2326693783168619	0.1753836600000000	0.1454590400000000
1664	4.94033	2.2582982485346546	0.1906756250000000	0.1117826250000000
1670	7.31305	2.2448494026285832	0.1476492600000000	0.1071794550000000
1674	11.11390	2.2285667339994468	0.1158648900000000	0.0590029100000000
1675	11.11390	2.1792251152005582	0.1290578000000000	0.0622246550000000
1676	4.40009	2.2688864296753493	0.1890962950000000	0.1036766150000000
162	5.93497	2.2511521979149594	0.1556945800000000	0.1104387700000000
164	5.68967	2.2570717942206366	0.1309339500000000	0.0801509750000000
166	5.78332	2.2455934944488556	0.1432546550000000	0.1099337800000000
1680	4.03869	2.2717709796553374	0.1397002550000000	0.1244977300000000
1682	4.61938	2.2722086693788417	0.1214092450000000	0.0757559950000000
1686	4.16990	2.2744359283316236	0.1325990550000000	0.0765818000000000
1688	6.46034	2.2502660662374132	0.1734702250000000	0.0988299100000000
1690	4.63023	2.2490932127194116	0.1607531400000000	0.0741536100000000
1692	4.23272	2.2716392356910369	0.1361950950000000	0.0838873100000000
1694	5.91378	2.3544409057478997	0.2480893150000000	0.0986263800000000
1696	6.10417	2.2476476147834901	0.2039364850000000	0.1207164650000000
1698	4.87797	2.2603886763150500	0.1157360800000000	0.0956107100000000
1700	7.91949	2.2409658558650980	0.1154639550000000	0.0780968750000000
1702	5.64337	2.2609661883125813	0.1495191150000000	0.0493118200000000
1704	4.22001	2.2714028617277715	0.1238395350000000	0.1416384050000000
1706	4.40746	2.2679783658447401	0.1541664500000000	0.1194118850000000
1708	5.48181	2.2525061212733952	0.1273775300000000	0.0910225800000000
1712	4.60117	2.2628910618894871	0.1526231950000000	0.0905317350000000
1716	9.08621	2.2368469555086943	0.1657815900000000	0.1052993250000000
1718	7.71937	2.2385085054693827	0.1375550400000000	0.1051188600000000
1720	6.48811	2.2551833236044145	0.1800356250000000	0.0972548000000000
1722	4.73518	2.2689157105649076	0.1190276750000000	0.0736924750000000
1724	5.38985	2.2869956578676351	0.1858709350000000	0.1384224000000000
1726	6.50072	2.2500422550952601	0.1620176650000000	0.1389524200000000
1728	4.27002	2.2578654900395909	0.1149045350000000	0.0890159050000000
1738	8.36069	2.2350191673338329	0.1295474150000000	0.0862691350000000
1740	13.08860	2.2255261221752911	0.1375579400000000	0.0990797850000000
1746	4.08501	2.2761820440321809	0.1475652450000000	0.0973982400000000
1748	6.24506	2.2398942049387172	0.1605834100000000	0.1041266400000000
1750	6.87963	2.2477057705656058	0.1484895950000000	0.0994590950000000
1752	6.34639	2.2426326496508140	0.1225808600000000	0.1005356900000000
1756	5.33757	2.2634662899388247	0.1169972700000000	0.1491055200000000
1758	8.89967	2.2350269994301750	0.1623109850000000	0.0855082400000000
170	4.28517	2.2654950780896685	0.0968299150000000	0.0872415150000000
174	8.08467	2.2371353550861466	0.1459439050000000	0.0557583700000000
1760	5.55909	2.2599531764935561	0.1436862650000000	0.1072351100000000
1762	5.89161	2.2573945599510798	0.1500730450000000	0.0988867200000000
1764	4.26026	2.2701624182712670	0.1269764950000000	0.0998108750000000
1766	6.50125	2.2500273341449946	0.1538233750000000	0.0859263400000000
1768	4.34000	2.2729123254740506	0.1423356350000000	0.1108299200000000
1770	4.19462	2.2797260019113925	0.1490335450000000	0.0733644150000000
1776	4.24900	2.2682124090660580	0.1220662050000000	0.0592533150000000
1778	5.36257	2.2555869762869469	0.1606445150000000	0.0986611250000000
1780	10.91730	2.2310901054345398	0.1406103050000000	0.0608640300000000
1782	7.36541	2.2350851070314044	0.1623763900000000	0.0770905150000000
1786	4.37997	2.2711597622113633	0.1260888100000000	0.1078293700000000
1788	4.46975	2.2589413102272391	0.1415904600000000	0.0914417850000000
1790	5.02970	2.4217846482019461	0.2640942350000000	0.0923554050000000
1796	4.43979	2.2617575996069781	0.1814801550000000	0.1307315850000000
1800	4.07502	2.2751623792431697	0.1646291000000000	0.1039899650000000
1804	4.14194	2.2726519332358315	0.1286765800000000	0.0919231000000000
1806	5.71642	2.2606549913180625	0.1653939150000000	0.1266095000000000
1812	6.14934	2.2595468832749290	0.1549274700000000	0.1216042300000000
1814	4.17537	2.2777459907345357	0.1603753850000000	0.0783689000000000
1816	8.09001	2.2350308708517437	0.1707698950000000	0.0965866750000000
1817	8.09001	2.2300704832308820	0.1452180350000000	0.1489903600000000
1824	5.01750	2.2483229576983743	0.1042838450000000	0.0537229500000000
1826	4.27361	2.2724605482476767	0.1830937500000000	0.0978581300000000
1828	4.80502	2.2609671545374574	0.1458700100000000	0.0831117400000000
1830	4.04717	2.2549747718395543	0.1595532650000000	0.1280003300000000
1832	4.33506	2.1872145505154599	0.1788390400000000	0.0535344450000000
1834	6.04510	2.2432577981236976	0.1447818000000000	0.1181059600000000
1836	4.83045	2.2648735859334175	0.1540646750000000	0.1228070350000000
1838	4.24767	2.2501430964491176	0.1461456650000000	0.0931745050000000
176	6.35654	2.2502463141141091	0.1408147450000000	0.1145413100000000
180	6.95937	2.2402376073609549	0.1616544700000000	0.0801510850000000
182	4.04727	2.2704385189634575	0.1391052150000000	0.0959354700000000
1840	5.76000	2.2547814079372173	0.1495619800000000	0.0825700250000000
1846	4.13014	2.2757153995788633	0.1365655700000000	0.0991963200000000
1848	7.04093	2.2474440166773859	0.1420460550000000	0.1123246050000000
1850	5.00731	2.2616425838000969	0.1308660700000000	0.0615196950000000
1852	4.56028	2.2579369240979958	0.1122472400000000	0.0830032350000000
1854	4.18300	2.2632022763858335	0.1309405900000000	0.1092342700000000
1864	12.57260	2.2360648517896728	0.1688985600000000	0.1242078400000000
1868	5.77880	2.2561216581895929	0.1631796900000000	0.0965786550000000
1870	4.38822	2.2723747742295268	0.1535552950000000	0.0941607350000000
1872	4.18016	2.2703102549726069	0.1819856350000000	0.1161185850000000
1874	4.38937	2.2713115247793110	0.1373019450000000	0.1081400900000000
1876	4.80798	2.2971777120186858	0.2156109500000000	0.1064362300000000
1878	6.23233	2.2466392837464775	0.1195372000000000	0.0810884200000000
1882	6.14244	2.2427108441827395	0.1455994950000000	0.1241923800000000
1884	4.47101	2.2613169246980864	0.1486084550000000	0.0962795300000000
1886	4.59031	2.2647131423429565	0.1118692800000000	0.0853164300000000
1888	8.27008	2.2316923344968207	0.1371405450000000	0.0423240200000000
1892	6.53008	2.2485968713444939	0.1605889150000000	0.1251331200000000
1893	6.53008	2.1528351525486835	0.1050058550000000	0.0833550900000000
1896	4.45915	2.2711767866171706	0.1834565200000000	0.1065368750000000
1900	6.39020	2.2471873083580634	0.1338468550000000	0.0673167400000000
1906	6.61739	2.2458850374179149	0.1721704200000000	0.0642950500000000
1908	4.82403	2.2689975817021089	0.1287304400000000	0.0550064600000000
1910	16.46690	2.2110873138333647	0.1494732200000000	0.0391218750000000
1911	16.46690	2.1776401635695031	0.1065608400000000	0.0988728300000000
1916	5.98995	2.2479232823846171	0.1277692500000000	0.0651158850000000
1918	5.56728	2.2780499045303744	0.2069471800000000	0.0956529900000000
184	5.27085	2.2547564767868673	0.1720611850000000	0.0563335550000000
186	4.12611	2.2637085864130722	0.0929340500000000	0.0953777650000000
190	6.25027	2.2517213746818650	0.1324675600000000	0.0838643950000000
1920	4.47102	2.2634514467927409	0.1935627900000000	0.1001213850000000
1922	4.58188	2.2646343925798496	0.1620841300000000	0.0796628700000000
1926	6.96936	2.2343458645904306	0.1205929750000000	0.0821961300000000
1928	4.69985	2.2547743322067348	0.1505040100000000	0.1060794000000000
1930	4.57472	2.2563817592293836	0.1490765600000000	0.1103499600000000
1932	11.82330	2.2268582138313739	0.1424434600000000	0.1107399800000000
1934	4.62575	2.2572932693074015	0.1372839950000000	0.0621943400000000
1936	4.23855	2.2768658804426720	0.1210563200000000	0.0825373800000000
1939	16.47600	2.1914935015720292	0.1454800200000000	0.1454497450000000
1940	4.14098	2.2776215902026369	0.1216868050000000	0.0937466900000000
1942	5.97899	2.2480259859675700	0.1021359150000000	0.1036334250000000
1944	13.31540	2.2264991389736708	0.1469476650000000	0.0938505950000000
1946	7.10612	2.2478811126535110	0.1630241550000000	0.0661457400000000
1948	4.40992	2.2562397997676165	0.1451812350000000	0.0645944650000000
1950	4.13001	2.2697709559864649	0.1851274950000000	0.1257892300000000
1952	5.00849	2.2772293543752467	0.1300532250000000	0.1458642600000000
1954	4.41097	2.2582174344460992	0.1415075450000000	0.0444070950000000
1956	4.33100	2.2671350004932056	0.1083044750000000	0.0692025000000000
1958	4.28230	2.2724098876931205	0.1799877600000000	0.1275715900000000
1960	4.81984	2.2549128249085113	0.1523566550000000	0.0896063500000000
1962	4.58831	2.2657860976542379	0.1061502700000000	0.0822508050000000
1964	4.15438	2.2709252764534735	0.1276518500000000	0.0971560300000000
1967	5.13324	2.2674827663193979	0.2018577850000000	0.1262498100000000
1968	6.51561	2.2460000898921422	0.1245456850000000	0.0892619800000000
1972	4.42705	2.2633881636353612	0.1442236150000000	0.1111975500000000
1974	5.00888	2.2596066280282519	0.1538420550000000	0.0830770250000000
1976	4.14179	2.2730133356045141	0.1270986800000000	0.0786236150000000
1978	4.75150	2.2527456799412149	0.1929976100000000	0.1233435000000000
1980	4.27992	2.2744287513076404	0.1810359650000000	0.1040087900000000
1986	5.28977	2.2526986816931083	0.1284515500000000	0.0796534700000000
1990	4.86217	2.1550162815203948	0.1187729550000000	0.0939545500000000
1992	4.94400	2.2647162267814527	0.1719203350000000	0.0833537650000000
1994	6.98118	2.2516436048794226	0.1435635900000000	0.1556398500000000
1996	5.06186	2.2654304873112112	0.1578141700000000	0.1275194250000000
1998	4.77968	2.2594295986189228	0.1233190100000000	0.1111134050000000
192	5.18987	2.2474257033763525	0.0652936450000000	0.0419130250000000
194	4.73165	2.2659148695477724	0.1296406950000000	0.0862245850000000
196	5.01785	2.2153163066552879	0.1926454400000000	0.1030091450000000
198	6.59951	2.2576938356114451	0.1394331350000000	0.0937967000000000
199	6.59951	2.1612428881881565	0.1453939650000000	0.0616095300000000
2000	4.63641	2.2564669996114199	0.1758544750000000	0.0863167000000000
2002	4.21002	2.2634582468604765	0.1714307900000000	0.0951684700000000
2006	4.60571	2.2727632219155947	0.1368646050000000	0.0655637100000000
2012	5.96074	2.2488655739569330	0.1408121850000000	0.0682246600000000
2014	6.50528	2.2497353594850571	0.1337299250000000	0.1064688450000000
2016	4.90000	2.2672276564238629	0.1391599500000000	0.1109811950000000
2018	5.71973	2.2521198718521274	0.1493966200000000	0.1248269900000000
2022	5.30051	2.2596725085840879	0.1170747150000000	0.0835024500000000
2026	4.89723	2.2562945603815510	0.1306895500000000	0.0668073450000000
2028	4.12020	2.2704175616016089	0.1401540750000000	0.0790048550000000
2030	4.07470	2.2710495822786965	0.1670470400000000	0.0813998800000000
2032	7.86804	2.2408407284749927	0.1383989150000000	0.1176642550000000
2036	4.45063	2.2745438672189779	0.1324950400000000	0.0804615050000000
2038	4.71942	2.2509415453538417	0.1292570200000000	0.0959369900000000
2042	7.59734	2.2401034481715763	0.1333145350000000	0.1142375050000000
2044	5.45900	2.2490433637778366	0.1244920700000000	0.0846213250000000
2046	4.32232	2.2709398939981611	0.1255464100000000	0.0742963300000000
2048	4.69000	2.5037173039015168	0.2373214550000000	0.4148015800000000
2050	5.42755	2.2591956213765765	0.1325757450000000	0.0925731500000000
2054	4.49794	nan	nan	0.0000000000000000
2058	8.22613	2.2272964829187059	0.1399252550000000	0.0777881650000000
2062	4.76312	2.2619512051881401	0.1328070750000000	0.0592156850000000
2066	5.20017	2.2577904921201544	0.1181622300000000	0.0772171350000000
2068	5.23793	2.2521189677847628	0.1253275050000000	0.0970242300000000
2070	4.54763	2.2616415177442470	0.1992541450000000	0.1357186900000000
2072	4.25762	2.2185013927854298	0.1936070800000000	0.0861196300000000
2074	7.33799	2.2452488860667792	0.1370054150000000	0.0586753300000000
2076	13.21610	2.2262392997244431	0.1374384550000000	0.0501452650000000
2077	13.21610	2.1890295511000124	0.1422310100000000	0.0741100950000000
2078	4.62607	2.2841909683628150	0.2305463050000000	0.1290866750000000
202	4.11536	2.2848294697299076	0.1322767100000000	0.0717102350000000
204	5.59931	2.2476013982750009	0.2002916850000000	0.0945473800000000
205	5.59931	2.2766578895842469	0.2284344150000000	0.0715806000000000
206	6.43016	2.2499494283645509	0.1797160750000000	0.1442830000000000
2080	6.52993	2.2371756062832611	0.1830440750000000	0.0975591900000000
2082	20.88530	2.2184202326065479	0.1540045450000000	0.1198157200000000
2084	5.29028	2.2594183045422955	0.1145772950000000	0.0797251650000000
2086	5.04000	2.2551113262396476	0.1583929400000000	0.1018268750000000
2088	5.10973	2.2552197580742455	0.1636208900000000	0.1182568400000000
2090	6.91809	2.2426316085809992	0.1648961050000000	0.1340561500000000
2100	4.79986	2.2524991653219950	0.2344350200000000	0.0889900900000000
2104	5.18390	2.2479944886058996	0.1488234450000000	0.0838209800000000
2106	19.63850	2.2157736712331295	0.1381807100000000	0.0890661050000000
2110	5.01005	2.2525166398984604	0.1194582700000000	0.0855657350000000
2112	4.40635	2.2624611838307747	0.1275850550000000	0.0888497750000000
2114	4.93994	2.2665416329370158	0.1579920450000000	0.0812265050000000
2116	4.53304	2.2509530366741930	0.1260719600000000	0.1353049800000000
2118	4.40994	2.2717313819367293	0.1328859600000000	0.0752393400000000
2124	4.39748	2.2746172547513819	0.1592721250000000	0.0897197700000000
2126	4.81993	2.2554383958608271	0.1458952650000000	0.1114127400000000
2128	4.05005	2.2561284151200951	0.1628286650000000	0.0386001550000000
2130	4.12003	2.2755213528257547	0.1007560500000000	0.0670007750000000
2132	4.59966	2.2703535226739908	0.1324989000000000	0.1040132100000000
2134	7.98999	2.2388141311149088	0.1268717000000000	0.0998047900000000
2136	11.35650	2.2321752836560975	0.1576906550000000	0.0857041400000000
2138	4.97123	2.2576569070730179	0.1237890950000000	0.1162820850000000
2146	4.33999	2.2688044131558547	0.1466697600000000	0.1366229650000000
2147	4.33999	2.3074954087036441	0.2212809800000000	0.1184262300000000
2150	8.91215	2.2289157616393869	0.1373523450000000	0.0759959750000000
2156	4.19661	2.2723566229272039	0.1728316000000000	0.1263214900000000
2158	7.90423	2.2404445247352793	0.1159796750000000	0.0857581850000000
208	8.47765	2.2404350536795254	0.1537746400000000	0.1256473500000000
210	4.19882	2.2739758636690932	0.1367648500000000	0.1072113300000000
212	6.96937	2.2442612940979365	0.1346470100000000	0.0915878550000000
2162	7.44116	2.2392903832901934	0.1413869400000000	0.0617007350000000
2164	4.87773	2.2606976915288448	0.1233670900000000	0.1371567350000000
2166	5.23061	2.2511631146480093	0.1582250750000000	0.0640503150000000
2170	5.14179	2.2558758534552421	0.1687587300000000	0.0679698100000000
2172	4.25928	2.2727799126797485	0.1339065100000000	0.0580553400000000
2174	4.72264	2.2679801566085982	0.1336138650000000	0.0724833850000000
2176	4.05502	2.2772139365676050	0.1750844450000000	0.1097238250000000
2178	4.05080	2.2525887709700911	0.0878862850000000	0.1235921000000000
2180	4.13502	2.2673053626719972	0.1115061450000000	0.1158574050000000
2182	4.92703	2.2679743165398696	0.1208576350000000	0.0967214850000000
2184	4.26802	2.2760618372962877	0.1429675750000000	0.0508207250000000
2186	9.13856	2.2245676908696965	0.1264227850000000	0.0451423250000000
2190	5.22439	2.2624087276037774	0.1800138200000000	0.0938459150000000
2194	4.07712	2.2709623485398378	0.1282734000000000	0.0865971350000000
2196	5.67482	2.2593742915954653	0.1833341900000000	0.0868956450000000
2198	5.32678	2.2563186515262945	0.1370555350000000	0.1131048900000000
2204	4.79078	2.2658749979307533	0.1614376800000000	0.0684933250000000
2206	6.88521	2.2463566284798691	0.1545722400000000	0.1006950600000000
2208	4.03176	2.2775023371781935	0.1550595800000000	0.0932846500000000
2210	5.30647	2.2613087743921034	0.1795099750000000	0.0720769250000000
2212	8.61331	2.2385838743012569	0.1727366400000000	0.1420375750000000
2214	8.53267	2.2359292161369484	0.1463051950000000	0.1028868750000000
2216	5.74185	2.2258818752094829	0.1960848950000000	0.1013221000000000
2222	5.65161	2.2487938586559353	0.1273908150000000	0.0888128450000000
2224	5.75049	2.2563840369513017	0.1102866650000000	0.1032905350000000
2226	4.58643	2.2737467229967501	0.1730573700000000	0.0985476450000000
2232	5.55595	2.2578995465063016	0.1325035200000000	0.1125685250000000
2238	5.19071	2.2668732308948547	0.1651002650000000	0.1182350900000000
220	4.04241	2.2590481603601140	0.1373221300000000	0.0733193800000000
222	4.78988	2.2520084688232807	0.1379848500000000	0.1064941350000000
2240	4.01854	2.2767873372394720	0.1032501450000000	0.0835521650000000
2242	7.67028	2.2404554327418116	0.1366064350000000	0.0578162800000000
2246	4.20006	2.2661663435619919	0.1338155050000000	0.1320586700000000
2248	5.10066	2.2463641676381041	0.1116729500000000	0.0879485250000000
2252	4.19468	2.2726008094530821	0.1374115500000000	0.1215870650000000
2254	5.38651	2.2562375814178917	0.1304161900000000	0.1303164750000000
2256	5.06968	2.2645020412349210	0.1383307500000000	0.0859588000000000
2264	6.71177	2.2177087870313912	0.1374056900000000	0.0874549900000000
2274	5.89059	2.2416450647935631	0.1200790150000000	0.0749387550000000
2276	7.77805	2.2398465054007670	0.1399216450000000	0.1042822400000000
2278	4.56889	2.2691420227345733	0.1367209350000000	0.0632930000000000
2280	4.30126	2.2604826296888092	0.1104410800000000	0.0834207650000000
2282	4.82332	2.2529039593408831	0.1311256550000000	0.0364972850000000
2286	5.19002	2.2563591833734398	0.1389098950000000	0.0885195350000000
2288	4.21002	2.2771946560498435	0.1786304200000000	0.0850149250000000
2292	4.41278	2.2666999012394657	0.1288296550000000	0.1123245650000000
2293	4.41278	2.5123787377829205	0.0708241000000000	0.1267415200000000
2296	4.83457	2.2669663920595546	0.1417537950000000	0.1055538000000000
2304	5.00864	2.2665207601234330	0.1286699200000000	0.1223412900000000
2306	4.33997	2.2705339221658933	0.1063471450000000	0.1081311700000000
2308	6.43072	2.2473646935363814	0.1050948950000000	0.0760058850000000
2312	5.47919	2.2583186341978574	0.1454885250000000	0.1153699400000000
2314	6.49465	2.2470835177044952	0.1237106750000000	0.0908685950000000
2316	4.08024	2.2741077832139425	0.1281198900000000	0.0896997750000000
226	4.01982	2.2749066505708644	0.1628497650000000	0.0690107550000000
2320	4.31623	2.2608000867996010	0.1344471400000000	0.0824662800000000
2324	4.25323	2.2703828005275337	0.1569359650000000	0.0580530950000000
2326	4.01220	2.2732130504799626	0.1489874700000000	0.1548581250000000
2332	5.57607	2.2547634413947195	0.1317839050000000	0.0715840800000000
2334	8.07432	2.2396758210568133	0.1565806800000000	0.1034823950000000
2336	5.06049	2.2696844445171180	0.1872271550000000	0.1325097100000000
2338	10.11930	2.2164989668164798	0.1481740350000000	0.0858010200000000
2340	4.16587	2.2614337445874484	0.1315612400000000	0.0778731400000000
2342	4.70859	2.2632053190488102	0.1235563250000000	0.0798927500000000
2344	4.30697	2.2703839982990841	0.1741854500000000	0.1154693500000000
2346	4.89999	2.2597048084728106	0.1104668400000000	0.0871082150000000
2352	4.02994	2.2762285920033332	0.1235160400000000	0.0702713350000000
2354	4.01158	2.2817545569005677	0.1532404700000000	0.0764612050000000
2358	4.05500	2.2839834242416779	0.1498088050000000	0.1026448550000000
2362	4.92326	2.2612658563590915	0.1324730650000000	0.1110062700000000
2364	4.35580	2.2670650563530388	0.1320792850000000	0.1140291750000000
2368	3.99999	2.2690461759955154	0.1110583950000000	0.0898762100000000
2370	12.34250	2.2322990873815494	0.1620559450000000	0.1088436550000000
2372	4.90161	2.2615740709469834	0.1598811000000000	0.1065742550000000
2374	16.47150	2.2179491078772684	0.2203891900000000	0.1295317400000000
2380	4.45364	2.2475399639734217	0.1227160550000000	0.0909330200000000
2382	4.59106	2.2625630880857890	0.1106298700000000	0.1171491650000000
2384	7.24841	2.2440744971867699	0.1511932150000000	0.0957184800000000
2386	4.80803	2.2500094002834126	0.1493114250000000	0.0829552250000000
2388	5.51822	2.2516273038975800	0.1455005000000000	0.0641661300000000
2390	4.94079	2.2633683176729096	0.1546753200000000	0.0793263450000000
2392	4.41901	2.2747480489180263	0.1280639300000000	0.0535835850000000
2394	7.50984	2.2654606510057125	0.1723678000000000	0.1595486200000000
2395	7.50984	2.3395887488305802	0.2384671000000000	0.0834108550000000
2396	4.08572	2.2793170556046047	0.1573970700000000	0.1100905350000000
2398	4.74527	2.2644764237117219	0.1276815600000000	0.0915827450000000
232	12.26340	2.2125846497453687	0.0949670950000000	0.0828663350000000
234	5.78232	2.2563145222281857	0.1134187750000000	0.0938621500000000
236	4.33431	2.2729496765950867	0.1521566250000000	0.1094067100000000
238	5.61069	2.2504879008197127	0.1559076950000000	0.1082757300000000
16	5.98005	2.2617216148520005	0.1358650050000000	0.1225743600000000
20	5.62748	2.2449830467633825	0.1499351300000000	0.1375079900000000
22	4.99103	2.2616907418941650	0.1471974600000000	0.1114538750000000
2400	7.88262	2.2457846338850773	0.1636638450000000	0.1267675750000000
2402	4.08570	2.2732045131792851	0.1439593250000000	0.1136298800000000
2404	4.06501	2.2697230442366738	0.1403291500000000	0.1071434150000000
2406	4.45094	2.3019405538096924	0.2368223900000000	0.1228469800000000
2412	4.49850	2.2741790212663449	0.1712347650000000	0.0645920250000000
2414	4.04883	2.2768306522678357	0.1549834450000000	0.0935300550000000
2416	4.54257	2.2689987764022002	0.1448413550000000	0.1123345450000000
2422	9.15709	2.2329008868977791	0.1443003500000000	0.0994679750000000
2426	4.85214	2.2638883550239832	0.1362057100000000	0.1131239000000000
2428	5.56826	2.2464361854614263	0.1456258150000000	0.1337238100000000
2430	4.10002	2.2799579418724902	0.1447640950000000	0.0712557000000000
2432	5.48099	2.2582930528457594	0.1420601600000000	0.1085346000000000
2438	4.25976	2.2701714528100818	0.1501314200000000	0.0670080550000000
2440	5.95377	2.2495253386003671	0.1320079350000000	0.0936226500000000
2442	7.23954	2.2447651694714059	0.1351911750000000	0.0960024400000000
2444	4.28977	2.2603768406406979	0.1348888500000000	0.0888788300000000
2446	5.77132	2.2511108457568607	0.1503679950000000	0.1003253300000000
2448	5.66994	2.2554630553475477	0.1545664400000000	0.0906758900000000
2450	10.92920	2.2330424356321950	0.1408707100000000	0.1242951400000000
2452	4.65062	2.2671034862744626	0.1678232450000000	0.1139218900000000
2454	6.76463	2.2488258753007728	0.1580942450000000	0.1378488050000000
2456	4.98975	2.2577436342087696	0.1312117850000000	0.0809478050000000
2458	4.14186	2.2830501705156956	0.1483388550000000	0.0797654050000000
2460	5.78045	2.2492585048024587	0.1158759350000000	0.0703984150000000
2462	5.94902	2.2536843096919283	0.1548972750000000	0.1088655600000000
2464	4.42413	2.2630398695068967	0.1541200650000000	0.0788107700000000
2470	5.46645	2.2579343732408614	0.1363453050000000	0.0862581200000000
2472	5.58451	2.2525096976594052	0.1331400850000000	0.0882211000000000
2478	5.55707	2.2576291668182900	0.1100735400000000	0.0782103200000000
240	5.50983	2.2491654380593840	0.1202350950000000	0.0682254450000000
242	5.45059	2.2443297905768556	0.1351985050000000	0.1214676650000000
244	4.24928	2.2614095081013783	0.1601818700000000	0.0821947300000000
246	4.35462	2.2494465316753498	0.1072701450000000	0.0678525750000000
2480	5.62859	2.2467315114542634	0.1527626050000000	0.1096862150000000
2482	4.28059	2.2482828319866188	0.1472444000000000	0.1190263350000000
2484	5.95322	2.2516358331727457	0.1344445200000000	0.1017036750000000
2486	6.79841	2.2366412058854546	0.1315352300000000	0.0941899100000000
2488	5.46554	2.2515296784531937	0.1374638950000000	0.0557542450000000
2490	4.49999	2.2691133049290153	0.1377709600000000	0.0559798800000000
2494	4.25000	2.2735607311712158	0.1456741500000000	0.1103994650000000
2498	4.34841	2.2601661329224161	0.1401156450000000	0.0659381300000000
2502	8.62901	2.2370203354819922	0.1400017400000000	0.1127374700000000
2504	10.74330	2.2293123226734441	0.1246226450000000	0.0857245250000000
2510	6.05950	2.2495437986150537	0.1476785600000000	0.1351849500000000
2512	5.28933	2.2526491462121641	0.1337387700000000	0.0582494950000000
2516	4.26802	2.2768155183368743	0.1463555400000000	0.0907244450000000
2518	5.13055	2.2531846384378462	0.1298289000000000	0.0370274950000000
2522	6.40295	2.2512388358423627	0.1510691550000000	0.1150700350000000
2526	14.64260	2.2161366609686053	0.1355589350000000	0.1174249700000000
2532	4.14002	2.2526477876147717	0.1159059150000000	0.0942547900000000
2534	4.80702	2.2627887960097310	0.1741526400000000	0.1133614650000000
2536	4.76015	2.2524783589047095	0.1449256500000000	0.1317225700000000
2538	6.04764	2.2478754981423745	0.1088038950000000	0.0936203050000000
2542	5.83197	2.2416634721275446	0.1451276200000000	0.1596750500000000
2546	4.96316	2.2494534222503129	0.1125539800000000	0.0775294550000000
2550	5.43885	2.2528663604728161	0.1893762950000000	0.1557822200000000
2552	4.17057	2.3423425800700519	0.2475392400000000	0.1437471800000000
2554	5.93308	2.2515873023034683	0.1686886050000000	0.1255456450000000
2555	5.93308	2.1476856430929008	0.1048146500000000	0.0671930200000000
2556	4.15730	2.2766772054422968	0.1383241850000000	0.0970014150000000
248	4.31335	2.2675072619462786	0.1328954800000000	0.0921857900000000
250	6.62067	2.2382052264524273	0.1327886200000000	0.0834174850000000
252	4.55085	2.2649501069613645	0.1647897050000000	0.1105622550000000
2562	5.04993	2.2563227676152864	0.1263993100000000	0.0717399450000000
2564	4.49000	2.2306589171656981	0.1053204450000000	0.0917644350000000
2566	5.95871	2.2576206836344062	0.1455971300000000	0.0931750950000000
2570	4.20187	2.2705169749252647	0.1346533000000000	0.0809422550000000
2572	5.68831	2.2559595671580661	0.1612840250000000	0.0995027100000000
2574	4.99999	2.2261349355573739	0.2092016650000000	0.0904949700000000
2580	5.55984	2.2551818359149984	0.1600221400000000	0.0872929750000000
2584	5.25287	2.2555622250998266	0.2244868250000000	0.1103522200000000
2588	4.63899	2.2640246466377820	0.1496009300000000	0.1024351500000000
2590	4.11994	2.2734632354344706	0.1165914550000000	0.0540857700000000
2592	4.07504	2.2754363814360636	0.1356840500000000	0.0976954150000000
2594	5.96073	2.2465244160788500	0.1032211600000000	0.0673877750000000
2597	23.17250	2.2001497422297271	0.1733428850000000	0.0441234950000000
2598	7.49862	2.2452792686326242	0.1319170400000000	0.0866350050000000
2600	4.63991	2.2759719980233726	0.2001375000000000	0.1687674400000000
2602	4.29987	2.2794800122578431	0.1566828000000000	0.1189039850000000
2604	10.60660	2.2230559749459688	0.1563965100000000	0.0841851900000000
2606	4.23221	2.2592011860447929	0.1471212500000000	0.1252504600000000
2608	6.26069	2.2414103132117869	0.1228415800000000	0.0609308650000000
2614	4.81994	2.2580510992071301	0.1394061450000000	0.0945614200000000
2616	4.26804	2.2650054504548209	0.1464027700000000	0.0828059800000000
2622	4.51028	2.2646539829573573	0.1133732050000000	0.0616830950000000
2624	4.50770	2.2713349074851643	0.1550879000000000	0.0430287450000000
2626	4.33115	2.2766492738460453	0.2005271900000000	0.0961477050000000
2628	4.61964	2.2660604224730094	0.1392150600000000	0.0463244600000000
2630	4.97066	2.2614980394058164	0.1211581150000000	0.0659226200000000
2632	6.25048	2.2469221913497921	0.1306971100000000	0.0876182200000000
2634	4.39901	2.2546245283543045	0.1274954350000000	0.1212914300000000
2636	5.13421	2.2655106463858368	0.1786944300000000	0.0816028650000000
2638	7.14109	2.2394432313186310	0.1405725100000000	0.0705755250000000
260	4.96843	2.2493316694188712	0.1497609650000000	0.1266844400000000
2640	4.25273	2.2602765492631707	0.1609142700000000	0.1009815850000000
2646	4.56044	2.2632257432829501	0.1147245400000000	0.0864925700000000
2648	4.30162	2.2619844186071498	0.1329013800000000	0.1329754700000000
2650	6.40168	2.2407026020746250	0.1652952250000000	0.0973558700000000
2652	7.80242	2.2239316413491821	0.1013197450000000	0.0856268850000000
2654	7.23947	2.2480942477271926	0.1588745900000000	0.0768825750000000
2656	7.37276	2.2353484028709349	0.1405723750000000	0.1031373300000000
2658	4.10350	2.2780159594372185	0.1555021400000000	0.1326625150000000
2662	5.21238	2.2589137533205101	0.1299671200000000	0.0512239800000000
2666	4.94037	2.2666878575645630	0.1270830650000000	0.0980611700000000
2668	5.32015	2.2655751758617773	0.1278366500000000	0.1122386900000000
2670	7.96881	2.2388594331703464	0.1395453250000000	0.0933645700000000
2672	5.42989	2.2413309691646983	0.1638370900000000	0.1192930900000000
2674	6.18038	2.2509925474798860	0.1387025150000000	0.1015143150000000
2678	4.67021	2.2621967029457295	0.1885757100000000	0.0990836250000000
2682	11.59270	2.2270135680243084	0.1519355950000000	0.1098411950000000
2684	4.85792	2.2665434422762680	0.1819784950000000	0.0826385050000000
2687	8.91157	2.1773756188093629	0.1494880250000000	0.0673083350000000
2688	11.84740	2.2354226545352631	0.1443699350000000	0.1147871900000000
2690	4.02890	2.2674818192346722	0.1797952150000000	0.1182605900000000
2692	4.24923	2.2774971120125489	0.1380765450000000	0.0537691950000000
2698	4.00000	2.2573771336021728	0.1093579750000000	0.1174986050000000
2700	4.00689	2.2833835759545833	0.1445150000000000	0.0885473150000000
2702	4.83927	2.2509706272857599	0.1439492150000000	0.1266649300000000
2706	5.48782	2.2390230899648218	0.0933002900000000	0.0688250950000000
2708	4.72899	2.2653055873854657	0.1499244350000000	0.1317278650000000
2710	5.00004	2.2481685389942565	0.1366040500000000	0.1100549750000000
2714	9.24012	2.2323642232606660	0.1458593150000000	0.1010677900000000
264	5.25325	2.2629846435092049	0.1656791800000000	0.1044591000000000
266	4.65214	2.2640804553528548	0.0929396350000000	0.0909247550000000
270	6.35340	2.2416094203290156	0.1394091950000000	0.1026441500000000
2720	6.09093	2.2500298894290158	0.1614594000000000	0.0704415250000000
2722	4.12514	2.2907659483246920	0.2019326850000000	0.0919399350000000
2724	9.23853	2.2297777190073931	0.0902288950000000	0.0717493600000000
2726	4.60106	2.2922205594975025	0.1922391450000000	0.1248596850000000
2730	4.92034	2.2585138013659938	0.1441530550000000	0.0759291300000000
2734	8.35854	2.2354878802899116	0.1395768750000000	0.1033449000000000
2736	4.05690	2.3571529726547800	0.2140271800000000	0.0884718200000000
2738	4.49996	2.2732312244548907	0.1376779100000000	0.0710779100000000
2740	6.40598	2.2503969168163880	0.1420827400000000	0.0713592500000000
2742	4.18392	2.2772311895677819	0.1825733950000000	0.0867004300000000
2744	4.14386	2.2664513824853358	0.1202117800000000	0.0832005450000000
2746	4.16699	2.2684546186614916	0.1628890400000000	0.1114642900000000
2749	8.05054	2.1606198070924574	0.1137719700000000	0.0694908800000000
2750	4.46992	2.2726767219843489	0.1379529350000000	0.0939304950000000
2756	4.18461	2.2684393091939450	0.1192517200000000	0.1047404050000000
2758	7.11963	2.2429593302402098	0.1521496950000000	0.0894673550000000
2760	5.01788	2.2606958205185474	0.1237807200000000	0.0990307600000000
2762	4.62710	2.2651718827671767	0.1176119300000000	0.1128838550000000
2768	4.40001	2.2576885570515848	0.1478688900000000	0.0881922200000000
2774	4.96965	2.2583839696743921	0.1321828500000000	0.0976375000000000
2780	6.99973	2.2359842034621713	0.1497477250000000	0.1091466250000000
2784	4.28057	2.2621906297605450	0.1149418500000000	0.1288408850000000
2786	4.73897	2.2576112760508340	0.1279026800000000	0.0735642850000000
2788	5.18812	2.2618726522574510	0.1600743900000000	0.1104435400000000
2790	4.99142	2.2529397370959323	0.1174160050000000	0.1201142750000000
2792	4.82661	2.2868543845112006	0.1315553350000000	0.1506479900000000
2794	4.66571	2.2690336225540189	0.1338910350000000	0.0769173850000000
2798	5.64999	2.2563100060401649	0.1498234750000000	0.0972928950000000
272	4.72232	2.2681455823585619	0.1627791850000000	0.0664971700000000
274	4.71760	2.2511156168599165	0.1260771800000000	0.0788892650000000
276	4.17418	2.2545523270868486	0.0762429650000000	0.0475949800000000
278	4.44217	2.2593548318793855	0.1227353350000000	0.0691340050000000
2800	6.88302	2.2459054587993954	0.1352551000000000	0.0977106350000000
2802	4.66222	2.2648757009520994	0.1467756550000000	0.0722157000000000
2804	4.88168	2.2603335767713051	0.1749665900000000	0.0941042000000000
2808	5.87316	2.2580445595499166	0.1492732550000000	0.0931585150000000
2810	4.39874	2.2751391848724736	0.1475451050000000	0.0611053850000000
2812	5.23815	2.3243122789317336	0.2215115950000000	0.0680315200000000
2814	5.57099	2.2558307492286334	0.1142879000000000	0.1033308200000000
2816	4.08318	2.2723799877509552	0.1300099800000000	0.0668352650000000
2818	7.18112	2.2286129074380367	0.1278122750000000	0.0751915650000000
2820	6.06766	2.2513464898400279	0.1413136700000000	0.1181685700000000
2822	4.01000	2.2682438518233310	0.1582703200000000	0.1015458850000000
2824	4.61980	2.2735626754366152	0.1335185800000000	0.1072681200000000
2826	6.46623	2.2464951520096093	0.1160136100000000	0.0735044400000000
2828	5.17079	2.2502717686552716	0.1587360750000000	0.0909536750000000
2832	4.47691	2.2732452115726862	0.2013624000000000	0.0749086400000000
2836	4.67993	2.2192847534751539	0.1220475800000000	0.0984696100000000
2838	6.50823	2.2499181946498563	0.1506548850000000	0.1019081550000000
2842	4.57021	2.2750715080187205	0.1610724200000000	0.1095635100000000
2844	4.76573	2.2667365386778093	0.1332758450000000	0.1340867700000000
2846	7.11878	2.2435894282419677	0.1617886100000000	0.0655690850000000
2848	7.04899	2.2469528429842947	0.1383221300000000	0.0831897700000000
2849	7.04899	2.2970811045876114	0.2515275850000000	0.0382042900000000
2850	4.29009	2.2738691860895761	0.1564934250000000	0.0772333200000000
2856	4.26809	2.2661390435279944	0.1112004800000000	0.0619455350000000
2858	4.35001	2.2641101582257566	0.1236928350000000	0.0707370500000000
2862	6.50001	2.2517598155441645	0.1404139100000000	0.0800767950000000
2864	5.26656	2.2580996058616316	0.1050715250000000	0.0738889100000000
2866	9.63891	2.2152168061871582	0.1289253550000000	0.0951989350000000
2870	4.50002	2.2761947992142115	0.1553379300000000	0.0837316800000000
2872	9.30238	2.2323876458280187	0.1356254100000000	0.1046500750000000
2874	4.70978	2.2494799877262892	0.1932347900000000	0.1212667700000000
2876	4.47483	2.2546853509470965	0.1295095550000000	0.1005322950000000
280	4.40855	2.2431160190994328	0.1322885900000000	0.0862445800000000
282	8.46518	2.2360444217128834	0.1355599000000000	0.0971624250000000
286	6.38959	2.2543609555110051	0.1200057300000000	0.0889853500000000
2880	4.50001	2.2763497217109334	0.1489424100000000	0.0724693550000000
2882	5.59937	2.2464662830784987	0.1416104650000000	0.0947442500000000
2884	4.43812	2.2510012799607066	0.1290756500000000	0.0781067300000000
2888	6.52649	2.2510464705899951	0.1404928100000000	0.0910346100000000
2890	4.04346	2.2739332566083794	0.1075413500000000	0.0909447300000000
2892	5.17000	2.2488738180450483	0.1313028050000000	0.1191611750000000
2894	4.59563	2.2694978087275572	0.1260474150000000	0.1094117250000000
2896	6.65399	2.2449810686880598	0.1254871150000000	0.0765144950000000
2900	4.42397	2.2730794852582505	0.1930915050000000	0.0934284950000000
2902	4.68997	2.2644573013957987	0.1243732600000000	0.0952299050000000
2912	9.19568	2.2413518736292555	0.1538963950000000	0.0976086550000000
2916	4.69994	2.2584498831394599	0.1452706300000000	0.0750970950000000
2920	5.91350	2.2529038556404730	0.1382886500000000	0.0815807650000000
2922	4.44081	2.2731932955166365	0.1442146600000000	0.1247321850000000
2924	4.26997	2.2683567836078131	0.1641023850000000	0.0708762050000000
2926	4.72330	2.2581180135411043	0.1213023250000000	0.0839929550000000
2928	5.95016	2.2483555957045884	0.1701068450000000	0.0780606050000000
2932	4.04891	2.2802517575205532	0.1436835100000000	0.1023710850000000
2934	4.17539	2.2637288496897696	0.1408795650000000	0.0865616750000000
2936	5.33228	2.2561800903777174	0.1454091150000000	0.1050093300000000
2940	4.15092	2.2290902788639095	0.1922266450000000	0.1064616750000000
2942	4.72946	2.2707256733542533	0.1267427300000000	0.0846869550000000
2944	5.12695	2.2481276010031719	0.0923534100000000	0.0689711400000000
2946	8.35572	2.2359601289614157	0.1444929650000000	0.0880992200000000
2950	6.40363	2.2453393270242108	0.1471367400000000	0.0928433600000000
2952	7.48225	2.2415988497016635	0.1432123650000000	0.0983517300000000
2954	9.01194	2.2313528915174388	0.1533670900000000	0.1035763750000000
2956	4.92169	2.2643670023483606	0.1704063700000000	0.1790167050000000
2958	4.00000	2.2583094569051543	0.1342167100000000	0.0560626150000000
290	4.56983	2.2487546960254909	0.1012594750000000	0.0887945400000000
292	4.74063	2.2593808362050387	0.1087112850000000	0.0657371450000000
2962	7.04486	2.2444917397265542	0.1691946500000000	0.1199925300000000
2968	4.49799	2.2793294482136548	0.1455311500000000	0.0932877650000000
2970	10.13270	2.2350421940989520	0.1716733500000000	0.0805851950000000
2973	7.88851	2.3180658993763119	0.2449048500000000	0.1246436450000000
2974	9.21944	2.2336831466999536	0.1418829700000000	0.0715164200000000
2976	4.41979	2.2753381269944586	0.1591657950000000	0.1180680900000000
2978	5.88975	2.2422220335765135	0.1126094400000000	0.0876806000000000
2980	4.14296	2.2681265520368488	0.1361613050000000	0.0959861700000000
2982	12.90590	2.2126049218232446	0.1210474400000000	0.1014499150000000
2984	4.93568	2.2573590055326651	0.1189926250000000	0.0604833350000000
2986	4.49291	2.2701511716904976	0.1001940900000000	0.1216851250000000
2988	5.13341	2.2618560398456427	0.2328705200000000	0.1147155500000000
2990	4.25226	2.2100687491835287	0.1819452300000000	0.0584774750000000
2994	14.96590	2.2217161176137679	0.1516497800000000	0.1138857550000000
3000	8.19245	2.2350555549100291	0.1673111050000000	0.0840891450000000
3002	9.68277	2.2304627342294485	0.1310098700000000	0.0909813350000000
3003	9.68277	2.3527448266640740	0.2875526500000000	0.0660753400000000
3006	9.66154	2.2281252940148715	0.1218780150000000	0.0899953450000000
3012	4.27623	2.2811610388173014	0.1229118600000000	0.1113435450000000
3016	5.21969	2.3608750960533365	0.2266718150000000	0.0849732450000000
3018	5.26619	2.2585436055458823	0.1514318700000000	0.0995170550000000
3020	5.59896	2.2581237896571746	0.1342662000000000	0.1184306150000000
3021	5.59896	2.1447183609666007	0.1213547900000000	0.0552166950000000
3024	8.44299	2.2360737453609052	0.1511265800000000	0.1171031700000000
3026	10.30760	2.2319510975710530	0.1570399700000000	0.0920741050000000
3028	5.95873	2.2497460482015730	0.1364145700000000	0.0783932900000000
3030	8.95530	2.2341073309400588	0.1509599350000000	0.0691724900000000
3032	4.59982	2.2591318248955221	0.1269223200000000	0.0797995900000000
3034	4.74703	2.2633676022757867	0.1435351950000000	0.0683801600000000
3038	10.91730	2.2285821412446554	0.1253593650000000	0.0799073750000000
298	5.72922	2.2509922345460058	0.1309769050000000	0.0647277700000000
300	4.48033	2.2696183303179103	0.1673243400000000	0.1004913550000000
302	9.30426	2.2343013953960527	0.1327695300000000	0.0806581700000000
3040	4.47175	2.2713064107222656	0.1584927000000000	0.1028959450000000
3042	5.28955	2.2543500546894286	0.1174575600000000	0.0798726650000000
3046	4.45076	2.2770947623071791	0.1332478550000000	0.0633413200000000
3048	4.95637	2.2615425123914106	0.1190316600000000	0.0849739000000000
3050	6.73115	2.2480846820234381	0.1280778550000000	0.0815735350000000
3052	4.24874	2.2696762026223154	0.1301031100000000	0.1254933450000000
3058	5.59479	2.2510207872414623	0.1496477000000000	0.0959177500000000
3062	4.57984	2.2776888396477886	0.1422300250000000	0.0773764350000000
3064	4.72266	2.2693303278065562	0.1437646250000000	0.1020981200000000
3067	6.16990	2.2064763218213272	0.1779551150000000	0.1199454050000000
3068	4.07954	2.2656181609096575	0.1007286100000000	0.0745856550000000
3070	5.25119	2.2506713453779339	0.1463992800000000	0.0887602450000000
3072	6.56144	2.2486239892904436	0.1534393150000000	0.0483244500000000
3078	4.22833	2.2809867393608183	0.1738682950000000	0.0839638500000000
3080	5.71492	2.2582507220768377	0.1423475300000000	0.1021311100000000
3084	4.92164	2.2665493290680585	0.1177314600000000	0.0791881500000000
3088	6.05933	2.2518966751163676	0.1530083250000000	0.0666201700000000
3090	11.04760	2.1977491895865171	0.1188366250000000	0.1212807350000000
3092	9.08518	2.2313420331165412	0.1173827500000000	0.0809065900000000
3096	7.97027	2.2442871427420408	0.1869925050000001	0.0859383600000000
3097	7.97027	2.0957392749165056	0.1806218300000000	0.0646505250000000
3098	4.38017	2.2685741325318518	0.1453762550000000	0.0699635950000000
3100	6.43345	2.2513003438995973	0.1501719600000000	0.1207591700000000
3104	4.34008	2.2672291038194983	0.1303190350000000	0.0728952750000000
3110	13.23870	2.2234292996672629	0.1412142600000000	0.0892545050000000
3112	4.78521	2.2485278644430045	0.1221256800000000	0.0613225250000000
3114	4.29999	2.2714421422580298	0.1321146300000000	0.0885987100000000
3116	4.66860	2.2675559728855599	0.1450859500000000	0.0769209100000000
3118	6.78583	2.2518660891263069	0.1440926850000000	0.0615522650000000
304	4.35666	2.2703218521814170	0.1224757200000000	0.0975966100000000
310	11.78130	2.2271189741349340	0.1488713600000000	0.1029856900000000
3120	5.42970	2.2465521004122313	0.1272067100000000	0.0880206950000000
3124	4.41995	2.2613427507911510	0.1268290200000000	0.0968888950000000
3128	4.06100	2.2848540149787295	0.1627967550000000	0.1065259150000000
3130	5.00992	2.2613812948959731	0.1387739650000000	0.0686788450000000
3132	13.21360	2.2190738640794443	0.1464867300000000	0.0874129500000000
3138	4.94001	2.2626558619759516	0.1428441050000000	0.0753362900000000
3144	4.11924	2.2696947121137150	0.1876351700000000	0.1089283600000000
3146	7.78009	2.2370968554168758	0.1186519750000000	0.0613953650000000
3148	4.41958	2.2758018564367393	0.1506550300000000	0.0573430250000000
3152	4.75031	2.2545760299362190	0.1309299900000000	0.0795718900000000
3154	6.13193	2.2445394934155076	0.1497175350000000	0.1260969500000000
3160	4.38829	2.2691666961511272	0.1380032100000000	0.0854189900000000
3162	4.47027	2.2668524041511247	0.1870396900000000	0.0441188450000000
3164	5.20138	2.2550555979223175	0.1357765400000000	0.0891372750000000
3166	4.20967	2.2747731136433633	0.1340917300000000	0.1093635950000000
3168	4.81774	2.2633790280582899	0.1278521400000000	0.0854904900000000
3170	4.60942	2.2711835708232568	0.1394190950000000	0.1149798700000000
3172	4.35084	2.2696672553626409	0.1353556600000000	0.0896344700000000
3174	5.11026	2.2617909980800932	0.1793703750000000	0.1247573550000000
3176	4.34000	2.2685555952014425	0.1485663000000000	0.0933587700000000
3180	4.29221	2.2711228186514312	0.1430195900000000	0.0687703750000000
3182	5.62373	2.2595885728879854	0.1300113850000000	0.0310799400000000
3184	6.99027	2.2431983804060160	0.1391693150000000	0.1149096150000000
3186	5.89004	2.2593560577174534	0.2048406950000000	0.0508028000000000
3190	4.31221	2.2736667922659559	0.1485648750000000	0.1251984900000000
3192	5.32008	2.2570362795968300	0.1315298000000000	0.0933610050000000
3194	4.17145	2.2697840575533168	0.1696569400000000	0.1304761500000000
312	6.42442	2.2498109771140857	0.1442321650000000	0.1004938250000000
315	5.20148	2.1637327493594936	0.2199094300000000	0.3968394099999999
316	8.45468	2.2358393738645033	0.1274011050000000	0.0709981300000000
318	4.10089	2.3813115391862447	0.2577311300000000	0.1477777900000000
24	6.39008	2.2455047324615713	0.1494502600000000	0.1079509800000000
26	6.09737	2.2508957071164719	0.1217620750000000	0.0923631500000000
28	5.95941	2.2454494165954610	0.1328012800000000	0.0932465300000000
30	4.08821	2.2739200948189051	0.1200387200000000	0.1132549850000000
320	11.69890	2.2303515814767714	0.1500500050000000	0.0759633150000000
322	4.72290	2.2650116842310224	0.1366178600000000	0.0833172700000000
324	5.87348	2.2401938626524354	0.1546094500000000	0.0948964050000000
326	6.53933	2.2489719059797739	0.1500155150000000	0.0735899250000000
328	6.99964	2.2470434189084076	0.1609247950000000	0.1048497400000000
330	4.00913	2.2767185461272170	0.1326823350000000	0.1214788050000000
332	5.18578	2.2618308819737205	0.1394736800000000	0.0525419250000000
334	4.27849	2.2725294723505201	0.1383498800000000	0.0836898200000000
336	4.86590	2.2617762341682761	0.1674677550000000	0.1161491600000000
338	4.59223	2.2768850486195897	0.1614997850000000	0.1050488000000000
340	7.84714	2.2371934987593503	0.1572109400000000	0.1187885450000000
342	5.06002	2.2580223260333341	0.1471617450000000	0.0957667700000000
344	5.97000	2.2282908792761220	0.1179730000000000	0.1173424750000000
354	12.23160	2.2350835467698964	0.1490974100000000	0.0667130050000000
356	5.38920	2.2609435028743867	0.1352829200000000	0.1118819300000000
358	6.98731	2.3078366049327705	0.1945510900000000	0.1326516600000000
362	4.48027	2.2703900844847253	0.1316264950000000	0.1037641600000000
364	5.02670	2.2574042084349482	0.1253268250000000	0.0651871300000000
366	4.28634	2.2612267668444952	0.1464366700000000	0.0967053750000000
368	4.57993	2.4021016892313702	0.2318165000000000	0.0898685100000000
372	4.99183	2.2683232770898751	0.1833003400000000	0.0722336450000000
374	7.54955	2.2449138201704977	0.1560731800000000	0.0798168250000000
376	4.88651	2.2686384941231315	0.1054037800000000	0.0872537650000000
378	8.36841	2.2378500623026620	0.1717288500000000	0.0917029850000000
380	5.25044	2.2605467733384579	0.1284317000000000	0.0496977350000000
382	5.55295	2.4025525830835019	0.2582148750000000	0.1530474300000000
386	8.63574	2.2388347204036210	0.1388162000000000	0.0784633150000000
388	5.01801	2.2580192070423930	0.1355036050000000	0.0892033350000000
390	4.07706	2.2779557640735679	0.1512566600000000	0.0804305150000000
392	4.76010	2.2597728983764291	0.1247859200000000	0.1193564500000000
394	4.96945	2.2656480528153380	0.1112590450000000	0.0848524700000000
396	5.97077	2.2527157657313230	0.1480242000000000	0.1229745850000000
32	5.00000	2.2519955107638170	0.2056595400000000	0.1195549000000000
34	4.59597	2.2645635062960907	0.1800392050000000	0.0898208800000000
36	11.42750	2.2203417171985014	0.1394956200000000	0.1297276850000000
37	11.42750	2.2485709389851651	0.2382942100000000	0.1001206800000000
38	7.71594	2.2436390105751065	0.1360640650000000	0.0463018300000000
400	13.25910	2.2246073909564408	0.1513469050000000	0.1043112700000000
404	5.17820	2.2562126810870864	0.1719007600000000	0.0774934950000000
408	4.83876	2.2609387703010873	0.1280266800000000	0.0898833950000000
416	19.16470	2.2154543003818703	0.1573553400000000	0.1063983850000000
418	4.62812	2.2579050420608104	0.1445106700000000	0.1393639800000000
420	10.91070	2.2298367727922197	0.1579474800000000	0.0851142600000000
422	4.49919	2.2669378249517522	0.1824799300000000	0.1098346650000000
424	4.41018	2.2732235548007873	0.1697339300000000	0.1224660600000000
426	4.14775	2.3281550029651656	0.1945684600000000	0.1333106750000000
428	4.01005	2.2823378246323967	0.1289357000000000	0.0621510300000000
432	12.00770	2.2272718890850105	0.1394729600000000	0.1152255300000000
440	4.69001	2.2465209952075100	0.1338286700000000	0.1065721250000000
442	5.97021	2.2491781187887967	0.1656919100000000	0.1528206250000000
444	4.01200	2.2673012224007518	0.1584557700000000	0.1032622000000000
446	3.99999	2.2725728547923016	0.1086715050000000	0.0751879700000000
448	4.38024	2.2631346700557722	0.1688207550000000	0.1017214050000000
450	10.69890	2.2235757017149131	0.1170969050000000	0.0859806150000000
451	10.69890	2.1726463640400833	0.1435144200000000	0.1173486250000000
452	5.10067	2.2600914783500392	0.1464634700000000	0.0894498900000000
454	5.28648	2.2635096752075592	0.1542203800000000	0.0381501550000000
456	7.52274	2.2456231600047114	0.1466521750000000	0.1011160400000000
458	5.24962	2.2423212425496435	0.1569835400000000	0.0512983250000000
460	4.80720	2.2640401926054543	0.1416462550000000	0.0921605800000000
462	5.32730	2.3227517185997368	0.2088919900000000	0.1488257400000000
464	4.45389	2.2323981501351420	0.1774365600000000	0.0952688950000000
466	5.10844	2.2647697770934498	0.1668747200000000	0.1062366800000000
468	4.35962	2.3059756529468203	0.1923166000000000	0.1263515750000000
470	4.69002	2.2637065321717520	0.1236418950000000	0.0753557150000000
472	5.52889	2.2548941410912309	0.1286976300000000	0.0841064700000000
473	5.52889	2.3577847793419284	0.2806142300000000	0.0669275000000000
474	5.01269	2.2616451117968186	0.1722430500000000	0.1092880850000000
476	4.28973	2.2563294582599851	0.1080874350000000	0.0845089900000000
40	4.72137	2.2669087559296672	0.1463026900000000	0.1191639650000000
42	5.30174	2.2508060606389031	0.1649283700000000	0.0851201200000000
46	4.86181	2.2639343579915616	0.1645016150000000	0.1060022000000000
480	9.18256	2.2321788117010009	0.1134276850000000	0.0805538900000000
484	4.84521	2.2644307887908171	0.1786861000000000	0.0829791800000000
486	5.16271	2.2595004338733120	0.1526189300000000	0.1222321850000000
488	6.47736	2.2476842374893864	0.1313545300000000	0.0929056650000000
490	6.05020	2.2623725165270949	0.2029287200000000	0.1116714400000000
492	4.09257	2.2546020324665217	0.1376187500000000	0.0351718150000000
494	8.00877	2.2397442890562291	0.1313461050000000	0.0912106750000000
500	9.56550	2.2341061533684847	0.1328851750000000	0.0814063650000000
501	9.56550	2.2268890681728490	0.1967626750000000	0.0777348150000000
502	4.17605	2.2629757357200715	0.1369839050000000	0.0893790100000000
506	4.44068	2.2536041918268301	0.1514869600000000	0.0823675900000000
512	4.50597	2.2668194485658311	0.1320598600000000	0.1085925350000000
514	5.80851	2.2519630168970735	0.1501104500000000	0.1039823600000000
516	5.57690	2.2577366872157700	0.1572178750000000	0.1137205050000000
520	4.83509	2.2545075189922610	0.1328348800000000	0.0937188650000000
522	4.93996	2.2656818945942492	0.1619517750000000	0.0846340950000000
524	5.93792	2.2555600479721427	0.1652648400000000	0.0570153000000000
528	5.22447	2.2546042057143860	0.1067394800000000	0.0956294650000000
530	7.65335	2.2386407075007670	0.1346205750000000	0.0885661200000000
532	4.49980	2.2731489169820818	0.1604499850000000	0.0958716000000000
534	4.17992	2.2697205034851864	0.1223213350000000	0.0688071200000000
544	8.30517	2.2778935791484849	0.1943186750000000	0.1211208900000000
546	4.66661	2.2604606235211571	0.1420635800000000	0.0915382550000000
548	4.13510	2.2720931382820111	0.1105521550000000	0.1043034500000000
550	5.97092	2.2502112728215913	0.1015426050000000	0.0664427500000000
554	4.87395	2.2580733628341707	0.1128362400000000	0.0725769250000000
556	5.28839	2.2531873779294420	0.1489141450000000	0.1116812500000000
558	4.91079	2.2231780460292501	0.2287698250000000	0.1336266200000000
48	5.98162	2.2557979248247526	0.1680259150000000	0.1079942800000000
50	4.65639	2.2428112784994769	0.1258697900000000	0.0978517000000000
52	16.74470	2.2153927293122644	0.1434886450000000	0.0448105750000000
560	6.12474	2.2510807008211349	0.1597935400000000	0.1532053650000000
562	5.92542	2.2391663577498608	0.1109710900000000	0.0887220500000000
564	5.28955	2.2576977930679059	0.1563496900000000	0.1011632500000000
568	5.29829	2.2549422534379198	0.1664517200000000	0.1390826600000000
570	13.32050	2.2274731371037326	0.1298439850000000	0.0815092400000000
572	8.19246	2.2337855365785613	0.1520739900000000	0.0518067950000000
574	5.42940	2.2593140183319078	0.1923163000000000	0.0999922450000000
576	5.51229	2.2502137749715141	0.1198588300000000	0.0729558700000000
578	6.71299	2.2497816667138815	0.1588203550000000	0.0829618650000000
580	7.37675	2.2409501983842981	0.1591049850000000	0.0996119000000000
582	4.27199	2.2642368440240026	0.1344486000000000	0.0989734950000000
588	4.95559	2.2593793521449430	0.1679324300000000	0.0886677950000000
590	10.20320	2.4112868908256275	0.2454149950000000	0.1220665150000000
592	5.47005	2.2521866460705731	0.1598489900000000	0.1016939200000000
594	4.59101	2.2680234752403137	0.1658882950000000	0.1046745550000000
598	6.13030	2.2418332095870941	0.1271815400000000	0.0945885800000000
602	4.91992	2.2673540407045487	0.1330420000000000	0.0864822200000000
604	7.96701	2.2286328429159319	0.1275301550000000	0.0747293550000000
606	4.24997	2.2782953017580208	0.2336552100000000	0.0778815000000000
612	15.79580	2.2076583348640879	0.1448461550000000	0.1093547350000000
614	7.96823	2.2396067538732969	0.1271701800000000	0.0638531050000000
616	5.75065	2.2426114556250920	0.1587628200000000	0.0643294800000000
618	5.39051	2.2558324139129979	0.1503959300000000	0.0934973300000000
620	4.99862	2.2603390166769710	0.1866738600000000	0.0531692700000000
622	4.00730	2.2779609497768503	0.1271303350000000	0.1072325150000000
624	5.00235	2.2403651442868844	0.1334792300000000	0.0683195450000000
626	7.71899	2.2414773016255585	0.1558758650000000	0.1315276150000000
628	7.78068	2.2401759189163419	0.1343413400000000	0.0980522500000000
630	7.58673	2.2301636240604101	0.0694135250000000	0.1012978800000000
632	4.51447	2.2546303025288559	0.1711395000000000	0.0841416250000000
638	5.39993	2.2628603830394263	0.1184288000000000	0.0720343450000000
56	4.27006	2.2787553924297042	0.1499108900000000	0.0959251250000000
60	4.04813	2.2766130516079901	0.1386362250000000	0.0601839100000000
640	6.60590	2.2517620674459895	0.1744248250000000	0.1090569500000000
642	5.30005	2.2679117777267352	0.1823678900000000	0.1325226250000000
644	4.20982	2.2648570266910193	0.1347046950000000	0.0629466100000000
646	5.04993	2.2599061265201654	0.1318998050000000	0.0792280750000000
648	5.16018	2.2576934422639225	0.1542223800000000	0.1400475650000000
650	5.68948	2.2523091330244780	0.1473205950000000	0.0496371500000000
658	11.91340	2.2317835976271305	0.1603671350000000	0.0977406550000000
660	4.39697	2.2735388695399164	0.1778323850000000	0.0844408600000000
662	4.80723	2.2612261258889070	0.1196129500000000	0.0757862300000000
664	4.25844	2.2589931768195957	0.1458600000000000	0.0588175700000000
666	4.26001	2.2729515056103886	0.1618442900000000	0.0997788450000000
668	6.19983	2.2499098683405752	0.1341539150000000	0.0982628100000000
672	8.53196	2.2896599926561487	0.2048513950000000	0.0945538700000000
673	8.53196	2.6209997755944343	0.3514887050000000	0.1191890350000000
674	6.29109	2.3171137060143061	0.2254215350000000	0.0954384650000000
680	5.55312	2.2519807992083423	0.1509650600000000	0.0685129500000000
684	4.81861	2.2606344606126165	0.1134096000000000	0.0826832250000000
686	6.88888	2.2408294236629267	0.1704231200000000	0.0658832100000000
690	8.86501	2.2303359638944102	0.1053666150000000	0.0802484350000000
692	4.72836	2.2702088826790963	0.1500501550000000	0.1096698500000000
694	4.26026	2.2491884625463143	0.2248337550000000	0.0925203600000000
696	7.24264	2.2402856876738833	0.1315056850000000	0.0646283450000000
700	6.63621	2.2469097081281979	0.1384597600000000	0.0556990300000000
702	4.01006	2.2649885816286490	0.1565539550000000	0.1569849350000000
704	4.18303	2.3233046897572271	0.2609737050000000	0.1314653100000000
706	4.21997	2.2775966107643479	0.1474152100000000	0.0401396050000000
710	4.99021	2.2673703920204944	0.1434487950000000	0.0873317950000000
712	4.16844	2.2872971456397213	0.1507303350000000	0.1052153400000000
714	4.85701	2.2592479114501507	0.1587902000000000	0.0924335150000000
718	4.49795	2.2669214270716069	0.1615360200000000	0.0539980000000000
64	4.05404	2.2738448880057489	0.1358395200000000	0.0801557350000000
66	4.12811	2.2740691652342515	0.1610799750000000	0.1088525200000000
70	4.99201	2.2627396966842999	0.1344211350000000	0.0791617100000000
720	4.86081	2.2694590830074652	0.1437240800000000	0.0953911150000000
722	9.55964	2.2329280416871549	0.1113798900000000	0.0739284950000000
724	5.58146	2.2477753418331985	0.1410258400000000	0.0598443300000000
726	4.48954	2.2590946732971311	0.1937885950000000	0.1110320050000000
728	5.37312	2.2543585616233037	0.1346860600000000	0.1161617300000000
730	4.04598	2.2792671299251337	0.1153999650000000	0.1146292050000000
734	5.81957	2.2523934816226330	0.1518931550000000	0.1180977050000000
738	4.39812	2.3326218081387728	0.1996528900000000	0.1429102250000000
740	5.73561	2.2597034668085918	0.1753961050000000	0.0763197700000000
741	5.73561	2.1665763500484254	0.1248572400000000	0.1104112650000000
742	4.34562	2.2587478422374545	0.0894967650000000	0.1047035700000000
746	5.02036	2.2671324613528818	0.1687502050000000	0.0741736500000000
748	10.29080	2.2331135294412299	0.1502286300000000	0.0764966550000000
752	7.13508	2.2459106757036342	0.1667262350000000	0.1483397900000000
754	4.57918	2.2661925157404408	0.1628516450000000	0.1092402200000000
762	4.49133	2.2657966814620556	0.1454518450000000	0.0632949250000000
766	6.03861	2.2528572568883414	0.1362839400000000	0.0785338800000000
768	6.49957	2.2407605514786169	0.1146647450000000	0.0897378300000000
772	4.01021	2.2481541491824193	0.1053694350000000	0.0947950450000000
774	4.84509	2.2523903282952382	0.1365576700000000	0.1035235750000000
776	6.40735	2.2442579828562264	0.1232300150000000	0.0851830000000000
778	6.98751	2.2476114857860443	0.1281160250000000	0.0846295450000000
782	5.28004	2.2543682269860001	0.1628804000000000	0.1268825000000000
784	6.20121	2.2509300603202926	0.1481645850000000	0.0761213300000000
786	6.00964	2.2486818474879944	0.1056454400000000	0.0724912750000000
788	5.78503	2.2452576305635912	0.1222425150000000	0.0994186200000000
790	5.27576	2.2528854706512211	0.1491578050000000	0.1112862100000000
792	4.44731	2.2621836339244790	0.1200205700000000	0.0948487850000000
796	5.91367	2.2425881430440597	0.1370486100000000	0.0811895050000000
798	4.83879	2.2569546568255379	0.1245680350000000	0.0638247400000000
72	9.58719	2.2357754362099840	0.1417766550000000	0.0661258650000000
76	4.73062	2.2603876584154161	0.1334433050000000	0.0846129700000000
78	5.98490	2.2438027652310724	0.1254534700000000	0.0892320000000000
