0	147.49000	2.2509772234555574	0.2014600450000000	0.0974559200000000
4	4.35645	2.2701924282548931	0.1418325800000000	0.1027896050000000
6	4.69902	2.2690665836240442	0.1229751800000000	0.1126674150000000
802	9.13833	2.2338917907007927	0.1157113050000000	0.0808053650000000
808	4.77777	2.2730618016647544	0.1547603100000000	0.0931736650000000
810	4.50192	2.2770311142279405	0.1465605250000000	0.0688418250000000
812	4.12992	2.2846573098443739	0.1309526800000000	0.1431732250000000
814	5.51014	2.2718560286171146	0.1634498500000000	0.1173972300000000
816	4.70120	2.2581305727613192	0.1346562450000000	0.1125762050000000
820	5.49543	2.1693916471091947	0.1872878200000000	0.1131331450000000
822	4.02000	2.2869706625618691	0.1504221150000000	0.0696959650000000
824	5.48187	2.2457886728847321	0.1617019350000000	0.1013785450000000
826	5.02823	2.2603618856216112	0.1592637150000000	0.1041510100000000
828	4.39944	2.2735138456378277	0.1415470850000000	0.1084990900000000
830	4.76516	2.2689655551844119	0.1417451050000000	0.0875921150000000
834	4.69003	2.2682376148713574	0.1363320700000000	0.0471718100000000
836	9.14174	2.2250340787331151	0.1551193500000000	0.1101286750000000
838	11.07470	2.2326261713744295	0.1551703300000000	0.1086648650000000
842	7.66761	2.3807009024597159	0.2550604550000000	0.1715718650000000
844	5.82782	2.2460424825619536	0.1454514650000000	0.0818776050000000
846	4.41559	2.2577075441170877	0.1291969150000000	0.0563533300000000
850	5.91751	2.2531757715831273	0.1281055900000000	0.0816925750000000
856	4.41190	2.2637628726012600	0.1358074900000000	0.0622879700000000
858	4.98057	2.2614689144655991	0.1094564350000000	0.1076221050000000
860	4.86085	2.2554980565152900	0.1296287600000000	0.0937743350000000
862	4.83234	2.2715784658771483	0.1653824200000000	0.0973959450000000
864	4.09047	2.2676245930268863	0.1398735250000000	0.0712254350000000
866	4.16608	2.2776426534920087	0.2096867550000000	0.1253532750000000
872	4.02906	2.2679684749283298	0.1236749500000000	0.0830429550000000
878	4.54933	2.2664414440358098	0.1255538150000000	0.0559600000000000
80	5.11851	2.2513948423970009	0.1421198450000000	0.0619515550000000
82	4.14228	2.2616342557692772	0.1719570750000000	0.1134844350000000
84	6.99024	2.2526210331904073	0.1635456950000000	0.1016427600000000
882	4.12996	2.2394225306327953	0.1891190400000000	0.0860466500000000
886	4.24842	2.2753779278225319	0.1625526150000000	0.1007852250000000
888	6.76593	2.2450390841005290	0.1525693550000000	0.0760767150000000
890	4.95505	2.2515012868899511	0.1205786200000000	0.0788276500000000
894	9.01225	2.2367673781198567	0.1251918950000000	0.0942170100000000
896	4.86598	2.2612168281343239	0.1314142850000000	0.0794218950000000
900	4.50584	2.2611991625899170	0.1285179750000000	0.0912580900000000
902	4.70921	2.2636971828020949	0.1261135650000000	0.1146973950000000
904	4.73006	2.2722018278111276	0.1407891200000000	0.0694164700000000
906	7.99125	2.2353098371289479	0.1170483650000000	0.1007500600000000
908	5.04026	2.3153735633939854	0.2073970000000000	0.1074591750000000
910	4.24570	2.2551311215790468	0.1771540050000000	0.0781693850000000
920	4.84378	2.2614183954506504	0.1353726350000000	0.1317485550000000
922	4.80728	2.2804384091736885	0.1928340800000000	0.1299538250000000
932	4.53006	2.2606584730899564	0.1228365350000000	0.0852349700000000
934	4.34599	2.3297826329705145	0.2213210000000000	0.0719353650000000
938	4.13974	2.2726096873371735	0.1511061800000000	0.1031494900000000
940	4.62017	2.2551596186066689	0.1902228050000000	0.0813598050000000
942	4.78462	2.2632216082751002	0.1193562050000000	0.0712230200000000
944	4.71987	2.2748286238434443	0.1280574200000000	0.0596014600000000
946	6.24975	2.2327477972589791	0.1167886150000000	0.0988186650000000
948	4.02000	2.2725651188722784	0.1425934600000000	0.1054169150000000
950	10.71510	2.2273387764038648	0.1213514550000000	0.0895551300000000
954	8.53221	2.2383743546358028	0.1701445300000000	0.1115815850000000
956	4.00829	2.2742156898846435	0.1633639100000000	0.1383809550000000
958	16.47030	2.2211451213806770	0.1084936650000000	0.0850156800000000
88	5.11225	2.2492870278023074	0.1409657000000000	0.1023471500000000
94	6.88144	2.2490706762464114	0.1451700000000000	0.0503107600000000
960	5.30527	2.3702813110720431	0.3075023650000000	0.0696236600000000
962	4.08396	2.2778629176618659	0.1353540900000000	0.1096182700000000
970	5.00324	2.2588780420368306	0.1564836600000000	0.1037985250000000
974	5.07010	2.2571222202759036	0.1177503700000000	0.0569085950000000
976	6.08247	2.2475838008235010	0.1631209650000000	0.0910344550000000
978	5.95959	2.2510144674275154	0.1302524550000000	0.0941847250000000
980	4.01998	2.2735511669043165	0.1057685600000000	0.0712709150000000
982	4.16579	2.2581641890528137	0.1600615400000000	0.0973844250000000
984	4.28682	2.2696885064238410	0.1317799400000000	0.0688031500000000
988	5.02105	2.2654567601413627	0.1465773750000000	0.0872830100000000
990	4.13117	2.3197446523706424	0.2048052550000000	0.1393528050000000
994	5.46914	2.2633861829735769	0.1705334300000000	0.1297217100000000
996	4.81901	2.2599139057158806	0.1714667350000000	0.0702813950000000
998	4.05999	2.2527926612746256	0.1004605750000000	0.1004918100000000
1000	6.84932	2.2487964287666529	0.1657966050000000	0.0587889800000000
1002	4.06005	2.2757656984496748	0.1290855850000000	0.0575429950000000
1004	4.05646	2.2772556346080197	0.1547184300000000	0.1188512850000000
1006	4.73002	2.2634278486183357	0.1579280250000000	0.0785334700000000
1008	10.74660	2.2295239307871597	0.1433620700000000	0.0704016800000000
1009	10.74660	2.1627207105435562	0.1462671500000000	0.0477882900000000
1010	7.48502	2.2388890310811900	0.1809455700000000	0.0809995900000000
1014	4.79428	2.2697183072942235	0.1347863950000000	0.0645069650000000
1016	5.42450	2.2597884286648431	0.1166804150000000	0.0887435700000000
1018	4.35595	2.2687085477601867	0.1449902550000000	0.1220644800000000
1020	4.59215	2.2599547584538802	0.0914234450000000	0.0607674000000000
1024	4.11828	2.2706427330042893	0.1509613550000000	0.1042570550000000
1026	5.42788	2.2536389146963836	0.1465121400000000	0.0587322300000000
1032	5.37206	2.2583002806890451	0.1424049600000000	0.0852894700000000
1036	6.19163	2.2464994078455973	0.1549212000000000	0.0960969950000000
1038	20.58720	2.2111225176615434	0.1494345850000000	0.0963840300000000
96	4.49598	2.2203989528237633	0.1669139000000000	0.1111182250000000
100	4.44442	2.2549463305783433	0.1524415850000000	0.0638830900000000
102	11.84740	2.2266468164553586	0.1533143150000000	0.0779535750000000
103	11.84740	2.1898260441232402	0.1669388550000000	0.0776098300000000
1042	8.97676	2.2383312022759485	0.1435803650000000	0.0870306150000000
1044	7.71618	2.2389625895501983	0.1554890250000000	0.1272691300000000
1048	7.04994	2.2485072350242894	0.1447920050000000	0.1198847700000000
1050	4.79443	2.2521687319636534	0.1216126350000000	0.1094227800000000
1054	5.00964	2.2609479980161398	0.1797065350000000	0.0983559350000000
1056	13.19180	2.2443696751339237	0.1584667300000000	0.0440255350000000
1058	5.16946	2.2573047673599338	0.1194150450000000	0.0853884050000000
1060	4.42420	2.2703790077394403	0.1177804050000000	0.1062034550000000
1062	7.52754	2.2429651483182531	0.1355192300000000	0.0953551400000000
1064	4.13375	2.2768972594028098	0.1255790250000000	0.0915412050000000
1068	4.03979	2.2787996518999702	0.1519521250000000	0.1045097050000000
1070	5.57741	2.2628937906772082	0.2116429400000000	0.1395285400000000
1074	5.15909	2.2607590603664440	0.2111786850000000	0.1275586450000000
1076	4.75638	2.2577845270205388	0.1442816650000000	0.0903033850000000
1078	9.13998	2.2326160445540442	0.1515786500000000	0.0946834100000000
1080	6.88055	2.2463115060405925	0.1635214700000000	0.0756490100000000
1084	4.39977	2.2691384919115789	0.1659221500000000	0.1204738300000000
1092	4.06107	2.2667249658715027	0.1355219050000000	0.1061581000000000
1094	5.02848	2.2650879375688699	0.1250025850000000	0.0830372200000000
1096	4.94043	2.2657715181214511	0.1426644350000000	0.0855339750000000
1098	4.99017	2.2572411428710559	0.1159088550000000	0.0635171200000000
1100	6.64546	2.2410047534692672	0.1315733250000000	0.0900300450000000
1104	4.56992	2.2645189958626841	0.1384222200000000	0.0491775250000000
1106	5.56954	2.2476544155830989	0.1666166550000000	0.0931567250000000
1114	6.80212	2.2477214986795975	0.1472363150000000	0.0715907000000000
1116	4.09318	2.2279447301803548	0.2035285600000000	0.0969406050000000
1118	4.94317	2.2634327738388587	0.1212050850000000	0.1232463450000000
104	4.17470	2.2738273421123871	0.1066223700000000	0.0824759700000000
106	4.24173	2.2665583948755503	0.1338664350000000	0.0950656450000000
108	6.74909	2.2522411494887247	0.1783059550000000	0.1176758050000000
110	4.95835	2.2645346170181679	0.1361443750000000	0.1102418450000000
1120	6.15791	2.2444448544974502	0.1479400800000000	0.0835435850000000
1122	4.50022	2.2582739584061859	0.1347420950000000	0.1162601850000000
1126	4.63993	2.2733781054416671	0.1676888750000000	0.1046360900000000
1128	4.73005	2.2717750004553836	0.1289862550000000	0.0794642350000000
1130	6.62189	2.2435163736278536	0.1346394150000000	0.0834895100000000
1132	4.82357	2.2673219998113896	0.1280135250000000	0.0982025000000000
1134	4.49785	2.2704460197207306	0.1230365000000000	0.0903279200000000
1136	4.52370	2.2668499159440922	0.1538090900000000	0.0643736200000000
1138	4.57963	2.2758049256974977	0.1587924700000000	0.0940100900000000
1140	4.33156	2.2715198776304031	0.1153192450000000	0.0539234500000000
1142	5.77021	2.2466742289892485	0.1479933350000000	0.1220628100000000
1148	4.34715	2.2774446635918881	0.0894407000000000	0.1175922450000000
1150	4.29202	2.2718681042126252	0.1396393250000000	0.0787219100000000
1152	6.15727	2.2425876882650977	0.1448817550000000	0.1014727100000000
1156	4.92139	2.2715917485016708	0.1449610450000000	0.0718236200000000
1158	4.44046	2.2639920516731502	0.1374874250000000	0.1137070300000000
1168	4.99998	2.2634725203237194	0.1395058850000000	0.0821140100000000
1170	4.44863	2.2637284402373430	0.1709119100000000	0.1153334350000000
1172	7.77621	2.2232242380403404	0.1128631750000000	0.0741448600000000
1176	8.82243	2.2325745577398064	0.1320664450000000	0.1029306200000000
1180	6.98595	2.2432438024682213	0.1359908300000000	0.1039386900000000
1186	4.49995	2.2699615357441365	0.1488924350000000	0.0963405350000000
1190	9.36204	2.2338726632986150	0.1520756050000000	0.0809007700000000
1192	4.60472	2.2673817926406246	0.1640468900000000	0.0401210700000000
1194	5.00000	2.2596760378387235	0.1586696900000000	0.0801467400000000
1197	4.78462	2.2052764394657758	0.1584124750000000	0.0796077650000000
112	4.34973	2.2746949743220597	0.1290957650000000	0.1094470600000000
114	5.67070	2.2516873672700002	0.1543085850000000	0.0605978200000000
118	4.02935	2.2759371263714265	0.1195695950000000	0.0749571900000000
1200	7.75231	2.2369182622829227	0.1493923550000000	0.1166034200000000
1202	4.35313	2.2660436496060052	0.1432206550000000	0.0973177150000000
1204	6.77997	2.2466447477265645	0.1497873100000000	0.0869127300000000
1206	6.99988	2.2475381106880978	0.1362685900000000	0.0996477900000000
1212	4.82000	2.3282451717222239	0.1930751800000000	0.0894091350000000
1214	10.74680	2.2306678319890567	0.1240464700000000	0.0659531250000000
1216	4.93969	2.2513076186085819	0.1406615000000000	0.0865799800000000
1218	7.34905	2.2312620430877863	0.1588936550000000	0.1061696150000000
1220	12.93590	2.2222285509087221	0.1463303650000000	0.1147511200000000
1222	4.15682	2.2759654095779980	0.1627701550000000	0.1131611000000000
1224	4.57009	2.2673071597598713	0.1747682450000000	0.0662010550000000
1226	4.35377	2.2418318927354348	0.1315962400000000	0.0722382700000000
1228	4.42998	2.2605855542561888	0.0895700950000000	0.0776248350000000
1230	5.20353	2.2557483982902182	0.1879657700000000	0.0814573200000000
1232	4.57896	2.2695387847802770	0.1563303100000000	0.0993949700000000
1234	5.14180	2.2577282324718881	0.1891668900000000	0.1131143450000000
1236	4.22672	2.2666067786567212	0.1155167800000000	0.0973693500000000
1240	6.10483	2.2495240556142311	0.1434337400000000	0.0721015950000000
1242	5.75275	2.2521947599761232	0.1584838500000000	0.1411202400000000
1244	4.25318	2.2755707482234926	0.1350021950000000	0.0827538200000000
1246	4.67784	2.2686121521747991	0.1145594950000000	0.0578163500000000
1248	4.14212	2.2763457721524949	0.1089579700000000	0.0646024850000000
1250	7.39761	2.2359624105551297	0.1474087250000000	0.1002593700000000
1252	4.82270	2.2682402636882353	0.1382469700000000	0.0771161950000000
1254	4.41000	nan	nan	0.0000000000000000
1256	5.28996	2.2702271192445429	0.1677370350000000	0.0425159100000000
1258	6.13964	2.2434062038940668	0.1199043400000000	0.1040380150000000
1260	5.95341	2.2888832490558224	0.2008167550000000	0.1310512100000000
1264	4.59321	2.2696531242662701	0.1321114300000000	0.0633403400000000
1266	4.18517	2.3638445444815339	0.2303821550000000	0.1382165550000000
1268	7.77916	2.2425510489625533	0.1438625150000000	0.1109661450000000
1270	5.12282	2.2563736173570015	0.1401664950000000	0.1189231700000000
1274	7.78094	2.2295430912499761	0.1685347100000000	0.0540724350000000
1276	6.23931	2.2496594718583967	0.1324372950000000	0.0547499800000000
120	4.49998	2.2796081080443673	0.1803702650000000	0.0997798700000000
122	4.12503	2.2718326199404704	0.1457666900000000	0.1306720550000000
126	4.67039	2.2677325269030031	0.1186722250000000	0.0588040000000000
1280	4.86258	2.2587580271088870	0.1688954550000000	0.0779661950000000
1282	9.14179	2.2368494374367733	0.1424132600000000	0.0932140750000000
1284	8.93260	2.2398605660279873	0.1490116100000000	0.1175555200000000
1286	16.78930	2.2193699563400799	0.1384992400000000	0.0800583050000000
1288	4.10059	2.2697029796289550	0.1348789300000000	0.1020810100000000
1290	4.41996	2.2708420096177395	0.1859829350000000	0.1377835400000000
1294	41.53440	2.2051069986033935	0.1384690150000000	0.0912240100000000
1295	41.53440	2.3073451063374302	0.2170154100000000	0.1612327100000000
1296	4.83472	2.2563345522253333	0.1417722000000000	0.0897961200000000
1298	4.20010	2.2735621045219032	0.1372664450000000	0.0992816450000000
1300	5.56063	2.2637701950769613	0.1481793550000000	0.1059243900000000
1306	26.52460	2.2127492348788502	0.1439712700000000	0.0530450200000000
1308	5.28082	2.2555497584924500	0.2058201350000000	0.0932098250000000
1310	4.21926	2.2878176682225670	0.1373878300000000	0.0939344850000000
1312	4.92507	2.2631294744750385	0.1369111000000000	0.0783884100000000
1316	8.20009	2.2281793534293945	0.0978538850000000	0.0836366750000000
1320	4.50593	2.2648973351502835	0.1172833200000000	0.1093540350000000
1322	4.92764	2.2631851772384652	0.1247802400000000	0.1057167400000000
1324	4.19051	2.2741765854108920	0.1367672400000000	0.0988067250000000
1328	6.31772	2.2408296040132942	0.1321475100000000	0.0760531800000000
1330	4.42435	2.2729872053684814	0.1162786450000000	0.0959334050000000
1334	6.43223	2.2477064150254829	0.1237210950000000	0.0765506250000000
1336	5.40002	2.2553887868421070	0.2177119600000000	0.0823790300000000
1338	4.29983	2.2748184418591020	0.1157303900000000	0.0890673550000000
1340	4.74091	2.2279718984496806	0.0841944950000000	0.1347551050000000
1346	4.12469	2.2699679293005297	0.1130909750000000	0.0977540350000000
1348	4.19133	2.2718778423342441	0.1182696950000000	0.0931433350000000
1352	6.49995	2.2496612963959701	0.1269386650000000	0.0864729100000000
1354	4.93868	2.2660848035801613	0.1369060300000000	0.1349164750000000
1356	5.16798	2.2635032854588237	0.1535433850000000	0.0611167000000000
132	4.26004	2.2733239833117858	0.1357246450000000	0.1144831700000000
1360	4.34000	2.2735650531571423	0.1191176350000000	0.0654943650000000
1362	4.19857	2.2721387956437296	0.1124940150000000	0.0871516950000000
1366	4.28500	2.2789295418352458	0.1379411450000000	0.0539710550000000
1368	4.33103	2.2686120455661127	0.1794725150000000	0.0782966950000000
1370	5.01810	2.2705750599588659	0.1340657100000000	0.0845633250000000
1372	4.83900	2.2627887721753237	0.1035204100000000	0.0661693900000000
1374	11.70160	2.2286609815356324	0.1269873250000000	0.0750073500000000
1376	4.18779	2.2707300107430899	0.1120543650000000	0.0672658500000000
1380	4.47979	2.2691574485420358	0.1311960800000000	0.0818729700000000
1382	4.19429	2.2769575752436770	0.1501263000000000	0.0787210350000000
1384	4.74990	2.2612354727858421	0.1569537100000000	0.1333402750000000
1386	4.46202	2.2577396302032269	0.1480197450000000	0.0483961700000000
1388	7.51339	2.2334598401904522	0.1241429250000000	0.1047500550000000
1390	4.07593	2.2734595949667535	0.1698881400000000	0.1196104000000000
1392	4.50586	2.2637976234320667	0.1411513200000000	0.1336344050000000
1394	5.40028	2.2587686403759459	0.1225768100000000	0.0950200150000000
1396	4.21001	2.2784954422060015	0.1322404500000000	0.1015143550000000
1398	4.55972	2.2613470398499187	0.1796091350000000	0.1099846850000000
1400	6.45934	2.2502242438219691	0.1368157650000000	0.0889203400000000
1404	5.63143	2.2608077923524004	0.1421546650000000	0.0775387550000000
1406	5.45344	2.2496394160905497	0.1040224000000000	0.0999690150000000
1410	3.99999	2.2775726965035856	0.1264040700000000	0.1182266100000000
1412	5.06884	2.2543772569399358	0.1583431600000000	0.1089414750000000
1414	5.17088	2.2618090601884271	0.1260301500000000	0.0572187550000000
1416	4.16630	2.2717596787488374	0.1430727000000000	0.0847547600000000
1418	4.45962	2.2740335746027500	0.1402841100000000	0.0745098600000000
1420	4.96768	2.2644453180649369	0.1674666750000000	0.1074585800000000
1422	6.48742	2.2946078422308767	0.1564353450000000	0.1151078550000000
1424	4.55737	2.2559084958676965	0.1606922850000000	0.1194623350000000
1426	4.59597	2.2495543081421427	0.1560307450000000	0.0919267500000000
1430	4.82750	2.2561244401580232	0.1797364550000000	0.0936459350000000
1432	4.74588	2.2660555897409154	0.1706571700000000	0.0302914000000000
1436	4.05549	2.3691495932496687	0.2260646850000000	0.0964405400000000
1438	4.35346	2.2562950614167514	0.0873014800000000	0.1128185300000000
138	5.65792	2.2367137098505365	0.1197958750000000	0.0790577750000000
142	7.11878	2.2487113737469731	0.1350521900000000	0.0998464650000000
1440	14.84560	2.2239353822384413	0.1546761050000000	0.1058134550000000
1442	5.15863	2.2400302488118853	0.1276586050000000	0.0883704650000000
1444	4.52015	2.2635941752995183	0.1104077700000000	0.0813817250000000
1446	13.19560	2.2154793624077644	0.1484236000000000	0.0948833350000000
1447	13.19560	2.1769845043273151	0.1202396600000000	0.0997995400000000
1452	26.14010	2.2045641312729622	0.1467603650000000	0.1002727700000000
1453	26.14010	2.2006505850335736	0.1469930850000000	0.1145436400000000
1458	6.81732	2.2444130648195464	0.1477507800000000	0.1002357250000000
1464	4.88418	2.3240784647488328	0.2368285000000000	0.1096447600000000
1466	5.14388	2.2490691584877598	0.0821957550000000	0.0985936000000000
1468	5.40044	2.2560772973703758	0.1846887200000000	0.1214977050000000
1474	16.46020	2.2180721341023295	0.1441086650000000	0.0807633950000000
1476	4.04919	2.2715756945182428	0.1150528550000000	0.0795828400000000
1478	4.73253	2.2682346795156687	0.1446031900000000	0.0645685750000000
1480	4.41109	2.2656283564448714	0.1500955050000000	0.0586205700000000
1482	8.11443	2.2427319098289114	0.1739453850000000	0.0709868250000000
1484	4.90953	2.2644959726085707	0.1405091700000000	0.0945740850000000
1486	4.76000	2.2589871992037676	0.1431044550000000	0.1040454700000000
1488	4.99997	2.2618116007614448	0.1306601750000000	0.0659769850000000
1494	8.85629	2.2341094236552825	0.1304086200000000	0.0666700900000000
1496	4.43155	2.3411414591585098	0.2040453500000000	0.1338485850000000
1498	5.33950	2.2555630331132042	0.1289996500000000	0.0787568700000000
1500	10.05860	2.2242162981981464	0.1430824950000000	0.0936511400000000
1502	5.32626	2.2555694298358016	0.1944161950000000	0.1338812450000000
1504	5.00547	2.2621581340186601	0.1188789750000000	0.0872139050000000
1506	6.05950	2.2511902532168704	0.1182905650000000	0.0768954850000000
1508	4.98861	2.2676054431065173	0.1323804750000000	0.1174652250000000
1510	7.57217	2.2386886700955020	0.1596378300000000	0.1097353650000000
1512	6.33965	2.2390747665407256	0.1210916850000000	0.0759037400000000
1513	6.33965	2.1517420251468180	0.1088582450000000	0.0586278650000000
1514	4.41009	2.2679431152336536	0.1425510450000000	0.1349249200000000
1518	4.00000	2.2625449501274728	0.1640515850000000	0.0948991500000000
144	4.19992	2.2756582883334215	0.1456397800000000	0.0799329650000000
146	4.16991	2.2761073689307074	0.1140385750000000	0.0867127750000000
148	4.15883	2.4289253138771083	0.2461630050000000	0.1199398600000000
150	5.97077	2.2561923213790545	0.1540427600000000	0.0919480250000000
1530	6.61898	2.2478262065972823	0.1522840050000000	0.0837696500000000
1534	4.40991	2.2725468086922471	0.1302964250000000	0.1002867900000000
1536	6.77581	2.2473701334956098	0.1509451650000000	0.1037951300000000
1540	5.93810	2.2503842400953507	0.1300566550000000	0.0689567950000000
1542	4.00992	2.2771269365564399	0.1431853400000000	0.0805051600000000
1544	6.17991	2.2530999166794863	0.1488623900000000	0.0797219600000000
1546	5.33599	2.2621739683791340	0.1705785200000000	0.0765558250000000
1548	4.86100	2.2702375954123477	0.1777803300000000	0.0736364750000000
1550	4.11980	2.2796374109976738	0.1203765250000000	0.0536630550000000
1554	9.48333	2.2272915514298601	0.1645669150000000	0.1052036100000000
1556	5.13316	2.2582433171022624	0.1278685050000000	0.0767876000000000
1558	6.80042	2.2498106952099235	0.1301841350000000	0.0773935150000000
1562	5.98505	2.2332691121149462	0.0728284750000000	0.0484299400000000
1566	5.19021	2.2470432761335664	0.1433692350000000	0.0709433700000000
1568	4.75006	2.2614758875882912	0.0945834650000000	0.0761468450000000
1570	5.24969	2.2547485092758595	0.1130922800000000	0.0824980300000000
1572	5.57786	2.2408701685513188	0.1254578250000000	0.0853222100000000
1578	5.96102	2.2485152166024656	0.1555584050000000	0.0996575900000000
1580	6.63143	2.2456278883266867	0.1521600250000000	0.0875075050000000
1582	4.83719	2.2507593580632301	0.1409216400000000	0.0992514700000000
1584	8.53797	2.2462859814035414	0.1668696400000000	0.0904900700000000
1586	7.09003	2.2280568832526306	0.0981725300000000	0.0735075900000000
1588	5.52782	2.2601461970925549	0.1241017950000000	0.0943670800000000
1590	4.29175	2.2696159574848167	0.1552106400000000	0.0749916350000000
1592	4.96853	2.2505792537892964	0.1428225300000000	0.1072884700000000
1594	4.28156	2.2663699100011812	0.1356655350000000	0.1371828950000000
1596	11.63420	2.2312454700144757	0.1442270850000000	0.0908442350000000
152	4.46989	2.2696120714560779	0.1224452300000000	0.0848488050000000
154	4.73684	2.2656689980632332	0.1480479600000000	0.1048820150000000
156	5.91927	2.2600839348942903	0.1467750600000000	0.0761978100000000
158	4.24722	2.2764704681972550	0.1441356200000000	0.0760703600000000
10	6.61961	2.2489767486803243	0.1333060550000000	0.0903659100000000
1600	5.91412	2.2448085468183341	0.1578721650000000	0.1106668700000000
1602	4.45082	2.2679300142644592	0.1141191400000000	0.1100161200000000
1604	4.01197	2.2770802804463504	0.1681807750000000	0.0933221100000000
1606	7.80313	2.2387658884816153	0.1386361650000000	0.0790145850000000
1608	4.35612	2.2699009919950917	0.1372934650000000	0.0866209650000000
1610	6.87927	2.2448080570697031	0.1462432100000000	0.0791904100000000
1612	11.05520	2.2225875021269563	0.1501785350000000	0.0523295850000000
1614	4.00000	2.2822270618199938	0.1473500500000000	0.0821309700000000
1616	4.47015	2.2836322114109362	0.1721642700000000	0.0447388800000000
1618	5.73820	2.2491570596768868	0.1531116600000000	0.1217178000000000
1620	7.00016	2.2446827717735869	0.1205299200000000	0.0810125600000000
1624	4.48996	2.2766711464899756	0.1210723100000000	0.0760412300000000
1626	4.90009	2.2590521209480210	0.1504545700000000	0.1137136800000000
1630	4.68953	2.2649928018986794	0.1217651950000000	0.0820303800000000
1636	4.18877	2.2631664335535016	0.1773943600000000	0.1030205750000000
1640	4.79451	2.2666255545424083	0.1183320650000000	0.1045285200000000
1642	12.51970	2.2249756861618506	0.1577407550000000	0.0937382400000000
1644	7.68019	2.2362446300840544	0.1122368800000000	0.0739901450000000
1648	4.34003	2.2746581303880236	0.1422362400000000	0.0929800450000000
1650	4.01793	2.2692971380788443	0.1494509750000000	0.0308339750000000
1654	12.19800	2.2346777701754621	0.1574641100000000	0.0637590200000000
1658	4.83879	2.2400271215703245	0.1802172500000000	0.0662693100000000
1660	5.07562	2.2394502414514275	0.0877487950000000	0.1003074800000000
1662	8.78127	2.2241015836148725	0.2021272100000000	0.1640472750000000
1664	4.94033	2.2608276863481640	0.1899203250000000	0.1130635950000000
1670	7.31305	2.2461797337244382	0.1481867750000000	0.1090102250000000
1674	11.11390	2.2293520974083694	0.1179104900000000	0.0651531200000000
1675	11.11390	2.1784425371062675	0.1328991650000000	0.0594864000000000
1676	4.40009	2.2731177003174237	0.1926694250000000	0.1042487700000000
162	5.93497	2.2525009696454452	0.1545457950000000	0.1045931150000000
164	5.68967	2.2581363173583617	0.1314944900000000	0.0836052550000000
166	5.78332	2.2469436008317762	0.1417213200000000	0.1103949900000000
1680	4.03869	2.2736973005129144	0.1395738250000000	0.1254369050000000
1682	4.61938	2.2739678224011191	0.1203865350000000	0.0745238950000000
1686	4.16990	2.2762943673241982	0.1331390700000000	0.0759312550000000
1688	6.46034	2.2509553535707045	0.1756076400000000	0.0995655500000000
1690	4.63023	2.2508033813000523	0.1651807050000000	0.0765093200000000
1692	4.23272	2.2736888737910355	0.1371218400000000	0.0844832050000000
1694	5.91378	2.3717851325422621	0.2574694650000000	0.0939257300000000
1696	6.10417	2.2267523028638467	0.1944833050000001	0.1190103300000000
1698	4.87797	2.2619663574582205	0.1152945600000000	0.0959327100000000
1700	7.91949	2.2419407903026407	0.1185148850000000	0.0785734250000000
1702	5.64337	2.2627389524290926	0.1499504900000000	0.0493447300000000
1704	4.22001	2.2732555782089108	0.1244476550000000	0.1419717250000000
1706	4.40746	2.2705905545815153	0.1561831050000000	0.1183934350000000
1708	5.48181	2.2564207812574013	0.1296386400000000	0.0896625400000000
1712	4.60117	2.2644667335447188	0.1511859150000000	0.0912376500000000
1716	9.08621	2.2377807050965131	0.1671181250000000	0.1183317650000000
1718	7.71937	2.2396565904049628	0.1302367800000000	0.0970786600000000
1720	6.48811	2.2562148932446147	0.1824019450000000	0.1122692200000000
1722	4.73518	2.2707983758011365	0.1199480800000000	0.0755681100000000
1724	5.38985	2.2885578960784634	0.1845654500000000	0.1356061450000000
1726	6.50072	2.2514311463631227	0.1687253250000000	0.1435903850000000
1728	4.27002	2.2601007956809163	0.1128681450000000	0.0856331950000000
1738	8.36069	2.2360078297377330	0.1288008550000000	0.0877483700000000
1740	13.08860	2.2260580677862665	0.1266498900000000	0.0896282850000000
1746	4.08501	2.2779014706238478	0.1506630550000000	0.0988642850000000
1748	6.24506	2.2413073449577836	0.1609068000000000	0.0964479800000000
1750	6.87963	2.2490955907823365	0.1417396100000000	0.0952585300000000
1752	6.34639	2.2426198992060931	0.1337305450000000	0.1080400250000000
1756	5.33757	2.2649485538530509	0.1164978450000000	0.1489102400000000
1758	8.89967	2.2374031560521064	0.1650318550000000	0.0841619750000000
170	4.28517	2.2674062751155417	0.0948324300000000	0.0828243000000000
174	8.08467	2.2381334905776784	0.1452522850000000	0.0510936600000000
1760	5.55909	2.2613049367031901	0.1466431000000000	0.1140966100000000
1762	5.89161	2.2584755056589847	0.1467293000000000	0.0947887600000000
1764	4.26026	2.2721235228971790	0.1267341500000000	0.0978172550000000
1766	6.50125	2.2516018190211606	0.1589740000000000	0.0898657600000000
1768	4.34000	2.2748830287990924	0.1482738200000000	0.1156342150000000
1770	4.19462	2.2816705660382430	0.1465739900000000	0.0729047850000000
1776	4.24900	2.2705284326382120	0.1233908250000000	0.0625693450000000
1778	5.36257	2.2552956920684193	0.1877429700000000	0.0906868500000000
1780	10.91730	2.2321079063772049	0.1405884750000000	0.0649501100000000
1782	7.36541	2.2374403361913253	0.1585790000000000	0.0711839150000000
1786	4.37997	2.2730980646428667	0.1252456050000000	0.1088379000000000
1788	4.46975	2.2606431190620637	0.1421254100000000	0.0922252350000000
1790	5.02970	2.4254794189736595	0.2615318550000000	0.0935646250000000
1796	4.43979	2.2636013842971243	0.1835815550000000	0.1295869250000000
1800	4.07502	2.2775696826497227	0.1607047550000000	0.0999912650000000
1804	4.14194	2.2745672826667693	0.1279840450000000	0.0920803400000000
1806	5.71642	2.2621077017065900	0.1641729600000000	0.1269812700000000
1812	6.14934	2.2612210592375557	0.1564231100000000	0.1233764950000000
1814	4.17537	2.2793287471506849	0.1611551050000000	0.0765804100000000
1816	8.09001	2.2374500921295035	0.1735821100000000	0.0981528350000000
1817	8.09001	2.2292749845809521	0.1335997150000000	0.1479584100000000
1824	5.01750	2.2499989841582710	0.0992449850000000	0.0496674100000000
1826	4.27361	2.2741205295395646	0.1847644300000000	0.0942515500000000
1828	4.80502	2.2627921118488366	0.1464276900000000	0.0826418050000000
1830	4.04717	2.1742000759122844	0.1766428350000000	0.1017928650000000
1832	4.33506	2.2198007431551878	0.2057071450000000	0.0951443750000000
1834	6.04510	2.2446486455873687	0.1449945050000000	0.1191841450000000
1836	4.83045	2.2665963269085871	0.1562725450000000	0.1228659950000000
1838	4.24767	2.2517684446638935	0.1456683150000000	0.0993546900000000
176	6.35654	2.2513825412001225	0.1358800600000000	0.1131495550000000
180	6.95937	2.2414097189231819	0.1642911350000000	0.0796173600000000
182	4.04727	2.2724259025008773	0.1404976300000000	0.0952170550000000
1840	5.76000	2.2590634940017416	0.1916809750000000	0.0993986000000000
1846	4.13014	2.2779368630532399	0.1388925250000000	0.1002883300000000
1848	7.04093	2.2488336023764677	0.1404243900000000	0.1107540850000000
1850	5.00731	2.2630337879452460	0.1309802300000000	0.0607486700000000
1852	4.56028	2.2595216929273043	0.1131213050000000	0.0811586850000000
1854	4.18300	2.2651603938847527	0.1329943700000000	0.1080766350000000
1864	12.57260	2.2359664401159662	0.1685409450000000	0.1205629250000000
1868	5.77880	2.2583360139777811	0.1497439900000000	0.0886740650000000
1870	4.38822	2.2744974409907912	0.1543245750000000	0.0953655550000000
1872	4.18016	2.2724113578646037	0.1856085150000000	0.1165670200000000
1874	4.38937	2.2731206652558393	0.1459999800000000	0.1135547050000000
1876	4.80798	2.2968710555463927	0.2202570550000000	0.1115691800000000
1878	6.23233	2.2478231883305462	0.1149689250000000	0.0794359450000000
1882	6.14244	2.2434169722228057	0.1534839800000000	0.1291111800000000
1884	4.47101	2.2626388635319477	0.1499243350000000	0.0954854350000000
1886	4.59031	2.2666139828961800	0.1107366500000000	0.0840299200000000
1888	8.27008	2.2328603311936583	0.1358060950000000	0.0424908850000000
1892	6.53008	2.2497140562712530	0.1632895950000000	0.1304213600000000
1893	6.53008	2.1514276769906795	0.0966866650000000	0.0837689950000000
1896	4.45915	2.2727806238201897	0.1820221150000000	0.1063871250000000
1900	6.39020	2.2485838793656159	0.1340423250000000	0.0609797950000000
1906	6.61739	2.2468920984463669	0.1685493800000000	0.0600780200000000
1908	4.82403	2.2697120760286746	0.1265535400000000	0.0544788400000000
1910	16.46690	2.2124612005852127	0.1525057650000000	0.0357791200000000
1911	16.46690	2.1771062286604663	0.1126584200000000	0.1043246200000000
1916	5.98995	2.2492975970247882	0.1278152600000000	0.0648493100000000
1918	5.56728	2.2857723446058196	0.2105581850000000	0.0884829400000000
184	5.27085	2.2555073070717770	0.1774183050000000	0.0771444400000000
186	4.12611	2.2656323910544343	0.0936162300000000	0.0971326850000000
190	6.25027	2.2530173957401316	0.1308804500000000	0.0869684200000000
1920	4.47102	2.2668890108877759	0.1968843750000000	0.0976702300000000
1922	4.58188	2.2649764861755854	0.1593427750000000	0.0792363050000000
1926	6.96936	2.2352494506159299	0.1203417050000000	0.0821922700000000
1928	4.69985	2.2858632830539274	0.2294509700000000	0.0961527300000000
1930	4.57472	2.2548860753951239	0.1679048450000000	0.1205248650000000
1932	11.82330	2.2276919399465087	0.1441264600000000	0.1077665150000000
1934	4.62575	2.2590772191643302	0.1363185500000000	0.0587691650000000
1936	4.23855	2.2787285462336264	0.1198921400000000	0.0787679650000000
1939	16.47600	2.1896127313123008	0.1534595800000000	0.1452609650000000
1940	4.14098	2.2794127138173534	0.1208199650000000	0.0941791900000000
1942	5.97899	2.2493243058441914	0.1013179900000000	0.1032709050000000
1944	13.31540	2.2271402824342714	0.1419664100000000	0.0928147700000000
1946	7.10612	2.2495977648943941	0.1600902600000000	0.0655938150000000
1948	4.40992	2.2546727805859521	0.1615977100000000	0.0614800500000000
1950	4.13001	2.2696340269431259	0.1948454800000000	0.1323368450000000
1952	5.00849	2.2788115052425151	0.1291249450000000	0.1477122700000000
1954	4.41097	2.2604240925974204	0.1421864150000000	0.0440764500000000
1956	4.33100	2.2689371451437301	0.1071772550000000	0.0684567350000000
1958	4.28230	2.2734357481803853	0.1794555450000000	0.1279613350000000
1960	4.81984	2.2551670682135581	0.1600071750000000	0.0961732700000000
1962	4.58831	2.2674804948512235	0.1049483050000000	0.0830647700000000
1964	4.15438	2.2727499033079850	0.1269765600000000	0.0967284800000000
1967	5.13324	2.2696759699389415	0.2016745700000000	0.1239224650000000
1968	6.51561	2.2472875764203484	0.1240547500000000	0.0844588450000000
1972	4.42705	2.2654253916040399	0.1425121400000000	0.1073225550000000
1974	5.00888	2.2613917099093186	0.1535139450000000	0.0813121850000000
1976	4.14179	2.2751671184075000	0.1266241400000000	0.0775997200000000
1978	4.75150	2.2552232848320548	0.1921195600000000	0.1388282050000000
1980	4.27992	2.2768220003435626	0.1814810000000000	0.1059804150000000
1986	5.28977	2.2542287060427482	0.1284697100000000	0.0754529550000000
1992	4.94400	2.2665755128004457	0.1719501300000000	0.0827301000000000
1994	6.98118	2.2526233329422776	0.1617157200000000	0.1541223350000000
1996	5.06186	2.2671089425309661	0.1551422500000000	0.1269888250000000
1998	4.77968	2.2610474305152448	0.1271687750000000	0.1095840150000000
192	5.18987	2.2489561330061161	0.0634271350000000	0.0390702000000000
194	4.73165	2.2675692988963005	0.1289152650000000	0.0852626450000000
196	5.01785	2.2140982093548018	0.1823804100000000	0.1342258100000000
198	6.59951	2.2586276268977792	0.1395503350000000	0.0946306300000000
199	6.59951	2.2047092754599982	0.2051048200000000	0.0437952900000000
2000	4.63641	2.2597478551638743	0.1700837550000000	0.0820559350000000
2002	4.21002	2.2658088773434817	0.1684014200000000	0.0885880400000000
2006	4.60571	2.2746051687007629	0.1399410400000000	0.0656083650000000
2012	5.96074	2.2503391747519688	0.1396703400000000	0.0653691050000000
2014	6.50528	2.2509138390620178	0.1302120050000000	0.1057325550000000
2016	4.90000	2.2688890646110638	0.1372414450000000	0.1108752550000000
2018	5.71973	2.2552232769367477	0.1475946300000000	0.1224962900000000
2022	5.30051	2.2610886192645534	0.1163625700000000	0.0820231850000000
2026	4.89723	2.2584305952545978	0.1249593300000000	0.0615713200000000
2028	4.12020	2.2723837562682108	0.1409899950000000	0.0798930950000000
2030	4.07470	2.2734794312462001	0.1679442650000000	0.0818864800000000
2032	7.86804	2.2419866532180381	0.1436604750000000	0.1237722850000000
2036	4.45063	2.2764768021680650	0.1320087950000000	0.0808118650000000
2038	4.71942	2.2527114344767329	0.1314946200000000	0.0970544850000000
2042	7.59734	2.2412847142733412	0.1326216600000000	0.1163169800000000
2044	5.45900	2.2505156793805399	0.1256987800000000	0.0846929350000000
2046	4.32232	2.2729055089191408	0.1259525100000000	0.0805909950000000
2050	5.42755	2.2608458887195191	0.1328105500000000	0.0920849550000000
2054	4.49794	nan	nan	0.0000000000000000
2058	8.22613	2.2280478055159456	0.1455856650000000	0.0800245100000000
2062	4.76312	2.2635141400012442	0.1325041950000000	0.0673182700000000
2066	5.20017	2.2595912551245982	0.1161715450000000	0.0766432300000000
2068	5.23793	2.2546380508180146	0.1315106250000000	0.0996967850000000
2070	4.54763	2.3634979429648850	0.2669304000000000	0.1415485500000000
2072	4.25762	2.2226327557454120	0.1920402850000000	0.0849576200000000
2074	7.33799	2.2466873085853871	0.1382719450000000	0.0552395800000000
2076	13.21610	2.2268191246359699	0.1401906000000000	0.0577901250000000
2077	13.21610	2.1890939497824431	0.1439216600000000	0.0735560450000000
2078	4.62607	2.1413629824047997	0.1273098200000000	0.0847850600000000
202	4.11536	2.2867202350715323	0.1322036500000000	0.0717352500000000
204	5.59931	2.2485624051995718	0.2013869900000000	0.0839727450000000
205	5.59931	2.2483923763269864	0.2123498800000000	0.0425629300000000
206	6.43016	2.2495093762159342	0.1791354000000000	0.1472976750000000
2080	6.52993	2.2375797427850612	0.1814276000000000	0.0954991700000000
2082	20.88530	2.2184617069354480	0.1580437550000000	0.1137424050000000
2084	5.29028	2.2608663639158855	0.1155569250000000	0.0816967550000000
2086	5.04000	2.2578156844604753	0.1645145100000000	0.0975284950000000
2088	5.10973	2.2585670630052674	0.1757953050000000	0.1287750550000000
2090	6.91809	2.2439002571726836	0.1620577300000000	0.1347745950000000
2100	4.79986	2.3160275786343090	0.2474151200000000	0.0929799150000000
2104	5.18390	2.2496179848217799	0.1546130050000000	0.0966321000000000
2106	19.63850	2.2159581312364796	0.1368670250000000	0.0878833900000000
2110	5.01005	2.2544104883628644	0.1232148600000000	0.0892127200000000
2112	4.40635	2.2642319371238022	0.1267055700000000	0.0893869400000000
2114	4.93994	2.2683142230112727	0.1568169100000000	0.0810171000000000
2116	4.53304	2.2526903797222744	0.1290456500000000	0.1362535450000000
2118	4.40994	2.2735504598555116	0.1322918400000000	0.0744833250000000
2124	4.39748	2.2768250177382998	0.1590935300000000	0.0907241950000000
2126	4.81993	2.2562204726253241	0.1444661750000000	0.1155056200000000
2128	4.05005	2.2551257596107841	0.1542833800000000	0.0387989750000000
2130	4.12003	2.2774766033902551	0.0993321700000000	0.0667852550000000
2132	4.59966	2.2721211487444792	0.1332400500000000	0.1070239200000000
2134	7.98999	2.2397500355682158	0.1317005950000000	0.1032739250000000
2136	11.35650	2.2330559775205208	0.1593860050000000	0.0802840050000000
2138	4.97123	2.2596127252801455	0.1368011450000000	0.1189191950000000
2146	4.33999	2.2714518533415662	0.1468231300000000	0.1404213500000000
2147	4.33999	2.3107091703232530	0.2228599100000000	0.1085559550000000
2150	8.91215	2.2287767616989065	0.1491498100000000	0.0837964150000000
2156	4.19661	2.2744519438037796	0.1732045600000000	0.1263039650000000
2158	7.90423	2.2414428161874658	0.1149060500000000	0.0859514700000000
208	8.47765	2.2414761592500105	0.1535786800000000	0.1252527000000000
210	4.19882	2.2754059824448793	0.1372663550000000	0.1069612500000000
212	6.96937	2.2453490101781592	0.1471561750000000	0.0936246350000000
2162	7.44116	2.2403975910049057	0.1436637400000000	0.0699498300000000
2164	4.87773	2.2625566811035558	0.1271982700000000	0.1413030600000000
2166	5.23061	2.2525642646797808	0.1575701650000000	0.0622565850000000
2170	5.14179	2.2557520946122609	0.1805161600000000	0.0595302500000000
2172	4.25928	2.2744954724914526	0.1333587550000000	0.0591869450000000
2174	4.72264	2.2696740093966832	0.1327215250000000	0.0728858500000000
2176	4.05502	2.2794928209247609	0.1758896700000000	0.1083749350000000
2178	4.05080	2.2547924586246717	0.0804156400000000	0.1222138300000000
2180	4.13502	2.2693044292725548	0.1103372350000000	0.1167622300000000
2182	4.92703	2.2701636658519959	0.1203578650000000	0.0945162900000000
2184	4.26802	2.2778823347652595	0.1427081600000000	0.0511738400000000
2186	9.13856	2.2254228671479495	0.1240736900000000	0.0405560400000000
2190	5.22439	2.2631528106815750	0.1804437000000000	0.0944569300000000
2194	4.07712	2.2729773421174171	0.1269809800000000	0.0836697250000000
2196	5.67482	2.2604668001279511	0.1829285600000000	0.0872238200000000
2198	5.32678	2.2559044156214543	0.1494387500000000	0.1245869500000000
2204	4.79078	2.2676053920698704	0.1601144250000000	0.0677096150000000
2206	6.88521	2.2478337239697379	0.1512215100000000	0.0909178550000000
2208	4.03176	2.2794397031199978	0.1547491450000000	0.0926616050000000
2210	5.30647	2.2628426345791586	0.1811414700000000	0.0746057350000000
2212	8.61331	2.2553059646507436	0.1936909150000000	0.1569413400000000
2214	8.53267	2.2360848419882107	0.1442734000000000	0.1036572850000000
2216	5.74185	2.2385624412253424	0.1990701900000000	0.1006435500000000
2222	5.65161	2.2501822566428111	0.1309246950000000	0.0919061300000000
2224	5.75049	2.2578511170755773	0.1108552100000000	0.1037801200000000
2226	4.58643	2.2758912158336444	0.1622366900000000	0.0903085100000000
2232	5.55595	2.2590570247584894	0.1391602300000000	0.1198099100000000
2238	5.19071	2.2681429372735096	0.1612347000000000	0.1156094650000000
220	4.04241	2.2597992930041535	0.1428560450000000	0.0701911100000000
222	4.78988	2.2554019539037333	0.1427352200000000	0.1114184350000000
2240	4.01854	2.2787606800335820	0.1070115750000000	0.0859015700000000
2242	7.67028	2.2414681327335155	0.1366037750000000	0.0567839250000000
2246	4.20006	2.2680053372665911	0.1327417850000000	0.1401387250000000
2248	5.10066	2.2479340428134438	0.1153923400000000	0.0893055500000000
2252	4.19468	2.2748347117781540	0.1327914700000000	0.1175061650000000
2254	5.38651	2.2579476989776954	0.1255597550000000	0.1362390600000000
2256	5.06968	2.2663646602587191	0.1370751700000000	0.0853723800000000
2264	6.71177	2.2189415409832867	0.1372484450000000	0.0874067450000000
2274	5.89059	2.2433758200493403	0.1202047550000000	0.0719701350000000
2276	7.77805	2.2409525544203071	0.1387081150000000	0.1072793500000000
2278	4.56889	2.2711576717000392	0.1383880850000000	0.0636120150000000
2280	4.30126	2.2624518275480026	0.1107215200000000	0.0857646100000000
2282	4.82332	2.2546463898433977	0.1252593850000000	0.0382940000000000
2286	5.19002	2.2561850069713536	0.1546899750000000	0.0875792400000000
2288	4.21002	2.2794811211529939	0.1803191300000000	0.0882424750000000
2292	4.41278	2.2685517584970474	0.1388619750000000	0.1163332900000000
2293	4.41278	2.5100929521363269	0.0838727050000000	0.1321592800000000
2296	4.83457	2.2687240428703834	0.1491293300000000	0.1126978300000000
2304	5.00864	2.2681183216784575	0.1298161800000000	0.1198219450000000
2306	4.33997	2.2723943644316225	0.1038750350000000	0.1072712600000000
2308	6.43072	2.2486588263346197	0.1037500000000000	0.0714125100000000
2312	5.47919	2.2602993245922027	0.1482435450000000	0.1191016650000000
2314	6.49465	2.2481328440268897	0.1237351950000000	0.0912341600000000
2316	4.08024	2.2761677693912810	0.1258792050000000	0.0883153400000000
226	4.01982	2.2768103665273181	0.1619948600000000	0.0660306750000000
2320	4.31623	2.2623981946834535	0.1336617650000000	0.0831323400000000
2324	4.25323	2.2721279416939000	0.1573810700000000	0.0581237700000000
2326	4.01220	2.2752500958210882	0.1466388450000000	0.1509238900000000
2332	5.57607	2.2560531850063783	0.1454236950000000	0.0623392900000000
2334	8.07432	2.2411523248861838	0.1536979550000000	0.0991185050000000
2336	5.06049	2.2696830988327692	0.1779872050000000	0.1266176200000000
2338	10.11930	2.2174789383447795	0.1459620800000000	0.0877975450000000
2340	4.16587	2.2634165641075192	0.1317262250000000	0.0775228050000000
2342	4.70859	2.2649334637750833	0.1236326650000000	0.0769598650000000
2344	4.30697	2.2719197885132223	0.1721173950000000	0.1157115250000000
2346	4.89999	2.2613805637848801	0.1104544550000000	0.0895516800000000
2352	4.02994	2.2782107503769189	0.1231819450000000	0.0698690950000000
2354	4.01158	2.2845356028466188	0.1552648250000000	0.0756178550000000
2358	4.05500	2.2859261398001403	0.1488981950000000	0.1019829800000000
2362	4.92326	2.2630975221233158	0.1333623700000000	0.1173303150000000
2364	4.35580	2.2686939246598969	0.1416563900000000	0.1276271300000000
2368	3.99999	2.2714195936551445	0.1124349200000000	0.0937424650000000
2370	12.34250	2.2332065809470101	0.1612897400000000	0.1087369550000000
2372	4.90161	2.2630255957899714	0.1613841100000000	0.1070020250000000
2380	4.45364	2.2493909357601729	0.1236399600000000	0.0911209050000000
2382	4.59106	2.2642557202789551	0.1067884850000000	0.1161012850000000
2384	7.24841	2.2447713083506429	0.1393649950000000	0.0912452900000000
2386	4.80803	2.2516240743718958	0.1478306250000000	0.0812744150000000
2388	5.51822	2.2529887361386702	0.1474429700000000	0.0656188650000000
2390	4.94079	2.2650198517465880	0.1562200300000000	0.0798067800000000
2392	4.41901	2.2767348646264898	0.1281819700000000	0.0541918250000000
2394	7.50984	2.2666599837160279	0.1677132050000000	0.1598565850000000
2395	7.50984	2.3286770295191155	0.2351436700000000	0.0863001950000000
2396	4.08572	2.2812729190250121	0.1523114100000000	0.1076634750000000
2398	4.74527	2.2664241348430569	0.1291733850000000	0.0905295200000000
232	12.26340	2.2124900358049020	0.1044742300000000	0.0897390150000000
234	5.78232	2.2563702657890685	0.1132852900000000	0.0949739500000000
236	4.33431	2.2750451283702779	0.1497101300000000	0.1078767800000000
238	5.61069	2.2520784066804245	0.1530604400000000	0.1068388000000000
16	5.98005	2.2630284980140254	0.1360854850000000	0.1254723050000000
20	5.62748	2.2458125414316767	0.1487347700000000	0.1367246650000000
22	4.99103	2.2634828374189175	0.1478896200000000	0.1155332650000000
2400	7.88262	2.2457684811483691	0.1696269700000000	0.1373610550000000
2402	4.08570	2.2754263598966542	0.1440697350000000	0.1146334950000000
2404	4.06501	2.2715697470269465	0.1449303550000000	0.1106270150000000
2406	4.45094	2.2551101415536405	0.2075745600000000	0.1141276850000000
2412	4.49850	2.2765491773532558	0.1737828400000000	0.0651284050000000
2414	4.04883	2.2785248307468051	0.1539206800000000	0.0923665500000000
2416	4.54257	2.2710379864197607	0.1506417350000000	0.1150111900000000
2422	9.15709	2.2338261382061355	0.1397912300000000	0.0976793550000000
2426	4.85214	2.2657321427434662	0.1343953650000000	0.1077495950000000
2428	5.56826	2.2479585619181486	0.1445231250000000	0.1350475950000000
2430	4.10002	2.2823011042509678	0.1453709600000000	0.0706598750000000
2432	5.48099	2.2594213004234756	0.1480596400000000	0.1107538100000000
2438	4.25976	2.2721641388094418	0.1516274850000000	0.0674128600000000
2440	5.95377	2.2507461368960069	0.1300037650000000	0.0922044650000000
2442	7.23954	2.2463402157772547	0.1506413500000000	0.1002343900000000
2444	4.28977	2.2623640609928302	0.1351376750000000	0.0874627550000000
2446	5.77132	2.2526788099074877	0.1427484100000000	0.0993040000000000
2448	5.66994	2.2546394795809341	0.1642700050000000	0.0905806450000000
2450	10.92920	2.2337694150030774	0.1408347700000000	0.1292261150000000
2452	4.65062	2.2688914905385413	0.1707519600000000	0.1126249650000000
2454	6.76463	2.2496162087226370	0.1574449150000000	0.1375051200000000
2456	4.98975	2.2590572478321747	0.1308266450000000	0.0822060950000000
2458	4.14186	2.2850301625599583	0.1460352800000000	0.0800402200000000
2460	5.78045	2.2507008616318318	0.1150791100000000	0.0681948100000000
2462	5.94902	2.2546365683940510	0.1431757000000000	0.1072493500000000
2464	4.42413	2.2648649301221990	0.1540234750000000	0.0777176600000000
2470	5.46645	2.2594943790854556	0.1371622400000000	0.0876854650000000
2472	5.58451	2.2548084231072685	0.1357899250000000	0.0868344850000000
2478	5.55707	2.2590844307898594	0.1085985500000000	0.0743656800000000
240	5.50983	2.2505224920325069	0.1204070300000000	0.0683207300000000
242	5.45059	2.2457275012431612	0.1357802050000000	0.1172510300000000
244	4.24928	2.2639674029718240	0.1690911250000000	0.0905024000000000
246	4.35462	2.2512547560527434	0.1081735250000000	0.0694920100000000
2480	5.62859	2.2483660154050704	0.1538085750000000	0.1104787550000000
2482	4.28059	2.2502764400695865	0.1458311650000000	0.1176238000000000
2484	5.95322	2.2529748952449404	0.1464234550000000	0.1052890200000000
2486	6.79841	2.2377654165367540	0.1313106650000000	0.0954131750000000
2488	5.46554	2.2530863014294193	0.1392427000000000	0.0566933500000000
2490	4.49999	2.2714231389779531	0.1363542250000000	0.0542603400000000
2494	4.25000	2.2756837862749548	0.1466809550000000	0.1106260750000000
2498	4.34841	2.2617414328300618	0.1410612050000000	0.0670218450000000
2502	8.62901	2.2377027950957507	0.1409326600000000	0.1057405050000000
2504	10.74330	2.2301429416116618	0.1231730300000000	0.0829617050000000
2510	6.05950	2.2508593430980697	0.1487730000000000	0.1343679550000000
2512	5.28933	2.2545001408427097	0.1396511900000000	0.0613680550000000
2516	4.26802	2.2787528303262556	0.1467505550000000	0.0904690350000000
2518	5.13055	2.2571158013715014	0.1274601400000000	0.0350896300000000
2522	6.40295	2.2526457153862878	0.1476454400000000	0.1124055800000000
2526	14.64260	2.2167203591529687	0.1279497550000000	0.1176518700000000
2532	4.14002	2.2542648415757838	0.1144659700000000	0.0948128250000000
2534	4.80702	2.2624894285874522	0.1708634900000000	0.1134256050000000
2536	4.76015	2.2543515397110263	0.1399542450000000	0.1288828100000000
2538	6.04764	2.2492739278483862	0.1086924950000000	0.0961034400000000
2542	5.83197	2.2432697581077696	0.1258621700000000	0.1551011850000000
2546	4.96316	2.2511375090652983	0.1115683850000000	0.0757286800000000
2550	5.43885	2.3327891668322467	0.2670923050000000	0.1731092200000000
2552	4.17057	2.4312051096700222	0.2813380300000000	0.1553766350000000
2554	5.93308	2.2528851683878175	0.1687301800000000	0.1225637200000000
2555	5.93308	2.1463485832014904	0.1040916200000000	0.0620033950000000
2556	4.15730	2.2785566150968033	0.1352532200000000	0.0959004300000000
248	4.31335	2.2694446387530789	0.1338655300000000	0.0978225900000000
250	6.62067	2.2394834336295566	0.1341711600000000	0.0796684100000000
252	4.55085	2.2663681696868441	0.1671271050000000	0.1102574300000000
2562	5.04993	2.2581072332075101	0.1166487750000000	0.0645192650000000
2564	4.49000	2.2324045624514457	0.1050648450000000	0.0956927350000000
2566	5.95871	2.2590888693772002	0.1508411700000000	0.0969485100000000
2570	4.20187	2.2725733342905969	0.1347754650000000	0.0792260000000000
2572	5.68831	2.2573931501431419	0.1448998650000000	0.0797357050000000
2574	4.99999	2.3284359101993135	0.2610852100000000	0.0793272200000000
2580	5.55984	2.2578057769272668	0.1723206850000000	0.0969073300000000
2588	4.63899	2.2659374883355614	0.1479211200000000	0.1000938450000000
2590	4.11994	2.2757118963059710	0.1166814750000000	0.0505311900000000
2592	4.07504	2.2777183146635900	0.1376327050000000	0.0975509600000000
2594	5.96073	2.2479402375317825	0.1049104550000000	0.0699992600000000
2597	23.17250	2.2001911603784956	0.1757021400000000	0.0579365800000000
2598	7.49862	2.2461848830263160	0.1333449500000000	0.0853112000000000
2600	4.63991	2.2802950658572789	0.2070284250000000	0.1720648750000000
2602	4.29987	2.2811734721123811	0.1540332200000000	0.1170425550000000
2604	10.60660	2.2235961883126074	0.1554900950000000	0.0839140400000000
2606	4.23221	2.2611945945103091	0.1490645650000000	0.1243759400000000
2608	6.26069	2.2431193519401980	0.1229535100000000	0.0557806750000000
2614	4.81994	2.2598941952930551	0.1373105300000000	0.0933312050000000
2616	4.26804	2.2668457971627580	0.1478259050000000	0.0827435050000000
2622	4.51028	2.2663593904539470	0.1164901900000000	0.0643831300000000
2624	4.50770	2.2730512002139589	0.1549551800000000	0.0428028950000000
2626	4.33115	2.2767560826000581	0.2019818950000000	0.1007579750000000
2628	4.61964	2.2678427559503760	0.1388488450000000	0.0451607300000000
2630	4.97066	2.2631364739207145	0.1202133950000000	0.0644336950000000
2632	6.25048	2.2481643986990361	0.1289368700000000	0.0878072500000000
2634	4.39901	2.2573949622325786	0.1085064450000000	0.1133919800000000
2636	5.13421	2.2674346809901991	0.1738955150000000	0.0767622750000000
2638	7.14109	2.2399985881940734	0.1403084900000000	0.0715191650000000
260	4.96843	2.2507359739094879	0.1512080900000000	0.1317320950000000
2640	4.25273	2.2620998153387473	0.1605136700000000	0.1014045800000000
2646	4.56044	2.2649721852463993	0.1137333050000000	0.0836936400000000
2648	4.30162	2.2640045315902775	0.1339542500000000	0.1344243200000000
2650	6.40168	2.2422105064754043	0.1633411850000000	0.0971234400000000
2652	7.80242	2.2250285514271155	0.1254690700000000	0.1045823500000000
2654	7.23947	2.2491519128413673	0.1645584500000000	0.0830532950000000
2656	7.37276	2.2362050744196682	0.1394233450000000	0.1071660650000000
2658	4.10350	2.2799907848260585	0.1551073050000000	0.1327335000000000
2662	5.21238	2.2599127215466948	0.1308476250000000	0.0502555800000000
2666	4.94037	2.2683730687503663	0.1267032150000000	0.1003956850000000
2668	5.32015	2.2670950248597244	0.1378388950000000	0.1124106050000000
2670	7.96881	2.2398104964044649	0.1452250150000000	0.0980968800000000
2672	5.42989	2.2426334649699098	0.1638016400000000	0.1218451100000000
2674	6.18038	2.2523971773883820	0.1400012750000000	0.1004255950000000
2678	4.67021	2.2641098045002095	0.1898560200000000	0.0999266250000000
2682	11.59270	2.2277713307446119	0.1583708950000000	0.1096059450000000
2684	4.85792	2.2685427538700100	0.1759704300000000	0.0770063550000000
2687	8.91157	2.1773561328759059	0.1438902700000000	0.0677940900000000
2688	11.84740	2.2369347843479983	0.1396053500000000	0.1064366400000000
2690	4.02890	2.2708233356187479	0.1789748700000000	0.1186964600000000
2692	4.24923	2.2793587885808262	0.1380469850000000	0.0540561600000000
2698	4.00000	2.2596515342117587	0.1052623000000000	0.1152370050000000
2700	4.00689	2.2854162985551589	0.1447681500000000	0.0884878800000000
2702	4.83927	2.2525785601611212	0.1431223350000000	0.1227820000000000
2706	5.48782	2.2405418356353728	0.0910792950000000	0.0677183700000000
2708	4.72899	2.2672189635441211	0.1527271100000000	0.1309398750000000
2710	5.00004	2.2496875601047845	0.1361127300000000	0.1127745700000000
2714	9.24012	2.2328694911142137	0.1457409900000000	0.1002710350000000
264	5.25325	2.2645340588776826	0.1654367250000000	0.1030730300000000
266	4.65214	2.2657654110350642	0.0899520350000000	0.0893108900000000
270	6.35340	2.2433277438261934	0.1270480650000000	0.0962126000000000
2720	6.09093	2.2512255400718573	0.1685711800000000	0.0781324700000000
2722	4.12514	2.2937186765212840	0.2050467950000000	0.0956944300000000
2724	9.23853	2.2306712581519914	0.0859962900000000	0.0680791350000000
2726	4.60106	2.2950779407634334	0.1938069900000000	0.1248639400000000
2730	4.92034	2.2601833017841151	0.1435218000000000	0.0766149900000000
2734	8.35854	2.2358295924938658	0.1309709550000000	0.0989216800000000
2736	4.05690	2.3584713264215718	0.2159181150000000	0.0924827150000000
2738	4.49996	2.2741346316084212	0.1388500150000000	0.0710640750000000
2740	6.40598	2.2516774884040363	0.1427423900000000	0.0725758050000000
2742	4.18392	2.2796579005916193	0.1843961750000000	0.0864437400000000
2744	4.14386	2.2683770669403298	0.1181323250000000	0.0886620800000000
2746	4.16699	2.2708248809710958	0.1602519300000000	0.1102327350000000
2749	8.05054	2.1588046122205875	0.1080115000000000	0.0659145500000000
2750	4.46992	2.2745813908261434	0.1387851550000000	0.0940401000000000
2756	4.18461	2.2706532761444596	0.1176971550000000	0.1017737950000000
2758	7.11963	2.2442725972598363	0.1429765450000000	0.0857425900000000
2760	5.01788	2.2626827878720053	0.1252893800000000	0.0966535800000000
2762	4.62710	2.2668452912010073	0.1167564500000000	0.1138071050000000
2768	4.40001	2.2596640319041534	0.1499678850000000	0.0937851050000000
2774	4.96965	2.2603712725169220	0.1298777650000000	0.0939533300000000
2780	6.99973	2.2358798386980898	0.1539586550000000	0.1051123650000000
2784	4.28057	2.2640953365092211	0.1091881250000000	0.1260633700000000
2786	4.73897	2.2590433070932687	0.1283297550000000	0.0724561500000000
2788	5.18812	2.2629011359057603	0.1576440350000000	0.1118583250000000
2790	4.99142	2.2554731664773731	0.1219415400000000	0.1206149050000000
2792	4.82661	2.2884614735347069	0.1319655050000000	0.1509964200000000
2794	4.66571	2.2708064295580677	0.1339558450000000	0.0776002800000000
2798	5.64999	2.2554735929056573	0.1484042450000000	0.1008698850000000
272	4.72232	2.2698330043681909	0.1622647850000000	0.0651760600000000
274	4.71760	2.2528108042700925	0.1257486400000000	0.0788685350000000
276	4.17418	2.2557401663187728	0.0729024800000000	0.0442874200000000
278	4.44217	2.2612498124339129	0.1230933600000000	0.0693390400000000
2800	6.88302	2.2469796234719630	0.1339021450000000	0.1032191150000000
2802	4.66222	2.2658531759663845	0.1453537050000000	0.0710144250000000
2804	4.88168	2.2617180520775504	0.1744466050000000	0.0947411400000000
2808	5.87316	2.2601888427565284	0.1471002550000000	0.0914979450000000
2810	4.39874	2.2770948775302240	0.1453056750000000	0.0602897100000000
2812	5.23815	2.3263971906198724	0.2260131550000000	0.0708244400000000
2814	5.57099	2.2579539990301516	0.1048333650000000	0.1021215750000000
2816	4.08318	2.2743586947557346	0.1294925550000000	0.0673989650000000
2818	7.18112	2.2300677142851337	0.1279721300000000	0.0760189950000000
2820	6.06766	2.2526251082533553	0.1378676800000000	0.1163165350000000
2822	4.01000	2.2696423145128772	0.1560874000000000	0.1005177350000000
2824	4.61980	2.2750017844263977	0.1340331150000000	0.1074379900000000
2826	6.46623	2.2476395554416584	0.1168726850000000	0.0756840800000000
2828	5.17079	2.2518361937078550	0.1589939500000000	0.0961238950000000
2832	4.47691	2.2763067977096059	0.2006447250000000	0.0764615400000000
2836	4.67993	2.2206725645234497	0.1146109350000000	0.0942048800000000
2838	6.50823	2.2511801624785188	0.1534111200000000	0.1006418500000000
2842	4.57021	2.2769224615429442	0.1611430800000000	0.1102565300000000
2844	4.76573	2.2684083424565880	0.1293630450000000	0.1293313100000000
2846	7.11878	2.2444089501660534	0.1674003850000000	0.0736184900000000
2848	7.04899	2.2479228434142100	0.1386210900000000	0.0790053650000000
2849	7.04899	2.3358592044593278	0.2953939700000000	0.0755128950000000
2850	4.29009	2.2760292884692053	0.1556473000000000	0.0755931300000000
2856	4.26809	2.2680391630490799	0.1117267050000000	0.0620080650000000
2858	4.35001	2.2656814120806947	0.1240557100000000	0.0728937500000000
2862	6.50001	2.2530711489417898	0.1404345250000000	0.0831250850000000
2864	5.26656	2.2597264483780375	0.1038184350000000	0.0724152500000000
2866	9.63891	2.2164345813387762	0.1090066800000000	0.0827405750000000
2870	4.50002	2.2783848055217502	0.1551961000000000	0.0823683750000000
2872	9.30238	2.2334631157606637	0.1328554900000000	0.1033747750000000
2874	4.70978	2.2513438583576675	0.1894673300000000	0.1214496050000000
2876	4.47483	2.2558418574933152	0.1427946800000000	0.0932592200000000
280	4.40855	2.2446939179514418	0.1301945200000000	0.0838313400000000
282	8.46518	2.2359321916956700	0.1357163600000000	0.0984495700000000
286	6.38959	2.2545887114441650	0.1144769500000000	0.0891295550000000
2880	4.50001	2.2782740813003359	0.1479133250000000	0.0727544700000000
2882	5.59937	2.2481664010299749	0.1378701100000000	0.0968334700000000
2884	4.43812	2.2528427349006201	0.1294034850000000	0.0781667850000000
2888	6.52649	2.2523222552683850	0.1504828300000000	0.1002414950000000
2890	4.04346	2.2758101749606507	0.1060078550000000	0.0928336700000000
2892	5.17000	2.2502572435642598	0.1305561350000000	0.1185077650000000
2894	4.59563	2.2715755114896794	0.1302230550000000	0.1102971100000000
2896	6.65399	2.2460110479089108	0.1261243200000000	0.0783173100000000
2900	4.42397	2.2753412747040112	0.1916972000000000	0.0916199550000000
2902	4.68997	2.2657258731178129	0.1233215050000000	0.1013613300000000
2912	9.19568	2.2423793649550050	0.1538318650000000	0.0991036250000000
2916	4.69994	2.2606859173443450	0.1466017100000000	0.0767569350000000
2920	5.91350	2.2545106454869965	0.1370733250000000	0.0823276700000000
2922	4.44081	2.2753546995564342	0.1447549800000000	0.1249138550000000
2924	4.26997	2.2709237819412160	0.1639232500000000	0.0699248350000000
2926	4.72330	2.2593887480353754	0.1221642700000000	0.0842608150000000
2928	5.95016	2.2496594791561781	0.1715594050000000	0.0809749150000000
2932	4.04891	2.2832374909368514	0.1440291250000000	0.1021848400000000
2934	4.17539	2.2659219385579221	0.1418483750000000	0.0881244400000000
2936	5.33228	2.2340001513982055	0.2337754750000000	0.1073084900000000
2940	4.15092	2.2287491412432194	0.1845125550000000	0.1044648450000000
2942	4.72946	2.2724984990616419	0.1281170000000000	0.0784500450000000
2944	5.12695	2.2497117991039968	0.0938290350000000	0.0709564450000000
2946	8.35572	2.2359043975317161	0.1420441200000000	0.0850854950000000
2950	6.40363	2.2469117840100270	0.1513883550000000	0.0905669500000000
2952	7.48225	2.2429444367117477	0.1394600600000000	0.0986838150000000
2954	9.01194	2.2318512516656694	0.1552874100000000	0.1069808150000000
2956	4.92169	2.2664079585165688	0.1649020500000000	0.1772965850000000
2958	4.00000	2.2606376247012596	0.1346057300000000	0.0582170300000000
290	4.56983	2.2505811890007847	0.1049227500000000	0.0902379200000000
292	4.74063	2.2610537388175014	0.1071795900000000	0.0646412500000000
2962	7.04486	2.2453475228353348	0.1695144350000000	0.1190396300000000
2968	4.49799	2.2809757593074691	0.1455614050000000	0.0941733100000000
2970	10.13270	2.2361182143899518	0.1702838650000000	0.0826711350000000
2973	7.88851	2.2823754186146887	0.2338608400000000	0.1172434350000000
2974	9.21944	2.2346669532780123	0.1399633350000000	0.0731522350000000
2976	4.41979	2.2771147366332816	0.1585454350000000	0.1198514400000000
2978	5.88975	2.2436183859231402	0.1117892550000000	0.0878176350000000
2980	4.14296	2.2707040568543095	0.1365084050000000	0.0956409150000000
2982	12.90590	2.2126226431144915	0.1237388300000000	0.1025832250000000
2984	4.93568	2.2588275902722628	0.1173009200000000	0.0543945500000000
2986	4.49291	2.2720012531198064	0.0998534600000000	0.1221871000000000
2988	5.13341	2.4124569785715004	0.2963709500000000	0.0934788700000000
2990	4.25226	2.2089493313090891	0.1790636600000000	0.0696581150000000
2994	14.96590	2.2222358345545739	0.1548915450000000	0.1138019050000000
3000	8.19245	2.2359607595966171	0.1702652250000000	0.0869327150000000
3002	9.68277	2.2319986032156223	0.1320663700000000	0.0919934350000000
3006	9.66154	2.2296879483847500	0.1337177000000000	0.0983889850000000
3012	4.27623	2.2841459406123108	0.1212027450000000	0.1075517000000000
3016	5.21969	2.3611670528324562	0.2243854650000000	0.0822998900000000
3018	5.26619	2.2602528436166627	0.1600713750000000	0.1027487950000000
3020	5.59896	2.2597791669009988	0.1305515750000000	0.1153025800000000
3021	5.59896	2.1409949587216306	0.1095056950000000	0.0545175800000000
3024	8.44299	2.2367689687758072	0.1507038300000000	0.1174908350000000
3026	10.30760	2.2326256115588445	0.1548630600000000	0.0935004350000000
3028	5.95873	2.2511597490429138	0.1368494800000000	0.0774073950000000
3030	8.95530	2.2349852726137631	0.1481450900000000	0.0605255200000000
3032	4.59982	2.2609385070138273	0.1284517950000000	0.0778253650000000
3034	4.74703	2.2652566161986321	0.1441795900000000	0.0682325850000000
3038	10.91730	2.2296479979342680	0.1265747900000000	0.0790428000000000
298	5.72922	2.2524567952534138	0.1319210450000000	0.0797802950000000
300	4.48033	2.2712543764789856	0.1572360450000000	0.0913600200000000
302	9.30426	2.2351856982189102	0.1354043900000000	0.0830301750000000
3040	4.47175	2.2731187115114126	0.1526506850000000	0.0994766850000000
3042	5.28955	2.2558946087175955	0.1243944450000000	0.0838233950000000
3046	4.45076	2.2789652992230667	0.1340060700000000	0.0628716850000000
3048	4.95637	2.2630558165260051	0.1187082450000000	0.0865664900000000
3050	6.73115	2.2493083208522013	0.1296265450000000	0.0832567350000000
3052	4.24874	2.2705403189957698	0.1282955400000000	0.1220148850000000
3058	5.59479	2.2524261118803253	0.1499643700000000	0.0928209350000000
3062	4.57984	2.2795660915017448	0.1420217900000000	0.0776779150000000
3064	4.72266	2.2714298363018512	0.1555476900000000	0.1092176550000000
3068	4.07954	2.2675449689323024	0.1009893050000000	0.0735820050000000
3070	5.25119	2.2521788870677675	0.1547796850000000	0.0947716450000000
3072	6.56144	2.2495770059849058	0.1561093850000000	0.0502185700000000
3078	4.22833	2.2843360996709596	0.1783230350000000	0.0889392000000000
3080	5.71492	2.2600403462436658	0.1483174500000000	0.1066352700000000
3084	4.92164	2.2681769415473254	0.1162203550000000	0.0843931550000000
3088	6.05933	2.2529323955222984	0.1505961600000000	0.0661174900000000
3090	11.04760	2.1990020197186557	0.1050551900000000	0.1182299900000000
3092	9.08518	2.2323482703849398	0.1141573150000000	0.0815779050000000
3096	7.97027	2.2457421095400121	0.1899238300000000	0.0845124350000000
3098	4.38017	2.2709242725659102	0.1440067750000000	0.0692790050000000
3100	6.43345	2.2523301289034858	0.1528340300000000	0.1223471950000000
3104	4.34008	2.2691208355839319	0.1304861250000000	0.0753634600000000
3110	13.23870	2.2241657125097651	0.1414483700000000	0.0913163800000000
3112	4.78521	2.2500561373175447	0.1226138600000000	0.0626743200000000
3114	4.29999	2.2735230265732209	0.1312292400000000	0.0884055600000000
3116	4.66860	2.2696900078951665	0.1456543000000000	0.0756298100000000
3118	6.78583	2.2529982814950893	0.1435010300000000	0.0624360200000000
304	4.35666	2.2721763939442172	0.1232874750000000	0.0955669900000000
310	11.78130	2.2275436690185182	0.1443802450000000	0.1050415700000000
3120	5.42970	2.2478714189940812	0.1262108900000000	0.0939226750000000
3124	4.41995	2.2634528704084760	0.1261637500000000	0.0910827700000000
3128	4.06100	2.2871447868407655	0.1672273700000000	0.1085365050000000
3130	5.00992	2.2632390381342473	0.1390956700000000	0.0681664950000000
3132	13.21360	2.2195908560548352	0.1473040100000000	0.0887242650000000
3138	4.94001	2.2643654360820409	0.1447131550000000	0.0762308850000000
3144	4.11924	2.2701634784400233	0.1861531100000000	0.1086488700000000
3146	7.78009	2.2381274496598502	0.1177433800000000	0.0600493500000000
3148	4.41958	2.2776759063909737	0.1498583000000000	0.0570096550000000
3152	4.75031	2.2562486658297809	0.1215068650000000	0.0781982500000000
3154	6.13193	2.2458242008869531	0.1488171850000000	0.1327559050000000
3160	4.38829	2.2717611625664831	0.1378087200000000	0.0878598600000000
3162	4.47027	2.2680734474875974	0.1877236000000000	0.0463128350000000
3164	5.20138	2.2579021598929963	0.1287423500000000	0.0928797950000000
3166	4.20967	2.2768211729961876	0.1351738450000000	0.1095317650000000
3168	4.81774	2.2649795584267496	0.1291105600000000	0.0889075500000000
3170	4.60942	2.2729171807040411	0.1415194250000000	0.1141549500000000
3172	4.35084	2.2701737938508519	0.1333071450000000	0.0953227400000000
3174	5.11026	2.2644764748322030	0.1764327800000000	0.1244441850000000
3176	4.34000	2.2697065741407108	0.1487586750000000	0.0936723950000000
3180	4.29221	2.2728715868349258	0.1429032800000000	0.0687906150000000
3182	5.62373	2.2610859044810061	0.1305034550000000	0.0330313250000000
3184	6.99027	2.2444223768122877	0.1394077800000000	0.1180943850000000
3186	5.89004	2.2633204640655800	0.2129736650000000	0.0405235900000000
3190	4.31221	2.2748814036057476	0.1460495900000000	0.1259790200000000
3192	5.32008	2.2587663708972747	0.1311360900000000	0.0940861900000000
3194	4.17145	2.2716009829482666	0.1693374900000000	0.1286987500000000
312	6.42442	2.2510539892459609	0.1408355200000000	0.1028780500000000
315	5.20148	2.1622212031759336	0.2142707100000000	0.4013340450000000
316	8.45468	2.2359588583827938	0.1299878450000000	0.0722228250000000
318	4.10089	2.3802422909305725	0.2540702700000000	0.1444696100000000
24	6.39008	2.2457382416035765	0.1499583700000000	0.1047075250000000
26	6.09737	2.2522854470574751	0.1190904700000000	0.0884632500000000
28	5.95941	2.2459630243136708	0.1306651300000000	0.0927273300000000
30	4.08821	2.2760560364922924	0.1165649200000000	0.1113135300000000
320	11.69890	2.2306306150781792	0.1446087150000000	0.0693549800000000
322	4.72290	2.2656555535458529	0.1384339550000000	0.0862845150000000
324	5.87348	2.2417382906545091	0.1424405250000000	0.0816598250000000
326	6.53933	2.2501676262765091	0.1508549300000000	0.0749095350000000
328	6.99964	2.2476228547635655	0.1584144850000000	0.1053221500000000
330	4.00913	2.2786849015988291	0.1291056700000000	0.1254260050000000
332	5.18578	2.2632668824292890	0.1381607900000000	0.0528730600000000
334	4.27849	2.2745834737939656	0.1380811550000000	0.0838671450000000
336	4.86590	2.2637531206230883	0.1677668750000000	0.1172318350000000
338	4.59223	2.2783804677546944	0.1572067250000000	0.1019797450000000
340	7.84714	2.2382053035420109	0.1618396500000000	0.1289150700000000
342	5.06002	2.2598823344010461	0.1472064850000000	0.0950332850000000
344	5.97000	2.2300020007820733	0.1143561600000000	0.1154997650000000
354	12.23160	2.2370272774163324	0.1447462800000000	0.0743581250000000
356	5.38920	2.2622891539734704	0.1345007850000000	0.1138473650000000
358	6.98731	2.3090440006079134	0.1941348100000000	0.1327096650000000
362	4.48027	2.2721414483874676	0.1306629650000000	0.1016467700000000
364	5.02670	2.2592733072790248	0.1224398200000000	0.0699158950000000
366	4.28634	2.2627076185768460	0.1459615250000000	0.0954446350000000
368	4.57993	2.4049567407245314	0.2319788500000000	0.0903941250000000
372	4.99183	2.2696692648037304	0.1867604500000000	0.0729077750000000
374	7.54955	2.2457883015652977	0.1584606550000000	0.0920054650000000
376	4.88651	2.2703503852974598	0.1007400700000000	0.0846493450000000
378	8.36841	2.2391112088170582	0.1722246450000000	0.0950422350000000
380	5.25044	2.2621303802830450	0.1283568150000000	0.0483442550000000
382	5.55295	2.4064151525186408	0.2579820400000000	0.1400172500000000
386	8.63574	2.2397902805408814	0.1364310400000000	0.0811242300000000
388	5.01801	2.2599579372210314	0.1331373550000000	0.0854332450000000
390	4.07706	2.2798759753627458	0.1496491450000000	0.0803074250000000
392	4.76010	2.2615886708580599	0.1225449100000000	0.1192866500000000
394	4.96945	2.2672994290345243	0.1093236100000000	0.0843920550000000
396	5.97077	2.2549378291166553	0.1518901050000000	0.1281055700000000
32	5.00000	2.2591039457070834	0.2621543050000000	0.1210196950000000
34	4.59597	2.2669641504795601	0.1780231600000000	0.0897496200000000
36	11.42750	2.2216383540484608	0.1486511600000000	0.1368825700000000
38	7.71594	2.2445786558119512	0.1365219000000000	0.0555245900000000
400	13.25910	2.2250220203570894	0.1458809500000000	0.1037707900000000
404	5.17820	2.2545555550399938	0.1657184950000000	0.0703370800000000
408	4.83876	2.2625038598161753	0.1265612100000000	0.0910244550000000
416	19.16470	2.2162734030569902	0.1557899400000000	0.1035735050000000
418	4.62812	2.2600071954840955	0.1464835800000000	0.1433576200000000
420	10.91070	2.2307345325244969	0.1635083050000000	0.0897925000000000
422	4.49919	2.2696518352434323	0.1864499550000000	0.1118071650000000
424	4.41018	2.2754830850055110	0.1724504700000000	0.1240739150000000
426	4.14775	2.3293232644127033	0.1932527650000000	0.1315194800000000
428	4.01005	2.2823645325194422	0.1282637100000000	0.0616862250000000
432	12.00770	2.2281194886279345	0.1440331750000000	0.1153253400000000
440	4.69001	2.2482636762992945	0.1308125800000000	0.1100663700000000
442	5.97021	2.2513781503385024	0.1666632250000000	0.1494599600000000
444	4.01200	2.2699308989320728	0.1533289550000000	0.1000576400000000
446	3.99999	2.2746804635918543	0.1084887000000000	0.0809490250000000
448	4.38024	2.2655220244061849	0.1679865450000000	0.1038674550000000
450	10.69890	2.2243269830157808	0.1123184800000000	0.0814433450000000
452	5.10067	2.2616322352944471	0.1474903900000000	0.0951357650000000
454	5.28648	2.2654057667554430	0.1530234150000000	0.0388477500000000
456	7.52274	2.2469910103366559	0.1414779900000000	0.0883676750000000
458	5.24962	2.2442936390157961	0.1571580400000000	0.0541970800000000
460	4.80720	2.2660253107725086	0.1406128500000000	0.0935601400000000
462	5.32730	2.3230523420827156	0.2085142500000000	0.1478201250000000
464	4.45389	2.2340708103624571	0.1782568900000000	0.0946066850000000
466	5.10844	2.2668917558086212	0.1663078650000000	0.1052583950000000
468	4.35962	2.3077540978149420	0.1917723150000000	0.1267157050000000
470	4.69002	2.2657053162892797	0.1233920200000000	0.0753393150000000
472	5.52889	2.2579001978850135	0.1219454550000000	0.0791897100000000
474	5.01269	2.2629293439104177	0.1685277150000000	0.1080499000000000
476	4.28973	2.2563257851063079	0.1237061550000000	0.0899816950000000
40	4.72137	2.2684499503387077	0.1466818400000000	0.1199145850000000
42	5.30174	2.2521749551190364	0.1644849450000000	0.0834797300000000
46	4.86181	2.2657924872352688	0.1641706300000000	0.1070283150000000
480	9.18256	2.2330164152158063	0.1097956850000000	0.0774998900000000
484	4.84521	2.2659112367802181	0.1795541250000000	0.0838142350000000
486	5.16271	2.2613691400309954	0.1521073900000000	0.1223079550000000
488	6.47736	2.2490074634106745	0.1355401050000000	0.0943902700000000
490	6.05020	2.3432169487155594	0.2660396250000000	0.1248911850000000
492	4.09257	2.2562698509096748	0.1351686800000000	0.0340071150000000
494	8.00877	2.2406349466191950	0.1403365600000000	0.0991739550000000
500	9.56550	2.2349461193877223	0.1290660150000000	0.0804619100000000
501	9.56550	2.2505118642073514	0.2098826550000000	0.0816581750000000
502	4.17605	2.2653401238749171	0.1366203550000000	0.0871730300000000
506	4.44068	2.2544116858906320	0.1618877300000000	0.0925470700000000
512	4.50597	2.2686774259889133	0.1307222650000000	0.1049535800000000
514	5.80851	2.2532403974478696	0.1346744550000000	0.0900555550000000
516	5.57690	2.2594186176364928	0.1553842250000000	0.1136534150000000
520	4.83509	2.2576882390312125	0.1465985950000000	0.1114262750000000
522	4.93996	2.2676346599105601	0.1691918300000000	0.0924604550000000
524	5.93792	2.2558243739736694	0.1690609950000000	0.0526646650000000
528	5.22447	2.2564048220188764	0.1124952950000000	0.1019119600000000
530	7.65335	2.2397499182045837	0.1452950850000000	0.0933521300000000
532	4.49980	2.2753612801876502	0.1588593900000000	0.0940160250000000
534	4.17992	2.2709476525270293	0.1224418850000000	0.0679123150000000
544	8.30517	2.2782979958016658	0.1965432000000000	0.1219451750000000
546	4.66661	2.2619007133623952	0.1415331600000000	0.0912114150000000
548	4.13510	2.2740702657716714	0.1106266550000000	0.1047035000000000
550	5.97092	2.2514944080881549	0.1014930700000000	0.0675328350000000
554	4.87395	2.2597298650107431	0.1133948600000000	0.0738206400000000
556	5.28839	2.2555135138601172	0.1552682500000000	0.1084991250000000
48	5.98162	2.2747345842370432	0.2496822000000000	0.1182146550000000
50	4.65639	2.2446797041666513	0.1256636750000000	0.0963358800000000
52	16.74470	2.2153835624854192	0.1387811900000000	0.0422906150000000
560	6.12474	2.2520676874849572	0.1714212450000000	0.1499856150000000
562	5.92542	2.2404596162674575	0.1068708950000000	0.0842673350000000
564	5.28955	2.2591185492533716	0.1506148250000000	0.0965761550000000
568	5.29829	2.2807647205736465	0.2136191100000000	0.1264788350000000
570	13.32050	2.2281418980693446	0.1439257300000000	0.0908897350000000
572	8.19246	2.2346915996244068	0.1514238950000000	0.0485591350000000
574	5.42940	2.2554855794236714	0.1828429300000000	0.0985443400000000
576	5.51229	2.2515847713423027	0.1198754000000000	0.0713642650000000
578	6.71299	2.2510004198174389	0.1515308000000000	0.0780015700000000
580	7.37675	2.2419031582208646	0.1567161650000000	0.1004556000000000
582	4.27199	2.2660764519705698	0.1342632200000000	0.0984600200000000
588	4.95559	2.2603401966095094	0.1647091750000000	0.0875011950000000
590	10.20320	2.4125439336710581	0.2436480750000000	0.1165640600000000
592	5.47005	2.2545893995401181	0.1480151750000000	0.0896610150000000
594	4.59101	2.2706648536374323	0.1669821800000000	0.1051692200000000
598	6.13030	2.2426203248831884	0.1288065900000000	0.1024360150000000
602	4.91992	2.2689844188705259	0.1335998000000000	0.0838584200000000
604	7.96701	2.2298522027297385	0.1276732700000000	0.0715787650000000
606	4.24997	2.3826832081965041	0.2592794650000000	0.0931473450000000
612	15.79580	2.2086140780760641	0.1478351250000000	0.1115179650000000
614	7.96823	2.2405714291894627	0.1276844600000000	0.0652331050000000
616	5.75065	2.2436029833444757	0.1601315650000000	0.0685724700000000
618	5.39051	2.2548240308143561	0.1530117050000000	0.0946144300000000
620	4.99862	2.2630535102500371	0.1860060850000000	0.0552118300000000
622	4.00730	2.2799771739278274	0.1269388600000000	0.1102127750000000
624	5.00235	2.2419224764456169	0.1329304750000000	0.0690205050000000
626	7.71899	2.2432785515093374	0.1570951050000000	0.1314886350000000
628	7.78068	2.2413082139941443	0.1411954100000000	0.1005775000000000
630	7.58673	2.2312732758203753	0.0689283650000000	0.1015155850000000
632	4.51447	2.2554691807004650	0.1880505700000000	0.0890977200000000
638	5.39993	2.2643672501953716	0.1174965000000000	0.0684211000000000
56	4.27006	2.2806096193601926	0.1496344200000000	0.0960056200000000
60	4.04813	2.2786413079046581	0.1385983350000000	0.0599872200000000
640	6.60590	2.2529840197068363	0.1779622000000000	0.1120548450000000
642	5.30005	2.2681741699163136	0.1814158200000000	0.1322952650000000
644	4.20982	2.2667834197256291	0.1338426100000000	0.0644780000000000
646	5.04993	2.2614517050063001	0.1306322550000000	0.0769244800000000
648	5.16018	2.2592859920135027	0.1527813300000000	0.1407839850000000
650	5.68948	2.2554787029723422	0.1454854900000000	0.0469080100000000
658	11.91340	2.2316997293936609	0.1572749100000000	0.0934127200000000
660	4.39697	2.2761153095885165	0.1785914550000000	0.0850384000000000
662	4.80723	2.2629463659186522	0.1219356850000000	0.0782183600000000
664	4.25844	2.2603064392903964	0.1463726000000000	0.0581141300000000
666	4.26001	2.2751870162336938	0.1548656900000000	0.0947001700000000
668	6.19983	2.2512260186941360	0.1416400000000000	0.1002353400000000
672	8.53196	2.2915813766132906	0.2021980950000000	0.0918512750000000
674	6.29109	2.3148052354592097	0.2183984350000000	0.0933371750000000
680	5.55312	2.2546716501121939	0.1458681200000000	0.0726788100000000
684	4.81861	2.2623881726899779	0.1138741050000000	0.0835325100000000
686	6.88888	2.2418249982276146	0.1651226450000000	0.0589344450000000
690	8.86501	2.2313517074521019	0.1040624750000000	0.0796235600000000
692	4.72836	2.2719197028052012	0.1541645150000000	0.1108876500000000
694	4.26026	2.3195064139375079	0.2479595050000000	0.0967698250000000
696	7.24264	2.2414178744850486	0.1321690850000000	0.0653067700000000
700	6.63621	2.2479332406180372	0.1356241450000000	0.0541681450000000
702	4.01006	2.2650226892585708	0.1613637400000000	0.1612419400000000
706	4.21997	2.2795547300185475	0.1473657050000000	0.0393772050000000
710	4.99021	2.2690264952066861	0.1437674050000000	0.0873762200000000
712	4.16844	2.2890068607087319	0.1504804150000000	0.1058435800000000
714	4.85701	2.2612421311443942	0.1536890000000000	0.0857831300000000
718	4.49795	2.2684994863234160	0.1606412300000000	0.0538141050000000
64	4.05404	2.2756531069474306	0.1352693800000000	0.0795610600000000
66	4.12811	2.2752483083991466	0.1553478100000000	0.1037391100000000
70	4.99201	2.2644588868877507	0.1364048250000000	0.0860546350000000
720	4.86081	2.2709583016325792	0.1431440850000000	0.0952993150000000
722	9.55964	2.2336653109266109	0.1133984400000000	0.0770002750000000
724	5.58146	2.2490498041406899	0.1405541050000000	0.0589085600000000
726	4.48954	2.2612968703294478	0.1895489100000000	0.1088991500000000
728	5.37312	2.2545703403359783	0.1181050100000000	0.1215328600000000
730	4.04598	2.2812736632838742	0.1159357450000000	0.1176672550000000
734	5.81957	2.2541729639127501	0.1472508600000000	0.1173955400000000
738	4.39812	2.3351692213514799	0.2005681750000000	0.1445263250000000
740	5.73561	2.2615700490415129	0.1741717350000000	0.0727503850000000
741	5.73561	2.1826439789242826	0.1875845900000000	0.1274741100000000
742	4.34562	2.2606433722453803	0.0902789550000000	0.1041697600000000
746	5.02036	2.2681924486695557	0.1698447700000000	0.0764929450000000
748	10.29080	2.2338301682243569	0.1500809400000000	0.0824109100000000
752	7.13508	2.2466971133217251	0.1653625550000000	0.1474043150000000
754	4.57918	2.2673595726745783	0.1621223050000000	0.1080614600000000
762	4.49133	2.2677900476250223	0.1466255950000000	0.0644872300000000
766	6.03861	2.2546141534250785	0.1358105150000000	0.0771326900000000
768	6.49957	2.2419762205790081	0.1132267350000000	0.0876577800000000
772	4.01021	2.2501724537436001	0.1019940650000000	0.0907818300000000
774	4.84509	2.2571068557729048	0.1368176700000000	0.1016363150000000
776	6.40735	2.2454395586083207	0.1259570950000000	0.0873494200000000
778	6.98751	2.2483892699732038	0.1270541100000000	0.0845461400000000
782	5.28004	2.2581518320747533	0.1762607550000000	0.1304464650000000
784	6.20121	2.2522758242250571	0.1478880050000000	0.0753408400000000
786	6.00964	2.2498940207704745	0.1025081000000000	0.0707112600000000
788	5.78503	2.2466817062006217	0.1222497700000000	0.1017214800000000
790	5.27576	2.2553899299980902	0.1866318600000000	0.0975131650000000
792	4.44731	2.2640905014469421	0.1198513150000000	0.0930813400000000
796	5.91367	2.2442419242382732	0.1381951050000000	0.0818103450000000
798	4.83879	2.2588177307947173	0.1243063150000000	0.0716856500000000
72	9.58719	2.2369851755693886	0.1404959550000000	0.0642924600000000
76	4.73062	2.2622990284415891	0.1327361750000000	0.0821128250000000
78	5.98490	2.2451403301987818	0.1254647350000000	0.0883541500000000
