0	147.49000	2.3483124045882073	0.2633521950000000	0.1182691150000000
4	4.35645	2.2769480876240711	0.1510242950000000	0.1100943400000000
6	4.69902	2.2758094359790570	0.1213850400000000	0.1036442550000000
802	9.13833	2.2359637225427265	0.1160160900000000	0.0845094350000000
808	4.77777	2.2799340042094269	0.1563945700000000	0.0938010450000000
810	4.50192	2.2854431666736983	0.1468212400000000	0.0693875650000000
812	4.12992	2.2922568108155472	0.1288962800000000	0.1398563950000000
814	5.51014	2.2787450172423549	0.1609149700000000	0.1151841450000000
816	4.70120	2.2644954390303580	0.1331422800000000	0.1168716350000000
822	4.02000	2.2939294165589130	0.1508413500000000	0.0666536650000000
824	5.48187	2.2522052121578424	0.1632663950000000	0.1118023450000000
826	5.02823	2.2666698714340692	0.1609543050000000	0.1082764100000000
828	4.39944	2.2806501645621502	0.1511160400000000	0.1170290900000000
830	4.76516	2.2757337600507532	0.1386630050000000	0.0883943250000000
834	4.69003	2.2752054334753642	0.1377428950000000	0.0466919050000000
836	9.14174	2.2299778567593567	0.1604823300000000	0.1168135950000000
838	11.07470	2.2366612061011999	0.1543250250000000	0.1126557550000000
842	7.66761	2.3917678597744563	0.2540572800000000	0.1652010250000000
844	5.82782	2.2518921271993801	0.1574656200000000	0.1039688450000000
846	4.41559	2.2648614702904242	0.1314818650000000	0.0576771300000000
850	5.91751	2.2546588122355820	0.1720987000000000	0.1126328850000000
856	4.41190	2.2719133564627585	0.1361522400000000	0.0652129550000000
858	4.98057	2.2681611772921335	0.1101992300000000	0.1063950000000000
860	4.86085	2.2630885360406139	0.1269252700000000	0.0882970350000000
862	4.83234	2.2775992408228123	0.1691782950000000	0.1058527450000000
864	4.09047	2.2758408732275548	0.1388860750000000	0.0725996750000000
866	4.16608	2.2250457736572669	0.1665372650000000	0.1182105550000000
872	4.02906	2.2754780671882648	0.1211389400000000	0.0823096400000000
878	4.54933	2.2733125469791955	0.1230702900000000	0.0638202750000000
80	5.11851	2.2592422577054232	0.1453148600000000	0.0614197350000000
82	4.14228	2.2709294957841903	0.1734614450000000	0.1105543150000000
84	6.99024	2.1896489882906969	0.1706389100000000	0.1058010900000000
882	4.12996	2.2503130587775400	0.1928274700000000	0.0754059850000000
886	4.24842	2.2844299536322619	0.1639297500000000	0.1010379850000000
888	6.76593	2.2497113252169165	0.1557393950000000	0.0805747050000000
890	4.95505	2.2591732677163496	0.1309188100000000	0.0827919600000000
894	9.01225	2.2405802806675119	0.1196329050000000	0.0843482300000000
896	4.86598	2.2678768054484961	0.1322058350000000	0.0787523850000000
900	4.50584	2.2684708628610544	0.1268259700000000	0.0920504000000000
902	4.70921	2.2701635654415067	0.1424339050000000	0.1207628600000000
904	4.73006	2.2793417390759871	0.1390515300000000	0.0689832050000000
906	7.99125	2.2359936481131997	0.1126350550000000	0.0939653000000000
908	5.04026	2.3228215813571125	0.2026573150000000	0.1070465950000000
910	4.24570	2.2545566053873580	0.1594403450000000	0.0669514850000000
920	4.84378	2.2670457199778440	0.1348717850000000	0.1319341750000000
922	4.80728	2.2895831039310943	0.1890835650000000	0.1313449700000000
932	4.53006	2.2673612023610215	0.1227464100000000	0.0792389850000000
934	4.34599	2.3417958505789609	0.2215272250000000	0.0795276000000000
938	4.13974	2.2810310315204547	0.1591983050000000	0.1104517100000000
940	4.62017	2.3053867314092962	0.2294337050000000	0.0476628900000000
942	4.78462	2.2703338166096048	0.1205446100000000	0.0837956300000000
944	4.71987	2.2813695333137005	0.1279103550000000	0.0578313800000000
946	6.24975	2.2387373971350515	0.1221548950000000	0.1005802600000000
948	4.02000	2.2799388503511340	0.1567502900000000	0.1156317650000000
950	10.71510	2.2306427840117311	0.1373609950000000	0.0994446800000000
954	8.53221	2.2415101173682488	0.1644343300000000	0.1221923550000000
956	4.00829	2.2833100410624305	0.1625025800000000	0.1380721750000000
958	16.47030	2.2230826414622422	0.1060949950000000	0.0827254350000000
88	5.11225	2.2577466861459028	0.1516535500000000	0.1211597900000000
94	6.88144	2.2551910350604683	0.1465936750000000	0.0411017150000000
962	4.08396	2.2863498213524087	0.1359109750000000	0.1070737300000000
970	5.00324	2.2641679796311922	0.1483540750000000	0.0957198850000000
974	5.07010	2.2637554676357854	0.1198741800000000	0.0584889850000000
976	6.08247	2.2532051139233866	0.1531057350000000	0.0814709950000000
978	5.95959	2.2592709425646191	0.1460114850000000	0.0951477000000000
980	4.01998	2.2816117424446616	0.1019059900000000	0.0623165050000000
982	4.16579	2.2669221646155329	0.1558878100000000	0.0911500250000000
984	4.28682	2.2766757434738230	0.1298195000000000	0.0707793350000000
988	5.02105	2.2725490528036323	0.1481760250000000	0.0857673550000000
990	4.13117	2.3272308509439625	0.2001335200000000	0.1331649850000000
994	5.46914	2.2688178866406279	0.1699983550000000	0.1297736700000000
996	4.81901	2.2655850987041775	0.1737079050000000	0.0712350450000000
998	4.05999	2.2606223166392287	0.1066218800000000	0.0979273750000000
1000	6.84932	2.2520497232771670	0.1615896150000000	0.0620518250000000
1002	4.06005	2.2847419328145335	0.1292159550000000	0.0571385050000000
1004	4.05646	2.2851934686688993	0.1515344000000000	0.1188305150000000
1006	4.73002	2.2702575104178089	0.1573363750000000	0.0808365550000000
1008	10.74660	2.2329413028178045	0.1596407250000000	0.0772482650000000
1009	10.74660	2.1599983151490618	0.1513777650000000	0.0575326750000000
1010	7.48502	2.2478513458533809	0.1864618950000000	0.0864778450000000
1014	4.79428	2.2765531218161499	0.1343427700000000	0.0621530450000000
1016	5.42450	2.2657743046230885	0.1175053350000000	0.0909737500000000
1018	4.35595	2.2765332639107529	0.1389417600000000	0.1130350000000000
1020	4.59215	2.2669117060215376	0.0919765100000000	0.0639712950000000
1024	4.11828	2.2783683852644341	0.1531006800000000	0.1061916300000000
1026	5.42788	2.2629710523990823	0.1753798450000000	0.0573071700000000
1032	5.37206	2.2640052949708087	0.1442874850000000	0.0824413050000000
1036	6.19163	2.2515809032413578	0.1457634800000000	0.0932866650000000
1038	20.58720	2.2154213282011459	0.1489554900000000	0.0877343600000000
100	4.44442	2.2577330794982386	0.1943203550000000	0.0556949300000000
102	11.84740	2.2295182264637936	0.1372755650000000	0.0614222600000000
1042	8.97676	2.2420492920034194	0.1482353150000000	0.0902303850000000
1044	7.71618	2.2435726152299154	0.1547945950000000	0.1092299050000000
1048	7.04994	2.2524089790585720	0.1300613250000000	0.1016408700000000
1050	4.79443	2.2604956153991012	0.1343401350000000	0.1129829700000000
1054	5.00964	2.2680328973815382	0.1775236450000000	0.0938732950000000
1056	13.19180	2.2463898062754519	0.1595801700000000	0.0446637100000000
1058	5.16946	2.2634900718511632	0.1174399750000000	0.0866403450000000
1060	4.42420	2.2773980644817304	0.1146121450000000	0.1027582900000000
1062	7.52754	2.2474378033695146	0.1308630700000000	0.0927675900000000
1064	4.13375	2.2823655222150632	0.1221144550000000	0.0900754550000000
1068	4.03979	2.2882003525000592	0.1561266500000000	0.1072469050000000
1070	5.57741	2.4187266057327270	0.2872515650000000	0.1519111250000000
1074	5.15909	2.2897329039198553	0.2179415150000000	0.1480683850000000
1076	4.75638	2.2649244734155665	0.1389639550000000	0.0844075350000000
1078	9.13998	2.2376062615141485	0.1401145450000000	0.0816320650000000
1080	6.88055	2.2522939973103564	0.1675173150000000	0.0799885700000000
1084	4.39977	2.2763095180784942	0.1611630300000000	0.1199959450000000
1092	4.06107	2.2754794270148309	0.1328136000000000	0.0986619000000000
1094	5.02848	2.2718512385519660	0.1261149950000000	0.0842364150000000
1096	4.94043	2.2726235402119883	0.1435447500000000	0.0892054700000000
1098	4.99017	2.2631072360370328	0.1153267000000000	0.0662518700000000
1100	6.64546	2.2458643385352568	0.1535571700000000	0.1087972800000000
1104	4.56992	2.2722198885713376	0.1399082750000000	0.0473144350000000
1106	5.56954	2.2582494727950215	0.1748385750000000	0.0905580700000000
1114	6.80212	2.2522291456894781	0.1461106650000000	0.0759050600000000
1116	4.09318	2.1773430261703366	0.1323085000000000	0.1023905700000000
1118	4.94317	2.2694146479516704	0.1188889000000000	0.1265309550000000
104	4.17470	2.2814433843297994	0.1067576900000000	0.0897528200000000
106	4.24173	2.2742212432289186	0.1350987150000000	0.0958394350000000
108	6.74909	2.2651641576657586	0.1950381800000000	0.1159179600000000
110	4.95835	2.2713596258149478	0.1395840000000000	0.1092784250000000
1120	6.15791	2.2502438458950285	0.1574594950000000	0.1003503000000000
1122	4.50022	2.2626747174114361	0.1376279900000000	0.1197775350000000
1126	4.63993	2.2802540094290626	0.1648998300000000	0.1038356250000000
1128	4.73005	2.2778395641923650	0.1292521300000000	0.0748948200000000
1130	6.62189	2.2482239790726508	0.1356496900000000	0.0842498000000000
1132	4.82357	2.2733934647102623	0.1281590650000000	0.0972676600000000
1134	4.49785	2.2773495518751368	0.1216115250000000	0.0943144850000000
1136	4.52370	2.2741584503286525	0.1553464550000000	0.0649653250000000
1138	4.57963	2.2822425917078046	0.1576122950000000	0.0978262600000000
1140	4.33156	2.2789973800116754	0.1140968900000000	0.0498671900000000
1142	5.77021	2.2521937298343579	0.1440256950000000	0.1164726950000000
1148	4.34715	2.2853038709204121	0.0915258300000000	0.1173736050000000
1150	4.29202	2.2795353251722132	0.1385092800000000	0.0767154550000000
1152	6.15727	2.2481700310025521	0.1422810050000000	0.0969945600000000
1156	4.92139	2.2776777191156721	0.1450255350000000	0.0705656650000000
1158	4.44046	2.2717886267512211	0.1257958600000000	0.1098628000000000
1168	4.99998	2.2706060005756172	0.1374113650000000	0.0999876950000000
1170	4.44863	2.2732707870129181	0.1692886250000000	0.1160680250000000
1172	7.77621	2.2268771661425513	0.1114835200000000	0.0765736150000000
1176	8.82243	2.2370882996842361	0.1258248000000000	0.1010962000000000
1180	6.98595	2.2484395918261639	0.1387818450000000	0.0999549250000000
1186	4.49995	2.2751018156499319	0.1469846000000000	0.0968234400000000
1190	9.36204	2.2389807865335212	0.1568779950000000	0.0741403400000000
1192	4.60472	2.2750332700307099	0.1621374700000000	0.0412175000000000
1194	5.00000	2.2636811451705947	0.1577688400000000	0.0771570700000000
1197	4.78462	2.1977616172635583	0.1723362450000001	0.0654971750000000
112	4.34973	2.2830723933708317	0.1254071300000000	0.1053807100000000
114	5.67070	2.2559485035763327	0.1786420150000000	0.0812277500000000
118	4.02935	2.2844216428899959	0.1205252700000000	0.0724870500000000
1200	7.75231	2.2406278623420932	0.1524014300000000	0.1206237750000000
1202	4.35313	2.2736931287828517	0.1422200450000000	0.0943792300000000
1204	6.77997	2.2511138652409191	0.1413299300000000	0.0892776100000000
1206	6.99988	2.2518007384703402	0.1304362700000000	0.0986902850000000
1212	4.82000	2.3362412145254834	0.1926645450000000	0.0943632300000000
1214	10.74680	2.2336679213618460	0.1222167250000000	0.0634031250000000
1216	4.93969	2.2548915887203185	0.1597460850000000	0.1006584200000000
1218	7.34905	2.2379033268345765	0.1591517500000000	0.0859533250000000
1220	12.93590	2.2250272162574163	0.1457318000000000	0.1139076000000000
1222	4.15682	2.2841816205924559	0.1504444200000000	0.1055393300000000
1224	4.57009	2.2713250009145578	0.1824241500000000	0.0770531600000000
1226	4.35377	2.2495459535813254	0.1323787200000000	0.0738311750000000
1228	4.42998	2.2680017823301815	0.0950390400000000	0.0835334650000000
1230	5.20353	2.2636829837262926	0.2033611400000000	0.0611102750000000
1232	4.57896	2.2776210097139225	0.1629863850000000	0.1048949350000000
1236	4.22672	2.2748963212163251	0.1161159450000000	0.0960435300000000
1240	6.10483	2.2582109720437651	0.1481675700000000	0.0784870950000000
1244	4.25318	2.2840835055561981	0.1368771350000000	0.0861621050000000
1246	4.67784	2.2761299405692696	0.1172198600000000	0.0603325250000000
1248	4.14212	2.2842125143711556	0.1074029250000000	0.0586998950000000
1250	7.39761	2.2393262540746242	0.1491628350000000	0.1002146000000000
1252	4.82270	2.2750694698715881	0.1383478650000000	0.0757695400000000
1254	4.41000	nan	nan	0.0000000000000000
1256	5.28996	2.2775442980509424	0.1662135500000000	0.0396324500000000
1258	6.13964	2.2486450089728507	0.1239477850000000	0.1060125750000000
1260	5.95341	2.2961237564224306	0.2025203700000000	0.1285452600000000
1264	4.59321	2.2775575696851922	0.1325474500000000	0.0660036750000000
1266	4.18517	2.3710122857188480	0.2302978200000000	0.1421139050000000
1268	7.77916	2.2443458792307194	0.1374645900000000	0.1088281550000000
1270	5.12282	2.2597405224753753	0.1135268400000000	0.1076859350000000
1274	7.78094	2.2348052334789807	0.1737066200000000	0.0571862100000000
1276	6.23931	2.2555254295403242	0.1266633600000000	0.0830284000000000
120	4.49998	2.2885431164801151	0.1683044500000000	0.0902314650000000
122	4.12503	2.2799062656198954	0.1463471650000000	0.1321183050000000
126	4.67039	2.2749342712937772	0.1180991650000000	0.0592524000000000
1280	4.86258	2.2660041849478745	0.1758485050000000	0.0821023650000000
1282	9.14179	2.2396138307101330	0.1425256250000000	0.0908916700000000
1284	8.93260	2.2440437357574443	0.1462970850000000	0.1153316300000000
1286	16.78930	2.2210270072163110	0.1388859550000000	0.0846082000000000
1288	4.10059	2.2777330236889513	0.1440318500000000	0.1174917400000000
1290	4.41996	2.2801283452988539	0.1854252800000000	0.1385520450000000
1294	41.53440	2.2061223130207019	0.1370097950000000	0.0930103000000000
1295	41.53440	2.3683681527127969	0.2515791700000000	0.1528984500000000
1296	4.83472	2.2584658563014712	0.1769624850000000	0.0855723150000000
1298	4.20010	2.2814574387945781	0.1364078900000000	0.0969918300000000
1300	5.56063	2.2705448004318454	0.1475228200000000	0.1069715150000000
1306	26.52460	2.2147946447599858	0.1409248250000000	0.0586755100000000
1310	4.21926	2.2952006577973982	0.1370316050000000	0.0934750900000000
1312	4.92507	2.2705741218658204	0.1356188500000000	0.0784259100000000
1316	8.20009	2.2321938789545430	0.1130699450000000	0.0905853250000000
1320	4.50593	2.2720719589563307	0.1173845800000000	0.1095019150000000
1322	4.92764	2.2693691434573853	0.1291652950000000	0.1116360300000000
1324	4.19051	2.2831650152768010	0.1396198550000000	0.0998016850000000
1328	6.31772	2.2452759216068889	0.1246993050000000	0.0730039400000000
1330	4.42435	2.2804542780783139	0.1162228600000000	0.0974385450000000
1334	6.43223	2.2527159757962467	0.1248438250000000	0.0709051550000000
1338	4.29983	2.2831870693961571	0.1145106000000000	0.0856548750000000
1340	4.74091	2.2348408232990882	0.0774708900000000	0.1333209650000000
1346	4.12469	2.2775451826367434	0.1148096600000000	0.0968377350000000
1348	4.19133	2.2798086836655065	0.1190162250000000	0.0922724900000000
1352	6.49995	2.2540556701319110	0.1277950650000000	0.0892517700000000
1354	4.93868	2.2728225239017483	0.1355138050000000	0.1348663650000000
1356	5.16798	2.2660539257245604	0.1493601550000000	0.0582198600000000
132	4.26004	2.2807882887659230	0.1353359250000000	0.1163717550000000
1360	4.34000	2.2811412254948475	0.1177363300000000	0.0588475200000000
1362	4.19857	2.2799157986996272	0.1104928550000000	0.1001299600000000
1366	4.28500	2.2875955701926722	0.1390449150000000	0.0542346200000000
1368	4.33103	2.2776171423249627	0.1826621650000000	0.0794653800000000
1370	5.01810	2.2765551460585502	0.1343920150000000	0.0817910450000000
1372	4.83900	2.2695827093951442	0.1043576250000000	0.0668986950000000
1374	11.70160	2.2304668643491845	0.1271317300000000	0.0701169650000000
1376	4.18779	2.2783868249172436	0.1091231950000000	0.0653508950000000
1380	4.47979	2.2761797028170565	0.1313261150000000	0.0788896150000000
1382	4.19429	2.2822686257391220	0.1502485550000000	0.0760654300000000
1384	4.74990	2.2686947700616642	0.1522246250000000	0.1329564800000000
1386	4.46202	2.2646580791911455	0.1440760100000000	0.0477975350000000
1388	7.51339	2.2360800582307063	0.1238761600000000	0.1038077000000000
1390	4.07593	2.2789738104147661	0.1665061200000000	0.1178065650000000
1392	4.50586	2.2696808358925442	0.1408577150000000	0.1415605300000000
1394	5.40028	2.2643630584066141	0.1254318600000000	0.0971444450000000
1396	4.21001	2.2869221775843451	0.1287808450000000	0.0999004600000000
1398	4.55972	2.2673757989703947	0.1807762550000000	0.1158023650000000
1400	6.45934	2.2563082479757015	0.1633566850000000	0.1082723900000000
1404	5.63143	2.2661151687119263	0.1421352250000000	0.0734198700000000
1406	5.45344	2.2573320076440768	0.1037919450000000	0.1037970950000000
1410	3.99999	2.2863291011918219	0.1360965900000000	0.1269230600000000
1412	5.06884	2.2599129538819112	0.1564501950000000	0.1093300050000000
1414	5.17088	2.2683803936820612	0.1258958050000000	0.0590673850000000
1416	4.16630	2.2796796071991765	0.1430401600000000	0.0829239250000000
1418	4.45962	2.2805838609376150	0.1392512600000000	0.0741624200000000
1420	4.96768	2.2715907618644291	0.1705973200000000	0.1068202250000000
1422	6.48742	2.2992417296325436	0.1487321450000000	0.1129638250000000
1426	4.59597	2.2548694502587034	0.1515038200000000	0.0803112450000000
1432	4.74588	2.2744776585903073	0.1714093100000000	0.0300652350000000
1436	4.05549	2.3744749212200644	0.2309794900000000	0.1168324800000000
1438	4.35346	2.2619899737903206	0.0939535600000000	0.1171454350000000
138	5.65792	2.2426004835879061	0.1210155600000000	0.0803422550000000
142	7.11878	2.2560234612887848	0.1469952150000000	0.1120277850000000
1440	14.84560	2.2263035924078185	0.1538317850000000	0.1002771350000000
1442	5.15863	2.2466259537940076	0.1310438800000000	0.0828729150000000
1444	4.52015	2.2711639090687377	0.1049579250000000	0.0738056450000000
1446	13.19560	2.2177493925532259	0.1562619650000000	0.1019103150000000
1447	13.19560	2.1739452990898287	0.1139660850000000	0.0994336450000000
1452	26.14010	2.2064194895790576	0.1492093550000000	0.1025769950000000
1453	26.14010	2.2068387463479744	0.1613737400000000	0.1242508750000000
1458	6.81732	2.2488772228465801	0.1452702250000000	0.1074087500000000
1466	5.14388	2.2553544558781988	0.0829408300000000	0.1043693100000000
1474	16.46020	2.2196352637869330	0.1402383300000000	0.0862249600000000
1476	4.04919	2.2795520892022423	0.1178498800000000	0.0829248200000000
1478	4.73253	2.2757703340700530	0.1461932500000000	0.0687215300000000
1480	4.41109	2.2733251789513287	0.1490920850000000	0.0564144700000000
1482	8.11443	2.2475796459631314	0.1721802600000000	0.0690874500000000
1484	4.90953	2.2719012588133176	0.1383139750000000	0.0894258400000000
1486	4.76000	2.2654941746746617	0.1433976350000000	0.1078782300000000
1488	4.99997	2.2677563939650121	0.1298282950000000	0.0650772250000000
1494	8.85629	2.2376589566840135	0.1249226500000000	0.0629438000000000
1496	4.43155	2.3494053320725579	0.2032351950000000	0.1326450850000000
1498	5.33950	2.2620308221278913	0.1248367300000000	0.0832056000000000
1500	10.05860	2.2277977542290563	0.1341319950000000	0.0835198150000000
1504	5.00547	2.2681511523608253	0.1169071250000000	0.0750497550000000
1506	6.05950	2.2573697935901613	0.1077065550000000	0.0825079150000000
1508	4.98861	2.2741631595615255	0.1428619700000000	0.1184063950000000
1510	7.57217	2.2433704247029396	0.1510781450000000	0.1062962300000000
1512	6.33965	2.2433079724751819	0.1169052250000000	0.0763201950000000
1513	6.33965	2.1459772481986628	0.1135165950000000	0.0544320800000000
1514	4.41009	2.2757833333753101	0.1384386600000000	0.1365653400000000
1518	4.00000	2.2714933020038472	0.1634280250000000	0.0929355100000000
144	4.19992	2.2843794551649719	0.1492139850000000	0.0802631200000000
146	4.16991	2.2842658306330139	0.1143430850000000	0.0850630450000000
148	4.15883	2.4383046019981456	0.2447008950000000	0.1201868450000000
150	5.97077	2.2599234387731104	0.1622165150000000	0.0577985550000000
1530	6.61898	2.2526311713566192	0.1572412400000000	0.1037045700000000
1534	4.40991	2.2792646982021099	0.1298288050000000	0.0983647150000000
1536	6.77581	2.2520244637805682	0.1506864750000000	0.1070379850000000
1540	5.93810	2.2546785565173706	0.1361462000000000	0.0805913250000000
1542	4.00992	2.2836372103601135	0.1422314750000000	0.0803237650000000
1544	6.17991	2.2545307305565259	0.1454891100000000	0.0846828400000000
1546	5.33599	2.2688754938602740	0.1744096850000000	0.0841995700000000
1548	4.86100	2.2750695320471626	0.1750314900000000	0.0704169150000000
1550	4.11980	2.2882511181328775	0.1210934000000000	0.0527556200000000
1554	9.48333	2.2318306494652851	0.1637266300000000	0.1086930550000000
1556	5.13316	2.2649593272779316	0.1268450950000000	0.0713448000000000
1558	6.80042	2.2543576504110177	0.1303511700000000	0.0764268250000000
1562	5.98505	2.2387291888338563	0.0652511750000000	0.0391201900000000
1566	5.19021	2.2537404589958561	0.1446485450000000	0.0692768600000000
1568	4.75006	2.2680942432049571	0.0922634400000000	0.0765224050000000
1570	5.24969	2.2617994255537219	0.1094842750000000	0.0833332750000000
1572	5.57786	2.2472228534458889	0.1231748850000000	0.0812119600000000
1578	5.96102	2.2550043048230601	0.1569650600000000	0.1097200550000000
1580	6.63143	2.2510283358994734	0.1507954000000000	0.0956912300000000
1582	4.83719	2.2599953392070256	0.1300900100000000	0.0919822650000000
1584	8.53797	2.2500193728390165	0.1637703950000000	0.0897182800000000
1586	7.09003	2.2325798621491031	0.1078774150000000	0.0882854700000000
1588	5.52782	2.2653953403670699	0.1227326950000000	0.0953832450000000
1590	4.29175	2.2776939926332482	0.1545201250000000	0.0739666650000000
1592	4.96853	2.2550115747179516	0.1773157150000000	0.0968748900000000
1594	4.28156	2.2737247707909041	0.1348479700000000	0.1346567050000000
1596	11.63420	2.2325767170002915	0.1395054450000000	0.0875995950000000
152	4.46989	2.2772437762597049	0.1219307200000000	0.0862693300000000
154	4.73684	2.2728400150711514	0.1505757900000000	0.1066094800000000
156	5.91927	2.2657110925036927	0.1445055650000000	0.0748925250000000
158	4.24722	2.2832399771066920	0.1417314000000000	0.0756482000000000
10	6.61961	2.2535878243137883	0.1348590050000000	0.0841183750000000
1600	5.91412	2.2476374725357195	0.1586382800000000	0.1153894800000000
1602	4.45082	2.2747470879490121	0.1113233200000000	0.1095267900000000
1604	4.01197	2.2873848713071432	0.1714098000000000	0.0946758750000000
1606	7.80313	2.2432075321060854	0.1347778800000000	0.0811087900000000
1608	4.35612	2.2766705050630933	0.1349358000000000	0.0874990400000000
1610	6.87927	2.2494796087449309	0.1419576800000000	0.0763772750000000
1612	11.05520	2.2255490690050546	0.1658103900000000	0.0526850850000000
1614	4.00000	2.2897860255456832	0.1425964250000000	0.0828630750000000
1616	4.47015	2.2895824637796394	0.1699133950000000	0.0468371900000000
1618	5.73820	2.2546226163560643	0.1637681450000000	0.1256820950000000
1620	7.00016	2.2493660439644771	0.1204292500000000	0.0804426700000000
1624	4.48996	2.2847567200264374	0.1202075750000000	0.0840670550000000
1626	4.90009	2.2654835286590469	0.1526110100000000	0.1272905950000000
1630	4.68953	2.2723640766307924	0.1247526450000000	0.0864675900000000
1636	4.18877	2.2721482454351931	0.1742792650000000	0.0983009650000000
1640	4.79451	2.2734031086998456	0.1163657450000000	0.1007999150000000
1642	12.51970	2.2250791541414481	0.1602694500000000	0.0927521100000000
1644	7.68019	2.2402765130040758	0.1145368000000000	0.0758841900000000
1648	4.34003	2.2832237312693433	0.1399280450000000	0.0882818250000000
1650	4.01793	2.2779242484350362	0.1473970600000000	0.0304997150000000
1654	12.19800	2.2386695086619071	0.1624370900000000	0.0690685800000000
1658	4.83879	2.2481750384952748	0.1744851000000000	0.0511336050000000
1660	5.07562	2.2460546179304202	0.0887563100000000	0.1048614800000000
1664	4.94033	2.2649580108651763	0.1888890550000000	0.1198890300000000
1670	7.31305	2.2501111230519655	0.1422050200000000	0.1194136650000000
1674	11.11390	2.2317436493729366	0.1224271900000000	0.0735070700000000
1675	11.11390	2.1743471422375253	0.1319418050000000	0.0587198950000000
1676	4.40009	2.2804889790075875	0.1912377250000000	0.1123007050000000
162	5.93497	2.2596792326005986	0.1796560400000000	0.1307700550000000
164	5.68967	2.2639616309081707	0.1287345150000000	0.0787765500000000
166	5.78332	2.2525312447311552	0.1290136850000000	0.1036289300000000
1680	4.03869	2.2822828306510097	0.1285084800000000	0.1199830450000000
1682	4.61938	2.2808072568941085	0.1217182300000000	0.0737697400000000
1686	4.16990	2.2844464953729746	0.1340612650000000	0.0752535700000000
1688	6.46034	2.3316145356485420	0.2592133300000000	0.1226957050000000
1690	4.63023	2.2613236172395959	0.1819942700000000	0.0901069950000000
1692	4.23272	2.2808562809569644	0.1367025200000000	0.0836552400000000
1694	5.91378	2.3678669447297760	0.3031929850000000	0.1187384600000000
1698	4.87797	2.2679935803293794	0.1147561750000000	0.0966164200000000
1700	7.91949	2.2455996919582861	0.1161989000000000	0.0758488750000000
1702	5.64337	2.2681931713172605	0.1493617500000000	0.0485087250000000
1704	4.22001	2.2809253020886109	0.1254296450000000	0.1373099750000000
1706	4.40746	2.2778677575294215	0.1534227000000000	0.1188182550000000
1708	5.48181	2.2623310102540795	0.1329952350000000	0.1024154100000000
1712	4.60117	2.2724206402139338	0.1538654300000000	0.0916018950000000
1716	9.08621	2.2406638924213511	0.1650399300000000	0.1098923050000000
1718	7.71937	2.2442008924977364	0.1404873900000000	0.1033655250000000
1720	6.48811	2.3696274544660807	0.2776741450000000	0.0949986300000000
1722	4.73518	2.2777501153707869	0.1179167700000000	0.0725049200000000
1724	5.38985	2.2952657051913645	0.1859715400000000	0.1356866600000000
1726	6.50072	2.2608492670724840	0.1731031950000000	0.1538395300000000
1728	4.27002	2.2671888339333206	0.1122284550000000	0.0879818000000000
1738	8.36069	2.2389582781813351	0.1265524550000000	0.0878286400000000
1740	13.08860	2.2283512951169597	0.1343554150000000	0.0932653800000000
1746	4.08501	2.2863993543635552	0.1500084750000000	0.0986444950000000
1748	6.24506	2.2479035912520100	0.1488494650000000	0.0746329950000000
1750	6.87963	2.2532868921711104	0.1475171050000000	0.0964004600000000
1752	6.34639	2.2475581773732940	0.1361059600000000	0.1098977100000000
1756	5.33757	2.2713551371451226	0.1210190400000000	0.1493373100000000
1758	8.89967	2.2412182277870101	0.1540653200000000	0.0644540100000000
170	4.28517	2.2750193364096596	0.0919703500000000	0.0832965900000000
174	8.08467	2.2426952081296609	0.1449407850000000	0.0508704100000000
1760	5.55909	2.2667710689016509	0.1466134100000000	0.1155413000000000
1762	5.89161	2.2631189314920461	0.1559320700000000	0.0991905250000000
1764	4.26026	2.2799710021554951	0.1251779250000000	0.0984814900000000
1766	6.50125	2.2454153084692452	0.2069096150000000	0.0763968750000000
1768	4.34000	2.2836980517514456	0.1491129600000000	0.1156973200000000
1770	4.19462	2.2906765611644717	0.1450618000000000	0.0713857650000000
1776	4.24900	2.2780796371777465	0.1225979800000000	0.0625673350000000
1778	5.36257	2.2314411844161204	0.1928284750000000	0.0761044350000000
1780	10.91730	2.2351625735457916	0.1393814100000000	0.0693001800000000
1782	7.36541	2.2427700704515208	0.1524784950000000	0.0756443400000000
1786	4.37997	2.2802668275975182	0.1265254100000000	0.1093093500000000
1788	4.46975	2.2687540752876521	0.1500296800000000	0.1120622800000000
1796	4.43979	2.2727449182684305	0.1801088900000000	0.1300603650000000
1800	4.07502	2.2870980743330156	0.1589680750000000	0.0948956200000000
1804	4.14194	2.2823249834254606	0.1322198150000000	0.0838437550000000
1806	5.71642	2.2689241110838552	0.1678916750000000	0.1282369450000000
1812	6.14934	2.2666335249881602	0.1548766550000000	0.1223479950000000
1814	4.17537	2.2881410841985548	0.1612068400000000	0.0791590350000000
1816	8.09001	2.2400640579640578	0.1706606000000000	0.1020800550000000
1817	8.09001	2.2239500037337478	0.1502142150000000	0.1532692200000000
1824	5.01750	2.2578248171609259	0.0972811300000000	0.0499046100000000
1826	4.27361	2.2807168221480469	0.1856327900000000	0.0945952300000000
1828	4.80502	2.2706069400552704	0.1461548100000000	0.0837351500000000
1832	4.33506	2.2160957889433890	0.1781354550000000	0.0748741850000000
1834	6.04510	2.2503577800162771	0.1322897550000000	0.0941870500000000
1836	4.83045	2.2738074708191394	0.1567688200000000	0.1228252800000000
1838	4.24767	2.2617369823566289	0.1525345550000000	0.1001561350000000
176	6.35654	2.2230546805333824	0.1911072850000000	0.1127323300000000
180	6.95937	2.2468117953446152	0.1584099550000000	0.0720925050000000
182	4.04727	2.2807874247934685	0.1373719700000000	0.0979617250000000
1840	5.76000	2.2631022977749402	0.1829008850000000	0.0963800250000000
1846	4.13014	2.2871413939601859	0.1389803050000000	0.0962647550000000
1848	7.04093	2.2532235347021423	0.1389487550000000	0.1167606050000000
1850	5.00731	2.2698167083270602	0.1288015450000000	0.0497734000000000
1852	4.56028	2.2666694882182261	0.1135536700000000	0.0783685600000000
1854	4.18300	2.2728727798480319	0.1296621550000000	0.1046742300000000
1864	12.57260	2.2385791568149562	0.1706822650000000	0.1286099450000000
1868	5.77880	2.2650352023722764	0.1508127850000000	0.0872084450000000
1870	4.38822	2.2815052673836314	0.1533939150000000	0.0956807400000000
1872	4.18016	2.2806653889797648	0.1857909250000000	0.1176681450000000
1874	4.38937	2.2809629082377483	0.1431454500000000	0.1099007650000000
1878	6.23233	2.2528838042833179	0.1172455650000000	0.0818519350000000
1882	6.14244	2.2494913074009530	0.1508858900000000	0.1173561550000000
1884	4.47101	2.2702125006814087	0.1539639600000000	0.0984503350000000
1886	4.59031	2.2739043316141050	0.1076586600000000	0.0824563300000000
1888	8.27008	2.2373367031929976	0.1363724400000000	0.0412829000000000
1892	6.53008	2.2555481021650015	0.1850294650000000	0.1172827300000000
1893	6.53008	2.1459811071630748	0.1220035850000000	0.0817804600000000
1896	4.45915	2.2808612117842393	0.1792694100000000	0.1056867200000000
1900	6.39020	2.2540744103499768	0.1359177200000000	0.0661857800000000
1906	6.61739	2.2514499054087573	0.1670146450000000	0.0574226200000000
1908	4.82403	2.2764304080239715	0.1281498000000000	0.0596289650000000
1910	16.46690	2.2123760123265472	0.1567573100000000	0.0499080200000000
1911	16.46690	2.1741862770511071	0.1280823400000000	0.1038439050000000
1916	5.98995	2.2544322692194556	0.1272139650000000	0.0590816850000000
1918	5.56728	2.3225713945147386	0.2295216850000000	0.1163428650000000
184	5.27085	2.2625346520713436	0.1454771600000000	0.0575104750000000
186	4.12611	2.2735613344339156	0.0959284300000000	0.0984048350000000
190	6.25027	2.2551263157300450	0.1837927950000000	0.0960227950000000
1920	4.47102	2.2757075161792710	0.1971449500000000	0.1046040800000000
1922	4.58188	2.2697420637482377	0.1543774250000000	0.0796273550000000
1926	6.96936	2.2406963041012955	0.1199956050000000	0.0861104100000000
1932	11.82330	2.2297583879506115	0.1303127000000000	0.0986596650000000
1934	4.62575	2.2655734333778397	0.1388609500000000	0.0599513900000000
1936	4.23855	2.2871367395177131	0.1186621100000000	0.0679708700000000
1940	4.14098	2.2880291357384426	0.1211982350000000	0.0902135050000000
1942	5.97899	2.2556961298632054	0.0951415700000000	0.0989914000000000
1944	13.31540	2.2295010043466177	0.1427626300000000	0.0957782950000000
1946	7.10612	2.2579303395648065	0.1607673300000000	0.0659884100000000
1950	4.13001	2.2742327763892871	0.1948785900000000	0.1340163450000000
1952	5.00849	2.2861259666244464	0.1243208450000000	0.1476111850000000
1954	4.41097	2.2676340240706612	0.1392602150000000	0.0440482100000000
1956	4.33100	2.2763310998398176	0.1096349750000000	0.0739227450000000
1958	4.28230	2.2840288917195086	0.1786103500000000	0.1253833150000000
1960	4.81984	2.2554292495690653	0.1481563550000000	0.1024887750000000
1962	4.58831	2.2739419931985423	0.1075900600000000	0.0869356750000000
1964	4.15438	2.2809346422054930	0.1264843300000000	0.0911049350000000
1967	5.13324	2.2664913588941342	0.1887808000000000	0.1130976700000000
1968	6.51561	2.2520501044980223	0.1267559600000000	0.0811941400000000
1972	4.42705	2.2722344395256746	0.1400948850000000	0.1131024550000000
1974	5.00888	2.2682926710899132	0.1553174700000000	0.0826878550000000
1976	4.14179	2.2838641806205229	0.1278635800000000	0.0764628600000000
1978	4.75150	2.2710216261712142	0.1959158150000000	0.1385511700000000
1980	4.27992	2.2874621231742007	0.1818971550000000	0.1082931300000000
1986	5.28977	2.2563124130439549	0.1266556300000000	0.0572601900000000
1992	4.94400	2.2745502878467141	0.1716512650000000	0.0850502800000000
1994	6.98118	2.2338935049750410	0.1504194300000000	0.1536410600000000
1996	5.06186	2.2724816849107885	0.1581959250000000	0.1358579250000000
1998	4.77968	2.2679066130440710	0.1494250950000000	0.1140237350000000
192	5.18987	2.2557794825936686	0.0669426700000000	0.0442183900000000
194	4.73165	2.2749030594233735	0.1276274400000000	0.0901875700000000
196	5.01785	1.7140979267864878	0.1118012600000000	0.4563596950000000
198	6.59951	2.2634324143877840	0.1378532700000000	0.0945722500000000
2000	4.63641	2.2672346990371830	0.1729216250000000	0.0853574650000000
2002	4.21002	2.2734700201782241	0.1646104900000000	0.0862444800000000
2006	4.60571	2.2815227635809388	0.1398240850000000	0.0647647950000000
2012	5.96074	2.2594759689091752	0.1325272450000000	0.0649123100000000
2014	6.50528	2.2549204761623352	0.1903837450000000	0.1181559350000000
2016	4.90000	2.2697027452836736	0.1443943050000000	0.1125623950000000
2022	5.30051	2.2674025630153776	0.1136890550000000	0.0807111200000000
2026	4.89723	2.2655050663289886	0.1250070250000000	0.0655857400000000
2028	4.12020	2.2803793595991286	0.1395675700000000	0.0790669650000000
2030	4.07470	2.2832705023864555	0.1749048150000000	0.0844214550000000
2032	7.86804	2.2458402276036535	0.1414437100000000	0.1174844300000000
2036	4.45063	2.2846932421685704	0.1329507700000000	0.0812096650000000
2038	4.71942	2.2604347734509664	0.1037814150000000	0.0926071900000000
2042	7.59734	2.2457986580597549	0.1328104900000000	0.1108640500000000
2044	5.45900	2.2575409781032092	0.1145513550000000	0.0861648900000000
2046	4.32232	2.2803996739662087	0.1269703600000000	0.0802043000000000
2050	5.42755	2.2669569854644149	0.1296492950000000	0.0907651200000000
2054	4.49794	nan	nan	0.0000000000000000
2058	8.22613	2.2326080228806431	0.1459657500000000	0.0843922800000000
2062	4.76312	2.2697604776208098	0.1330019800000000	0.0788970150000000
2066	5.20017	2.2656127856795139	0.1169925750000000	0.0763400700000000
2068	5.23793	2.2618624728726293	0.1912774950000000	0.1236688350000000
2070	4.54763	2.8676617624908887	0.3818738850000000	0.1175013750000000
2074	7.33799	2.2510709014244612	0.1387710250000000	0.0588018900000000
2076	13.21610	2.2296265564985531	0.1412901000000000	0.0611165050000000
2077	13.21610	2.1891765045178264	0.1480134600000000	0.0869043000000000
202	4.11536	2.2945495670885574	0.1312472050000000	0.0721097100000000
204	5.59931	2.2987676349977626	0.2284363550000000	0.0635618000000000
205	5.59931	2.2125862921129062	0.2168073300000000	0.0325581950000000
206	6.43016	2.2389227316016687	0.1720923500000000	0.1418880150000000
2080	6.52993	2.2400460979245342	0.1794978200000000	0.1050545050000000
2082	20.88530	2.2188946148755413	0.1554066300000000	0.1146307000000000
2084	5.29028	2.2675174698549223	0.1158215250000000	0.0827596400000000
2086	5.04000	2.2649857060947451	0.1565859450000000	0.0877756300000000
2088	5.10973	2.2661594178980078	0.1811231550000000	0.1281145850000000
2090	6.91809	2.2484965140261362	0.1777639950000000	0.1506309300000000
2104	5.18390	2.2562859676113476	0.1598649400000000	0.0832773650000000
2106	19.63850	2.2175554050182016	0.1408587400000000	0.0850303850000000
2110	5.01005	2.2572155842722115	0.1272757350000000	0.0711863550000000
2112	4.40635	2.2723634113077829	0.1276155850000000	0.0865342300000000
2114	4.93994	2.2748586721203372	0.1568948100000000	0.0814306700000000
2116	4.53304	2.2609791056198945	0.0857854450000000	0.1179733700000000
2118	4.40994	2.2807557877346998	0.1306715800000000	0.0711673400000000
2124	4.39748	2.2853296909172482	0.1579595350000000	0.0887411350000000
2126	4.81993	2.2619025324360726	0.1297909900000000	0.0905666950000000
2128	4.05005	2.2287930586223488	0.2293994150000000	0.0724131200000000
2130	4.12003	2.2855005006317448	0.0959986400000000	0.0679033450000000
2132	4.59966	2.2792636586121726	0.1335902650000000	0.1116957450000000
2134	7.98999	2.2445865403630880	0.1240195200000000	0.1002488750000000
2136	11.35650	2.2374794306222672	0.1630805700000000	0.0836571050000000
2138	4.97123	2.2657251836943266	0.1188363500000000	0.1144399750000000
2146	4.33999	2.2797757053894228	0.1470175050000000	0.1418039750000000
2147	4.33999	2.3019315632676851	0.2136959100000000	0.0975544400000000
2150	8.91215	2.2287612792576117	0.1425044000000000	0.0822979850000000
2156	4.19661	2.2821688335545960	0.1668690700000000	0.1318121350000000
2158	7.90423	2.2461994993030308	0.1153899700000000	0.0891644250000000
208	8.47765	2.2426117306401365	0.1429019450000000	0.1251959350000000
210	4.19882	2.2839624366995097	0.1355199300000000	0.1039977000000000
212	6.96937	2.2506186878371954	0.1414276050000000	0.0923263150000000
2162	7.44116	2.2457535491428784	0.1431487050000000	0.0565707900000000
2164	4.87773	2.2693525612970635	0.1256803700000000	0.1365600000000000
2166	5.23061	2.2624725175484022	0.1601500650000000	0.0702767950000000
2170	5.14179	2.2340992647082372	0.2016792450000000	0.0686090450000000
2172	4.25928	2.2816378041547676	0.1319461900000000	0.0561227250000000
2174	4.72264	2.2752372407912822	0.1298711700000000	0.0723185100000000
2176	4.05502	2.2889594589697793	0.1657111050000000	0.0987310350000000
2178	4.05080	2.2636473818048501	0.0778546100000000	0.1189390000000000
2180	4.13502	2.2773317021455850	0.1117574600000000	0.1156503550000000
2182	4.92703	2.2766003659604741	0.1184090350000000	0.0961449650000000
2184	4.26802	2.2857389736822293	0.1416310100000000	0.0505034700000000
2186	9.13856	2.2288177044671951	0.1234533100000000	0.0463159300000000
2190	5.22439	2.2709003310088214	0.1813907050000000	0.0927817700000000
2194	4.07712	2.2802725621261062	0.1251743600000000	0.0817218300000000
2196	5.67482	2.2665635311366263	0.1812685950000000	0.0825790600000000
2198	5.32678	2.2555371729961164	0.1878077900000000	0.1100757350000000
2200	4.33959	nan	nan	0.0000000000000000
2204	4.79078	2.2696944452602126	0.1591693450000000	0.0669932850000000
2206	6.88521	2.2521345877123795	0.1412146150000000	0.0892305400000000
2208	4.03176	2.2867507069606106	0.1557214650000000	0.0927921900000000
2210	5.30647	2.2672272043706325	0.1781512750000000	0.0701424900000000
2214	8.53267	2.2404883331509082	0.1471596650000000	0.1127764200000000
2216	5.74185	2.2007148962749685	0.1822678050000000	0.1112889800000000
2222	5.65161	2.2583866810166837	0.1370500500000000	0.0949107850000000
2224	5.75049	2.2638938868169940	0.1068738950000000	0.1002104900000000
2226	4.58643	2.2833241414607230	0.1742188000000000	0.0982895650000000
2232	5.55595	2.2633769687199958	0.1243325350000000	0.1105547350000000
2238	5.19071	2.2750080573223679	0.1589714200000000	0.1131987850000000
220	4.04241	2.2678923668841739	0.1430116400000000	0.0715348550000000
222	4.78988	2.2600095756563596	0.1907316800000000	0.0947042000000000
2240	4.01854	2.2874718772310114	0.1019089850000000	0.0734288200000000
2242	7.67028	2.2458063057213997	0.1353032750000000	0.0569564450000000
2246	4.20006	2.2761610406263384	0.1367609150000000	0.1377843200000000
2248	5.10066	2.2544784035592267	0.1103294900000000	0.0862702800000000
2252	4.19468	2.2832237331736294	0.1297201350000000	0.1195544000000000
2254	5.38651	2.2635155872451040	0.1223676350000000	0.1355165850000000
2256	5.06968	2.2733948548226053	0.1391176450000000	0.0924279700000000
2264	6.71177	2.2237247723957010	0.1424374600000000	0.0954892550000000
2274	5.89059	2.2489949598690582	0.1162287750000000	0.0743018600000000
2276	7.77805	2.2449369635894794	0.1246661550000000	0.0974861150000000
2278	4.56889	2.2775776473425156	0.1369586200000000	0.0610388700000000
2280	4.30126	2.2704407276893463	0.1124455700000000	0.0869667950000000
2282	4.82332	2.2629417012928763	0.1176316900000000	0.0330290450000000
2286	5.19002	2.2620559361669508	0.1471019150000000	0.0798103000000000
2288	4.21002	2.2874668014481010	0.1717544800000000	0.0871408100000000
2292	4.41278	2.2757960514925055	0.1315228000000000	0.1125780050000000
2296	4.83457	2.2760437330246481	0.1399664900000000	0.1071723000000000
2304	5.00864	2.2752380271748387	0.1394978800000000	0.1241587700000000
2306	4.33997	2.2798782439289695	0.1010390850000000	0.1043968600000000
2308	6.43072	2.2537119435076183	0.1021271450000000	0.0661195350000000
2312	5.47919	2.2669284430343652	0.1317566550000000	0.1007319050000000
2314	6.49465	2.2529385557174146	0.1211287450000000	0.0900976500000000
2316	4.08024	2.2844188228393674	0.1260960300000000	0.0958771400000000
226	4.01982	2.2858437393687185	0.1614722200000000	0.0670830650000000
2320	4.31623	2.2706795182310962	0.1347382400000000	0.0761814450000000
2324	4.25323	2.2803787479691251	0.1566820500000000	0.0557414800000000
2326	4.01220	2.2823951877322872	0.1641705250000000	0.1717778400000000
2332	5.57607	2.2557708723474605	0.1729810500000000	0.0394910800000000
2334	8.07432	2.2453662843066646	0.1557628200000000	0.0998820350000000
2336	5.06049	2.2697011068969970	0.1717902900000000	0.1279308750000000
2338	10.11930	2.2206887902405019	0.1473378400000000	0.0888113200000000
2340	4.16587	2.2714918601568073	0.1323110300000000	0.0827058850000000
2342	4.70859	2.2711873497751469	0.1224896250000000	0.0801736350000000
2344	4.30697	2.2800727786786736	0.1735856600000000	0.1135219300000000
2346	4.89999	2.2681562392863648	0.1084474700000000	0.0829529900000000
2352	4.02994	2.2864546302632704	0.1244425000000000	0.0683020800000000
2354	4.01158	2.2924099343988869	0.1550917000000000	0.0732682200000000
2358	4.05500	2.2942830325448011	0.1457993250000000	0.0996304550000000
2362	4.92326	2.2697160182307323	0.1381066500000000	0.1156830700000000
2364	4.35580	2.2769679602679052	0.1442319500000000	0.1428528600000000
2368	3.99999	2.2793021802877584	0.1108574500000000	0.0876620700000000
2370	12.34250	2.2359893169922263	0.1603116900000000	0.1119528250000000
2372	4.90161	2.2664749159130650	0.1577775400000000	0.1083922300000000
2380	4.45364	2.2575813081053404	0.1040425350000000	0.0827742600000000
2382	4.59106	2.2715924925346282	0.1063324300000000	0.1134644850000000
2384	7.24841	2.2485608894337554	0.1387842700000000	0.0940508650000000
2386	4.80803	2.2605744736403182	0.1540880600000000	0.1116453250000000
2388	5.51822	2.2599826864581241	0.1528122550000000	0.0716609450000000
2390	4.94079	2.2716159799000533	0.1561775200000000	0.0786404350000000
2392	4.41901	2.2849598969879712	0.1285537050000000	0.0539275700000000
2394	7.50984	2.2697700874220779	0.1705051200000000	0.1554997900000000
2395	7.50984	2.2965989596623189	0.2277143000000000	0.1047389550000000
2396	4.08572	2.2895820674626965	0.1596311600000000	0.1133427100000000
2398	4.74527	2.2737413677303109	0.1288839850000000	0.0925841950000000
232	12.26340	2.2144122038048080	0.1214972400000000	0.0910235500000000
234	5.78232	2.2590059681166186	0.1314342800000000	0.1063691500000000
236	4.33431	2.2839072838543930	0.1515721450000000	0.1091123700000000
238	5.61069	2.2617025309386611	0.1434127350000000	0.0859551600000000
16	5.98005	2.2676921650339432	0.1344869000000000	0.1374282200000000
20	5.62748	2.2479930325164830	0.1450955350000000	0.1367533050000000
22	4.99103	2.2704940655271928	0.1511696000000000	0.1209861850000000
2400	7.88262	2.2487962670295878	0.1621285000000000	0.1362319400000000
2402	4.08570	2.2847078067580857	0.1472086100000000	0.1175352200000000
2404	4.06501	2.2793990305323715	0.1475668600000000	0.1155643050000000
2412	4.49850	2.2856110722048650	0.1710556200000000	0.0639758400000000
2414	4.04883	2.2876556224218980	0.1539107200000000	0.0940673550000000
2416	4.54257	2.2774533884024191	0.1409399300000000	0.1095208900000000
2422	9.15709	2.2383361375589259	0.1430363400000000	0.0994153700000000
2426	4.85214	2.2702726107390681	0.1267971950000000	0.1082509550000000
2428	5.56826	2.2573849445156138	0.1435563750000000	0.1340069900000000
2430	4.10002	2.2906016483874954	0.1466394950000000	0.0705385800000000
2432	5.48099	2.2649915711594248	0.1576288050000000	0.1076664500000000
2438	4.25976	2.2794836934572897	0.1507222800000000	0.0677002350000000
2440	5.95377	2.2590303875273223	0.1316788450000000	0.0845775400000000
2442	7.23954	2.2508467245698855	0.1512501100000000	0.0976674200000000
2444	4.28977	2.2708050477210850	0.1370173000000000	0.0951540850000000
2446	5.77132	2.2563578241549500	0.1421116000000000	0.0972142950000000
2448	5.66994	2.2548383902460181	0.1853103050000000	0.0580629650000000
2450	10.92920	2.2360577080280382	0.1410774250000000	0.1318828050000000
2452	4.65062	2.2772986652011245	0.1684357000000000	0.1130571200000000
2454	6.76463	2.2548667014980097	0.1511918850000000	0.1406617550000000
2456	4.98975	2.2657665601495935	0.1309006900000000	0.0779484650000000
2458	4.14186	2.2932915574447650	0.1456038400000000	0.0795749450000000
2460	5.78045	2.2576939193939407	0.1174319550000000	0.0790949250000000
2462	5.94902	2.2632134955651892	0.1448407600000000	0.1166632450000000
2464	4.42413	2.2714088096794209	0.1541725100000000	0.0784931250000000
2470	5.46645	2.2653636813853777	0.1369422400000000	0.0918560350000000
2472	5.58451	2.2563092681563162	0.1523772800000000	0.1040438350000000
2478	5.55707	2.2645254915233517	0.1038744950000000	0.0669444500000000
240	5.50983	2.2554808228719083	0.1300912250000000	0.0805422350000000
242	5.45059	2.2518088047567972	0.1285206800000000	0.1177410900000000
244	4.24928	2.2726536165497255	0.1684465100000000	0.0876730800000000
246	4.35462	2.2590508238865072	0.1121566150000000	0.0715353350000000
2480	5.62859	2.2539717274523929	0.1424233950000000	0.1116353100000000
2482	4.28059	2.2605292429923360	0.1414714050000000	0.1319880000000000
2484	5.95322	2.2617070424644199	0.1451463900000000	0.1106513200000000
2486	6.79841	2.2427118721286505	0.1421526750000000	0.1012022650000000
2488	5.46554	2.2619799507536062	0.1352008200000000	0.0458007000000000
2490	4.49999	2.2781454652631155	0.1362499400000000	0.0542464750000000
2494	4.25000	2.2843266629017789	0.1449710300000000	0.1125373750000000
2498	4.34841	2.2688528612864287	0.1386309800000000	0.0677370400000000
2502	8.62901	2.2415193918248044	0.1417872300000000	0.1093944800000000
2504	10.74330	2.2325533267631763	0.1237837200000000	0.0813817650000000
2510	6.05950	2.2580712449918412	0.1300682700000000	0.1211493950000000
2512	5.28933	2.2594275170390579	0.1428558550000000	0.0672335900000000
2516	4.26802	2.2869895438747765	0.1470140150000000	0.0909757950000000
2518	5.13055	2.2632180248018590	0.1270760250000000	0.0337300750000000
2522	6.40295	2.2598213986192315	0.1337260150000000	0.0987281900000000
2526	14.64260	2.2188029635330406	0.1285777250000000	0.1124502100000000
2532	4.14002	2.2616556680177005	0.1346156850000000	0.0976065450000000
2534	4.80702	2.2686630992888124	0.1694247600000000	0.1123226300000000
2536	4.76015	2.2627630004288219	0.1732392650000000	0.1191964050000000
2538	6.04764	2.2546936501352133	0.1105773200000000	0.0962317150000000
2542	5.83197	2.2484004410006362	0.1382677400000000	0.1628094350000000
2546	4.96316	2.2595171295039562	0.1028586650000000	0.0676539450000000
2550	5.43885	2.2588180879481730	0.1647494800000000	0.1394502650000000
2554	5.93308	2.2558449527364761	0.2541294000000000	0.0434977550000000
2555	5.93308	2.1383116919245189	0.0974192550000000	0.0529363450000000
2556	4.15730	2.2875198295193271	0.1358170300000000	0.0943173800000000
248	4.31335	2.2771237429192444	0.1307307850000000	0.0987226800000000
250	6.62067	2.2444453132153406	0.1354963100000000	0.0810692250000000
252	4.55085	2.2740708531292708	0.1667407100000000	0.1136877950000000
2562	5.04993	2.2645626405092907	0.1149768250000000	0.0702920250000000
2564	4.49000	2.2401270054889681	0.1066046600000000	0.0930483850000000
2566	5.95871	2.2650048352860432	0.1441932800000000	0.0960250100000000
2570	4.20187	2.2806984463974760	0.1342640450000000	0.0790004100000000
2572	5.68831	2.2628313303239445	0.1455918850000000	0.0789094550000000
2580	5.55984	2.2641552679862507	0.1745050150000000	0.1002747900000000
2588	4.63899	2.2721499176509417	0.1487659300000000	0.1010380150000000
2590	4.11994	2.2841256415349362	0.1173282900000000	0.0451108950000000
2592	4.07504	2.2863669919111600	0.1345440550000000	0.0979190350000000
2594	5.96073	2.2532555918589625	0.1003273450000000	0.0643399850000000
2597	23.17250	2.1991107161582648	0.1748911500000000	0.0462902050000000
2598	7.49862	2.2505665711772966	0.1339859250000000	0.0856046750000000
2602	4.29987	2.2903630647257134	0.1447068200000000	0.1087197600000000
2604	10.60660	2.2258943751557494	0.1595756900000000	0.0908953050000000
2606	4.23221	2.2700600760858012	0.1437109950000000	0.1290651750000000
2608	6.26069	2.2481781092766853	0.1199654900000000	0.0489374450000000
2614	4.81994	2.2673132531560842	0.1369624100000000	0.0870220250000000
2616	4.26804	2.2750503144047065	0.1460860200000000	0.0831704500000000
2622	4.51028	2.2737596570314276	0.1195281050000000	0.0649056850000000
2624	4.50770	2.2801779457330156	0.1553448550000000	0.0458323900000000
2626	4.33115	2.2868505542082076	0.2020929650000000	0.1011542000000000
2628	4.61964	2.2749849432809799	0.1384531100000000	0.0453335200000000
2630	4.97066	2.2699341625997826	0.1182210500000000	0.0580055750000000
2632	6.25048	2.2532925021806656	0.1320917950000000	0.0867568650000000
2634	4.39901	2.2647671740091098	0.1055281300000000	0.1116328800000000
2636	5.13421	2.2741648001456576	0.1799026700000000	0.0840566600000000
2638	7.14109	2.2452044218426011	0.1410058750000000	0.0811624550000000
260	4.96843	2.3971683840739342	0.2775965400000000	0.1294590200000000
2640	4.25273	2.2696251869493489	0.1532097050000000	0.0944374250000000
2646	4.56044	2.2715997216519961	0.1127037600000000	0.0853387950000000
2648	4.30162	2.2716166241308229	0.1331191500000000	0.1311010900000000
2650	6.40168	2.2488520088824639	0.1667399450000000	0.0947955850000000
2652	7.80242	2.2293540022321587	0.1228365500000000	0.1053885350000000
2654	7.23947	2.2549072586251526	0.1462718550000000	0.0796022850000000
2656	7.37276	2.2363167664036436	0.1162987000000000	0.0934393300000000
2658	4.10350	2.2874426653424376	0.1501432700000000	0.1330233300000000
2662	5.21238	2.2663110508347302	0.1317791000000000	0.0516111450000000
2666	4.94037	2.2749071986729543	0.1266727950000000	0.1027349600000000
2668	5.32015	2.2732672170761972	0.1377506100000000	0.1115371800000000
2670	7.96881	2.2426318990065628	0.1341396300000000	0.0912000300000000
2672	5.42989	2.2496443577207095	0.1586561350000000	0.1215452950000000
2674	6.18038	2.2590623069047124	0.1288131150000000	0.0835673200000000
2678	4.67021	2.2732759630897705	0.1885799950000000	0.0955204900000000
2682	11.59270	2.2319190685055417	0.1566844300000000	0.1092406100000000
2684	4.85792	2.2760547672692910	0.1753544150000000	0.0777328250000000
2687	8.91157	2.1753443105818020	0.1527014250000000	0.0777098350000000
2688	11.84740	2.2395370744196774	0.1417886650000000	0.1072981350000000
2690	4.02890	2.2764193240040673	0.1781453900000000	0.1156019300000000
2692	4.24923	2.2866339291253661	0.1390538950000000	0.0529870000000000
2698	4.00000	2.2673867427337400	0.1051944750000000	0.1162464650000000
2700	4.00689	2.2933162795703463	0.1431316050000000	0.0872061200000000
2702	4.83927	2.2613908953891926	0.1446591750000000	0.1256043150000000
2706	5.48782	2.2462702946524287	0.0873879350000000	0.0652759850000000
2708	4.72899	2.2750614731200760	0.1512367200000000	0.1281479200000000
2710	5.00004	2.2582808933817327	0.1218525550000000	0.0981301250000000
2714	9.24012	2.2368045810072665	0.1464116400000000	0.1035648800000000
264	5.25325	2.2712123666649866	0.1650281800000000	0.1033461800000000
266	4.65214	2.2726924617406876	0.0881309650000000	0.0868005700000000
270	6.35340	2.2486555242644357	0.1410900500000000	0.0851648050000000
2720	6.09093	2.2550200584807558	0.1810252250000000	0.0745430150000000
2722	4.12514	2.3066706347324275	0.2117404400000000	0.0827528150000000
2724	9.23853	2.2340539553224170	0.0776594950000000	0.0584741050000000
2726	4.60106	2.3020502182999110	0.1967227650000000	0.1324536550000000
2730	4.92034	2.2673226098312060	0.1432959000000000	0.0770650850000000
2734	8.35854	2.2369785760665888	0.1325086200000000	0.1011115250000000
2736	4.05690	2.3674341836011505	0.2277643200000000	0.1139418350000000
2738	4.49996	2.2815222624457587	0.1365384200000000	0.0717635650000000
2740	6.40598	2.2586561934342440	0.1428602200000000	0.0755683650000000
2742	4.18392	2.2901903424586729	0.1846250550000000	0.0829354950000000
2744	4.14386	2.2761633879150240	0.1177362150000000	0.0798068600000000
2746	4.16699	2.2795461514936406	0.1567258850000000	0.1066027950000000
2749	8.05054	2.1545932906066017	0.0989318300000000	0.0661499400000000
2750	4.46992	2.2816780926285927	0.1365317200000000	0.0927419400000000
2756	4.18461	2.2782281096129862	0.1177966050000000	0.0932008200000000
2758	7.11963	2.2493931112186898	0.1432988450000000	0.0759348950000000
2760	5.01788	2.2690933197934791	0.1256930350000000	0.1059657850000000
2762	4.62710	2.2706372644212935	0.1147590150000000	0.1146152700000000
2768	4.40001	2.2677181038002812	0.1458180950000000	0.0965856100000000
2774	4.96965	2.2663576672765715	0.1282155600000000	0.0872103900000000
2780	6.99973	2.2408777639298925	0.1566671200000000	0.1302204200000000
2784	4.28057	2.2718112975150042	0.1028468450000000	0.1254983800000000
2786	4.73897	2.2650204115944379	0.1277798900000000	0.0738341600000000
2788	5.18812	2.2699066282551605	0.1595371050000000	0.1106228400000000
2790	4.99142	2.2619456557787627	0.1361764900000000	0.1214983000000000
2792	4.82661	2.2948060213372394	0.1278579150000000	0.1528962600000000
2794	4.66571	2.2776026820925801	0.1340819800000000	0.0745803350000000
2798	5.64999	2.2577678993683814	0.1236287050000000	0.1163262450000000
272	4.72232	2.2767569746300649	0.1609225500000000	0.0640523000000000
274	4.71760	2.2607395866840299	0.1279699450000000	0.0951653100000000
276	4.17418	2.2636292806435980	0.0771457750000000	0.0521416550000000
278	4.44217	2.2677252440160887	0.1223702600000000	0.0682040350000000
2800	6.88302	2.2513864680455598	0.1385051750000000	0.1129965400000000
2802	4.66222	2.2725789239691809	0.1461359200000000	0.0734453100000000
2804	4.88168	2.2680761431950347	0.1683895300000000	0.0865183000000000
2808	5.87316	2.2661606284050246	0.1468365950000000	0.0856893450000000
2810	4.39874	2.2856559885044905	0.1462063400000000	0.0593828500000000
2812	5.23815	2.3252866775639700	0.2178015500000000	0.0534891550000000
2814	5.57099	2.2636604025705749	0.1055998200000000	0.1029402900000000
2816	4.08318	2.2834726304049275	0.1311295050000000	0.0686040500000000
2818	7.18112	2.2339051462113222	0.1277670800000000	0.0749324600000000
2820	6.06766	2.2598957805261337	0.1318287350000000	0.1166739050000000
2822	4.01000	2.2778744249506491	0.1614947750000000	0.1040169000000000
2824	4.61980	2.2816829206220648	0.1357980150000000	0.1127797900000000
2826	6.46623	2.2528059139563101	0.1146679300000000	0.0714384950000000
2828	5.17079	2.2599617899502182	0.1448429850000000	0.0902078100000000
2832	4.47691	2.2853128898800099	0.2017240450000000	0.0825361300000000
2836	4.67993	2.2266842447002100	0.1134916000000000	0.0914069350000000
2838	6.50823	2.2558206116918522	0.1920096600000000	0.1134864900000000
2842	4.57021	2.2823531235821086	0.1506625300000000	0.1043759700000000
2844	4.76573	2.2750381747639978	0.1336330200000000	0.1361177650000000
2846	7.11878	2.2504955527325494	0.1717744950000000	0.0786648250000000
2848	7.04899	2.2523583060295400	0.1364765650000000	0.0806690550000000
2850	4.29009	2.2842278908881029	0.1539020000000000	0.0702912700000000
2856	4.26809	2.2756264039210374	0.1101047700000000	0.0622428500000000
2858	4.35001	2.2733755999339236	0.1230825650000000	0.0764128600000000
2862	6.50001	2.2547223437218888	0.1537843550000000	0.0550676800000000
2864	5.26656	2.2659653237074027	0.0980909100000000	0.0611971400000000
2866	9.63891	2.2197187919012062	0.1110166050000000	0.0799276100000000
2870	4.50002	2.2831209707067517	0.1487180500000000	0.0824171250000000
2872	9.30238	2.2377963910817797	0.1357178600000000	0.1062835150000000
2874	4.70978	2.2452122484821082	0.1985545550000000	0.1317556500000000
2876	4.47483	2.2622257991147827	0.1425550950000000	0.1058330700000000
280	4.40855	2.2518942960757444	0.1299922450000000	0.0836633050000000
282	8.46518	2.2371254501772433	0.1154923800000000	0.0948934000000000
286	6.38959	2.2592808831210474	0.1197964950000000	0.0902865500000000
2880	4.50001	2.2862770647025386	0.1462142450000000	0.0702234850000000
2882	5.59937	2.2548281417620157	0.1375096300000000	0.0952865450000000
2884	4.43812	2.2562948464973149	0.1364198800000000	0.0811323200000000
2888	6.52649	2.2554460643182530	0.1873584250000001	0.1150443650000000
2890	4.04346	2.2823019495870329	0.1078172500000000	0.0921718000000000
2892	5.17000	2.2588727023358106	0.1263672950000000	0.1155458300000000
2894	4.59563	2.2774260767634593	0.1286997850000000	0.1097125550000000
2896	6.65399	2.2506835894291104	0.1236554800000000	0.0789119200000000
2900	4.42397	2.2812887793395302	0.1887711950000000	0.0890608100000000
2902	4.68997	2.2730177505527442	0.1244979350000000	0.1079364700000000
2912	9.19568	2.2458072828906088	0.1514111600000000	0.0982967150000000
2916	4.69994	2.2674013366688173	0.1434672900000000	0.0743815600000000
2920	5.91350	2.2610744746485718	0.1339457900000000	0.0791315300000000
2922	4.44081	2.2834323393775300	0.1385712550000000	0.1221025450000000
2924	4.26997	2.2780818593298084	0.1641205350000000	0.0697878400000000
2926	4.72330	2.2665673421673076	0.1238126200000000	0.0819043650000000
2928	5.95016	2.2550493695906191	0.1679092250000000	0.0747214800000000
2932	4.04891	2.2915837377233386	0.1415285750000000	0.1013388250000000
2934	4.17539	2.2740739077414229	0.1397017600000000	0.0882079100000000
2940	4.15092	2.2357599562934163	0.1808928200000000	0.0927746900000000
2942	4.72946	2.2795317340785850	0.1257691950000000	0.0721844100000000
2944	5.12695	2.2552568236852037	0.0837044900000000	0.0674994900000000
2946	8.35572	2.2360542305033499	0.1495203100000000	0.0908144150000000
2950	6.40363	2.2520626449693668	0.1475838200000000	0.0856933150000000
2952	7.48225	2.2470059350611820	0.1357303650000000	0.1021651900000000
2954	9.01194	2.2360822045715980	0.1538649150000000	0.0952474550000000
2956	4.92169	2.2778815597547322	0.1798153300000000	0.1805011350000000
2958	4.00000	2.2686109893344044	0.1350375950000000	0.0509752350000000
290	4.56983	2.2586015040891256	0.1256969500000000	0.1102229500000000
292	4.74063	2.2679132419919035	0.1063260650000000	0.0592780500000000
2962	7.04486	2.2504916611860462	0.1693080850000000	0.1154235950000000
2968	4.49799	2.2892036973479253	0.1464847850000000	0.0926663350000000
2970	10.13270	2.2399153612961826	0.1698252950000000	0.0808694250000000
2973	7.88851	2.2823608504762496	0.2500383750000000	0.1315702800000000
2974	9.21944	2.2369105179482802	0.1475652400000000	0.0921415000000000
2976	4.41979	2.2862597050981681	0.1593297750000000	0.1200199350000000
2978	5.88975	2.2492348435981904	0.1098847800000000	0.0907514000000000
2980	4.14296	2.2783799161625646	0.1377922100000000	0.0971926600000000
2982	12.90590	2.2125861848128339	0.0920184300000000	0.1093997500000000
2984	4.93568	2.2655595856208897	0.1197919900000000	0.0702051300000000
2986	4.49291	2.2789211906557929	0.0984100050000000	0.1206302150000000
2988	5.13341	2.3751961378541657	0.3077097000000000	0.1069775150000000
2990	4.25226	2.2168804345201680	0.1789276650000000	0.0601296200000000
2994	14.96590	2.2246525499607537	0.1527376400000000	0.1086701150000000
3000	8.19245	2.2389424105014171	0.1691711850000000	0.0898549350000000
3002	9.68277	2.2359010427569328	0.1429367300000000	0.0999943050000000
3006	9.66154	2.2331965269318292	0.1391774600000000	0.0994603000000000
3012	4.27623	2.2915547806600212	0.1213232950000000	0.1046253100000000
3016	5.21969	2.3680705012864567	0.2272489400000000	0.0843823650000000
3018	5.26619	2.2670252714276793	0.1519181650000000	0.0986994650000000
3020	5.59896	2.2657377564123409	0.1193527950000000	0.1056917200000000
3021	5.59896	2.1632474994722157	0.1781461750000000	0.0761715250000000
3024	8.44299	2.2408726189445920	0.1518211700000000	0.1174102950000000
3026	10.30760	2.2367450292176323	0.1539034750000000	0.1094471300000000
3028	5.95873	2.2546006385993298	0.1331109750000000	0.0755337750000000
3030	8.95530	2.2396058163715358	0.1487678850000000	0.0590883250000000
3032	4.59982	2.2681179016284174	0.1268013900000000	0.0779178550000000
3034	4.74703	2.2726024789949082	0.1441328250000000	0.0670619800000000
3038	10.91730	2.2327402559587561	0.1282374900000000	0.0808664950000000
298	5.72922	2.2595852659569156	0.1210033500000000	0.0683618150000000
300	4.48033	2.2783750543461041	0.1570071150000000	0.0894918050000000
302	9.30426	2.2399397068515832	0.1467294850000000	0.0984600750000000
3040	4.47175	2.2802754563140319	0.1577335200000000	0.1007407200000000
3042	5.28955	2.2561722521574761	0.2098103200000000	0.0659476800000000
3046	4.45076	2.2867134380372294	0.1343617700000000	0.0623306200000000
3048	4.95637	2.2693734351824113	0.1164685800000000	0.0905945100000000
3050	6.73115	2.2540764188302234	0.1265807050000000	0.0804584750000000
3052	4.24874	2.2779371914431539	0.1347812700000000	0.1186235400000000
3058	5.59479	2.2590384566800865	0.1334089900000000	0.0923446800000000
3062	4.57984	2.2822361323654961	0.1417007200000000	0.0786402750000000
3064	4.72266	2.2783729369314645	0.1451769400000000	0.1000812300000000
3068	4.07954	2.2752376045001759	0.1017837000000000	0.0737994550000000
3070	5.25119	2.2326379848460576	0.1994945150000000	0.0590655400000000
3072	6.56144	2.2553832340960382	0.1661997600000000	0.0556090600000000
3078	4.22833	2.2927748885547161	0.1786024100000000	0.0884686600000000
3080	5.71492	2.2659598002651786	0.1439205800000000	0.0969872500000000
3084	4.92164	2.2740788865488599	0.1147065200000000	0.0825453150000000
3088	6.05933	2.2608328011803884	0.1589832950000000	0.0665432300000000
3090	11.04760	2.2021763249476978	0.1141625100000000	0.1192557350000000
3092	9.08518	2.2366447204427429	0.1156875300000000	0.0819398950000000
3096	7.97027	2.2464583996755869	0.1943953850000000	0.0903995700000000
3098	4.38017	2.2787289020170798	0.1458982450000000	0.0701814600000000
3104	4.34008	2.2767586203510315	0.1297656000000000	0.0682469850000000
3110	13.23870	2.2266660257811774	0.1428518450000000	0.0938805100000000
3112	4.78521	2.2589399188855315	0.1185306250000000	0.0589737150000000
3114	4.29999	2.2813407696945398	0.1328624250000000	0.0889208650000000
3116	4.66860	2.2773281003153532	0.1440845250000000	0.0744835500000000
3118	6.78583	2.2605966029595543	0.1467008100000000	0.0579448900000000
304	4.35666	2.2786151869049069	0.1240129450000000	0.0935072700000000
310	11.78130	2.2311537355747912	0.1491769100000000	0.1117856200000000
3120	5.42970	2.2556014291526143	0.1212352800000000	0.0921496100000000
3124	4.41995	2.2714816542419407	0.1269951050000000	0.0903798600000000
3128	4.06100	2.2965571351389631	0.1701997500000000	0.1099458300000000
3130	5.00992	2.2707373029047084	0.1386691850000000	0.0688672200000000
3132	13.21360	2.2216549769875074	0.1425725250000000	0.0878801300000000
3138	4.94001	2.2702358028400864	0.1441601550000000	0.0792360300000000
3144	4.11924	2.2747959691216861	0.1907526350000000	0.1154421750000000
3146	7.78009	2.2425118195179610	0.1188620700000000	0.0622722550000000
3148	4.41958	2.2863971230437672	0.1503017550000000	0.0552999600000000
3152	4.75031	2.2618621412409725	0.1245919450000000	0.0737782450000000
3154	6.13193	2.2511851296541332	0.1545568750000000	0.1334294350000000
3160	4.38829	2.2791850943641521	0.1351511500000000	0.0849867550000000
3162	4.47027	2.2724783544375047	0.1808350050000000	0.0415489900000000
3164	5.20138	2.2638653113950760	0.1334181650000000	0.1079996900000000
3166	4.20967	2.2848670560979274	0.1369167150000000	0.1075076750000000
3168	4.81774	2.2709332683076857	0.1255740200000000	0.0876759800000000
3170	4.60942	2.2791043551524841	0.1412218700000000	0.1198408050000000
3172	4.35084	2.2776571401018106	0.1301272100000000	0.0902019750000000
3174	5.11026	2.2730008874665231	0.1823179850000000	0.1241797400000000
3176	4.34000	2.2731233033663312	0.1467062400000000	0.0916331650000000
3180	4.29221	2.2800449531928062	0.1399091050000000	0.0701866250000000
3182	5.62373	2.2669199934226438	0.1300306750000000	0.0429792200000000
3184	6.99027	2.2482920087453779	0.1398684300000000	0.1091115900000000
3186	5.89004	2.2345120799034088	0.2186050550000000	0.1000337600000000
3190	4.31221	2.2823359838407469	0.1487662250000000	0.1262246450000000
3192	5.32008	2.2650698321917382	0.1320359750000000	0.0932454300000000
3194	4.17145	2.2776932764389382	0.1682935500000000	0.1283320950000000
312	6.42442	2.2593322689374156	0.1254719700000000	0.1067267500000000
315	5.20148	2.1596897840915599	0.2468942050000000	0.3966669650000000
316	8.45468	2.2360820436527500	0.1304542950000000	0.0733996400000000
318	4.10089	2.4180821866658930	0.2638756450000000	0.1453301800000000
24	6.39008	2.2499097116771400	0.1392588850000000	0.0933136800000000
26	6.09737	2.2551806418122182	0.1599487900000000	0.1065303850000000
28	5.95941	2.2514193301104086	0.1283954350000000	0.0904913750000000
30	4.08821	2.2847006938523484	0.1156277050000000	0.1110600600000000
320	11.69890	2.2334657228046924	0.1507006200000000	0.0708197400000000
322	4.72290	2.2709319767565681	0.1397765300000000	0.0915369500000000
324	5.87348	2.2479009666253429	0.1424079950000000	0.0884701400000000
326	6.53933	2.2560050242905207	0.1735063950000000	0.0929719550000000
328	6.99964	2.2520537033978161	0.1626958700000000	0.1031678250000000
330	4.00913	2.2875191877372005	0.1352315300000000	0.1282722800000000
332	5.18578	2.2697558353940841	0.1404236300000000	0.0511761050000000
334	4.27849	2.2822709587918135	0.1405325850000000	0.0820292850000000
336	4.86590	2.2699697743198617	0.1646675900000000	0.1158478100000000
338	4.59223	2.2862581030030693	0.1532933200000000	0.1006005650000000
340	7.84714	2.2432616678771407	0.1635629650000000	0.1339441650000000
342	5.06002	2.2667273658544627	0.1454958000000000	0.0840118600000000
344	5.97000	2.2354478350931255	0.1161173900000000	0.1175237450000000
354	12.23160	2.2391623865970676	0.1444524000000000	0.0581795750000000
356	5.38920	2.2684059160586112	0.1390979550000000	0.1159469100000000
358	6.98731	2.3136175261759444	0.1947285850000000	0.1317230700000000
362	4.48027	2.2785914082352270	0.1301458000000000	0.1071892250000000
364	5.02670	2.2655465180177576	0.1226771400000000	0.0766845050000000
366	4.28634	2.2706642378849042	0.1417044150000000	0.0957807500000000
368	4.57993	2.4102362172350329	0.2333196900000000	0.1019066500000000
372	4.99183	2.2726957741897436	0.1868254150000000	0.0777036500000000
374	7.54955	2.2501414524634020	0.1617066200000000	0.1126994450000000
376	4.88651	2.2769874680896391	0.0964430550000000	0.0810990750000000
378	8.36841	2.2416736870465970	0.1700884750000000	0.0910989900000000
380	5.25044	2.2676078986857204	0.1288410100000000	0.0493464950000000
382	5.55295	2.3903017546787115	0.2486125000000000	0.1475311500000000
386	8.63574	2.2443696787908380	0.1376060300000000	0.0868627700000000
388	5.01801	2.2663312017547352	0.1339774400000000	0.0898504900000000
390	4.07706	2.2886892664722565	0.1494174150000000	0.0775353350000000
392	4.76010	2.2685426536098476	0.1205224450000000	0.1203464950000000
394	4.96945	2.2740759394336778	0.1077251550000000	0.0836157950000000
396	5.97077	2.2625228687655148	0.1570569650000000	0.1217279800000000
34	4.59597	2.2747664074922227	0.1755658800000000	0.0909879750000000
36	11.42750	2.2268715963655352	0.1503398500000000	0.1396710450000000
38	7.71594	2.2482779471670500	0.1361769650000000	0.0604868850000000
400	13.25910	2.2280330667987100	0.1481372550000000	0.1036960350000000
404	5.17820	2.3476811446254180	0.2613628099999999	0.1166998000000000
408	4.83876	2.2686903441109303	0.1285519850000000	0.0993659850000000
416	19.16470	2.2178076545191012	0.1565562150000000	0.0978527500000000
418	4.62812	2.2650556064780583	0.1463289150000000	0.1420514500000000
420	10.91070	2.2336368284950106	0.1592801850000000	0.0978372900000000
422	4.49919	2.2778951443833435	0.1860997300000000	0.1136372750000000
424	4.41018	2.2848138904510775	0.1738523550000000	0.1217026800000000
426	4.14775	2.3362432266488158	0.1903789500000000	0.1335709000000000
428	4.01005	2.2904898651715468	0.1293957850000000	0.0600811650000000
432	12.00770	2.2311376268262175	0.1453568600000000	0.1160656100000000
440	4.69001	2.2583333502443459	0.1327847600000000	0.1090549550000000
444	4.01200	2.2782175029901426	0.1620650700000000	0.1060941300000000
446	3.99999	2.2832508537313747	0.1102392850000000	0.0805072250000000
448	4.38024	2.2727692968685935	0.1671791400000000	0.0997736150000000
450	10.69890	2.2273120356254053	0.1104623400000000	0.0837229500000000
452	5.10067	2.2683073031272381	0.1540709450000000	0.1044188850000000
454	5.28648	2.2728590818946093	0.1532080800000000	0.0399802350000000
456	7.52274	2.2511700168553537	0.1454823250000000	0.0963130400000000
458	5.24962	2.2502770174583175	0.1564239250000000	0.0518709600000000
460	4.80720	2.2725658382250780	0.1395143700000000	0.0921024600000000
462	5.32730	2.3289767007962858	0.2078354550000000	0.1464773750000000
464	4.45389	2.2360728097505982	0.1679955900000000	0.0969702650000000
466	5.10844	2.2732727320883725	0.1672510000000000	0.1038188750000000
468	4.35962	2.3156652497981667	0.1902417400000000	0.1259057550000000
470	4.69002	2.2724435504023774	0.1255764450000000	0.0770696850000000
472	5.52889	2.2626573606485048	0.1241099750000000	0.0657355200000000
474	5.01269	2.2697585562183038	0.1669246100000000	0.1059063050000000
476	4.28973	2.2631381629803955	0.1194572550000000	0.0925701750000000
40	4.72137	2.2734572766342205	0.1411410600000000	0.1163521900000000
42	5.30174	2.2625420976323212	0.1625925650000000	0.0745269100000000
46	4.86181	2.2725338332118028	0.1623293000000000	0.1036362100000000
480	9.18256	2.2359247170054917	0.1029983600000000	0.0778783750000000
484	4.84521	2.2747721330502846	0.1770685450000000	0.0832571050000000
486	5.16271	2.2679420209841421	0.1568282650000000	0.1242844950000000
488	6.47736	2.2561900831189092	0.1355509800000000	0.0949236350000000
492	4.09257	2.2612752526742246	0.1407946000000000	0.0360364600000000
494	8.00877	2.2445876960909046	0.1437174850000000	0.1090803250000000
500	9.56550	2.2391468769037282	0.1364473250000000	0.0774655950000000
502	4.17605	2.2731266847216247	0.1357829400000000	0.0809348700000000
506	4.44068	2.2426241884475075	0.2010363550000000	0.1043523750000000
512	4.50597	2.2762451896521925	0.1308289800000000	0.1096858450000000
514	5.80851	2.2581238840842239	0.1231662200000000	0.0814406450000000
516	5.57690	2.2660913894952590	0.1557156850000000	0.1149516650000000
520	4.83509	2.2650624757271336	0.1453243600000000	0.1197887200000000
522	4.93996	2.2746576484806296	0.1655928550000000	0.0931639850000000
524	5.93792	2.2625491375766651	0.1629366000000000	0.0509100300000000
528	5.22447	2.2623412206614124	0.1385198450000000	0.1232421800000000
530	7.65335	2.2450486217013177	0.1451898350000000	0.1009031800000000
532	4.49980	2.2822471847769044	0.1735937800000000	0.1053392450000000
534	4.17992	2.2781443402746167	0.1196161400000000	0.0678221900000000
544	8.30517	2.2840202183776670	0.1925768750000000	0.1183562300000000
546	4.66661	2.2681878609821506	0.1396243850000000	0.0939751550000000
548	4.13510	2.2817159277845982	0.1099449250000000	0.1099241550000000
550	5.97092	2.2578748368412715	0.1050642750000000	0.0719108700000000
554	4.87395	2.2664056220431918	0.1100756700000000	0.0688665750000000
556	5.28839	2.2595673072776488	0.1231507300000000	0.1038231300000000
50	4.65639	2.2512343822069774	0.1258490800000000	0.0950279000000000
52	16.74470	2.2177496665705489	0.1364841350000000	0.0436789050000000
560	6.12474	2.2553611967714229	0.1079780350000000	0.1435928500000000
562	5.92542	2.2451713879519519	0.1026783200000000	0.0823089050000000
564	5.28955	2.2655497314443274	0.1482458100000000	0.0960402200000000
568	5.29829	2.3309912897386105	0.2209309950000000	0.1244719600000000
570	13.32050	2.2290277303098067	0.1390748950000000	0.0905236550000000
572	8.19246	2.2391979508833866	0.1494879050000000	0.0569831400000000
574	5.42940	2.2625968776097896	0.1698841900000000	0.0780475800000000
576	5.51229	2.2587127010112811	0.1207453300000000	0.0763046950000000
578	6.71299	2.2592905586201253	0.1917111200000000	0.0760927300000000
580	7.37675	2.2471517906585463	0.1559866200000000	0.0955430300000000
582	4.27199	2.2709124809385339	0.1337364700000000	0.0983230450000000
588	4.95559	2.2664356149592186	0.1690551150000000	0.0927584800000000
590	10.20320	2.4275578676420624	0.2507705450000000	0.1191323750000000
594	4.59101	2.2784860812418715	0.1597295300000000	0.0974674300000000
598	6.13030	2.2464012894331917	0.1379771050000000	0.1042104950000000
602	4.91992	2.2762126855694373	0.1325568300000000	0.0868396850000000
604	7.96701	2.2343275059624843	0.1286327250000000	0.0758437350000000
606	4.24997	2.4186699167370240	0.2870794150000000	0.1026742450000000
612	15.79580	2.2101297902208170	0.1395605000000000	0.1156539800000000
614	7.96823	2.2438307980063485	0.1279847950000000	0.0641462700000000
616	5.75065	2.2501631566075071	0.1617281450000000	0.0718795700000000
618	5.39051	2.2545079928888105	0.1464941500000000	0.0681954700000000
620	4.99862	2.2711626782412253	0.1935429150000000	0.0620384450000000
622	4.00730	2.2887821016069512	0.1261748650000000	0.1069269650000000
624	5.00235	2.2485004682668635	0.1301307500000000	0.0660646850000000
626	7.71899	2.2476932922336470	0.1561988200000000	0.1303602150000000
628	7.78068	2.2456412395608734	0.1362407300000000	0.1059029750000000
630	7.58673	2.2355211507564543	0.0550962000000000	0.0905712700000000
638	5.39993	2.2693750632117928	0.1122002050000000	0.0513111650000000
56	4.27006	2.2890525826541972	0.1490412150000000	0.0950792300000000
60	4.04813	2.2876121428669385	0.1379732150000000	0.0594025000000000
640	6.60590	2.2609091769714476	0.1903832450000000	0.0926781800000000
642	5.30005	2.2759290232348355	0.1807232400000000	0.1235115800000000
644	4.20982	2.2741847035949836	0.1333198750000000	0.0639611250000000
646	5.04993	2.2677121775551781	0.1301345650000000	0.0740562050000000
648	5.16018	2.2652218630507903	0.1590815500000000	0.1450220350000000
650	5.68948	2.2618975908129766	0.1357892250000000	0.0538564800000000
658	11.91340	2.2346141743997596	0.1575133250000000	0.0913663350000000
660	4.39697	2.2853027682773157	0.1834448400000000	0.0856483000000000
662	4.80723	2.2696779241672758	0.1194170300000000	0.0835480700000000
664	4.25844	2.2686347631930230	0.1459034000000000	0.0573009700000000
666	4.26001	2.2837478969722294	0.1527425050000000	0.0946184850000000
668	6.19983	2.2585090118743452	0.1252184100000000	0.0891609100000000
672	8.53196	2.2962002822757741	0.2040180950000000	0.0943115800000000
674	6.29109	2.3167740682693032	0.2222618050000000	0.0990507700000000
680	5.55312	2.2658847835079028	0.2411445150000000	0.1091491800000000
684	4.81861	2.2688892104937137	0.1117569950000000	0.0835950400000000
686	6.88888	2.2467138489378899	0.1710148600000000	0.0679742500000000
690	8.86501	2.2347439209324742	0.1030583900000000	0.0790872550000000
692	4.72836	2.2793594544381151	0.1563846650000000	0.1140246250000000
696	7.24264	2.2467359275732850	0.1330674100000000	0.0679460000000000
700	6.63621	2.2527785524328525	0.1372585000000000	0.0577603750000000
702	4.01006	2.2734707997097088	0.1392665850000000	0.1663175550000000
706	4.21997	2.2822840404763722	0.1453199450000000	0.0387376450000000
710	4.99021	2.2761407515154954	0.1457693950000000	0.0908267150000000
712	4.16844	2.2971432060471972	0.1485240150000000	0.1050945400000000
714	4.85701	2.2679167744693283	0.1563514350000000	0.0888021400000000
718	4.49795	2.2752877383175893	0.1583307100000000	0.0488820450000000
64	4.05404	2.2841548542303660	0.1333307400000000	0.0777793850000000
66	4.12811	2.2838965080886875	0.1523279700000000	0.1050494350000000
70	4.99201	2.2719629206444600	0.1368208900000000	0.1048760550000000
720	4.86081	2.2779315203676860	0.1421430800000000	0.0925141400000000
722	9.55964	2.2359574301716654	0.1139880500000000	0.0789936600000000
724	5.58146	2.2545619405611230	0.1434951450000000	0.0699335000000000
726	4.48954	2.2656071043456092	0.1878490400000000	0.1063150700000000
728	5.37312	2.2586784517477021	0.1270061300000000	0.1358828550000000
730	4.04598	2.2897828923538017	0.1180446800000000	0.1176874250000000
734	5.81957	2.2619720264558540	0.1245335900000000	0.1138766850000000
738	4.39812	2.3430639713676875	0.1997154250000000	0.1442321950000000
740	5.73561	2.2687667193433509	0.1823417450000000	0.0838816200000000
742	4.34562	2.2683207197082638	0.0939409400000000	0.1058427100000000
746	5.02036	2.2764742410889895	0.1742520250000000	0.0792454450000000
748	10.29080	2.2364514856940607	0.1534318200000000	0.0817170150000000
752	7.13508	2.2508380518441209	0.1576375150000000	0.1440253250000000
754	4.57918	2.2715173202090924	0.1634174400000000	0.1122014500000000
762	4.49133	2.2756470416455143	0.1444741600000000	0.0633037500000000
766	6.03861	2.2616099340419087	0.1319016050000000	0.0761270000000000
768	6.49957	2.2470739369227752	0.1095972700000000	0.0821619250000000
772	4.01021	2.2583607324562758	0.0999540100000000	0.0942861800000000
774	4.84509	2.2641106268358020	0.1362670300000000	0.0957704600000000
776	6.40735	2.2502625470129942	0.1235437150000000	0.0842131850000000
778	6.98751	2.2530700434281559	0.1271876050000000	0.0852411200000000
782	5.28004	2.2650360534201659	0.1779886850000000	0.1334717100000000
784	6.20121	2.2547604522807547	0.1779948600000000	0.0646525150000000
786	6.00964	2.2571061710614839	0.0975471600000000	0.0722240550000000
788	5.78503	2.2522570741419772	0.1197392950000000	0.1006127900000000
792	4.44731	2.2707545783284400	0.1186359300000000	0.1000281000000000
796	5.91367	2.2494754472331895	0.1385407200000000	0.0708276600000000
798	4.83879	2.2658444900513062	0.1211054700000000	0.0605018350000000
72	9.58719	2.2406193938982799	0.1397296100000000	0.0653898900000000
76	4.73062	2.2696467102313584	0.1319761250000000	0.0853568300000000
78	5.98490	2.2504374782991241	0.1268596200000000	0.0847658650000000
