4	4.35645	2.2840363336105165	0.1487717200000000	0.1069530050000000
6	4.69902	2.2809071420596876	0.1206322450000000	0.1050027000000000
802	9.13833	2.2360144529767858	0.1089586600000000	0.0811890450000000
808	4.77777	2.2861260598951696	0.1534427200000000	0.0938674450000000
810	4.50192	2.2906786080366217	0.1462673200000000	0.0683459950000000
812	4.12992	2.2982095954916595	0.1298686050000000	0.1439865650000000
814	5.51014	2.2846942615933088	0.1609883850000000	0.1161951400000000
816	4.70120	2.2706345564047408	0.1313603000000000	0.1168908650000000
822	4.02000	2.3007793702690469	0.1518007400000000	0.0687667650000000
824	5.48187	2.2544226127355187	0.1553035150000000	0.1229494950000000
826	5.02823	2.2721870841395266	0.1486126250000000	0.0985674150000000
828	4.39944	2.2870431624567686	0.1481090850000000	0.1150178850000000
830	4.76516	2.2808026728943629	0.1382164400000000	0.0897945850000000
834	4.69003	2.2803855819617631	0.1395342250000000	0.0462309650000000
836	9.14174	2.2337642280591341	0.1666577950000000	0.1243902800000000
838	11.07470	2.2391271557218753	0.1550925700000000	0.0996238200000000
842	7.66761	2.4057008968359295	0.2514762150000000	0.1565543250000000
844	5.82782	2.2559987509953929	0.1679954100000000	0.1113389250000000
846	4.41559	2.2705489732058042	0.1299102650000000	0.0598375250000000
850	5.91751	2.2559310146944429	0.1620748900000000	0.1067482900000000
856	4.41190	2.2776107161167376	0.1363916200000000	0.0658700000000000
858	4.98057	2.2730569064489501	0.1105996100000000	0.1070794050000000
860	4.86085	2.2673111782395274	0.1259971950000000	0.0926757500000000
862	4.83234	2.2839334844610488	0.1619391200000000	0.0972681250000000
864	4.09047	2.2818382270655113	0.1385991200000000	0.0724489000000000
866	4.16608	2.8859895889875422	0.4063555950000000	0.1111071100000000
872	4.02906	2.2815252861826911	0.1208771750000000	0.0893308000000000
878	4.54933	2.2786861384502988	0.1226946250000000	0.0657047100000000
80	5.11851	2.2629193072018658	0.1447304750000000	0.0602817000000000
82	4.14228	2.2762864013219164	0.1710338850000000	0.1130369750000000
882	4.12996	2.2638382836269701	0.1808425900000000	0.0702433800000000
886	4.24842	2.2895678973526912	0.1649741700000000	0.1015024550000000
888	6.76593	2.2533822891896258	0.1558281200000000	0.0798224500000000
890	4.95505	2.2643458146389612	0.1301806550000000	0.0843539150000000
894	9.01225	2.2431931873532056	0.1206467200000000	0.0888341200000000
896	4.86598	2.2710293287342407	0.1334187400000000	0.0749093550000000
900	4.50584	2.2736975501145120	0.1242016550000000	0.0927381650000000
902	4.70921	2.2747821485269273	0.1408539800000000	0.1262593150000000
904	4.73006	2.2840671401634656	0.1398158050000000	0.0704617350000000
906	7.99125	2.2386113029098063	0.1092744450000000	0.0935533050000000
908	5.04026	2.3274743665958866	0.1978309450000000	0.1091455100000000
910	4.24570	2.2555134767961884	0.1775075700000000	0.0814032300000000
920	4.84378	2.2729193433121346	0.1378862550000000	0.1440147600000000
922	4.80728	2.2940363854194747	0.1873605900000000	0.1314500250000000
932	4.53006	2.2730423254820940	0.1219207700000000	0.0784526650000000
934	4.34599	2.3447640180556832	0.2178690350000000	0.0770778750000000
938	4.13974	2.2888022720736818	0.1603490500000000	0.1099397000000000
940	4.62017	2.2751038406920578	0.2162789600000000	0.0777706050000000
942	4.78462	2.2754579966005899	0.1186179450000000	0.0880980700000000
944	4.71987	2.2875375636513806	0.1274461100000000	0.0569963200000000
946	6.24975	2.2429250038244630	0.1181075750000000	0.1032842750000000
948	4.02000	2.2872155287015845	0.1512017950000000	0.1117748250000000
950	10.71510	2.2328381199486711	0.1335717900000000	0.0900558100000000
954	8.53221	2.2460175292822986	0.1629707900000000	0.0940468900000000
956	4.00829	2.2894372082705745	0.1634223000000000	0.1387541700000000
958	16.47030	2.2244955043848971	0.1014471050000000	0.0866022800000000
88	5.11225	2.2619510517256458	0.1516936500000000	0.1324611350000000
94	6.88144	2.2603736923006195	0.1403047000000000	0.0453475850000000
962	4.08396	2.2923205408723866	0.1370163450000000	0.1088031150000000
970	5.00324	2.2691510845441050	0.1543701350000000	0.1021387600000000
974	5.07010	2.2684015450877615	0.1191079650000000	0.0606053050000000
976	6.08247	2.2605284233822367	0.1461757050000000	0.0848767650000000
978	5.95959	2.2620936121488215	0.1472117650000000	0.0890522050000000
980	4.01998	2.2880817089008261	0.1048765950000000	0.0647393450000000
982	4.16579	2.2730668144927688	0.1549984750000000	0.0930538550000000
984	4.28682	2.2830434483691304	0.1298747250000000	0.0679685500000000
988	5.02105	2.2778592789233496	0.1485206350000000	0.0858452450000000
990	4.13117	2.3327464417461701	0.1965214200000000	0.1281854600000000
994	5.46914	2.2741160541510603	0.1708819950000000	0.1298874950000000
996	4.81901	2.2711120549246591	0.1804971300000000	0.0758974500000000
998	4.05999	2.2660137449368953	0.1026535200000000	0.0956397100000000
1000	6.84932	2.2562147441892462	0.1444713300000000	0.0598673000000000
1002	4.06005	2.2905346968248925	0.1260218350000000	0.0557954800000000
1004	4.05646	2.2913008584167454	0.1560440050000000	0.1208314450000000
1006	4.73002	2.2757167662183106	0.1580756200000000	0.0797059600000000
1008	10.74660	2.2353807225451128	0.1572444850000000	0.0762372050000000
1010	7.48502	2.2526943202501686	0.1892088500000000	0.0895998350000000
1014	4.79428	2.2815243032859445	0.1351692450000000	0.0623411950000000
1016	5.42450	2.2705499876398494	0.1168896150000000	0.0843179350000000
1018	4.35595	2.2822795816528716	0.1430848650000000	0.1167380200000000
1020	4.59215	2.2721136389794698	0.0908039900000000	0.0627188500000000
1024	4.11828	2.2823233076424345	0.1550239250000000	0.1049075000000000
1026	5.42788	2.2682930781450068	0.1766600250000000	0.0586839500000000
1032	5.37206	2.2687055023467813	0.1428663100000000	0.0819652700000000
1036	6.19163	2.2563543787236404	0.1548196050000000	0.0886469000000000
1038	20.58720	2.2166714949427546	0.1509822600000000	0.0939147000000000
100	4.44442	2.2623181016324012	0.2321092750000000	0.1057690000000000
102	11.84740	2.2313316075776717	0.1348657050000000	0.0626637250000000
1042	8.97676	2.2452773090238130	0.1445086500000000	0.0921181600000000
1044	7.71618	2.2470781760485656	0.1561514000000000	0.1097864350000000
1048	7.04994	2.2559788509247096	0.1900837000000000	0.0932563450000000
1050	4.79443	2.2658844145655483	0.1244815550000000	0.1060807450000000
1054	5.00964	2.2741475969719955	0.1772084800000000	0.0929982800000000
1056	13.19180	2.2484251968132045	0.1591108250000000	0.0444866700000000
1058	5.16946	2.2684134870545161	0.1194893100000000	0.0954733050000000
1060	4.42420	2.2834906578833527	0.1161498100000000	0.1070981500000000
1062	7.52754	2.2506998135477945	0.1305022200000000	0.0873531350000000
1064	4.13375	2.2873760982412437	0.1190644750000000	0.0955138700000000
1068	4.03979	2.2946422965993793	0.1595511800000000	0.1112382900000000
1070	5.57741	2.4184655900168206	0.2991068650000001	0.1926256400000000
1074	5.15909	2.3208317461021117	0.2410686750000000	0.1595888400000000
1076	4.75638	2.2704872896805890	0.1391608600000000	0.0889011500000000
1078	9.13998	2.2405593687679906	0.1522366800000000	0.0966422750000000
1080	6.88055	2.2609423660870633	0.1650572700000000	0.0855129400000000
1084	4.39977	2.2820045494488799	0.1610028550000000	0.1174839000000000
1092	4.06107	2.2818115593703396	0.1328995100000000	0.0998360700000000
1094	5.02848	2.2764551018580179	0.1265038500000000	0.0912875650000000
1096	4.94043	2.2777931420866775	0.1412138450000000	0.0895375350000000
1098	4.99017	2.2677126775533902	0.1160037800000000	0.0725047900000000
1100	6.64546	2.2497767853210835	0.1528973000000000	0.1091862700000000
1104	4.56992	2.2775210644934392	0.1391174800000000	0.0472193400000000
1106	5.56954	2.2621449799504565	0.1741797350000000	0.0912496300000000
1114	6.80212	2.2577507241886940	0.1508899050000000	0.0631725000000000
1116	4.09318	2.1865499459409832	0.1560938050000000	0.1038474200000000
1118	4.94317	2.2747064513236603	0.1193090350000000	0.1283066700000000
104	4.17470	2.2876165471527417	0.1057451250000000	0.0883016400000000
106	4.24173	2.2797726730096448	0.1318944350000000	0.1070784350000000
108	6.74909	2.2629532859188366	0.1959826900000000	0.1164410550000000
110	4.95835	2.2757494224897967	0.1366037350000000	0.1043310300000000
1120	6.15791	2.2547988889381130	0.1356966850000000	0.0903459650000000
1122	4.50022	2.2685222458359848	0.1340097200000000	0.1131099850000000
1126	4.63993	2.2861043209240965	0.1547780400000000	0.0984340100000000
1128	4.73005	2.2835362289648380	0.1276083050000000	0.0758049700000000
1130	6.62189	2.2520855759586427	0.1311265900000000	0.0832510300000000
1132	4.82357	2.2784796798755362	0.1269398700000000	0.1001287600000000
1134	4.49785	2.2833941615409894	0.1239602600000000	0.0942420600000000
1136	4.52370	2.2799324785786026	0.1532691050000000	0.0651314550000000
1138	4.57963	2.2825535830387298	0.1590220850000000	0.1016654100000000
1140	4.33156	2.2849108808756902	0.1150218800000000	0.0463292700000000
1142	5.77021	2.2594087637264129	0.1307389900000000	0.1102202900000000
1148	4.34715	2.2908344596628827	0.0897355550000000	0.1163525850000000
1150	4.29202	2.2861293770762412	0.1422735800000000	0.0778687650000000
1152	6.15727	2.2522862540293609	0.1466262350000000	0.1076261650000000
1156	4.92139	2.2833880819804637	0.1460593900000000	0.0728221050000000
1158	4.44046	2.2766872417645159	0.1262966200000000	0.1083609250000000
1168	4.99998	2.2748963291979294	0.1375675500000000	0.0995770300000000
1170	4.44863	2.2780058121066951	0.1699985050000000	0.1130087750000000
1172	7.77621	2.2303451529262253	0.1096081600000000	0.0716506400000000
1176	8.82243	2.2398968631234220	0.1240546700000000	0.0958045250000000
1180	6.98595	2.2517403612867932	0.1358116150000000	0.1024813650000000
1186	4.49995	2.2802750796575291	0.1468104900000000	0.0968079250000000
1190	9.36204	2.2415563231660727	0.1565865650000000	0.0767055900000000
1192	4.60472	2.2801764527927557	0.1615608800000000	0.0429244750000000
1194	5.00000	2.2691260740564738	0.1561217300000000	0.0778548100000000
1197	4.78462	2.1947651726925250	0.1761459550000000	0.0768193850000000
112	4.34973	2.2885480152491526	0.1249178700000000	0.1039286650000000
114	5.67070	2.2602526796329045	0.1714128950000000	0.0807253250000000
118	4.02935	2.2904181079583186	0.1200707600000000	0.0748971350000000
1200	7.75231	2.2445090382323754	0.1488035900000000	0.1136961600000000
1202	4.35313	2.2798291566492423	0.1416693650000000	0.0972122350000000
1204	6.77997	2.2549598506667725	0.1514854700000000	0.0961407750000000
1206	6.99988	2.2572058377974193	0.1452454450000000	0.1060014500000000
1212	4.82000	2.3403114446454278	0.1925069800000000	0.0955132850000000
1214	10.74680	2.2365054780405162	0.1180084650000000	0.0533048600000000
1216	4.93969	2.2607659495740919	0.1441904950000000	0.0882088300000000
1218	7.34905	2.2411801452686864	0.1440714500000000	0.0772267850000000
1220	12.93590	2.2249926408361640	0.1430720600000000	0.1120939700000000
1222	4.15682	2.2896797192232707	0.1619854850000000	0.1151363950000000
1224	4.57009	2.2766296123643617	0.1837722300000000	0.0811115900000000
1226	4.35377	2.2565318229008411	0.1303851500000000	0.0687207300000000
1228	4.42998	2.2735271172816014	0.0939908500000000	0.0822287300000000
1230	5.20353	2.2680957881042523	0.2087931700000000	0.0562220000000000
1232	4.57896	2.2842598307776960	0.1604128250000000	0.1004839400000000
1236	4.22672	2.2806626855549230	0.1155917400000000	0.0975864700000000
1240	6.10483	2.2623012717644500	0.1478184050000000	0.0814237800000000
1244	4.25318	2.2899416452891188	0.1351902200000000	0.0857654850000000
1246	4.67784	2.2812868572855365	0.1154551250000000	0.0676587750000000
1248	4.14212	2.2901138515812844	0.1092714100000000	0.0642629250000000
1250	7.39761	2.2433126325010404	0.1519715650000000	0.0912585150000000
1252	4.82270	2.2803687775970425	0.1381866050000000	0.0773001450000000
1254	4.41000	nan	nan	0.0000000000000000
1256	5.28996	2.2832500268854306	0.1658790750000000	0.0424254950000000
1258	6.13964	2.2526667600350043	0.1326265000000000	0.1113482800000000
1260	5.95341	2.3007509092807319	0.2049499700000000	0.1326927050000000
1264	4.59321	2.2836280227725836	0.1320369350000000	0.0657213250000000
1266	4.18517	2.3782994844019902	0.2221075100000000	0.1294517150000000
1268	7.77916	2.2472514587258434	0.1304863400000000	0.0989790150000000
1270	5.12282	2.2645655619407186	0.1129965800000000	0.1066803900000000
1274	7.78094	2.2389090105829501	0.1673383800000000	0.0548351650000000
1276	6.23931	2.2583372029089648	0.1301713950000000	0.0836103750000000
120	4.49998	2.2930241609336592	0.1753713950000000	0.0943523750000000
122	4.12503	2.2869246190540720	0.1425111600000000	0.1295631250000000
126	4.67039	2.2797229917511586	0.1174665200000000	0.0570822650000000
1280	4.86258	2.2711920731585065	0.1756332050000000	0.0831281800000000
1282	9.14179	2.2426347024888771	0.1427381650000000	0.0927792950000000
1284	8.93260	2.2468791874129810	0.1479237350000000	0.1243042500000000
1286	16.78930	2.2223778982850684	0.1341113200000000	0.0795567750000000
1288	4.10059	2.2846983497900770	0.1388300500000000	0.1150057800000000
1290	4.41996	2.2871144471043379	0.1829652300000000	0.1376462800000000
1294	41.53440	2.2068361112163819	0.1408558700000000	0.0948207800000000
1295	41.53440	2.4084133245365638	0.2629115200000000	0.1516939250000000
1296	4.83472	2.2628337865397423	0.1764555300000000	0.0886419400000000
1298	4.20010	2.2880799587752367	0.1385463100000000	0.0965407750000000
1300	5.56063	2.2746650534719715	0.1491265400000000	0.1093875450000000
1306	26.52460	2.2163750064711056	0.1438665600000000	0.0650382600000000
1310	4.21926	2.3011301094020715	0.1347776650000000	0.0930112350000000
1312	4.92507	2.2747075326811377	0.1345054500000000	0.0769481000000000
1316	8.20009	2.2349993812593483	0.1080004600000000	0.0871573550000000
1320	4.50593	2.2776493584823254	0.1149969600000000	0.1056735750000000
1322	4.92764	2.2749474203144771	0.1251006700000000	0.1083025950000000
1324	4.19051	2.2889029555805567	0.1380196400000000	0.0984660000000000
1328	6.31772	2.2480962568207894	0.1246394200000000	0.0731668300000000
1330	4.42435	2.2864027848598099	0.1161277200000000	0.1022198100000000
1334	6.43223	2.2589871205574976	0.1219948400000000	0.0759430000000000
1338	4.29983	2.2886998142027060	0.1132527900000000	0.0848385950000000
1340	4.74091	2.2399488696678604	0.0683537600000000	0.1284446100000000
1346	4.12469	2.2823455673514692	0.1126038550000000	0.0968008450000000
1348	4.19133	2.2859874786940493	0.1143648700000000	0.0858413350000000
1352	6.49995	2.2563491223381811	0.1036215650000000	0.0870754200000000
1354	4.93868	2.2771270888029300	0.1339214500000000	0.1369327250000000
1356	5.16798	2.2715912512050878	0.1485642250000000	0.0546895700000000
132	4.26004	2.2857971798648755	0.1437550450000000	0.1232782550000000
1360	4.34000	2.2876671468820122	0.1191561800000000	0.0586502350000000
1362	4.19857	2.2864340291574914	0.1129316950000000	0.0991112550000000
1366	4.28500	2.2931051687994390	0.1368816900000000	0.0550960450000000
1368	4.33103	2.2840283407761102	0.1850625350000000	0.0934746200000000
1370	5.01810	2.2813074724910991	0.1347404850000000	0.0854665600000000
1372	4.83900	2.2735374924135123	0.1061511300000000	0.0750388200000000
1374	11.70160	2.2328019910086985	0.1273052100000000	0.0687702250000000
1376	4.18779	2.2850551528803038	0.1088085050000000	0.0637565300000000
1380	4.47979	2.2814147004928591	0.1317866800000000	0.0793710750000000
1382	4.19429	2.2822287197928315	0.1502192900000000	0.0746437950000000
1384	4.74990	2.2743647760090147	0.1546794050000000	0.1366747300000000
1386	4.46202	2.2699821798209729	0.1441548150000000	0.0499800450000000
1388	7.51339	2.2385664597061172	0.1251224550000000	0.1020004150000000
1390	4.07593	2.2868540784945819	0.1686734950000000	0.1228750150000000
1392	4.50586	2.2737783068339956	0.1384249900000000	0.1471766600000000
1394	5.40028	2.2691044997685292	0.1263430350000000	0.1143388400000000
1396	4.21001	2.2929298513758942	0.1287099950000000	0.1019172400000000
1398	4.55972	2.2745467481897821	0.1793712100000000	0.1149577750000000
1400	6.45934	2.2564357521038967	0.1638802800000000	0.1214923750000000
1404	5.63143	2.2706488951791388	0.1407645850000000	0.0758520300000000
1406	5.45344	2.2617952262492209	0.0995071000000000	0.1010851000000000
1410	3.99999	2.2921827603227181	0.1354864700000000	0.1262887300000000
1412	5.06884	2.2644342197162146	0.1557397650000000	0.1081809800000000
1414	5.17088	2.2727958891257800	0.1252307100000000	0.0596113950000000
1416	4.16630	2.2861839493210532	0.1419150150000000	0.0834860000000000
1418	4.45962	2.2866947391949388	0.1373434900000000	0.0724092850000000
1420	4.96768	2.2770803823911980	0.1659179850000000	0.0975577600000000
1422	6.48742	2.3039478477941162	0.1459799300000000	0.1152213000000000
1426	4.59597	2.2618120008191038	0.1624270800000000	0.0872777450000000
1432	4.74588	2.2800101145612559	0.1668952600000000	0.0301214550000000
1436	4.05549	2.3836856810402676	0.2335640850000000	0.1209334400000000
1438	4.35346	2.2677208798435391	0.0871138100000000	0.1140421900000000
138	5.65792	2.2467436111001526	0.1192204550000000	0.0798390750000000
142	7.11878	2.3446853573869211	0.2629343500000000	0.1249739550000000
1440	14.84560	2.2278008227137200	0.1505215000000000	0.0998540200000000
1442	5.15863	2.2510052405621614	0.1307853450000000	0.0838378300000000
1444	4.52015	2.2765009265662282	0.1055521500000000	0.0692313400000000
1446	13.19560	2.2193564836463793	0.1534225600000000	0.0893508550000000
1447	13.19560	2.2098620807726297	0.2254395900000000	0.1085346250000000
1452	26.14010	2.2077922218890964	0.1480621650000000	0.1003339150000000
1453	26.14010	2.2554819617621344	0.1986265200000000	0.1275877650000000
1458	6.81732	2.2522940518622647	0.1448121800000000	0.1065792650000000
1466	5.14388	2.2603303128832919	0.0717539500000000	0.0998048650000000
1474	16.46020	2.2213408133499901	0.1352473950000000	0.0770675050000000
1476	4.04919	2.2861129291925266	0.1168368350000000	0.0755750350000000
1478	4.73253	2.2806788299704746	0.1470160900000000	0.0691443800000000
1480	4.41109	2.2793555611064367	0.1495371250000000	0.0575284950000000
1482	8.11443	2.2492587358179867	0.1657659100000000	0.0631137000000000
1484	4.90953	2.2770902044465631	0.1386085500000000	0.0889911500000000
1486	4.76000	2.2711342258956142	0.1468784300000000	0.1118635900000000
1488	4.99997	2.2727292788186970	0.1297634100000000	0.0537072100000000
1494	8.85629	2.2402749046917876	0.1260490150000000	0.0600967400000000
1496	4.43155	2.3549733431921882	0.2089988350000000	0.1415262950000000
1498	5.33950	2.2663597520587091	0.1238192100000000	0.0928506600000000
1500	10.05860	2.2310864377869999	0.1416231100000000	0.0963741600000000
1504	5.00547	2.2732900938844032	0.1186358200000000	0.0784732450000000
1506	6.05950	2.2611986131544386	0.1099872300000000	0.0846721350000000
1508	4.98861	2.2793283972863487	0.1361339300000000	0.1204673200000000
1510	7.57217	2.2458456677202827	0.1501354450000000	0.1059422150000000
1512	6.33965	2.2473184855768107	0.1176812250000000	0.0789070000000000
1513	6.33965	2.1390822160869214	0.1058975300000000	0.0606052400000000
1514	4.41009	2.2809902142184115	0.1363999000000000	0.1346200850000000
1518	4.00000	2.2773382336327699	0.1575648050000000	0.0877537900000000
144	4.19992	2.2901204832559507	0.1478826750000000	0.0806263950000000
146	4.16991	2.2901449432595267	0.1128878850000000	0.0881024400000000
148	4.15883	2.4412910062263675	0.2410218950000000	0.1230433150000000
150	5.97077	2.2620155734389145	0.1616910700000000	0.0563799350000000
1530	6.61898	2.2558455730694629	0.1694300700000000	0.0923103150000000
1534	4.40991	2.2859243871694876	0.1287191750000000	0.1075028850000000
1536	6.77581	2.2576496887689612	0.1233274000000000	0.1046325250000000
1540	5.93810	2.2552183636967604	0.1646449350000000	0.0887621100000000
1542	4.00992	2.2895379553407418	0.1406581350000000	0.0812478900000000
1544	6.17991	2.2540842139938388	0.1455226650000000	0.0933394000000000
1546	5.33599	2.2741645203698462	0.1747150250000000	0.0819608250000000
1548	4.86100	2.2800220350967302	0.1757546750000000	0.0712879250000000
1550	4.11980	2.2938993601479902	0.1197397100000000	0.0490677450000000
1554	9.48333	2.2322924621919005	0.1620657700000000	0.1065437800000000
1556	5.13316	2.2693116002273719	0.1251188550000000	0.0696895950000000
1558	6.80042	2.2550218498945616	0.1986585900000000	0.0829017650000000
1562	5.98505	2.2427227062482502	0.0617079600000000	0.0325865200000000
1566	5.19021	2.2553800587757440	0.1690012700000000	0.0942425600000000
1568	4.75006	2.2732115008252403	0.0907970350000000	0.0762520850000000
1570	5.24969	2.2664490835741029	0.1112625200000000	0.0840076600000000
1572	5.57786	2.2518084076162750	0.1256751600000000	0.0828728800000000
1578	5.96102	2.2552078131932918	0.1508767100000000	0.1133086050000000
1580	6.63143	2.2561258932945458	0.1549464650000000	0.0944985400000000
1582	4.83719	2.2649560287231658	0.1300200250000000	0.0867607100000000
1584	8.53797	2.2527018742066085	0.1642953100000000	0.0901367900000000
1586	7.09003	2.2365786530019962	0.1073008350000000	0.0911991750000000
1588	5.52782	2.2700749137838598	0.1227580000000000	0.0897095600000000
1590	4.29175	2.2851674504285437	0.1552544600000000	0.0739000150000000
1592	4.96853	2.2584828295340160	0.1773041400000000	0.0741798650000000
1594	4.28156	2.2797073044176122	0.1358816250000000	0.1324129400000000
1596	11.63420	2.2346518300367770	0.1321288550000000	0.0847306800000000
152	4.46989	2.2834834732403100	0.1227922800000000	0.0897530850000000
154	4.73684	2.2781796042268261	0.1557967100000000	0.1112968900000000
156	5.91927	2.2707513346329207	0.1436427500000000	0.0751044200000000
158	4.24722	2.2890889446396749	0.1400139600000000	0.0751008800000000
10	6.61961	2.2589055225228707	0.1352436250000000	0.0931089100000000
1600	5.91412	2.2519935940532507	0.1589365200000000	0.1289135050000000
1602	4.45082	2.2800792777961800	0.1116436450000000	0.1071164050000000
1604	4.01197	2.2929480213330402	0.1694589750000000	0.0946334550000000
1606	7.80313	2.2462310116360853	0.1378832950000000	0.0837940450000000
1608	4.35612	2.2833625444985355	0.1350663400000000	0.0884446450000000
1610	6.87927	2.2527279695416240	0.1427317200000000	0.0765421300000000
1612	11.05520	2.2281121233545873	0.1660436500000000	0.0534534050000000
1614	4.00000	2.2949713374562526	0.1418729450000000	0.0829993050000000
1616	4.47015	2.2937868403294139	0.1709821100000000	0.0478044500000000
1618	5.73820	2.3977349453451424	0.2960021800000000	0.0573135650000000
1620	7.00016	2.2527360861105059	0.1171328800000000	0.0796209950000000
1624	4.48996	2.2899865330910503	0.1197733650000000	0.0820661000000000
1626	4.90009	2.2700208369286816	0.1495782200000000	0.1292125850000000
1630	4.68953	2.2777279268644088	0.1236942750000000	0.0896556900000000
1636	4.18877	2.2786743311473425	0.1753186700000000	0.0963884450000000
1640	4.79451	2.2783820860840844	0.1161865400000000	0.0978340600000000
1642	12.51970	2.2255071946627902	0.1621724850000000	0.0783494500000000
1644	7.68019	2.2436804527630336	0.1078115000000000	0.0711215250000000
1648	4.34003	2.2885940125573097	0.1386126800000000	0.0886893400000000
1650	4.01793	2.2840685633101048	0.1455333950000000	0.0308363800000000
1654	12.19800	2.2410671379503819	0.1678927800000000	0.0737626800000000
1658	4.83879	2.2553619646778666	0.1971105100000000	0.0724147000000000
1660	5.07562	2.2507835499816737	0.0825775400000000	0.1036540000000000
1664	4.94033	2.2723025830243104	0.1890058200000000	0.1203960700000000
1670	7.31305	2.2537778207990424	0.1446229950000000	0.1300703700000000
1674	11.11390	2.2338734518136705	0.1207573500000000	0.0734819450000000
1675	11.11390	2.1723664623669587	0.1264313050000000	0.0573362000000000
1676	4.40009	2.2862780329367181	0.1878800300000000	0.1101678600000000
162	5.93497	2.2651610721914390	0.1818572050000000	0.1301812100000000
164	5.68967	2.2683004493395633	0.1303868350000000	0.0804676750000000
166	5.78332	2.2561771089837270	0.1458766850000000	0.1141121450000000
1680	4.03869	2.2885233973233459	0.1295531800000000	0.1177699800000000
1682	4.61938	2.2871505998578314	0.1213703400000000	0.0707695350000000
1686	4.16990	2.2904940960419409	0.1329341400000000	0.0742423100000000
1688	6.46034	2.2812894631396703	0.2599952800000000	0.0947273400000000
1690	4.63023	2.2672609452392205	0.1804161550000000	0.0882182700000000
1692	4.23272	2.2876137929752520	0.1363228500000000	0.0821513000000000
1698	4.87797	2.2732434119226248	0.1149276050000000	0.0910326300000000
1700	7.91949	2.2477292472867325	0.1153925800000000	0.0783581200000000
1702	5.64337	2.2699885520964869	0.1483396550000000	0.0499249450000000
1704	4.22001	2.2869393425151996	0.1105668700000000	0.1340401100000000
1706	4.40746	2.2835243750540619	0.1444422300000000	0.1101253900000000
1708	5.48181	2.2663009871297803	0.1337852600000000	0.1093934200000000
1712	4.60117	2.2783215689939125	0.1535695500000000	0.0907814900000000
1716	9.08621	2.2440006721548702	0.1677716950000000	0.1117426850000000
1718	7.71937	2.2477276141183218	0.1406372300000000	0.1038927550000000
1720	6.48811	2.3262803040869255	0.2427617450000000	0.0930059100000000
1722	4.73518	2.2833236284345380	0.1192272850000000	0.0759239250000000
1724	5.38985	2.2992936686389958	0.1854416550000000	0.1349252050000000
1726	6.50072	2.2650215096995137	0.1723204200000000	0.1571670700000000
1728	4.27002	2.2730891925547549	0.1115957550000000	0.0790839900000000
1738	8.36069	2.2420549783887513	0.1287691250000000	0.0906277150000000
1740	13.08860	2.2288298385703489	0.1291581650000000	0.0868038000000000
1746	4.08501	2.2923354002147320	0.1484094050000000	0.0994640650000000
1748	6.24506	2.2519170436459848	0.1515844900000000	0.0741849600000000
1750	6.87963	2.2590418126769065	0.1458335800000000	0.0960693200000000
1752	6.34639	2.2509148555891909	0.1319849000000000	0.1070875250000000
1756	5.33757	2.2757833889676671	0.1128388700000000	0.1512043550000000
1758	8.89967	2.2436464317172025	0.1568179600000000	0.0782984000000000
170	4.28517	2.2805777392896207	0.0955315600000000	0.0894835850000000
174	8.08467	2.2446896358058752	0.1424847300000000	0.0507442400000000
1760	5.55909	2.2695240979057392	0.1451747950000000	0.1328118250000000
1762	5.89161	2.2676312135484205	0.1520146250000000	0.0949805800000000
1764	4.26026	2.2864148117372847	0.1248338350000000	0.0966806500000000
1766	6.50125	2.1997136090258209	0.1839759350000000	0.0688177900000000
1768	4.34000	2.2893369999939610	0.1491956900000000	0.1161912250000000
1770	4.19462	2.2965045105039463	0.1452842650000000	0.0725122100000000
1776	4.24900	2.2847830581329527	0.1225938450000000	0.0618021250000000
1780	10.91730	2.2374618882349293	0.1385874650000000	0.0743640050000000
1782	7.36541	2.2463579250700167	0.1606714750000000	0.0918852650000000
1786	4.37997	2.2864795903742707	0.1260813250000000	0.1105307150000000
1788	4.46975	2.2743894471214849	0.1499698100000000	0.1165395450000000
1796	4.43979	2.2781424495791591	0.1813823400000000	0.1316267900000000
1800	4.07502	2.2931181723977550	0.1579330850000000	0.0971740950000000
1804	4.14194	2.2877199316723220	0.1258707200000000	0.0833489650000000
1806	5.71642	2.2726715251737732	0.1660923250000000	0.1286394300000000
1812	6.14934	2.2698009732949651	0.1523553150000000	0.1215773350000000
1814	4.17537	2.2943972604980112	0.1610676000000000	0.0830073550000000
1816	8.09001	2.2435872330675322	0.1684799850000000	0.1048127950000000
1817	8.09001	2.2210066442583725	0.1555675550000000	0.1523323300000000
1824	5.01750	2.2628458839223038	0.0967989450000000	0.0484665150000000
1826	4.27361	2.2892813178482934	0.1856128800000000	0.0935716200000000
1828	4.80502	2.2760206906566154	0.1447081550000000	0.0852437200000000
1832	4.33506	2.2216197696729951	0.1773752100000000	0.0501333400000000
1834	6.04510	2.2560176855548866	0.1427189600000000	0.0977603600000000
1836	4.83045	2.2786815132781646	0.1561310300000000	0.1221635100000000
1838	4.24767	2.2674923983348338	0.1471196250000000	0.1002631650000000
176	6.35654	2.2125877437303467	0.2166672900000000	0.1228160700000000
180	6.95937	2.2509881701927856	0.1624240400000000	0.0792797250000000
182	4.04727	2.2878312684885760	0.1367675200000000	0.0980176650000000
1840	5.76000	2.2682961710103755	0.1824716650000000	0.0976784200000000
1846	4.13014	2.2923037745031216	0.1368114750000000	0.0962367600000000
1848	7.04093	2.2601069908750513	0.1227950900000000	0.1157623100000000
1850	5.00731	2.2750995962553922	0.1303864350000000	0.0483024900000000
1852	4.56028	2.2722579952728803	0.1113992050000000	0.0783979950000000
1854	4.18300	2.2787908549785265	0.1287355550000000	0.1009019650000000
1864	12.57260	2.2400222106653875	0.1814247450000000	0.1199581150000000
1868	5.77880	2.2691487044636283	0.1530572350000000	0.0892880750000000
1870	4.38822	2.2881218854127616	0.1526840150000000	0.0953748600000000
1872	4.18016	2.2890243335028839	0.1869768700000000	0.1137734400000000
1874	4.38937	2.2873558632204887	0.1401238350000000	0.1101482300000000
1878	6.23233	2.2562473359874473	0.1301018000000000	0.0951171500000000
1882	6.14244	2.2559991472539802	0.1610933750000000	0.1278010600000000
1884	4.47101	2.2758322414852064	0.1523100500000000	0.0997490600000000
1886	4.59031	2.2790989424789876	0.1021791300000000	0.0707763300000000
1888	8.27008	2.2399798472435406	0.1354569200000000	0.0411755500000000
1896	4.45915	2.2869167345439050	0.1773342050000000	0.1057936350000000
1900	6.39020	2.2593517532905132	0.1417108700000000	0.0715170200000000
1906	6.61739	2.2603650794623968	0.1971454100000000	0.0739528300000000
1908	4.82403	2.2811672677685584	0.1272210300000000	0.0592498850000000
1910	16.46690	2.2118662099347532	0.1487576100000000	0.0435793250000000
1916	5.98995	2.2604791731982266	0.1261373600000000	0.0603510000000000
1918	5.56728	2.3501805047676707	0.2423330600000000	0.1323730050000000
184	5.27085	2.2673439220066429	0.1468359800000000	0.0584434700000000
186	4.12611	2.2794386543111456	0.0912461700000000	0.0960688900000000
190	6.25027	2.2590700372187160	0.1614770450000000	0.0621761200000000
1920	4.47102	2.2783555212430366	0.1990049750000000	0.1036076750000000
1922	4.58188	2.2752161407307017	0.1518359050000000	0.0790513100000000
1926	6.96936	2.2445930967348815	0.1196661150000000	0.0865535100000000
1932	11.82330	2.2321476817610462	0.1233451050000000	0.0913186700000000
1934	4.62575	2.2715053110744035	0.1398245000000000	0.0618461750000000
1936	4.23855	2.2927136044525507	0.1183100300000000	0.0660814250000000
1940	4.14098	2.2941142878752925	0.1228583250000000	0.0907738500000000
1942	5.97899	2.2603495041472530	0.1045923100000000	0.1017255500000000
1944	13.31540	2.2321075458344408	0.1312852800000000	0.0901896650000000
1946	7.10612	2.2618924596584655	0.1593799950000000	0.0649657700000000
1950	4.13001	2.2846972628916551	0.2028821450000000	0.1353435200000000
1952	5.00849	2.2911935080135142	0.1268396500000000	0.1511573550000000
1954	4.41097	2.2736823971450595	0.1393075100000000	0.0436937950000000
1956	4.33100	2.2828163303542710	0.1136158900000000	0.0750134950000000
1958	4.28230	2.2891304923046296	0.1779034850000000	0.1240046800000000
1960	4.81984	2.1896313189473924	0.1971344550000000	0.0975083100000000
1962	4.58831	2.2793022572823829	0.1032429650000000	0.0845226650000000
1964	4.15438	2.2822899615514509	0.1202625100000000	0.0935662400000000
1967	5.13324	2.2610734270008792	0.1882437750000000	0.1123681550000000
1968	6.51561	2.2574400053655346	0.1384410900000000	0.1099309450000000
1972	4.42705	2.2769218597968459	0.1439795050000000	0.1161276300000000
1974	5.00888	2.2739750676377901	0.1527502900000000	0.0815823950000000
1976	4.14179	2.2895921522149818	0.1277773600000000	0.0766143600000000
1978	4.75150	2.2759984130132302	0.1925053200000000	0.1391902050000000
1980	4.27992	2.2938952694460593	0.1832082050000000	0.1070885350000000
1986	5.28977	2.2614766313447880	0.1213024900000000	0.0520666450000000
1992	4.94400	2.2794247974641122	0.1748983150000000	0.0885559500000000
1994	6.98118	2.2378437842561185	0.1596208550000000	0.1652471350000000
1996	5.06186	2.2775929320574200	0.1553835750000000	0.1361892550000000
1998	4.77968	2.2728912932076510	0.1428438550000000	0.1128883950000000
192	5.18987	2.2607886995858633	0.0663917300000000	0.0455994550000000
194	4.73165	2.2800855188942730	0.1271690750000000	0.0842524850000000
198	6.59951	2.2668641667231824	0.1386303650000000	0.0898220550000000
2000	4.63641	2.2741789369743901	0.1697377350000000	0.0874642900000000
2002	4.21002	2.2797398114354559	0.1651618200000000	0.0844652950000000
2006	4.60571	2.2869155983864409	0.1390747100000000	0.0657624550000000
2012	5.96074	2.2632326631560340	0.1318600700000000	0.0608981150000000
2014	6.50528	2.1063864374145673	0.1891453300000000	0.0766154000000000
2016	4.90000	2.2746707010575919	0.1402126750000000	0.1174331550000000
2022	5.30051	2.2717087041749631	0.1129411650000000	0.0826075450000000
2026	4.89723	2.2709486981142351	0.1249014100000000	0.0629516550000000
2028	4.12020	2.2850538321566334	0.1386077100000000	0.0768899200000000
2030	4.07470	2.2883361544254042	0.1727678950000000	0.0841128550000000
2032	7.86804	2.2457539645661053	0.1384499700000000	0.1179259450000000
2036	4.45063	2.2901793760164719	0.1340496650000000	0.0809892700000000
2038	4.71942	2.2655640746751700	0.1018275150000000	0.0882560950000000
2042	7.59734	2.2490060671722882	0.1211027350000000	0.1045140900000000
2044	5.45900	2.2622712608975610	0.1128474500000000	0.0862554950000000
2046	4.32232	2.2864467189754869	0.1249196600000000	0.0806218100000000
2050	5.42755	2.2717750879644769	0.1283906800000000	0.0873183350000000
2054	4.49794	nan	nan	0.0000000000000000
2058	8.22613	2.2352841532629011	0.1487895800000000	0.0937876250000000
2062	4.76312	2.2728522021103892	0.1335693850000000	0.0786418250000000
2066	5.20017	2.2706421848733394	0.1157942200000000	0.0706686500000000
2068	5.23793	2.2625389500850912	0.1885523800000000	0.1223450650000000
2074	7.33799	2.2552855873367283	0.1471764300000000	0.0576588400000000
2076	13.21610	2.2315522850363623	0.1393178750000000	0.0545140950000000
2077	13.21610	2.1955081931183451	0.1538568250000000	0.0945794500000000
202	4.11536	2.3005679823863496	0.1261004800000000	0.0722222050000000
204	5.59931	2.3770895256734987	0.2614718250000000	0.0629570850000000
206	6.43016	2.2400559759735676	0.1770675500000000	0.1425485950000000
2080	6.52993	2.2426870940642956	0.1833408100000000	0.1016482000000000
2082	20.88530	2.2203688958628893	0.1556166450000000	0.1124913650000000
2084	5.29028	2.2722709125229703	0.1154505400000000	0.0886433050000000
2086	5.04000	2.2679957359579372	0.1574992700000000	0.0898874550000000
2088	5.10973	2.2723438897391959	0.1802400950000000	0.1283113300000000
2090	6.91809	2.2528174554640494	0.1738831350000000	0.1451449850000000
2104	5.18390	2.2563571187875540	0.1326024900000000	0.0862973400000000
2106	19.63850	2.2183971591664369	0.1419179600000000	0.0867187950000000
2110	5.01005	2.2618553015437093	0.1275267700000000	0.0716744450000000
2112	4.40635	2.2780890437915162	0.1279682900000000	0.0879450050000000
2114	4.93994	2.2794196285548285	0.1561793550000000	0.0800988600000000
2116	4.53304	2.2665485032040738	0.0895855500000000	0.1212824950000000
2118	4.40994	2.2862264516304718	0.1341577550000000	0.0701608700000000
2124	4.39748	2.2910075884022008	0.1582960750000000	0.0889598150000000
2126	4.81993	2.2669953627025778	0.1318495700000000	0.0919576800000000
2130	4.12003	2.2912783208883787	0.0943916650000000	0.0647541650000000
2132	4.59966	2.2852983342011219	0.1369401000000000	0.1110150550000000
2134	7.98999	2.2479565985446799	0.1226712450000000	0.1023445050000000
2136	11.35650	2.2397968663181027	0.1675851200000000	0.0924448800000000
2138	4.97123	2.2708084070577508	0.1165343100000000	0.1140823600000000
2146	4.33999	2.2866519619623387	0.1429028550000000	0.1422235150000000
2147	4.33999	2.2930068674757926	0.2082028500000000	0.1064949050000000
2150	8.91215	2.2287903018380697	0.1430602050000000	0.0835524150000000
2156	4.19661	2.2863508523554250	0.1784179850000000	0.1392189300000000
2158	7.90423	2.2494032164181914	0.1139784500000000	0.0903106650000000
208	8.47765	2.2437306594822499	0.1421082650000000	0.1366586550000000
210	4.19882	2.2896437388190876	0.1350824800000000	0.1016219300000000
212	6.96937	2.2573018282234609	0.1333076550000000	0.0971017200000000
2162	7.44116	2.2487936523775631	0.1422554100000000	0.0548589400000000
2164	4.87773	2.2749880148758219	0.1245667850000000	0.1402616750000000
2166	5.23061	2.2676233358817370	0.1589891500000000	0.0710397600000000
2170	5.14179	2.1852696867180135	0.1866226200000000	0.1070703450000000
2172	4.25928	2.2879424239392021	0.1330032900000000	0.0560188800000000
2174	4.72264	2.2800729487919056	0.1313142750000000	0.0699101550000000
2176	4.05502	2.2955354659846825	0.1692716100000000	0.1021703300000000
2178	4.05080	2.2694102076746017	0.0725776650000000	0.1162800750000000
2180	4.13502	2.2838064004607528	0.1101013450000000	0.1226965700000000
2182	4.92703	2.2814789220831271	0.1194520350000000	0.0956853600000000
2184	4.26802	2.2911002206365723	0.1432828900000000	0.0502590000000000
2186	9.13856	2.2310519190392641	0.1262536850000000	0.0446721550000000
2190	5.22439	2.2747684400465609	0.1823302700000000	0.0958533100000000
2194	4.07712	2.2869314678302470	0.1261678500000000	0.0817913950000000
2196	5.67482	2.2721331050490496	0.1723130650000000	0.0709658550000000
2198	5.32678	2.2609826905122823	0.1674774300000000	0.0986183650000000
2200	4.33959	nan	nan	0.0000000000000000
2204	4.79078	2.2741820696474684	0.1585093750000000	0.0687672900000000
2206	6.88521	2.2537341166310343	0.1494739900000000	0.0781196600000000
2208	4.03176	2.2925080421372805	0.1552076900000000	0.0954621950000000
2210	5.30647	2.2727011250228539	0.1792637050000000	0.0729556450000000
2214	8.53267	2.2441078411931210	0.1479427400000000	0.1233474500000000
2216	5.74185	2.1985671051735207	0.1672710950000000	0.1099219400000000
2222	5.65161	2.2630584733012817	0.1355358450000000	0.0937318650000000
2224	5.75049	2.2681099160739011	0.1051613600000000	0.0983087350000000
2226	4.58643	2.2892586589273116	0.1650062300000000	0.0881069400000000
2232	5.55595	2.2675688470344628	0.1350023300000000	0.1154876800000000
2238	5.19071	2.2795988586243801	0.1595896550000000	0.1144669350000000
220	4.04241	2.2748191504111714	0.1434683600000000	0.0719387750000000
222	4.78988	2.2662602697190906	0.1871344250000000	0.0906516300000000
2240	4.01854	2.2934971198396146	0.1039488200000000	0.0711204050000000
2242	7.67028	2.2490305419016390	0.1361648850000000	0.0489800900000000
2246	4.20006	2.2829718292067143	0.1364638400000000	0.1278558050000000
2248	5.10066	2.2558724195713191	0.1611119900000000	0.0934878350000000
2252	4.19468	2.2890785156509637	0.1258444550000000	0.1176635300000000
2254	5.38651	2.2681343230935962	0.1237187250000000	0.1400461050000000
2256	5.06968	2.2779499392259872	0.1375970550000000	0.0907732750000000
2264	6.71177	2.2272331507480216	0.1430276950000000	0.0919942500000000
2274	5.89059	2.2530712310166674	0.1196262750000000	0.0827346250000000
2276	7.77805	2.2479531816751712	0.1187601300000000	0.0949058450000000
2278	4.56889	2.2822076316577746	0.1380130250000000	0.0606714300000000
2280	4.30126	2.2762163942115117	0.1146790850000000	0.0926547950000000
2282	4.82332	2.2678642334541594	0.1178268300000000	0.0310359950000000
2286	5.19002	2.2661599950826483	0.1475657250000000	0.0782294500000000
2288	4.21002	2.2915913925354476	0.1700787100000000	0.0878502050000000
2292	4.41278	2.2814132907886586	0.1308536850000000	0.1072959850000000
2296	4.83457	2.2808581008397533	0.1375937850000000	0.1043010000000000
2304	5.00864	2.2802293436396832	0.1319607050000000	0.1175011100000000
2306	4.33997	2.2860313781498656	0.0990293550000000	0.1019864800000000
2308	6.43072	2.2563339304945420	0.1001564900000000	0.0711866300000000
2312	5.47919	2.2717876970903403	0.1322515850000000	0.0974996400000000
2314	6.49465	2.2553640799635359	0.1430309900000000	0.1073350300000000
2316	4.08024	2.2901520494551462	0.1255719850000000	0.0961464000000000
226	4.01982	2.2925245120063567	0.1626778850000000	0.0669900150000000
2320	4.31623	2.2763712051200611	0.1343547000000000	0.0747326950000000
2324	4.25323	2.2868809010148539	0.1559887800000000	0.0539761650000000
2326	4.01220	2.2824648763162858	0.1721942900000000	0.1758304100000000
2332	5.57607	2.2612170621128054	0.1621415400000000	0.0466207900000000
2334	8.07432	2.2486290566767919	0.1504593450000000	0.0962624550000000
2336	5.06049	2.2734218761451190	0.1742998800000000	0.1300362850000000
2338	10.11930	2.2229606268886641	0.1490770050000000	0.0821236300000000
2340	4.16587	2.2771429709415187	0.1329831750000000	0.0964787700000000
2342	4.70859	2.2763584683731901	0.1209439800000000	0.0770320500000000
2344	4.30697	2.2865975560091831	0.1704124250000000	0.1115451900000000
2346	4.89999	2.2733111762490630	0.1066698950000000	0.0800127400000000
2352	4.02994	2.2924737036716607	0.1236057100000000	0.0692143600000000
2354	4.01158	2.2972257419584774	0.1536655300000000	0.0741638350000000
2358	4.05500	2.3008128862761308	0.1440019500000000	0.0977244650000000
2362	4.92326	2.2740755197219462	0.1436224900000000	0.1133592000000000
2364	4.35580	2.2841119314466307	0.1455934900000000	0.1502363550000000
2368	3.99999	2.2856431990806656	0.1128095800000000	0.0877918350000000
2370	12.34250	2.2384438799886732	0.1638085900000000	0.1030506350000000
2372	4.90161	2.2719147058655680	0.1559500050000000	0.1061518950000000
2380	4.45364	2.2632601200845537	0.1055408050000000	0.0826685750000000
2382	4.59106	2.2768158005034276	0.1049060300000000	0.1122497300000000
2384	7.24841	2.2512862586338303	0.1497534350000000	0.1050991850000000
2386	4.80803	2.2653426267158427	0.1552538250000000	0.1117899700000000
2388	5.51822	2.2640399925777674	0.1551736200000000	0.0691663850000000
2390	4.94079	2.2772591315855726	0.1567070550000000	0.0775479800000000
2392	4.41901	2.2902607833345283	0.1261811650000000	0.0539287800000000
2394	7.50984	2.2736999860859513	0.1812822600000000	0.1605880850000000
2395	7.50984	2.1679061153602368	0.1512290200000000	0.0956835700000000
2396	4.08572	2.2950241538832130	0.1621741450000000	0.1147323000000000
2398	4.74527	2.2787540412264615	0.1283340250000000	0.0960482450000000
232	12.26340	2.2169432689384614	0.1045353950000000	0.0853883800000000
234	5.78232	2.2626910827838191	0.1340222800000000	0.1037453100000000
236	4.33431	2.2890155202576628	0.1531484900000000	0.1137420750000000
238	5.61069	2.2658484353150183	0.1415578400000000	0.0925563750000000
16	5.98005	2.2711326612399616	0.1338616850000000	0.1455079250000000
20	5.62748	2.2518315758453724	0.1434806500000000	0.1348622850000000
22	4.99103	2.2759579635057747	0.1509214400000000	0.1222866400000000
2400	7.88262	2.2522148533334465	0.1579284650000000	0.1354465700000000
2402	4.08570	2.2906583086582559	0.1522879500000000	0.1196196850000000
2404	4.06501	2.2866672481013754	0.1476143000000000	0.1153876300000000
2412	4.49850	2.2914992226345463	0.1727416000000000	0.0679201050000000
2414	4.04883	2.2941537494813580	0.1538746850000000	0.0922242650000000
2416	4.54257	2.2830124248649133	0.1380165850000000	0.1079793100000000
2422	9.15709	2.2405774224337569	0.1414353250000000	0.1019083300000000
2426	4.85214	2.2749040907061517	0.1277345550000000	0.1099293900000000
2428	5.56826	2.2622412827016540	0.1434811300000000	0.1422111250000000
2430	4.10002	2.2966537727938436	0.1463745500000000	0.0688495950000000
2432	5.48099	2.2692973438161084	0.1427936700000000	0.1020931350000000
2438	4.25976	2.2823244772477307	0.1442665400000000	0.0658293300000000
2440	5.95377	2.2627478069517331	0.1302098800000000	0.0859075850000000
2442	7.23954	2.2557130076250367	0.1535770500000000	0.0942914950000000
2444	4.28977	2.2758011267829876	0.1342264950000000	0.0928677750000000
2446	5.77132	2.2550743260065365	0.1629301200000000	0.1098223700000000
2448	5.66994	2.2609814155405230	0.1726937750000000	0.0631093200000000
2450	10.92920	2.2364057238555528	0.1404483350000000	0.1312946550000000
2452	4.65062	2.2825545350548642	0.1679462300000000	0.1161991950000000
2456	4.98975	2.2699140830018258	0.1277898950000000	0.0835018600000000
2458	4.14186	2.2989624764842649	0.1448966050000000	0.0817835250000000
2460	5.78045	2.2619020407426915	0.1167359350000000	0.0771211150000000
2462	5.94902	2.2676478854457707	0.1389634150000000	0.1133313900000000
2464	4.42413	2.2777410565363319	0.1517751900000000	0.0779838500000000
2470	5.46645	2.2701133124127799	0.1365681650000000	0.0958653350000000
2472	5.58451	2.2611842229067283	0.1456010800000000	0.1103330550000000
2478	5.55707	2.2690538716262401	0.1055319300000000	0.0704968400000000
240	5.50983	2.2614708583070153	0.1257196300000000	0.0753688800000000
242	5.45059	2.2547947949165907	0.1181122700000000	0.1165832050000000
244	4.24928	2.2789066867222125	0.1716227850000000	0.0927461450000000
246	4.35462	2.2641824558616137	0.1107965000000000	0.0713458150000000
2480	5.62859	2.2594604118312773	0.1394734450000000	0.1213339350000000
2482	4.28059	2.2660128259552295	0.1394408850000000	0.1205721200000000
2484	5.95322	2.2664153632281834	0.1478183250000000	0.1107453800000000
2486	6.79841	2.2456327548449329	0.1431957550000000	0.0988626250000000
2488	5.46554	2.2668754174784658	0.1327713800000000	0.0455848650000000
2490	4.49999	2.2843800037533448	0.1370219000000000	0.0537054100000000
2494	4.25000	2.2896591855051400	0.1537226450000000	0.1168790550000000
2498	4.34841	2.2745672642016812	0.1392104300000000	0.0663915300000000
2502	8.62901	2.2426359937622942	0.1449313500000000	0.1169483850000000
2504	10.74330	2.2345138816282861	0.1235162250000000	0.0801599850000000
2510	6.05950	2.2619062807832790	0.1342333750000000	0.1210656300000000
2512	5.28933	2.2642356772292960	0.1428746900000000	0.0643419550000000
2516	4.26802	2.2924249486838524	0.1439285900000000	0.0898109400000000
2518	5.13055	2.2681660643920454	0.1249681500000000	0.0345745800000000
2522	6.40295	2.2638984679722340	0.1325190400000000	0.1044348450000000
2526	14.64260	2.2208324680419937	0.1327732400000000	0.1146743850000000
2532	4.14002	2.2680928436088612	0.1328463100000000	0.0972147800000000
2534	4.80702	2.2748358691156567	0.1678360050000000	0.1134915350000000
2536	4.76015	2.2678071499068850	0.1738872100000000	0.1206373950000000
2538	6.04764	2.2578067480864612	0.1095618250000000	0.1002523250000000
2542	5.83197	2.2523612111307374	0.1219561900000000	0.1574957450000000
2546	4.96316	2.2645477083619094	0.0999973600000000	0.0667263550000000
2550	5.43885	2.2622393540447661	0.1683592000000000	0.1372590550000000
2555	5.93308	2.1343758717926096	0.1027435850000000	0.0514529250000000
2556	4.15730	2.2930098639584262	0.1338098100000000	0.0948979800000000
248	4.31335	2.2836167807149454	0.1322137350000000	0.0978578400000000
250	6.62067	2.2481973789338379	0.1357945550000000	0.0793167800000000
252	4.55085	2.2798306698778457	0.1656627000000000	0.1122262050000000
2562	5.04993	2.2693254405791512	0.1143371250000000	0.0697896750000000
2564	4.49000	2.2455722218496961	0.1017732050000000	0.0911755150000000
2566	5.95871	2.2689570496786926	0.1449756600000000	0.0922204850000000
2570	4.20187	2.2866813112974982	0.1372363100000000	0.0796924000000000
2572	5.68831	2.2670005007348855	0.1434514800000000	0.0755178100000000
2580	5.55984	2.2691458361956567	0.1748054200000000	0.1030954350000000
2588	4.63899	2.2770407144946021	0.1502835750000000	0.1017395150000000
2590	4.11994	2.2901232240799914	0.1209369000000000	0.0484226250000000
2592	4.07504	2.2920331596232204	0.1345868450000000	0.0966286550000000
2594	5.96073	2.2578641546242815	0.1076603050000000	0.0735979250000000
2597	23.17250	2.1835832353505444	0.1620831350000000	0.0536615200000000
2598	7.49862	2.2573097272047380	0.1312749500000000	0.0858144800000000
2602	4.29987	2.2962186070317530	0.1456189300000000	0.1094603000000000
2604	10.60660	2.2276587197545719	0.1524218100000000	0.0586132850000000
2606	4.23221	2.2760652144314162	0.1372793350000000	0.1101624800000000
2608	6.26069	2.2519472415598387	0.1197070800000000	0.0474978650000000
2614	4.81994	2.2696905775130576	0.1339434650000000	0.0869557700000000
2616	4.26804	2.2808632056657507	0.1453788750000000	0.0838926700000000
2622	4.51028	2.2790323289693797	0.1178532350000000	0.0612651900000000
2624	4.50770	2.2866903046074767	0.1510802650000000	0.0463636450000000
2626	4.33115	2.2928373135481031	0.2049698700000000	0.0971876250000000
2628	4.61964	2.2800881318668416	0.1360787250000000	0.0449143150000000
2630	4.97066	2.2749400470029868	0.1187856350000000	0.0576314100000000
2632	6.25048	2.2590458167697025	0.1374336700000000	0.0905758550000000
2634	4.39901	2.2703124828793584	0.1042927050000000	0.1108223050000000
2636	5.13421	2.2789638059913502	0.1791007900000000	0.0874300350000000
2638	7.14109	2.2482207779174836	0.1402835950000000	0.0719519650000000
2640	4.25273	2.2760839336070107	0.1500373100000000	0.0927789950000000
2646	4.56044	2.2769742516233360	0.1134761100000000	0.0929465200000000
2648	4.30162	2.2771747050319244	0.1325041400000000	0.1383267050000000
2650	6.40168	2.2521860812607573	0.1653898850000000	0.0932806850000000
2652	7.80242	2.2328309516031712	0.1215003050000000	0.1074855750000000
2654	7.23947	2.2545697741434716	0.1572127350000000	0.0956434750000000
2656	7.37276	2.2395034474678992	0.1127712300000000	0.0922967350000000
2658	4.10350	2.2931950065816524	0.1490897250000000	0.1335631400000000
2662	5.21238	2.2713254840493526	0.1305009350000000	0.0546025400000000
2666	4.94037	2.2797997827312728	0.1273395200000000	0.1023322650000000
2668	5.32015	2.2780137967259453	0.1425602500000000	0.1136339400000000
2670	7.96881	2.2438122967009630	0.1455485350000000	0.1006674300000000
2672	5.42989	2.2225621906198669	0.1882067400000000	0.1360091000000000
2674	6.18038	2.2628094982190343	0.1257630850000000	0.0768883950000000
2678	4.67021	2.2776919068048511	0.1855692800000000	0.0951073600000000
2682	11.59270	2.2321861209975351	0.1552511000000000	0.1104276300000000
2684	4.85792	2.2814639277838054	0.1852137050000000	0.0919531600000000
2688	11.84740	2.2418436381501752	0.1394563800000000	0.1056489600000000
2690	4.02890	2.2840315816786312	0.1789137150000000	0.1180385150000000
2692	4.24923	2.2920447388145759	0.1395614550000000	0.0541837950000000
2698	4.00000	2.2725029487081669	0.1069718750000000	0.1174635100000000
2700	4.00689	2.2989639303171656	0.1420169350000000	0.0872194650000000
2702	4.83927	2.2665349457923969	0.1483099950000000	0.1268612700000000
2706	5.48782	2.2507184420740383	0.0850859650000000	0.0631295450000000
2708	4.72899	2.2803604903596102	0.1488035750000000	0.1254802250000000
2710	5.00004	2.2636090653614933	0.1204954150000000	0.0970704200000000
2714	9.24012	2.2392375043828223	0.1442825700000000	0.1077726300000000
264	5.25325	2.2755065105811023	0.1569226050000000	0.0981125500000000
266	4.65214	2.2778908661963753	0.0879567100000000	0.0895709850000000
270	6.35340	2.2522002104298537	0.1395164050000000	0.0826826700000000
2720	6.09093	2.2581334633974368	0.1820406950000000	0.0804949150000000
2722	4.12514	2.3124156912515752	0.2130220600000000	0.0834579900000000
2724	9.23853	2.2369216710858968	0.0740872850000000	0.0531973700000000
2726	4.60106	2.3054547270405967	0.2163541000000000	0.1415499400000000
2730	4.92034	2.2721153574660575	0.1406820050000000	0.0731488150000000
2734	8.35854	2.2399885016436683	0.1285100700000000	0.0966756650000000
2736	4.05690	2.3741364462846501	0.2285573800000000	0.1199304550000000
2738	4.49996	2.2881148103866824	0.1360579300000000	0.0713023250000000
2740	6.40598	2.2634582383512805	0.1441419950000000	0.0897948650000000
2742	4.18392	2.2969555607463725	0.1830900550000000	0.0819925050000000
2744	4.14386	2.2827980123544620	0.1179074150000000	0.0699019650000000
2746	4.16699	2.2869645092396391	0.1524534650000000	0.1035694300000000
2749	8.05054	2.1516524047735848	0.1148037400000000	0.0780828200000000
2750	4.46992	2.2880278874295965	0.1383741850000000	0.0913292500000000
2756	4.18461	2.2822825132819058	0.1202818500000000	0.0927167250000000
2758	7.11963	2.2529415638320978	0.1431619600000000	0.0772472300000000
2760	5.01788	2.2741620319317382	0.1264851350000000	0.1013444550000000
2762	4.62710	2.2759104132083388	0.1151953350000000	0.1124720650000000
2768	4.40001	2.2727590990736237	0.1487527800000000	0.1022332650000000
2774	4.96965	2.2715267614950871	0.1280428350000000	0.0871458250000000
2780	6.99973	2.2450184637345987	0.1566953950000000	0.1326258400000000
2784	4.28057	2.2774574710111746	0.1052121050000000	0.1280383050000000
2786	4.73897	2.2707130576532610	0.1265130200000000	0.0708463050000000
2788	5.18812	2.2757844045948779	0.1477323400000000	0.1042205050000000
2790	4.99142	2.2671646933720822	0.1343131050000000	0.1262019600000000
2792	4.82661	2.2999590979544786	0.1274444150000000	0.1546556800000000
2794	4.66571	2.2837136840519263	0.1356368150000000	0.0718261900000000
2798	5.64999	2.2625073845464287	0.1322208150000000	0.1194889550000000
272	4.72232	2.2819502716834017	0.1612904800000000	0.0643188250000000
274	4.71760	2.2658984365569363	0.1269942600000000	0.0928446200000000
276	4.17418	2.2694128932644078	0.0797023400000000	0.0562905200000000
278	4.44217	2.2731050016512473	0.1217109500000000	0.0664509500000000
2800	6.88302	2.2553502898404680	0.1926133550000000	0.1086692350000000
2802	4.66222	2.2776356275739604	0.1443079250000000	0.0734702350000000
2804	4.88168	2.2734929371142685	0.1735886000000000	0.0850092700000000
2808	5.87316	2.2707414806183048	0.1450021900000000	0.0844140550000000
2810	4.39874	2.2909343652894134	0.1468736600000000	0.0617196050000000
2812	5.23815	2.3284091291719902	0.2181974050000000	0.0502429500000000
2814	5.57099	2.2678790138693317	0.1077485300000000	0.1070830550000000
2816	4.08318	2.2892412721886370	0.1305032200000000	0.0684339400000000
2818	7.18112	2.2379107164050356	0.1264518300000000	0.0739904100000000
2820	6.06766	2.2639340583923557	0.1316722500000000	0.1185075800000000
2822	4.01000	2.2850321384591341	0.1589530400000000	0.1019815550000000
2824	4.61980	2.2873890636851262	0.1325418550000000	0.1129791950000000
2826	6.46623	2.2562647049124878	0.1299232000000000	0.0849076600000000
2828	5.17079	2.2642512114769491	0.1422692950000000	0.0907017800000000
2832	4.47691	2.2909485122558264	0.2028797500000000	0.0833647950000000
2836	4.67993	2.2319365574520846	0.1108950050000000	0.0910069500000000
2838	6.50823	2.3370301557537529	0.2489806100000000	0.1299215900000000
2842	4.57021	2.2877279008342306	0.1507466550000000	0.1060636300000000
2844	4.76573	2.2800292159756781	0.1301101000000000	0.1341303500000000
2846	7.11878	2.2574059098198949	0.1901554850000000	0.0773026950000000
2848	7.04899	2.2544840631458625	0.1390930600000000	0.0767119250000000
2850	4.29009	2.2894304421449609	0.1530027800000000	0.0695651500000000
2856	4.26809	2.2812863290225587	0.1077714750000000	0.0599311750000000
2858	4.35001	2.2791507848250263	0.1219241800000000	0.0777863750000000
2862	6.50001	2.2575280013033900	0.1326858850000000	0.0546237850000000
2864	5.26656	2.2708026691498771	0.1000068450000000	0.0605412750000000
2866	9.63891	2.2220501422856787	0.1140431950000000	0.0900338400000000
2870	4.50002	2.2883023590007534	0.1507197750000000	0.0820561350000000
2872	9.30238	2.2399815079793313	0.1361926200000000	0.1073658650000000
2874	4.70978	2.2470586656523479	0.2154785800000000	0.1366665650000000
2876	4.47483	2.2679996229486523	0.1392324900000000	0.1011783450000000
280	4.40855	2.2550526713353571	0.1883726150000000	0.1043191350000000
282	8.46518	2.2399874633602326	0.1140562350000000	0.0949971300000000
286	6.38959	2.2628536046316121	0.1193492700000000	0.0892759050000000
2880	4.50001	2.2907737175594698	0.1443758250000000	0.0707412750000000
2882	5.59937	2.2595132996825149	0.1212092950000000	0.0870730350000000
2884	4.43812	2.2548424391563957	0.1505999450000000	0.0790808550000000
2888	6.52649	2.2026630585592017	0.1865871650000000	0.1297974450000000
2890	4.04346	2.2831171492146694	0.1051748850000000	0.0932917600000000
2892	5.17000	2.2630925704594445	0.1250709700000000	0.1140870200000000
2894	4.59563	2.2834597799246663	0.1251546100000000	0.1023662250000000
2896	6.65399	2.2536199005280260	0.1265752850000000	0.0823584150000000
2900	4.42397	2.2893974386558513	0.1858278400000000	0.0953948700000000
2902	4.68997	2.2779179658028696	0.1227305300000000	0.1086122500000000
2912	9.19568	2.2479672774584567	0.1497099600000000	0.1070633200000000
2916	4.69994	2.2727396049659983	0.1402515750000000	0.0766483350000000
2920	5.91350	2.2649923929003282	0.1344087600000000	0.0786434150000000
2922	4.44081	2.2890831678904990	0.1446489500000000	0.1257548350000000
2924	4.26997	2.2852527034020551	0.1678580700000000	0.0715707500000000
2926	4.72330	2.2719185023996720	0.1225817300000000	0.0792067600000000
2928	5.95016	2.2744047728371757	0.2228568600000000	0.0784594650000000
2932	4.04891	2.2976503234280581	0.1410727550000000	0.1020139000000000
2934	4.17539	2.2799751125848244	0.1382031650000000	0.0880304450000000
2940	4.15092	2.2364680344853296	0.1761131000000000	0.0848165550000000
2942	4.72946	2.2854062312796204	0.1261768200000000	0.0715316100000000
2944	5.12695	2.2597606444595861	0.0773840150000000	0.0609966500000000
2946	8.35572	2.2360085810847936	0.1321254300000000	0.0810299100000000
2950	6.40363	2.2579939150130697	0.1462207000000000	0.0855458250000000
2952	7.48225	2.2497912562325206	0.1440858300000000	0.1055521500000000
2954	9.01194	2.2359363661721425	0.1585323800000000	0.0986319550000000
2956	4.92169	2.2827857047558373	0.1969989650000000	0.1809669950000000
2958	4.00000	2.2723041263802388	0.1306384150000000	0.0510547500000000
290	4.56983	2.2642692322948443	0.1271560750000000	0.1093007050000000
292	4.74063	2.2733209916116213	0.1036577450000000	0.0534262250000000
2962	7.04486	2.2546908555828900	0.1563090600000000	0.1134068750000000
2968	4.49799	2.2948617189964073	0.1443852350000000	0.0925592400000000
2970	10.13270	2.2418630119320246	0.1701152400000000	0.0774634850000000
2974	9.21944	2.2394702879952524	0.1467117250000000	0.0890459000000000
2976	4.41979	2.2916647513354551	0.1600318900000000	0.1244478500000000
2978	5.88975	2.2532556229174929	0.1138984850000000	0.0926709600000000
2980	4.14296	2.2852036793855368	0.1366753550000000	0.0983937450000000
2982	12.90590	2.2127025649416598	0.1100160050000000	0.1135398050000000
2984	4.93568	2.2707705974780370	0.1214707300000000	0.0725208600000000
2986	4.49291	2.2849153653282182	0.0954273750000000	0.1230394750000000
2990	4.25226	2.2266234156966722	0.1747492550000000	0.0853927550000000
2994	14.96590	2.2262301679572087	0.1422800950000000	0.1050077650000000
3000	8.19245	2.2426207534428810	0.1679436250000000	0.0867902450000000
3002	9.68277	2.2387616218575093	0.1327371400000000	0.0972816350000000
3006	9.66154	2.2364160652339033	0.1205003600000000	0.0901081350000000
3012	4.27623	2.2973794093929643	0.1200703800000000	0.1052916000000000
3016	5.21969	2.3699008426767785	0.2408837700000000	0.1126921500000000
3018	5.26619	2.2728619517589719	0.1585912300000000	0.1035698700000000
3020	5.59896	2.2697440949811192	0.1179392650000000	0.1050156750000000
3024	8.44299	2.2430064299128571	0.1486552400000000	0.1191216800000000
3026	10.30760	2.2388486842847066	0.1542225000000000	0.0996724250000000
3028	5.95873	2.2592578491701931	0.1346865050000000	0.0741000850000000
3030	8.95530	2.2417452349104927	0.1490052700000000	0.0598404400000000
3032	4.59982	2.2734552227084506	0.1264671900000000	0.0751683200000000
3034	4.74703	2.2774677183995715	0.1436227750000000	0.0705083000000000
3038	10.91730	2.2349397433548663	0.1308737200000000	0.0826556500000000
298	5.72922	2.2634612299772163	0.1218666500000000	0.0705263100000000
300	4.48033	2.2844785318103837	0.1583219550000000	0.0891503300000000
302	9.30426	2.2432196605417754	0.1343189850000000	0.0861434600000000
3040	4.47175	2.2867854594163131	0.1674642300000000	0.1064843450000000
3046	4.45076	2.2921753029136176	0.1354773850000000	0.0627352000000000
3048	4.95637	2.2739591024708314	0.1162019500000000	0.0907438200000000
3050	6.73115	2.2588714568200436	0.1277798100000000	0.0869858800000000
3052	4.24874	2.2843744305035276	0.1441264750000000	0.1237175700000000
3058	5.59479	2.2640218594843224	0.1325093100000000	0.0977613850000000
3062	4.57984	2.2822924880028559	0.1479570050000000	0.0788405650000000
3064	4.72266	2.2844471095486081	0.1440862300000000	0.1000813200000000
3068	4.07954	2.2811560489967655	0.1026719650000000	0.0783434200000000
3072	6.56144	2.2591292178085922	0.1519661500000000	0.0474464050000000
3078	4.22833	2.2980784068573081	0.1817054500000000	0.0923556600000000
3080	5.71492	2.2707839629637570	0.1465716750000000	0.0959669250000000
3084	4.92164	2.2787937467620578	0.1144902550000000	0.0790375350000000
3088	6.05933	2.2643195021888727	0.1577572150000000	0.0658701200000000
3090	11.04760	2.2044530546414420	0.1200393950000000	0.1173157200000000
3092	9.08518	2.2393208665126898	0.1103440300000000	0.0794942050000000
3096	7.97027	2.2502695684320906	0.1925866550000000	0.0958689050000000
3098	4.38017	2.2824025853301642	0.1481882700000000	0.0696027500000000
3104	4.34008	2.2834067209857061	0.1297871300000000	0.0668476700000000
3110	13.23870	2.2282624926570054	0.1287019900000000	0.0807830300000000
3112	4.78521	2.2638656063504974	0.1169222000000000	0.0551754500000000
3114	4.29999	2.2881683451209112	0.1311735000000000	0.0892190900000000
3116	4.66860	2.2841392293232485	0.1463969350000000	0.0738785250000000
3118	6.78583	2.2647998612568365	0.1494498200000000	0.0610530250000000
304	4.35666	2.2851953938606888	0.1220918150000000	0.0891559000000000
310	11.78130	2.2328142536346784	0.1469066100000000	0.1142808000000000
3120	5.42970	2.2580051284712899	0.1386047350000000	0.1059381900000000
3124	4.41995	2.2764551154685995	0.1264954150000000	0.0935094100000000
3128	4.06100	2.3040469921434528	0.1633788350000000	0.1092130800000000
3130	5.00992	2.2745933434638568	0.1366576450000000	0.0692316600000000
3132	13.21360	2.2234003789797976	0.1294353750000000	0.0740092250000000
3138	4.94001	2.2747503918159486	0.1428551900000000	0.0771066750000000
3144	4.11924	2.2814443788519814	0.1917382100000000	0.1215453100000000
3146	7.78009	2.2462407679133860	0.1199847450000000	0.0619797700000000
3148	4.41958	2.2919728243482895	0.1522780700000000	0.0563215100000000
3152	4.75031	2.2673509296986487	0.1267079300000000	0.0718927500000000
3154	6.13193	2.3080292238589046	0.2662590750000000	0.1418585200000000
3160	4.38829	2.2852895766058507	0.1348171450000000	0.0873904200000000
3162	4.47027	2.2790802266430221	0.1785655350000000	0.0402072250000000
3164	5.20138	2.2684632623236918	0.1345321300000000	0.1026967950000000
3166	4.20967	2.2905176505222369	0.1352417800000000	0.1092420300000000
3168	4.81774	2.2754237152383952	0.1248342550000000	0.0882395500000000
3170	4.60942	2.2856614334436318	0.1457638150000000	0.1204382950000000
3172	4.35084	2.2840749990680180	0.1315217550000000	0.0878190700000000
3174	5.11026	2.2762107242681249	0.1816225900000000	0.1241877900000000
3176	4.34000	2.2789382880409264	0.1451281500000000	0.0909939600000000
3180	4.29221	2.2865541584934159	0.1402971400000000	0.0683508800000000
3182	5.62373	2.2713259526275609	0.1307743600000000	0.0439697700000000
3184	6.99027	2.2516966982866364	0.1277354550000000	0.1020346350000000
3190	4.31221	2.2870121382322353	0.1424909050000000	0.1256168550000000
3192	5.32008	2.2701350849666690	0.1306600000000000	0.0924703400000000
3194	4.17145	2.2823902065787327	0.1586877500000000	0.1259836750000000
312	6.42442	2.2631358243458726	0.1187361600000000	0.1041612100000000
314	5.20148	nan	nan	0.0000000000000000
316	8.45468	2.2387096204747485	0.1324593750000000	0.0779887200000000
318	4.10089	2.4285767069860325	0.2441818000000000	0.1335127150000000
24	6.39008	2.2533664809319149	0.1360116400000000	0.1087143700000000
26	6.09737	2.2554340178113979	0.1534545200000000	0.0961355450000000
28	5.95941	2.2563199226909574	0.1088666050000000	0.0822132750000000
30	4.08821	2.2906252005248291	0.1154847300000000	0.1103016850000000
320	11.69890	2.2353560112240842	0.1545753500000000	0.0825040000000000
322	4.72290	2.2762873519462352	0.1414479850000000	0.0943676650000000
324	5.87348	2.2520895810048844	0.1327785050000000	0.0930832100000000
326	6.53933	2.2557169506759256	0.1670667100000000	0.0951704850000000
328	6.99964	2.2583900557532823	0.1494456800000000	0.0969148500000000
330	4.00913	2.2938696065727386	0.1407475050000000	0.1290196850000000
332	5.18578	2.2745745033430937	0.1389762800000000	0.0522921650000000
334	4.27849	2.2868011348546529	0.1414301200000000	0.0812108500000000
336	4.86590	2.2751559290752694	0.1600662050000000	0.1149697450000000
338	4.59223	2.2914910573282476	0.1535679350000000	0.1017435350000000
340	7.84714	2.2467791847453986	0.1571287550000000	0.1356237200000000
342	5.06002	2.2720506829201308	0.1451703100000000	0.0857128600000000
344	5.97000	2.2397337825885568	0.1206208050000000	0.1181881300000000
354	12.23160	2.2414332279632769	0.1449918500000000	0.0518033800000000
356	5.38920	2.2720962834387235	0.1415489550000000	0.1159891550000000
358	6.98731	2.3167563514484164	0.2048541350000000	0.1336907150000000
362	4.48027	2.2846547858442037	0.1279668150000000	0.0968956100000000
364	5.02670	2.2705012837922851	0.1227792350000000	0.0733747950000000
366	4.28634	2.2756346266303207	0.1419926650000000	0.0948636650000000
368	4.57993	2.4135408799961175	0.2384942100000000	0.1136440450000000
372	4.99183	2.2776857515635207	0.1908003650000000	0.0796618750000000
374	7.54955	2.2550041863309125	0.1565716100000000	0.1263833300000000
376	4.88651	2.2819311037638674	0.0976939350000000	0.0808297000000000
378	8.36841	2.2437905097064528	0.1645263200000000	0.0828554750000000
380	5.25044	2.2725774153166012	0.1301286050000000	0.0575639200000000
382	5.55295	2.3995754871516519	0.2511116950000000	0.1452329250000000
386	8.63574	2.2472379710523609	0.1349405150000000	0.0815460000000000
388	5.01801	2.2707036482594449	0.1329748900000000	0.0857961550000000
390	4.07706	2.2955606982293264	0.1493644600000000	0.0761761450000000
392	4.76010	2.2739297074560514	0.1324193050000000	0.1275139900000000
394	4.96945	2.2785957114938378	0.1081978800000000	0.0851175800000000
396	5.97077	2.2671060222090094	0.1563026050000000	0.1243270600000000
34	4.59597	2.2806932233359847	0.1698684150000000	0.0827341750000000
36	11.42750	2.2264200276258861	0.1668164950000000	0.1510067050000000
38	7.71594	2.2513405100636841	0.1356136450000000	0.0609311400000000
400	13.25910	2.2311295755215590	0.1500084050000000	0.0985205350000000
408	4.83876	2.2743267209252447	0.1271900150000000	0.1010179900000000
416	19.16470	2.2189721361549584	0.1567152300000000	0.1050758150000000
418	4.62812	2.2690733061184343	0.1447262650000000	0.1424882500000000
420	10.91070	2.2370942477880567	0.1617448850000000	0.0957189700000000
422	4.49919	2.2857868005194262	0.1861366150000000	0.1105371850000000
424	4.41018	2.2896182596398704	0.1727115700000000	0.1222377200000000
426	4.14775	2.3412702231055316	0.1863765200000000	0.1326166200000000
428	4.01005	2.2967161329248209	0.1305699900000000	0.0609317650000000
432	12.00770	2.2327359581709385	0.1414349500000000	0.1122413250000000
440	4.69001	2.2629133639148065	0.1426864700000000	0.1058915850000000
444	4.01200	2.2854466380306628	0.1602133500000000	0.1044265000000000
446	3.99999	2.2892692895500848	0.1062612400000000	0.0744067050000000
448	4.38024	2.2783067618707151	0.1615955100000000	0.0916944900000000
450	10.69890	2.2299013883754766	0.1049821000000000	0.0741055350000000
452	5.10067	2.2733712865261682	0.1477608900000000	0.1002087850000000
454	5.28648	2.2776963160181172	0.1509920400000000	0.0383870000000000
456	7.52274	2.2563422831824713	0.1398649100000000	0.0867950400000000
458	5.24962	2.2535951703187922	0.1487583750000000	0.0492406250000000
460	4.80720	2.2774733565779615	0.1387300200000000	0.0914131150000000
462	5.32730	2.3340196435494800	0.2113575750000000	0.1522823500000000
464	4.45389	2.2409325811312737	0.1643530750000000	0.0932566600000000
466	5.10844	2.2785484849353570	0.1664006100000000	0.1046013600000000
468	4.35962	2.3234714956906100	0.1902627400000000	0.1214028400000000
470	4.69002	2.2777182956077144	0.1254131700000000	0.0778527850000000
472	5.52889	2.2669653275734620	0.1215890900000000	0.0639381750000000
474	5.01269	2.2695654555181917	0.1681647050000000	0.1040346150000000
476	4.28973	2.2683328524031321	0.1188784000000000	0.0900973950000000
40	4.72137	2.2773686258022834	0.1365739350000000	0.1112974350000000
42	5.30174	2.2676811700846398	0.1625337450000000	0.0759498450000000
46	4.86181	2.2774442155403416	0.1545119550000000	0.0974332300000000
480	9.18256	2.2364344208059208	0.1000554400000000	0.0799333700000000
484	4.84521	2.2798326323571279	0.1792533050000000	0.0861434300000000
486	5.16271	2.2733373587111290	0.1543186000000000	0.1248296500000000
488	6.47736	2.2583475728764082	0.1417716150000000	0.0949534900000000
492	4.09257	2.2675120275919656	0.1398407900000000	0.0364104600000000
494	8.00877	2.2474973085996042	0.1390629150000000	0.0890076150000000
500	9.56550	2.2418378018694560	0.1347422900000000	0.0830939800000000
502	4.17605	2.2790904157350229	0.1366540300000000	0.0802152900000000
506	4.44068	2.2550365307390656	0.2089139000000000	0.0949536850000000
512	4.50597	2.2818149983824747	0.1311201750000000	0.1163080750000000
514	5.80851	2.2621282561953451	0.1218969350000000	0.0714064350000000
516	5.57690	2.2712485914919642	0.1565721600000000	0.1134565550000000
520	4.83509	2.2703591668028191	0.1460613350000000	0.1138570150000000
522	4.93996	2.2798501924036585	0.1722480850000000	0.0991348500000000
524	5.93792	2.2671725826361611	0.1634124250000000	0.0480009300000000
528	5.22447	2.2671154437352041	0.1367844250000000	0.1253959700000000
530	7.65335	2.2484325671788339	0.1472676400000000	0.1199835200000000
532	4.49980	2.2855769816461189	0.1709271250000000	0.1062317450000000
534	4.17992	2.2822940471209594	0.1171157350000000	0.0727832250000000
544	8.30517	2.2861580110391984	0.1942630500000000	0.1187093750000000
546	4.66661	2.2738375871619776	0.1399987600000000	0.0965872050000000
548	4.13510	2.2883336938539651	0.1093970600000000	0.1080725250000000
550	5.97092	2.2620548432567529	0.1058081850000000	0.0735546500000000
554	4.87395	2.2714918350245061	0.1112216200000000	0.0700970500000000
556	5.28839	2.2641913365191844	0.1249555150000000	0.1089144650000000
50	4.65639	2.2587374422331274	0.1236948550000000	0.0974350000000000
52	16.74470	2.2185527988756770	0.1375308900000000	0.0466918400000000
560	6.12474	2.2561701193211166	0.1172212700000000	0.1500364250000000
562	5.92542	2.2493250693400748	0.1069844100000000	0.0841281550000000
564	5.28955	2.2709989579409733	0.1551045950000000	0.1016010100000000
568	5.29829	2.3392940476264883	0.2339050400000000	0.1363646300000000
570	13.32050	2.2313394007894329	0.1315021500000000	0.0876399350000000
572	8.19246	2.2426271658182726	0.1496169300000000	0.0617037600000000
574	5.42940	2.2678086462993678	0.1736008450000000	0.0802262900000000
576	5.51229	2.2630790032543406	0.1198027050000000	0.0739936650000000
578	6.71299	2.2601828114340163	0.1946981200000000	0.0772973100000000
580	7.37675	2.2494761619820305	0.1528676650000000	0.0797127600000000
582	4.27199	2.2763764557980553	0.1347258050000000	0.0920641100000000
588	4.95559	2.2713700079840287	0.1703082450000000	0.0936680400000000
590	10.20320	2.4269065258556979	0.2528512850000000	0.1201619700000000
594	4.59101	2.2838083401084495	0.1580781000000000	0.0988336950000000
598	6.13030	2.2501555175329231	0.1415802400000000	0.1071785200000000
602	4.91992	2.2805725274476041	0.1305209100000000	0.0855767200000000
604	7.96701	2.2375290796722753	0.1230150000000000	0.0732357300000000
606	4.24997	2.4185735440856533	0.2856892250000000	0.0981916500000000
612	15.79580	2.2139020520035628	0.1455711950000000	0.1159917900000000
614	7.96823	2.2466768569024151	0.1238083600000000	0.0608127700000000
616	5.75065	2.2557365935595244	0.1666831350000000	0.0728905300000000
618	5.39051	2.2575044220110474	0.1323819100000000	0.0784461350000000
620	4.99862	2.2767809162671315	0.1944422650000000	0.0636700100000000
622	4.00730	2.2951861079520599	0.1279611150000000	0.1063507800000000
624	5.00235	2.2534205576922202	0.1284980300000000	0.0567970050000000
626	7.71899	2.2503111815975805	0.1560146900000000	0.1300035950000000
628	7.78068	2.2487591811820726	0.1317309400000000	0.1027644900000000
630	7.58673	2.2386894079032591	0.0514874550000000	0.0886663700000000
638	5.39993	2.2741438704908710	0.1095672550000000	0.0508390150000000
56	4.27006	2.2943546286505114	0.1493589400000000	0.0971396500000000
60	4.04813	2.2935405582389774	0.1394055350000000	0.0584560300000000
640	6.60590	2.2664906766431017	0.1971731450000000	0.0997880250000000
642	5.30005	2.2811369448947771	0.1802569750000000	0.1246057300000000
644	4.20982	2.2799901008084720	0.1341251300000000	0.0631017950000000
646	5.04993	2.2729159245355297	0.1319628300000000	0.0819075000000000
648	5.16018	2.2691455362253787	0.1591780000000000	0.1443630050000000
650	5.68948	2.2663909431977474	0.1344632850000000	0.0650051000000000
658	11.91340	2.2371779762697455	0.1587016100000000	0.0860662150000000
660	4.39697	2.2893370619726237	0.1833129500000000	0.0858331350000000
662	4.80723	2.2748906133359257	0.1196746650000000	0.0860559350000000
664	4.25844	2.2748552662739994	0.1434021800000000	0.0587887950000000
666	4.26001	2.2891361985812182	0.1517045150000000	0.0953813100000000
668	6.19983	2.2622470030412485	0.1236733200000000	0.0925357750000000
672	8.53196	2.3018825011652644	0.2085237150000000	0.1014150000000000
674	6.29109	2.3255090060898440	0.2239596650000000	0.1024328750000000
680	5.55312	2.3106575449060167	0.2444624350000000	0.1122329650000000
684	4.81861	2.2741156969277334	0.1080774950000000	0.0759909400000000
686	6.88888	2.2521410368490300	0.1735473150000000	0.0681466850000000
690	8.86501	2.2379812097171703	0.1054316800000000	0.0823704500000000
692	4.72836	2.2855744478702840	0.1547809100000000	0.1142606950000000
696	7.24264	2.2498471577549717	0.1324858600000000	0.0666331650000000
700	6.63621	2.2553103884257917	0.1568500700000000	0.0631489000000000
702	4.01006	2.2800196483673014	0.1251398700000000	0.1648337500000000
706	4.21997	2.2823066689441651	0.1477795400000000	0.0387579150000000
710	4.99021	2.2807642223294051	0.1426186650000000	0.0899379000000000
712	4.16844	2.3018403760680717	0.1397499200000000	0.1091573650000000
714	4.85701	2.2730989935540373	0.1563508000000000	0.0890311200000000
718	4.49795	2.2808012953601677	0.1603841450000000	0.0487984900000000
64	4.05404	2.2901264071933376	0.1339832850000000	0.0775588900000000
66	4.12811	2.2898937447485799	0.1506177650000000	0.1016297950000000
70	4.99201	2.2766399980139935	0.1419487550000000	0.1162150950000000
720	4.86081	2.2840095951944885	0.1404949450000000	0.0920858950000000
722	9.55964	2.2373806880411400	0.1197988700000000	0.0764339850000000
724	5.58146	2.2562815709732327	0.1340325450000000	0.0487479600000000
726	4.48954	2.2716398526408899	0.1885602900000000	0.1088867750000000
728	5.37312	2.2629857256865189	0.1233692200000000	0.1368428300000000
730	4.04598	2.2959136505532296	0.1184237600000000	0.1148255200000000
734	5.81957	2.2649246638226792	0.1231942600000000	0.1157345050000000
738	4.39812	2.3469681577181394	0.2044720400000000	0.1398145500000000
740	5.73561	2.2746149971894969	0.1817833350000000	0.0854704500000000
742	4.34562	2.2738078967153510	0.0905592050000000	0.1054923300000000
746	5.02036	2.2833991494885515	0.1809936850000000	0.0894339150000000
748	10.29080	2.2360406301939042	0.1555462250000000	0.0823320700000000
752	7.13508	2.2548124620067864	0.1814614900000000	0.1352861850000000
754	4.57918	2.2750871437081903	0.1637167500000000	0.1127224350000000
762	4.49133	2.2806253078085406	0.1453021400000000	0.0660906300000000
766	6.03861	2.2661845495712054	0.1333583800000000	0.0729256900000000
768	6.49957	2.2506800286431843	0.1024830000000000	0.0749580650000000
772	4.01021	2.2645223004202850	0.0968923750000000	0.0920203550000000
774	4.84509	2.2694494743521489	0.1348704700000000	0.0983919850000000
776	6.40735	2.2556465762260851	0.1245706350000000	0.0788424200000000
778	6.98751	2.2561802238480184	0.1464758200000000	0.0998266800000000
782	5.28004	2.2685543250005922	0.1751665350000000	0.1333500050000000
784	6.20121	2.2561196503551386	0.1907716950000000	0.0563739000000000
786	6.00964	2.2612323498077833	0.1041235200000000	0.0798639700000000
788	5.78503	2.2563114477240398	0.1250538300000000	0.1034785650000000
792	4.44731	2.2763934339411858	0.1185017800000000	0.1011164300000000
796	5.91367	2.2533548520615136	0.1382251600000000	0.0760051700000000
798	4.83879	2.2712555421078879	0.1162838000000000	0.0525247800000000
72	9.58719	2.2432755292798365	0.1405858100000000	0.0778572850000000
76	4.73062	2.2750617374241817	0.1333493100000000	0.0756831000000000
78	5.98490	2.2547021834880878	0.1338977800000000	0.0921190600000000
