4	4.35645	2.2867724544619814	0.1470339550000000	0.1066297600000000
6	4.69902	2.2822584859204769	0.1198479150000000	0.1045559250000000
802	9.13833	2.2362806595389970	0.1038791350000000	0.0795980300000000
808	4.77777	2.2887112986497922	0.1538353700000000	0.0940818150000000
810	4.50192	2.2939604295849012	0.1449244250000000	0.0673102500000000
812	4.12992	2.3013922284320025	0.1286092300000000	0.1450264250000000
814	5.51014	2.2868693343006519	0.1627533150000000	0.1195123650000000
816	4.70120	2.2730283785694230	0.1395486000000000	0.1188645450000000
822	4.02000	2.3038892858214290	0.1539393200000000	0.0688571500000000
824	5.48187	2.2598342430160101	0.1497578150000000	0.1233865500000000
826	5.02823	2.2747097209568765	0.1513343600000000	0.1007408200000000
828	4.39944	2.2901965510087878	0.1561266800000000	0.1213851850000000
830	4.76516	2.2822248752440717	0.1353862000000000	0.0907411450000000
834	4.69003	2.2840533392811637	0.1401997800000000	0.0457354300000000
836	9.14174	2.2344756378301471	0.1660803050000000	0.1244784100000000
838	11.07470	2.2399582540054834	0.1566573550000000	0.1084524450000000
842	7.66761	2.4066267562621411	0.2508943750000000	0.1550132500000000
844	5.82782	2.2548538075512532	0.1483534450000000	0.1342306850000000
846	4.41559	2.2733604684849253	0.1289498650000000	0.0585565400000000
850	5.91751	2.2545890944803357	0.1407158800000000	0.1137253950000000
856	4.41190	2.2804092382853316	0.1360930850000000	0.0657509450000000
858	4.98057	2.2755870540699981	0.1115479400000000	0.1061686200000000
860	4.86085	2.2700225782197916	0.1252534100000000	0.0921507100000000
862	4.83234	2.2865208704166968	0.1600404500000000	0.0972071750000000
864	4.09047	2.2844190537259768	0.1375804250000000	0.0721478250000000
872	4.02906	2.2851815180584905	0.1203285450000000	0.0932446950000000
878	4.54933	2.2812201859316636	0.1226504500000000	0.0735983950000000
80	5.11851	2.2649533507262278	0.1438052100000000	0.0615457200000000
82	4.14228	2.2784682737357009	0.1706211800000000	0.1124192750000000
882	4.12996	2.2669322863681591	0.1807355800000000	0.0693781650000000
886	4.24842	2.2921596829697477	0.1680721000000000	0.1051447050000000
888	6.76593	2.2556859353858170	0.1676690000000000	0.0854905500000000
890	4.95505	2.2668551389043645	0.1321767050000000	0.0845291400000000
894	9.01225	2.2446699447717875	0.1192766300000000	0.0865552550000000
896	4.86598	2.2737293319452325	0.1335460100000000	0.0737905250000000
900	4.50584	2.2762842760943589	0.1240460200000000	0.0901756800000000
902	4.70921	2.2774772934814425	0.1408718500000000	0.1255985850000000
904	4.73006	2.2865332033301491	0.1399992200000000	0.0709940650000000
906	7.99125	2.2401681408615257	0.1093473200000000	0.0926219550000000
908	5.04026	2.3283575147087783	0.1933840150000000	0.1104281400000000
910	4.24570	2.2588731054251401	0.2285468900000000	0.0744287100000000
920	4.84378	2.2755451278885013	0.1394019700000000	0.1420509850000000
922	4.80728	2.2964141215813525	0.1870007050000000	0.1313370750000000
932	4.53006	2.2758015954690203	0.1214775350000000	0.0777108350000000
934	4.34599	2.3460147077436257	0.2194468350000000	0.0832534400000000
938	4.13974	2.2918765527355505	0.1601995050000000	0.1088444350000000
940	4.62017	2.2746906439044432	0.2357851550000000	0.0761118750000000
942	4.78462	2.2780867251841816	0.1199261700000000	0.0895386700000000
944	4.71987	2.2904535566256952	0.1259646200000000	0.0574548800000000
946	6.24975	2.2445910512067564	0.1299681650000000	0.1067932750000000
948	4.02000	2.2905843484492436	0.1607265350000000	0.1183978200000000
950	10.71510	2.2340635070601236	0.1367597450000000	0.0928703250000000
954	8.53221	2.2474540542212411	0.1623583200000000	0.0970344150000000
956	4.00829	2.2916115191097943	0.1608168000000000	0.1390824050000000
958	16.47030	2.2254392975318047	0.1011327400000000	0.0874036750000000
88	5.11225	2.2652451443523973	0.1491452250000000	0.1319442600000000
94	6.88144	2.2620095126037167	0.1383917750000000	0.0447401500000000
962	4.08396	2.2954409218514158	0.1363368250000000	0.1086633600000000
970	5.00324	2.2722187555142579	0.1513137800000000	0.0990492600000000
974	5.07010	2.2712114959274552	0.1208376000000000	0.0637051400000000
976	6.08247	2.2621606911639462	0.1468654200000000	0.0834060050000000
978	5.95959	2.2640601859259957	0.1468281150000000	0.0916003000000000
980	4.01998	2.2910448277227591	0.1060834200000000	0.0630812700000000
982	4.16579	2.2765071096924436	0.1545662200000000	0.0923552600000000
984	4.28682	2.2860112398271157	0.1297602400000000	0.0687184350000000
988	5.02105	2.2804783092799314	0.1484263800000000	0.0853774500000000
990	4.13117	2.3354114550041887	0.1950096550000000	0.1290388050000000
994	5.46914	2.2740845934541118	0.1668254350000000	0.1278112450000000
996	4.81901	2.2747824407446662	0.1810398150000000	0.0717062350000000
998	4.05999	2.2689809965182164	0.0976429050000000	0.0912117300000000
1000	6.84932	2.2587800833607425	0.1541460000000000	0.0659501750000000
1002	4.06005	2.2935851116879795	0.1261472600000000	0.0557554600000000
1004	4.05646	2.2942319462488698	0.1571949500000000	0.1214537050000000
1006	4.73002	2.2783270643518510	0.1572472700000000	0.0779222200000000
1008	10.74660	2.2356769121802578	0.1457243150000000	0.0814849750000000
1010	7.48502	2.2549503372752362	0.1611152850000000	0.0949282850000000
1014	4.79428	2.2850341244362400	0.1363285700000000	0.0619831200000000
1016	5.42450	2.2726924700534781	0.1169636550000000	0.0814978950000000
1018	4.35595	2.2822556715497044	0.1340831350000000	0.1068261350000000
1020	4.59215	2.2746968187212344	0.0913711750000000	0.0634204400000000
1024	4.11828	2.2824212622164972	0.1515205000000000	0.1041074500000000
1026	5.42788	2.2714330415299790	0.1781631100000000	0.0598379800000000
1032	5.37206	2.2716610310988896	0.1433310000000000	0.0803037000000000
1036	6.19163	2.2557569297862501	0.1583130200000000	0.0636228350000000
1038	20.58720	2.2174358318858900	0.1460585300000000	0.0921496850000000
100	4.44442	2.3154044395802345	0.2473488650000000	0.1139248400000000
102	11.84740	2.2324709204617936	0.1348063250000000	0.0648994900000000
1042	8.97676	2.2466291166449888	0.1414306600000000	0.0960862000000000
1044	7.71618	2.2487861113099767	0.1528816250000000	0.1128780600000000
1048	7.04994	2.2087853031908065	0.1900296650000000	0.1051004100000000
1050	4.79443	2.2683989705434713	0.1236133700000000	0.1108105850000000
1054	5.00964	2.2762913996214018	0.1778893850000000	0.0926566250000000
1056	13.19180	2.2495882325847640	0.1608512050000000	0.0443074950000000
1058	5.16946	2.2706231699364876	0.1204189700000000	0.0945800650000000
1060	4.42420	2.2861962870959185	0.1171914950000000	0.1086983650000000
1062	7.52754	2.2522507851230560	0.1318181100000000	0.0876273750000000
1064	4.13375	2.2902887536720811	0.1186608800000000	0.0959290800000000
1068	4.03979	2.2977379372304214	0.1645840900000000	0.1159825700000000
1070	5.57741	2.3415281600197089	0.2680539600000000	0.1908191600000000
1074	5.15909	2.3677232248149842	0.2496249750000000	0.1619577200000000
1076	4.75638	2.2729873444614985	0.1391154750000000	0.0854884350000000
1078	9.13998	2.2419606942478301	0.1486739100000000	0.1094395500000000
1080	6.88055	2.2625861362052575	0.1645271850000000	0.0819563450000000
1084	4.39977	2.2855359461897677	0.1618194500000000	0.1195489300000000
1092	4.06107	2.2855759455763791	0.1340778300000000	0.0980418350000000
1094	5.02848	2.2787754580775617	0.1252137200000000	0.0901155850000000
1096	4.94043	2.2803011885980728	0.1425256350000000	0.0896251350000000
1098	4.99017	2.2702900238965991	0.1164039350000000	0.0726092100000000
1100	6.64546	2.2514925786060194	0.1501308400000000	0.1125382150000000
1104	4.56992	2.2801759474934284	0.1386624500000000	0.0470517450000000
1106	5.56954	2.2643876305451274	0.1730474550000000	0.0918351250000000
1114	6.80212	2.2590076068990212	0.1536947750000000	0.0640548000000000
1116	4.09318	2.3114315918020969	0.2643952050000000	0.0990143800000000
1118	4.94317	2.2773381083708091	0.1220256400000000	0.1318456800000000
104	4.17470	2.2904529694483080	0.1065982950000000	0.0900162850000000
106	4.24173	2.2833607944297523	0.1309592650000000	0.1147100350000000
108	6.74909	2.2626415264094790	0.1907869750000000	0.1163945250000000
110	4.95835	2.2782978788733637	0.1364746900000000	0.1022742400000000
1120	6.15791	2.2559683903324759	0.1442684350000000	0.0950660200000000
1122	4.50022	2.2714688128344709	0.1328058950000000	0.1165563300000000
1126	4.63993	2.2887634744785434	0.1563008050000000	0.0983606600000000
1128	4.73005	2.2860561127149510	0.1279849100000000	0.0771884800000000
1130	6.62189	2.2546228582204089	0.1333547200000000	0.0894903100000000
1132	4.82357	2.2809685008395197	0.1273763200000000	0.0977799500000000
1134	4.49785	2.2859585903867576	0.1240690200000000	0.0935214900000000
1136	4.52370	2.2821318477424479	0.1519058400000000	0.0648015100000000
1138	4.57963	2.2822361465638843	0.1641045050000000	0.1062166850000000
1140	4.33156	2.2877156483256833	0.1121497650000000	0.0456530100000000
1142	5.77021	2.2616469671071600	0.1367196950000000	0.1130890350000000
1148	4.34715	2.2936473675902911	0.0892856050000000	0.1176406650000000
1150	4.29202	2.2890715326875637	0.1408816950000000	0.0773237500000000
1152	6.15727	2.2548541849187171	0.1221860200000000	0.0991919450000000
1156	4.92139	2.2859421977457370	0.1459516650000000	0.0736378000000000
1158	4.44046	2.2794210061116122	0.1246042450000000	0.1079766250000000
1168	4.99998	2.2775331324024188	0.1368340450000000	0.0984887050000000
1170	4.44863	2.2805230830917358	0.1700766750000000	0.1136178600000000
1172	7.77621	2.2320189171007470	0.1098433750000000	0.0708625000000000
1176	8.82243	2.2410233422197718	0.1259985350000000	0.0967465300000000
1180	6.98595	2.2550153015138923	0.1419314500000000	0.1004830550000000
1186	4.49995	2.2833722285707454	0.1479465850000000	0.0977937200000000
1190	9.36204	2.2425789790066259	0.1561983650000000	0.0766638900000000
1192	4.60472	2.2841394319105599	0.1582552250000000	0.0434596000000000
1194	5.00000	2.2724913428677982	0.1584868050000000	0.0783201050000000
1197	4.78462	2.1348886733339305	0.1389219350000000	0.0950271800000000
112	4.34973	2.2913791086750934	0.1258797350000000	0.1022242750000000
114	5.67070	2.2615109343594266	0.1757373300000001	0.0855619800000000
118	4.02935	2.2930234877400344	0.1197115100000000	0.0741396500000000
1200	7.75231	2.2465483170035663	0.1498457550000000	0.1252433350000000
1202	4.35313	2.2824306092542828	0.1423773900000000	0.0970489200000000
1204	6.77997	2.2577988163614200	0.1744865950000000	0.1137684550000000
1206	6.99988	2.2587649710972557	0.1464151400000000	0.1069379850000000
1212	4.82000	2.3421186756769576	0.1937942350000000	0.0947019350000000
1214	10.74680	2.2376722172411636	0.1191285350000000	0.0537831500000000
1216	4.93969	2.2635643434572272	0.1446185800000000	0.0913183850000000
1218	7.34905	2.2436995268475095	0.1474093950000000	0.0791226600000000
1220	12.93590	2.2262118047981176	0.1477108250000000	0.1126583850000000
1222	4.15682	2.2923848106730307	0.1533394400000000	0.1093768100000000
1224	4.57009	2.2786968549973796	0.1853686900000000	0.0816237650000000
1226	4.35377	2.2589826197961020	0.1308703250000000	0.0674878500000000
1228	4.42998	2.2761820784786702	0.0978815050000000	0.0860830550000000
1230	5.20353	2.2741076321516767	0.2083086950000000	0.0479835250000000
1232	4.57896	2.2866063187154921	0.1624059150000000	0.1001538550000000
1236	4.22672	2.2840871026093055	0.1145577900000000	0.0958058900000000
1240	6.10483	2.2638172307376316	0.1456005750000000	0.0820187450000000
1244	4.25318	2.2927768816645404	0.1350627750000000	0.0861486550000000
1246	4.67784	2.2846050752099250	0.1144449800000000	0.0732285250000000
1248	4.14212	2.2932255835162674	0.1095441350000000	0.0658564000000000
1250	7.39761	2.2451840108081549	0.1526919050000000	0.0938711500000000
1252	4.82270	2.2838314629676115	0.1380319050000000	0.0776768150000000
1254	4.41000	nan	nan	0.0000000000000000
1256	5.28996	2.2856503542689448	0.1686657100000000	0.0439108400000000
1258	6.13964	2.2544409344058840	0.1185747700000000	0.1034283900000000
1260	5.95341	2.3049446115457122	0.2087964950000000	0.1399914850000000
1264	4.59321	2.2862326944733082	0.1321660150000000	0.0657528900000000
1266	4.18517	2.3811554736866571	0.2190482650000000	0.1227930100000000
1268	7.77916	2.2490867643244750	0.1276309350000000	0.1001217850000000
1270	5.12282	2.2669927784692701	0.1105037650000000	0.1043785300000000
1274	7.78094	2.2403523262999903	0.1716430400000000	0.0602566950000000
1276	6.23931	2.2600615681924032	0.1289254850000000	0.0834584650000000
120	4.49998	2.2956495871437688	0.1743998850000000	0.0950695950000000
122	4.12503	2.2900658077109846	0.1377999050000000	0.1255950900000000
126	4.67039	2.2829862999645072	0.1160293400000000	0.0552782500000000
1280	4.86258	2.2749940530438080	0.1737413900000000	0.0800765500000000
1282	9.14179	2.2442255561694338	0.1486128000000000	0.0902328250000000
1284	8.93260	2.2481977984125052	0.1507944900000000	0.1306548950000000
1286	16.78930	2.2227445580207870	0.1337879650000000	0.0782655500000000
1288	4.10059	2.2876221194269113	0.1496613500000000	0.1199517950000000
1290	4.41996	2.2901189806927573	0.1840677650000000	0.1376623800000000
1294	41.53440	2.2070617686184000	0.1425138750000000	0.0965989400000000
1295	41.53440	2.3515418548098013	0.2397252500000000	0.1513069500000000
1296	4.83472	2.2656025171644587	0.1763182200000000	0.0954747100000000
1298	4.20010	2.2908094073517216	0.1400897300000000	0.0970600950000000
1300	5.56063	2.2769844987732011	0.1507083850000000	0.1107534300000000
1306	26.52460	2.2166827067587738	0.1433275050000000	0.0627668500000000
1310	4.21926	2.3020919076441686	0.1374069050000000	0.0913721400000000
1312	4.92507	2.2769971020621829	0.1332215700000000	0.0775697400000000
1316	8.20009	2.2371887422484460	0.1045605500000000	0.0871898700000000
1320	4.50593	2.2803614110668091	0.1133674550000000	0.1060139150000000
1322	4.92764	2.2776442374865149	0.1248452200000000	0.1081010700000000
1324	4.19051	2.2916088142559228	0.1373475200000000	0.0987975850000000
1328	6.31772	2.2501489719161967	0.1238498650000000	0.0692237800000000
1330	4.42435	2.2890208781904766	0.1169664050000000	0.1026699450000000
1334	6.43223	2.2607903760491364	0.1221600400000000	0.0690800650000000
1338	4.29983	2.2912553207691260	0.1150989150000000	0.0845341750000000
1340	4.74091	2.2424118440213898	0.0780126000000000	0.1329807050000000
1346	4.12469	2.2844437500357633	0.1140852700000000	0.0973983950000000
1348	4.19133	2.2887926328633843	0.1141553850000000	0.0837278400000000
1352	6.49995	2.2546396331109997	0.1536299700000000	0.1124237200000000
1354	4.93868	2.2794529616674288	0.1335356250000000	0.1364095550000000
1356	5.16798	2.2738080971618690	0.1505155050000000	0.0561629400000000
132	4.26004	2.2885677714959547	0.1376340000000000	0.1186503400000000
1360	4.34000	2.2903409063224425	0.1198982100000000	0.0566095250000000
1362	4.19857	2.2892602489772340	0.1127644950000000	0.0996508200000000
1366	4.28500	2.2957686687324790	0.1363549450000000	0.0552240050000000
1368	4.33103	2.2871212899146185	0.1866883050000000	0.0931290250000000
1370	5.01810	2.2841653182765382	0.1364662800000000	0.0851206450000000
1372	4.83900	2.2760572770004006	0.1040542450000000	0.0732982000000000
1374	11.70160	2.2339098439353284	0.1265566250000000	0.0690321500000000
1376	4.18779	2.2877694399055644	0.1105505900000000	0.0680965700000000
1380	4.47979	2.2850597728410400	0.1306495650000000	0.0789171650000000
1382	4.19429	2.2844419301561212	0.1498230500000000	0.0762911750000000
1384	4.74990	2.2769374123950810	0.1552701200000000	0.1376404000000000
1386	4.46202	2.2724297375838369	0.1447080800000000	0.0498190000000000
1388	7.51339	2.2401888335319140	0.1295390750000000	0.1034000600000000
1390	4.07593	2.2892109404541943	0.1686871000000000	0.1222608350000000
1392	4.50586	2.2766971759107859	0.1379807000000000	0.1470702750000000
1394	5.40028	2.2716859664796973	0.1289769650000000	0.1159453050000000
1396	4.21001	2.2957022003622902	0.1289596800000000	0.1021581550000000
1398	4.55972	2.2768523457818848	0.1771315700000000	0.1149517900000000
1400	6.45934	2.2557554202021413	0.1927003550000000	0.1219132050000000
1404	5.63143	2.2725220084346787	0.1398321750000000	0.0730379250000000
1406	5.45344	2.2638668545198515	0.1021736050000000	0.1016826200000000
1410	3.99999	2.2954631661486573	0.1457664850000000	0.1311616700000000
1412	5.06884	2.2671455142415367	0.1382074700000000	0.1004151250000000
1414	5.17088	2.2753743011619441	0.1269243500000000	0.0600203500000000
1416	4.16630	2.2891110516300426	0.1405863800000000	0.0828435400000000
1418	4.45962	2.2891210095881278	0.1375030450000000	0.0724899100000000
1420	4.96768	2.2796429819477351	0.1659141450000000	0.0995267350000000
1422	6.48742	2.3067894861925287	0.1480934150000000	0.1173203450000000
1426	4.59597	2.2638483742087612	0.1669519450000000	0.0938665300000000
1432	4.74588	2.2839325529000072	0.1690597300000000	0.0302468450000000
1436	4.05549	2.3890693947670072	0.2355524050000000	0.1220636550000000
1438	4.35346	2.2706688743192216	0.0894364300000000	0.1160542750000000
138	5.65792	2.2489617565479270	0.1221176800000000	0.0814042350000000
142	7.11878	2.1757677957016548	0.1558330300000000	0.1116657600000000
1440	14.84560	2.2293314307578620	0.1530737100000000	0.0992072050000000
1442	5.15863	2.2533085185818127	0.1312558350000000	0.0824130600000000
1444	4.52015	2.2792346588518515	0.1048311750000000	0.0701363750000000
1446	13.19560	2.2210076750590759	0.1530238900000000	0.0921847950000000
1452	26.14010	2.2083279212022382	0.1480949550000000	0.1054691300000000
1453	26.14010	2.3306100747763554	0.2499729400000000	0.1284358400000000
1458	6.81732	2.2562861224820439	0.1381662000000000	0.1111710100000000
1466	5.14388	2.2627893796386052	0.0726795250000000	0.1000125350000000
1474	16.46020	2.2221249051410803	0.1309548650000000	0.0734910650000000
1476	4.04919	2.2891005113680993	0.1171188500000000	0.0769212050000000
1478	4.73253	2.2841711658653061	0.1474404050000000	0.0681503850000000
1480	4.41109	2.2833290592470075	0.1483453100000000	0.0543033350000000
1482	8.11443	2.2506932922925968	0.1752414000000000	0.0751483300000000
1484	4.90953	2.2794605748490104	0.1392066250000000	0.0882544800000000
1486	4.76000	2.2737298415819538	0.1427193050000000	0.1094927700000000
1488	4.99997	2.2752210943711226	0.1282027350000000	0.0549104000000000
1494	8.85629	2.2415830833533810	0.1285307400000000	0.0628706000000000
1496	4.43155	2.3579111450590036	0.2058007700000000	0.1383748350000000
1498	5.33950	2.2686037433452508	0.1245586350000000	0.0938144900000000
1500	10.05860	2.2326861481613727	0.1408774450000000	0.0926583100000000
1504	5.00547	2.2758165299423267	0.1190231900000000	0.0770292950000000
1506	6.05950	2.2632862519529504	0.1120537300000000	0.0843537150000000
1508	4.98861	2.2821028117160473	0.1437072000000000	0.1226567800000000
1510	7.57217	2.2473450682367146	0.1487481100000000	0.1055741550000000
1512	6.33965	2.2491667237049984	0.1166515450000000	0.0776154400000000
1513	6.33965	2.1363569975970154	0.1108459200000000	0.0577562250000000
1514	4.41009	2.2820428418195267	0.1377989750000000	0.1312850950000000
1518	4.00000	2.2804655536958536	0.1573272800000000	0.0865402800000000
144	4.19992	2.2931962726599759	0.1475709000000000	0.0812709950000000
146	4.16991	2.2928990144872365	0.1108534850000000	0.0833403300000000
148	4.15883	2.4432956083967849	0.2347947900000000	0.1133773550000000
150	5.97077	2.2641502820129120	0.1606627750000000	0.0563107600000000
1530	6.61898	2.2561938894638187	0.1762980150000000	0.0860509600000000
1534	4.40991	2.2884490572610843	0.1301417750000000	0.1064901800000000
1536	6.77581	2.2598701325247434	0.1191043950000000	0.1028878600000000
1540	5.93810	2.2587590176313701	0.1599160900000000	0.0747749500000000
1542	4.00992	2.2922258783604610	0.1409985600000000	0.0812790350000000
1544	6.17991	2.2550859298785695	0.1512674300000000	0.0794612400000000
1546	5.33599	2.2743584485506916	0.1757711450000000	0.0824063500000000
1548	4.86100	2.2839180859322314	0.1770270500000000	0.0730105300000000
1550	4.11980	2.2968255754119165	0.1205998000000000	0.0513759650000000
1554	9.48333	2.2335909534543728	0.1595329650000000	0.0991054400000000
1556	5.13316	2.2717231877928881	0.1256007250000000	0.0705256250000000
1558	6.80042	2.2553724380408204	0.1812438650000000	0.0853218300000000
1562	5.98505	2.2447808249396459	0.0627828300000000	0.0343769950000000
1566	5.19021	2.2553191303438749	0.1974297550000000	0.1001590800000000
1568	4.75006	2.2756371522690699	0.0932483950000000	0.0797944350000000
1570	5.24969	2.2687452905964292	0.1098936050000000	0.0841879800000000
1572	5.57786	2.2536881999362186	0.1278523500000000	0.0827704350000000
1578	5.96102	2.2534636683712077	0.1891293900000000	0.1180271050000000
1580	6.63143	2.2544710750096768	0.1610982800000000	0.0848438050000000
1582	4.83719	2.2674690985767532	0.1294401700000000	0.0880983100000000
1584	8.53797	2.2551784005846631	0.1682681500000000	0.0786153550000000
1586	7.09003	2.2382757780468956	0.1067120700000000	0.0888139950000000
1588	5.52782	2.2721080933002251	0.1240686000000000	0.0902563550000000
1590	4.29175	2.2878505650533776	0.1553205700000000	0.0739192050000000
1592	4.96853	2.2617276169743579	0.1740677800000000	0.0730003150000000
1594	4.28156	2.2834187802881618	0.1194364450000000	0.1246336000000000
1596	11.63420	2.2361119753445005	0.1448238250000000	0.0962699150000000
152	4.46989	2.2861802339404180	0.1227531900000000	0.0932725400000000
154	4.73684	2.2805932088316596	0.1500023250000000	0.1079546700000000
156	5.91927	2.2729047469211783	0.1428398850000000	0.0733860450000000
158	4.24722	2.2910529683602503	0.1389115800000000	0.0755520200000000
10	6.61961	2.2604101661744087	0.1411298850000000	0.0964217300000000
1600	5.91412	2.2538507998631356	0.1970657750000000	0.1256520600000000
1602	4.45082	2.2833595308346220	0.1117264850000000	0.1066046550000000
1604	4.01197	2.2958707606637696	0.1678590700000000	0.0934579050000000
1606	7.80313	2.2480194109538081	0.1354311050000000	0.0846396000000000
1608	4.35612	2.2861488066701670	0.1355130050000000	0.0874532500000000
1610	6.87927	2.2557312243045540	0.1649864750000000	0.0774033950000000
1612	11.05520	2.2301365292323929	0.1625190500000000	0.0502613450000000
1614	4.00000	2.2980163184701046	0.1426846550000000	0.0831411500000000
1616	4.47015	2.2964036792117239	0.1724028700000000	0.0479447150000000
1620	7.00016	2.2535496766231664	0.1191676850000000	0.0772107700000000
1624	4.48996	2.2927148770531374	0.1197214700000000	0.0822926500000000
1626	4.90009	2.2723067489632696	0.1488750150000000	0.1259359200000000
1630	4.68953	2.2801002885694301	0.1231220100000000	0.0907528550000000
1636	4.18877	2.2819486743138335	0.1678711800000000	0.0871979000000000
1640	4.79451	2.2808283827838762	0.1173404300000000	0.0973717550000000
1642	12.51970	2.2270485620900762	0.1645689850000000	0.0795808450000000
1644	7.68019	2.2451709871795082	0.1099465950000000	0.0718542250000000
1648	4.34003	2.2915105791970030	0.1398985400000000	0.0884752450000000
1650	4.01793	2.2869616500839185	0.1457881400000000	0.0310376900000000
1654	12.19800	2.2424103513900757	0.1656645200000000	0.0783575700000000
1658	4.83879	2.2629145697943200	0.1989748950000000	0.0781928850000000
1660	5.07562	2.2530895233722315	0.0779600600000000	0.0994522150000000
1664	4.94033	2.2755431559710346	0.1902432950000000	0.1178899950000000
1670	7.31305	2.2570228530917262	0.1998293750000000	0.1210222150000000
1674	11.11390	2.2350913292687840	0.1223630550000000	0.0772132700000000
1675	11.11390	2.1710458799904910	0.1283662400000000	0.0592313000000000
1676	4.40009	2.2893011993597163	0.1858257750000000	0.1071438700000000
162	5.93497	2.2680925559649623	0.1815299400000000	0.1288473600000000
164	5.68967	2.2708890101943102	0.1295510350000000	0.0775579700000000
166	5.78332	2.2590651736510523	0.1514719900000000	0.1312448500000000
1680	4.03869	2.2914766717859698	0.1317274050000000	0.1196416250000000
1682	4.61938	2.2897581267755092	0.1212860700000000	0.0696062800000000
1686	4.16990	2.2934946187155627	0.1320408850000000	0.0738629450000000
1690	4.63023	2.2696867263147928	0.1831277700000000	0.0883256950000000
1692	4.23272	2.2905201668056767	0.1357408100000000	0.0826392000000000
1698	4.87797	2.2756600131270210	0.1125340800000000	0.0908693100000000
1700	7.91949	2.2492524098734297	0.1157241150000000	0.0774324400000000
1702	5.64337	2.2722442532247356	0.1501106250000000	0.0532966350000000
1704	4.22001	2.2896357202294713	0.1121133450000000	0.1357109650000000
1706	4.40746	2.2862361367351913	0.1420034950000000	0.1098637500000000
1708	5.48181	2.2683828422492445	0.1351971400000000	0.1118331500000000
1712	4.60117	2.2809090231530122	0.1527500400000000	0.0899859400000000
1716	9.08621	2.2448970887900641	0.1678022500000000	0.1079345150000000
1718	7.71937	2.2488272597812609	0.1412968450000000	0.1107078450000000
1720	6.48811	2.4519359084688399	0.2738092300000000	0.1129422000000000
1722	4.73518	2.2857356283046433	0.1190931000000000	0.0761601350000000
1724	5.38985	2.3008188420485824	0.1876071800000000	0.1329659550000000
1726	6.50072	2.2649286648297093	0.1741276850000000	0.1594362800000000
1728	4.27002	2.2759423396203640	0.1115253450000000	0.0802955000000000
1738	8.36069	2.2437284053768756	0.1273463850000000	0.0887651650000000
1740	13.08860	2.2293639350237187	0.1271540950000000	0.0852746500000000
1746	4.08501	2.2959276300948535	0.1501449750000000	0.0992998400000000
1748	6.24506	2.2548530568860654	0.1496671750000000	0.0707315500000000
1750	6.87963	2.2588402969234598	0.1494018900000000	0.1065182350000000
1752	6.34639	2.2527716476999942	0.1307653800000000	0.1109911850000000
1756	5.33757	2.2781917387329687	0.1148510400000000	0.1512485950000000
1758	8.89967	2.2450497676347436	0.1606236850000000	0.0774331600000000
170	4.28517	2.2822783273556433	0.0896010650000000	0.0879657150000000
174	8.08467	2.2464914508376106	0.1456361550000000	0.0495452550000000
1760	5.55909	2.2720023153142530	0.1466117050000000	0.1372082550000000
1762	5.89161	2.2705153121600219	0.1608190950000000	0.1039065950000000
1764	4.26026	2.2892621248526659	0.1252500250000000	0.0981256100000000
1766	6.50125	2.1820419170823677	0.1710681900000000	0.0992227800000000
1768	4.34000	2.2914619773920117	0.1529789100000000	0.1191173150000000
1770	4.19462	2.2991600129267327	0.1470415050000000	0.0721762800000000
1776	4.24900	2.2875465731724964	0.1218649100000000	0.0643120500000000
1780	10.91730	2.2386772344666879	0.1394764050000000	0.0786605650000000
1782	7.36541	2.2483678031332319	0.1589689650000000	0.0928097150000000
1786	4.37997	2.2892214759446201	0.1259079400000000	0.1096073400000000
1788	4.46975	2.2770018184950218	0.1400273900000000	0.1106669600000000
1796	4.43979	2.2810890198867853	0.1804855150000000	0.1323964450000000
1800	4.07502	2.2960274212915057	0.1583505050000000	0.0981452100000000
1804	4.14194	2.2907640094460824	0.1273222050000000	0.0834055200000000
1806	5.71642	2.2753533377758246	0.1656262200000000	0.1277242050000000
1812	6.14934	2.2717963302468123	0.1508899950000000	0.1202719700000000
1814	4.17537	2.2973585206578440	0.1620530100000000	0.0830422900000000
1816	8.09001	2.2451025286837791	0.1676604350000000	0.1042269550000000
1817	8.09001	2.2327880597346166	0.2129665400000000	0.1638111650000000
1824	5.01750	2.2653575659147736	0.0946938950000000	0.0458140600000000
1826	4.27361	2.2935385506250201	0.1791118950000000	0.0816872050000000
1828	4.80502	2.2785652746393712	0.1435884950000000	0.0852652550000000
1832	4.33506	2.2236248662963192	0.1733032900000000	0.0560837100000000
1834	6.04510	2.2555408071516601	0.1590765500000000	0.0981910900000000
1836	4.83045	2.2812074932775177	0.1569095150000000	0.1224035200000000
1838	4.24767	2.2707222184775873	0.1517635000000000	0.1025472400000000
180	6.95937	2.2524459413685922	0.1585811800000000	0.0753262250000000
182	4.04727	2.2906684923493104	0.1354006400000000	0.0981169100000000
1840	5.76000	2.2700567237641236	0.1825316250000000	0.0978063500000000
1846	4.13014	2.2954963597639315	0.1380703700000000	0.0967140100000000
1848	7.04093	2.2620106540745351	0.1268571000000000	0.1184574350000000
1850	5.00731	2.2777562329275884	0.1292792650000000	0.0475832700000000
1852	4.56028	2.2741681352381575	0.1106631750000000	0.0812038350000000
1854	4.18300	2.2819596398134716	0.1307605900000000	0.0990925900000000
1864	12.57260	2.2399925759559496	0.1867331100000000	0.1260639650000000
1868	5.77880	2.2719734721573013	0.1528853250000000	0.0901484400000000
1870	4.38822	2.2905188206137623	0.1512776350000000	0.0956097500000000
1872	4.18016	2.2912428682318917	0.1861775650000000	0.1103676000000000
1874	4.38937	2.2897970131368721	0.1398716100000000	0.1103463950000000
1878	6.23233	2.2543137061182357	0.1485855750000000	0.0911634450000000
1882	6.14244	2.2555451162337450	0.1610110550000000	0.1503998300000000
1884	4.47101	2.2781961359373262	0.1561050750000000	0.1013468050000000
1886	4.59031	2.2817170109962479	0.1015063750000000	0.0717171650000000
1888	8.27008	2.2411814344943140	0.1355964350000000	0.0355202950000000
1896	4.45915	2.2905070003015910	0.1780091300000000	0.1065504200000000
1900	6.39020	2.2614212642353282	0.1431361950000000	0.0741521450000000
1906	6.61739	2.2624251144226624	0.1985365800000000	0.0690557000000000
1908	4.82403	2.2847611249759638	0.1290643100000000	0.0585104500000000
1910	16.46690	2.2123751784831938	0.1481892000000000	0.0595612800000000
1916	5.98995	2.2618814143861963	0.1258849800000000	0.0623647000000000
1918	5.56728	2.3489595307052262	0.2400249600000000	0.1336585950000000
184	5.27085	2.2697861302075450	0.1468075500000000	0.0591800650000000
186	4.12611	2.2823999458034199	0.0943802000000000	0.0972671250000000
190	6.25027	2.2602911608372169	0.1628508350000000	0.0627349800000000
1920	4.47102	2.2839157260777623	0.1989644900000000	0.1038986300000000
1922	4.58188	2.2778930578542997	0.1507301450000000	0.0794434850000000
1926	6.96936	2.2464850662637663	0.1185231950000000	0.0855531300000000
1932	11.82330	2.2331820080173830	0.1201329650000000	0.0905071800000000
1934	4.62575	2.2743708497209565	0.1379822350000000	0.0625118650000000
1936	4.23855	2.2954166221796841	0.1177463500000000	0.0637513800000000
1940	4.14098	2.2970754114783078	0.1210935650000000	0.0905386000000000
1942	5.97899	2.2623201341833239	0.0997190350000000	0.0998942000000000
1944	13.31540	2.2332793930103962	0.1356743800000000	0.0890603550000000
1946	7.10612	2.2632887763702993	0.1607035100000000	0.0641696900000000
1950	4.13001	2.2865916935998212	0.2010987300000000	0.1339138450000000
1952	5.00849	2.2935342402492420	0.1306067650000000	0.1533263350000000
1954	4.41097	2.2761354075376872	0.1393620600000000	0.0438085100000000
1956	4.33100	2.2856230459968265	0.1143717400000000	0.0759629850000000
1958	4.28230	2.2913178951620718	0.1767122200000000	0.1244635700000000
1960	4.81984	2.3288216061898073	0.2704398850000000	0.0417228450000000
1962	4.58831	2.2818724780164934	0.1039206650000000	0.0801352200000000
1964	4.15438	2.2852607636900508	0.1205300650000000	0.0954230200000000
1967	5.13324	2.2587408177785782	0.1906167850000000	0.1105052700000000
1968	6.51561	2.2595897951872042	0.1354705550000000	0.1133612400000000
1972	4.42705	2.2795511938162165	0.1428515000000000	0.1142145650000000
1974	5.00888	2.2764811398273994	0.1522277550000000	0.0824788750000000
1976	4.14179	2.2923187252650212	0.1277936400000000	0.0756595450000000
1978	4.75150	2.2789583019161817	0.1909579650000000	0.1406151450000000
1980	4.27992	2.2957283952145664	0.1833336300000000	0.1091570350000000
1986	5.28977	2.2640442736087665	0.1233098000000000	0.0565371200000000
1992	4.94400	2.2837214021534749	0.1776144450000000	0.0912650500000000
1994	6.98118	2.2448768725215391	0.1873333950000000	0.1729447950000000
1996	5.06186	2.2797969804616023	0.1550111400000000	0.1346766600000000
1998	4.77968	2.2756810813360917	0.1440156650000000	0.1130200500000000
192	5.18987	2.2632136400501031	0.0619296650000000	0.0408784700000000
194	4.73165	2.2834833472997458	0.1270691350000000	0.0837683750000000
198	6.59951	2.2683711704771903	0.1392091400000000	0.0879550900000000
2000	4.63641	2.2761018987269241	0.1713817950000000	0.0875058150000000
2002	4.21002	2.2838325510874955	0.1626763050000000	0.0811337150000000
2006	4.60571	2.2896000025155869	0.1376663600000000	0.0663077800000000
2012	5.96074	2.2650105149735253	0.1329438450000000	0.0633701750000000
2016	4.90000	2.2771245047453474	0.1477492500000000	0.1211950350000000
2022	5.30051	2.2739421358059762	0.1121036800000000	0.0813693350000000
2026	4.89723	2.2734363662480268	0.1236716300000000	0.0628917300000000
2028	4.12020	2.2881050941479137	0.1371205250000000	0.0766866550000000
2030	4.07470	2.2911042670795658	0.1727444650000000	0.0828911850000000
2032	7.86804	2.2457191477438627	0.1383329000000000	0.1242008000000000
2036	4.45063	2.2929271119848584	0.1341436350000000	0.0813712600000000
2038	4.71942	2.2681331732368375	0.0983899950000000	0.0879359350000000
2042	7.59734	2.2503998109495176	0.1159623550000000	0.1022472350000000
2044	5.45900	2.2646022514594408	0.1137684850000000	0.0860472450000000
2046	4.32232	2.2892662609594199	0.1254349550000000	0.0788228800000000
2050	5.42755	2.2740001966426480	0.1295328300000000	0.0872731100000000
2054	4.49794	nan	nan	0.0000000000000000
2058	8.22613	2.2369802875837252	0.1450823000000000	0.0925224850000000
2062	4.76312	2.2756661180292479	0.1329183400000000	0.0778569350000000
2066	5.20017	2.2730249486301930	0.1168352850000000	0.0722089600000000
2068	5.23793	2.2655627802385201	0.1865051450000000	0.1205361250000000
2074	7.33799	2.2544281581276064	0.1400507250000000	0.0552329150000000
2076	13.21610	2.2321044724521508	0.1400211150000000	0.0482557950000000
2077	13.21610	2.1961559221730114	0.1566728700000000	0.0970054700000000
202	4.11536	2.3044076350785452	0.1269522300000000	0.0721227250000000
204	5.59931	2.4239967252513615	0.2691684700000000	0.0424928100000000
206	6.43016	2.2399315347669169	0.1746238150000000	0.1438484800000000
2080	6.52993	2.2438254382435026	0.1786399700000000	0.0974481050000000
2082	20.88530	2.2207386795281545	0.1563903600000000	0.1082368500000000
2084	5.29028	2.2743543687869110	0.1131260700000000	0.0863358250000000
2086	5.04000	2.2696702332699874	0.1539053900000000	0.0872558650000000
2088	5.10973	2.2742619624015377	0.1777430350000000	0.1274821450000000
2090	6.91809	2.2539970438736630	0.2130904350000000	0.1480483550000000
2104	5.18390	2.2587030382822606	0.1312656900000000	0.0846963250000000
2106	19.63850	2.2189226020543789	0.1405758050000000	0.0914283500000000
2110	5.01005	2.2640474717996613	0.1260526500000000	0.0703206550000000
2112	4.40635	2.2808977306998344	0.1279507350000000	0.0860633450000000
2114	4.93994	2.2818905443878634	0.1573673550000000	0.0809538850000000
2116	4.53304	2.2691560481539628	0.0900015150000000	0.1219474800000000
2118	4.40994	2.2889183901614056	0.1336593500000000	0.0700163400000000
2124	4.39748	2.2932405030109653	0.1564954200000000	0.0887537400000000
2126	4.81993	2.2695302068833065	0.1299256850000000	0.0913054300000000
2130	4.12003	2.2943169575362949	0.0909936050000000	0.0629912750000000
2132	4.59966	2.2877354351074253	0.1342725750000000	0.1111580650000000
2134	7.98999	2.2494981487920813	0.1397824550000000	0.1096260350000000
2136	11.35650	2.2417176517376274	0.1672055250000000	0.1180601800000000
2138	4.97123	2.2730563697316319	0.1147629300000000	0.1115661100000000
2146	4.33999	2.2890149392857730	0.1438270100000000	0.1425098450000000
2147	4.33999	2.2929721207868736	0.2120281800000000	0.0989775200000000
2150	8.91215	2.2293385760822679	0.1416063650000000	0.0830477200000000
2156	4.19661	2.2903670743366522	0.1793328500000000	0.1383269400000000
2158	7.90423	2.2508647320607693	0.1134043850000000	0.0906002600000000
208	8.47765	2.2450970271510871	0.1411981100000000	0.1348713800000000
210	4.19882	2.2924738332350874	0.1344412750000000	0.1014652250000000
212	6.96937	2.2594032611726407	0.1351723250000000	0.0945840750000000
2162	7.44116	2.2504092857113931	0.1428350700000000	0.0533497750000000
2164	4.87773	2.2774740311896409	0.1264768050000000	0.1459646900000000
2166	5.23061	2.2709345136069858	0.1602512450000000	0.0702636050000000
2170	5.14179	2.2946351072522324	0.2487011800000000	0.1054764700000000
2172	4.25928	2.2907330532061123	0.1320139500000000	0.0559654400000000
2174	4.72264	2.2834054594021596	0.1314278150000000	0.0710026050000000
2176	4.05502	2.2997695158665952	0.1668941300000000	0.1028166000000000
2178	4.05080	2.2726107545465442	0.0687159950000000	0.1140746300000000
2180	4.13502	2.2867263569574887	0.1137414950000000	0.1278641000000000
2182	4.92703	2.2842917240608913	0.1201596600000000	0.0976535900000000
2184	4.26802	2.2941883401327763	0.1435264200000000	0.0509395100000000
2186	9.13856	2.2325575040407375	0.1229645350000000	0.0399474900000000
2190	5.22439	2.2778435465817490	0.1815136550000000	0.0955093300000000
2194	4.07712	2.2897347446346852	0.1261779250000000	0.0805608400000000
2196	5.67482	2.2749070716238058	0.1726028900000000	0.0725346450000000
2198	5.32678	2.2627799241487505	0.1661960700000000	0.0991570700000000
2200	4.33959	nan	nan	0.0000000000000000
2204	4.79078	2.2746001065543169	0.1603821450000000	0.0690363300000000
2206	6.88521	2.2472892984917587	0.2175883100000000	0.0983339050000000
2208	4.03176	2.2962591894124786	0.1554547900000000	0.0945630450000000
2210	5.30647	2.2754524428251273	0.1802151600000000	0.0753112650000000
2214	8.53267	2.2451142414843428	0.1491420950000000	0.1158867100000000
2216	5.74185	2.1988735405863911	0.1636143900000000	0.1187672700000000
2222	5.65161	2.2649135685890593	0.1368581650000000	0.0963113900000000
2224	5.75049	2.2704713019185943	0.1046142050000000	0.1005886150000000
2226	4.58643	2.2915110508639609	0.1687593200000000	0.0903375450000000
2232	5.55595	2.2697680295108213	0.1320303000000000	0.1146476000000000
2238	5.19071	2.2831307060601196	0.1583193600000000	0.1132503650000000
220	4.04241	2.2775739381338340	0.1444267300000000	0.0722156050000000
222	4.78988	2.2680133851858959	0.1879099900000000	0.0899010400000000
2240	4.01854	2.2964690230574951	0.1033299350000000	0.0683864100000000
2242	7.67028	2.2506197557360483	0.1352191900000000	0.0496522950000000
2246	4.20006	2.2858225455583843	0.1361132050000000	0.1278874650000000
2248	5.10066	2.2563027468245194	0.1644483300000000	0.0771854900000000
2252	4.19468	2.2918612323817866	0.1267927600000000	0.1175147850000000
2254	5.38651	2.2707248381405063	0.1244246100000000	0.1385915650000000
2256	5.06968	2.2802650348846112	0.1366205100000000	0.0891428150000000
2264	6.71177	2.2292478762273111	0.1369444700000000	0.0850263750000000
2274	5.89059	2.2549478645381082	0.1201357800000000	0.0897886150000000
2276	7.77805	2.2495355990921109	0.1178859300000000	0.0945929450000000
2278	4.56889	2.2845810389301069	0.1370194950000000	0.0609495300000000
2280	4.30126	2.2788054654962488	0.1129127600000000	0.0902460800000000
2282	4.82332	2.2706669211462298	0.1170883800000000	0.0310475700000000
2286	5.19002	2.2685195333205850	0.1482646550000000	0.0772009000000000
2288	4.21002	2.2932964174766695	0.1713913350000000	0.0874401350000000
2292	4.41278	2.2848280163519918	0.1303996900000000	0.1078921400000000
2296	4.83457	2.2844935731752969	0.1361218150000000	0.1029960250000000
2304	5.00864	2.2819849123763456	0.1347868100000000	0.1173003650000000
2306	4.33997	2.2886412163320591	0.0991174650000000	0.1010684150000000
2308	6.43072	2.2584130351346685	0.0972138450000000	0.0708129550000000
2312	5.47919	2.2740717629399678	0.1299345850000000	0.0935938950000000
2314	6.49465	2.2556209996362004	0.1878504850000000	0.1088888850000000
2316	4.08024	2.2933808598396173	0.1254265700000000	0.0950015100000000
226	4.01982	2.2956750357980229	0.1647678650000000	0.0666684600000000
2320	4.31623	2.2791386289661855	0.1343909350000000	0.0736300600000000
2324	4.25323	2.2893618538983715	0.1575984200000000	0.0529745100000000
2326	4.01220	2.2849267304346932	0.1671425550000000	0.1754390450000000
2332	5.57607	2.2630853374485875	0.1615786950000000	0.0461608550000000
2334	8.07432	2.2504307849634548	0.1501909500000000	0.0936497050000000
2336	5.06049	2.2763309627144985	0.1763550000000000	0.1284402200000000
2338	10.11930	2.2242832956875525	0.1422139700000000	0.0714922350000000
2340	4.16587	2.2800647299916372	0.1324086750000000	0.0950303100000000
2342	4.70859	2.2788423090518104	0.1231478700000000	0.0745773950000000
2344	4.30697	2.2891977176416698	0.1719309950000000	0.1125912500000000
2346	4.89999	2.2759338963103168	0.1067456800000000	0.0864968600000000
2352	4.02994	2.2957190289128149	0.1238019350000000	0.0696981900000000
2354	4.01158	2.3000095709008148	0.1528163850000000	0.0746840800000000
2358	4.05500	2.3042709140811848	0.1439137500000000	0.1014625000000000
2362	4.92326	2.2764570473983943	0.1470496650000000	0.1140267250000000
2364	4.35580	2.2870809718700316	0.1463110100000000	0.1508310600000000
2368	3.99999	2.2886192204211238	0.1119045050000000	0.0886026900000000
2370	12.34250	2.2390774902222632	0.1630879650000000	0.0985514050000000
2372	4.90161	2.2746823839728845	0.1570528250000000	0.1082842550000000
2380	4.45364	2.2661133402766125	0.1051480750000000	0.0819174750000000
2382	4.59106	2.2793145493226472	0.1053436200000000	0.1116419450000000
2384	7.24841	2.2527661522576032	0.1403294750000000	0.0981826350000000
2386	4.80803	2.2678307134318594	0.1526162650000000	0.1112124500000000
2388	5.51822	2.2663958810373104	0.1526508550000000	0.0677540150000000
2390	4.94079	2.2795427403535160	0.1576776650000000	0.0780139550000000
2392	4.41901	2.2930797793693123	0.1278240600000000	0.0545392800000000
2394	7.50984	2.2740705904691318	0.1819872950000000	0.1640581250000000
2396	4.08572	2.2981288378193891	0.1636519850000000	0.1168312150000000
2398	4.74527	2.2812820624620755	0.1275938350000000	0.0949818700000000
232	12.26340	2.2179111386613459	0.1069156000000000	0.0854572100000000
234	5.78232	2.2647448042381213	0.1475413150000000	0.1162074600000000
236	4.33431	2.2900722517643857	0.1538353100000000	0.1127785650000000
238	5.61069	2.2681118640152236	0.1408718100000000	0.0934189550000000
16	5.98005	2.2733213804115939	0.1340061350000000	0.1445342550000000
20	5.62748	2.2553825463952815	0.1382464450000000	0.1324401550000000
22	4.99103	2.2787859353443900	0.1522385950000000	0.1220978000000000
2400	7.88262	2.2545328636504602	0.1827652950000000	0.1552821200000000
2402	4.08570	2.2938178752188589	0.1494908000000000	0.1172570300000000
2404	4.06501	2.2901196704750451	0.1519578150000000	0.1177972500000000
2412	4.49850	2.2947724900827793	0.1750255050000000	0.0696931800000000
2414	4.04883	2.2973758755184588	0.1533880300000000	0.0908873800000000
2416	4.54257	2.2856688413496977	0.1400147600000000	0.1078985250000000
2422	9.15709	2.2418828377989333	0.1269993850000000	0.0934499400000000
2426	4.85214	2.2775754244270772	0.1292445300000000	0.1104551300000000
2428	5.56826	2.2645461992747586	0.1437569500000000	0.1384494200000000
2430	4.10002	2.3001574721961582	0.1472114950000000	0.0691341850000000
2432	5.48099	2.2716660500775276	0.1456973500000000	0.1017211300000000
2438	4.25976	2.2822859768278656	0.1404857900000000	0.0668647750000000
2440	5.95377	2.2646718609753971	0.1312055350000000	0.0849036600000000
2442	7.23954	2.2542064301322289	0.1646101950000000	0.0912006750000000
2444	4.28977	2.2786379274585400	0.1357730350000000	0.0922375950000000
2448	5.66994	2.2629113442054440	0.1754542850000000	0.0608847350000000
2450	10.92920	2.2377239624567600	0.1393584200000000	0.1318427400000000
2452	4.65062	2.2852792483555113	0.1675441850000000	0.1148055200000000
2456	4.98975	2.2723438964492906	0.1283155950000000	0.0814794650000000
2458	4.14186	2.3014228607357614	0.1447271150000000	0.0819266800000000
2460	5.78045	2.2638567281368234	0.1175638600000000	0.0798352450000000
2462	5.94902	2.2702006195438611	0.1355759650000000	0.1113545350000000
2464	4.42413	2.2805270991696212	0.1536811250000000	0.0783402300000000
2470	5.46645	2.2723333820130667	0.1362576900000000	0.1032078750000000
2472	5.58451	2.2638285723495777	0.1366956000000000	0.1057050400000000
2478	5.55707	2.2713285939429868	0.1062106950000000	0.0700646050000000
240	5.50983	2.2632580924005583	0.1266387750000000	0.0751882150000000
242	5.45059	2.2569527211207476	0.1101994250000000	0.1059712450000000
244	4.24928	2.2833167633935698	0.1752324100000000	0.0976395300000000
246	4.35462	2.2666558447222886	0.1096106550000000	0.0731445200000000
2480	5.62859	2.2614864191636195	0.1396139050000000	0.1197989000000000
2482	4.28059	2.2688831082804861	0.1258368150000000	0.1119195950000000
2484	5.95322	2.2684988339188319	0.1395477350000000	0.1046710350000000
2486	6.79841	2.2473481572646676	0.1452264500000000	0.0965903700000000
2488	5.46554	2.2689983854848861	0.1311184600000000	0.0452979050000000
2490	4.49999	2.2867368672228148	0.1357282600000000	0.0536883700000000
2494	4.25000	2.2924181998842910	0.1532365650000000	0.1164933150000000
2498	4.34841	2.2774754783382423	0.1378287250000000	0.0655647050000000
2502	8.62901	2.2431175591127954	0.1438823200000000	0.1137918750000000
2504	10.74330	2.2357014724030084	0.1233875850000000	0.0827584900000000
2510	6.05950	2.2636821887861664	0.1240131950000000	0.1145527650000000
2512	5.28933	2.2666795043266346	0.1416684150000000	0.0630182300000000
2516	4.26802	2.2936107340703722	0.1426490700000000	0.0888557800000000
2518	5.13055	2.2708465702813343	0.1262908750000000	0.0436320400000000
2522	6.40295	2.2652818598954818	0.1302369250000000	0.1029934100000000
2526	14.64260	2.2219351041490745	0.1343456500000000	0.1157305250000000
2532	4.14002	2.2698165868397600	0.1311532150000000	0.0967341150000000
2534	4.80702	2.2770209807914679	0.1673496050000000	0.1135294100000000
2536	4.76015	2.2711747904381840	0.1743712500000000	0.1221854300000000
2538	6.04764	2.2602529037041177	0.1104680350000000	0.0993923400000000
2542	5.83197	2.2570108193312515	0.1183545900000000	0.1544523300000000
2546	4.96316	2.2670732477057465	0.1049058000000000	0.0719904150000000
2550	5.43885	2.2644933976575126	0.1662959700000000	0.1390204400000000
2555	5.93308	2.1321537337977863	0.1096131750000000	0.0556943700000000
2556	4.15730	2.2957039078534667	0.1347277550000000	0.0952793750000000
248	4.31335	2.2863765391353503	0.1328659350000000	0.0999936300000000
250	6.62067	2.2501068368799042	0.1344302300000000	0.0792105050000000
252	4.55085	2.2826039531682070	0.1675609200000000	0.1140289600000000
2562	5.04993	2.2721464347174600	0.1161022200000000	0.0740041650000000
2564	4.49000	2.2482322140489188	0.1010833100000000	0.0894665400000000
2566	5.95871	2.2699720894745989	0.1440157750000000	0.0912929350000000
2570	4.20187	2.2894553085187472	0.1369791950000000	0.0794083300000000
2572	5.68831	2.2691506709241418	0.1438492050000000	0.0793584700000000
2580	5.55984	2.2713917611249141	0.1730695050000000	0.1019633550000000
2588	4.63899	2.2797044368379851	0.1572842950000000	0.1070646750000000
2590	4.11994	2.2929129497266043	0.1212110800000000	0.0510949750000000
2592	4.07504	2.2949503806233862	0.1323841650000000	0.0962645600000000
2594	5.96073	2.2600693786709316	0.1048820800000000	0.0746194350000000
2597	23.17250	2.1807757881704322	0.1657176250000000	0.0549971650000000
2598	7.49862	2.2589901940554529	0.1316998350000000	0.0851234700000000
2602	4.29987	2.2993303125218869	0.1447136400000000	0.1098341600000000
2604	10.60660	2.2294752103743476	0.1481847300000000	0.0570671800000000
2606	4.23221	2.2790473541451814	0.1367408650000000	0.1126884900000000
2608	6.26069	2.2554801697114373	0.1193658500000000	0.0494310250000000
2614	4.81994	2.2706829354298912	0.1335648400000000	0.0858800300000000
2616	4.26804	2.2846597334939083	0.1459346850000000	0.0846974150000000
2622	4.51028	2.2817557857116104	0.1179691450000000	0.0641871350000000
2624	4.50770	2.2890513927566971	0.1507335800000000	0.0467659550000000
2626	4.33115	2.2928197473435983	0.2083671000000000	0.1019100700000000
2628	4.61964	2.2835508792951975	0.1364845050000000	0.0458232300000000
2630	4.97066	2.2774941503332240	0.1173653600000000	0.0590483050000000
2632	6.25048	2.2609403929644269	0.1374726450000000	0.0924877400000000
2634	4.39901	2.2731082373729641	0.1014463250000000	0.1110599800000000
2636	5.13421	2.2816516416278563	0.1813868000000000	0.0899061800000000
2638	7.14109	2.2500246791153473	0.1405685750000000	0.0698159150000000
2640	4.25273	2.2790182595483177	0.1489697700000000	0.0930882950000000
2646	4.56044	2.2795625722848900	0.1114873250000000	0.0939827900000000
2648	4.30162	2.2801129694772868	0.1324982600000000	0.1363387700000000
2650	6.40168	2.2553877864885727	0.1725398100000000	0.0977680200000000
2652	7.80242	2.2342418888383841	0.1129028550000000	0.1038553550000000
2654	7.23947	2.2552778587569473	0.1695960450000000	0.1050311500000000
2656	7.37276	2.2411851601252653	0.1152315100000000	0.0927910000000000
2658	4.10350	2.2958946701702381	0.1470769250000000	0.1349260150000000
2662	5.21238	2.2735827054113833	0.1305513050000000	0.0530478400000000
2666	4.94037	2.2832580344926892	0.1278027050000000	0.1098888950000000
2668	5.32015	2.2805794481669848	0.1482238700000000	0.1176257000000000
2670	7.96881	2.2453921158301093	0.1328358550000000	0.0922379850000000
2672	5.42989	2.2358939048786000	0.2037788850000000	0.1400082700000000
2674	6.18038	2.2647577643319017	0.1258854350000000	0.0740105750000000
2678	4.67021	2.2803248576391182	0.1876868650000000	0.0923739450000000
2682	11.59270	2.2332306734267378	0.1554848550000000	0.0957102950000000
2684	4.85792	2.2847048350032848	0.1722689900000000	0.0842336650000000
2688	11.84740	2.2426623561112788	0.1278590900000000	0.0972222250000000
2690	4.02890	2.2871105517016623	0.1795733550000000	0.1172223250000000
2692	4.24923	2.2947340220599362	0.1384824050000000	0.0541556900000000
2698	4.00000	2.2754889855293143	0.1054022800000000	0.1156489050000000
2700	4.00689	2.3019648435500439	0.1427390850000000	0.0865137250000000
2702	4.83927	2.2691001488725315	0.1480667950000000	0.1258156250000000
2706	5.48782	2.2529652525416988	0.0859142050000000	0.0652785200000000
2708	4.72899	2.2840464344019149	0.1538427950000000	0.1265386750000000
2710	5.00004	2.2660201987688824	0.1199624600000000	0.0913211050000000
2714	9.24012	2.2400305956090172	0.1450805100000000	0.1057135950000000
264	5.25325	2.2776400509688801	0.1630195200000000	0.1029678450000000
266	4.65214	2.2804865317529113	0.0896035500000000	0.0891694150000000
270	6.35340	2.2541751924435247	0.1445854750000000	0.0874145300000000
2720	6.09093	2.2595834853183643	0.1810607150000000	0.0795788350000000
2722	4.12514	2.3135108906244013	0.2120180650000000	0.0813203850000000
2724	9.23853	2.2381889344159180	0.0700384400000000	0.0486139150000000
2726	4.60106	2.3065198192425500	0.2064693350000000	0.1421324850000000
2730	4.92034	2.2740388264885190	0.1394105100000000	0.0717115150000000
2734	8.35854	2.2411210668601185	0.1295063450000000	0.0959437600000000
2736	4.05690	2.3756972577215394	0.2315741350000000	0.1241607150000000
2738	4.49996	2.2907413185286667	0.1359044700000000	0.0716596350000000
2740	6.40598	2.2657465515635957	0.1443230550000000	0.0882602850000000
2742	4.18392	2.2999460106227545	0.1847160800000000	0.0832740700000000
2744	4.14386	2.2857292927398709	0.1148583250000000	0.0615376900000000
2746	4.16699	2.2899082788857856	0.1534247450000000	0.1044446800000000
2749	8.05054	2.1496215035468227	0.1377239750000000	0.0901139950000000
2750	4.46992	2.2907421668714156	0.1348452050000000	0.0908378600000000
2756	4.18461	2.2845691357444329	0.1185556750000000	0.0897315750000000
2758	7.11963	2.2561820252736893	0.1473747650000000	0.0764176750000000
2760	5.01788	2.2766147587617946	0.1258819100000000	0.1031375450000000
2762	4.62710	2.2785849092073720	0.1160416550000000	0.1127177750000000
2768	4.40001	2.2755899474320627	0.1455758100000000	0.0995987650000000
2774	4.96965	2.2739785212673547	0.1262860550000000	0.0858730450000000
2780	6.99973	2.2472295540662675	0.1565603550000000	0.1326885650000000
2784	4.28057	2.2803501727132804	0.1043898750000000	0.1264554100000000
2786	4.73897	2.2733234288643573	0.1258422250000000	0.0678444250000000
2788	5.18812	2.2778590756980446	0.1486281500000000	0.1040414400000000
2790	4.99142	2.2694519285402524	0.1343051150000000	0.1254682650000000
2792	4.82661	2.3033548792117706	0.1262922300000000	0.1496551700000000
2794	4.66571	2.2860997062735176	0.1350320650000000	0.0724115500000000
2798	5.64999	2.2644425493065228	0.1360911350000000	0.1160147500000000
272	4.72232	2.2852839357879038	0.1628093450000000	0.0664377250000000
274	4.71760	2.2684542187057648	0.1267270550000000	0.0945364850000000
276	4.17418	2.2725164722162829	0.0757877950000000	0.0506933600000000
278	4.44217	2.2759215061374043	0.1219760900000000	0.0703546200000000
2800	6.88302	2.2603271028151819	0.1835862000000000	0.0955201150000000
2802	4.66222	2.2802216882402608	0.1435993750000000	0.0723001400000000
2804	4.88168	2.2756218890339137	0.1700773600000000	0.0834483200000000
2808	5.87316	2.2729700977280993	0.1423421950000000	0.0825683400000000
2810	4.39874	2.2937437899383628	0.1438341850000000	0.0594808750000000
2812	5.23815	2.3290187175764019	0.2144241150000000	0.0539712700000000
2814	5.57099	2.2700186391327901	0.1061758650000000	0.1076868300000000
2816	4.08318	2.2921722102966258	0.1293474300000000	0.0685690700000000
2818	7.18112	2.2398327333377628	0.1264790350000000	0.0700122150000000
2820	6.06766	2.2662750105375120	0.1304601700000000	0.1184893350000000
2822	4.01000	2.2878261687737980	0.1615314800000000	0.1046855650000000
2824	4.61980	2.2897636273170305	0.1340051750000000	0.1116130650000000
2826	6.46623	2.2584392403761142	0.1300475900000000	0.0903897300000000
2828	5.17079	2.2668036930331490	0.1409204650000000	0.0870197900000000
2832	4.47691	2.2941556574117090	0.2038529150000000	0.0852035900000000
2836	4.67993	2.2344720341502717	0.1070459850000000	0.0895379750000000
2838	6.50823	2.2043341071808786	0.1438618000000000	0.1424830350000000
2842	4.57021	2.2907439249447914	0.1515645300000000	0.1069139650000000
2844	4.76573	2.2833755983882851	0.1286425700000000	0.1375567400000000
2846	7.11878	2.2585803502318411	0.1875756550000000	0.0764272100000000
2848	7.04899	2.2563840479669173	0.1356993150000000	0.0691430500000000
2850	4.29009	2.2923808608140512	0.1543711100000000	0.0704930800000000
2856	4.26809	2.2847407055382738	0.1082733700000000	0.0606053200000000
2858	4.35001	2.2818514447829457	0.1219334200000000	0.0732296100000000
2862	6.50001	2.2592497364087705	0.1325473750000000	0.0558026650000000
2864	5.26656	2.2731397429571283	0.1000917750000000	0.0646851450000000
2866	9.63891	2.2229326620431156	0.1290279600000000	0.0995333400000000
2870	4.50002	2.2907748366864240	0.1503512800000000	0.0831868150000000
2872	9.30238	2.2411813504823108	0.1375592700000000	0.1043446200000000
2874	4.70978	2.3466809205924157	0.2678410000000000	0.1182068150000000
2876	4.47483	2.2711247289979029	0.1399580250000000	0.1019141050000000
280	4.40855	2.2658697333201299	0.2100094150000000	0.1125512300000000
282	8.46518	2.2413141836761770	0.1138886400000000	0.0952771750000000
286	6.38959	2.2647786106138934	0.1196538400000000	0.0897618300000000
2880	4.50001	2.2935782881945235	0.1443166550000000	0.0703374250000000
2882	5.59937	2.2618124868664418	0.1212805900000000	0.0860213950000000
2884	4.43812	2.2591102827952181	0.1697955750000000	0.0918786200000000
2890	4.04346	2.2861337885024047	0.1045970450000000	0.0909443250000000
2892	5.17000	2.2657027755189336	0.1375825150000000	0.1185299100000000
2894	4.59563	2.2861064990785280	0.1255833200000000	0.1001122850000000
2896	6.65399	2.2549591630101649	0.1370728550000000	0.0861802250000000
2900	4.42397	2.2895278921286941	0.1844289850000000	0.0968258900000000
2902	4.68997	2.2805920685205812	0.1239196950000000	0.1092161350000000
2912	9.19568	2.2492800966630702	0.1481565600000000	0.1070419250000000
2916	4.69994	2.2756891941431161	0.1409228500000000	0.0766562700000000
2920	5.91350	2.2649317836141742	0.1337177950000000	0.0775394100000000
2922	4.44081	2.2919350387956845	0.1360961500000000	0.1185400550000000
2924	4.26997	2.2881569285391081	0.1680539400000000	0.0713497750000000
2926	4.72330	2.2741206229554760	0.1224850700000000	0.0794723700000000
2928	5.95016	2.3435309711785921	0.2388143250000000	0.0828301500000000
2932	4.04891	2.2995947122930009	0.1449422900000000	0.1023101000000000
2934	4.17539	2.2839807031404358	0.1366219900000000	0.0873556600000000
2940	4.15092	2.2397028971134105	0.1810751950000000	0.0879160050000000
2942	4.72946	2.2880749701759728	0.1260126950000000	0.0717673900000000
2944	5.12695	2.2622373087967067	0.0785219600000000	0.0616640150000000
2946	8.35572	2.2359925212942753	0.1340547550000000	0.0822264150000000
2950	6.40363	2.2602279072667617	0.1428224450000000	0.0788303950000000
2952	7.48225	2.2513482042430661	0.1458403950000000	0.1041649450000000
2954	9.01194	2.2359744684395828	0.1558929300000000	0.1003322050000000
2956	4.92169	2.2821636500396747	0.1930569650000000	0.1841926350000000
2958	4.00000	2.2748594535535083	0.1295731600000000	0.0515222050000000
290	4.56983	2.2670763207978566	0.1273774300000000	0.1108442200000000
292	4.74063	2.2759113548239838	0.1026700850000000	0.0478881800000000
2962	7.04486	2.2551025724035059	0.1655680200000000	0.1008184100000000
2968	4.49799	2.2975000700193693	0.1450636950000000	0.0916431050000000
2970	10.13270	2.2425312501776951	0.1746097550000000	0.0770557500000000
2974	9.21944	2.2410776854984009	0.1431555950000000	0.0851195450000000
2976	4.41979	2.2945376284913803	0.1599160650000000	0.1275331400000000
2978	5.88975	2.2570200313431004	0.1092959800000000	0.0946152500000000
2980	4.14296	2.2882710500349384	0.1359606650000000	0.0987723300000000
2982	12.90590	2.2138314433123996	0.1195328000000000	0.1137858350000000
2984	4.93568	2.2732751687371331	0.1216913550000000	0.0717107600000000
2986	4.49291	2.2876683959346091	0.0945155750000000	0.1221157900000000
2990	4.25226	2.2290548119674725	0.1760223000000000	0.0853016950000000
2994	14.96590	2.2272953610494470	0.1463637350000000	0.1069826450000000
3000	8.19245	2.2422890884555011	0.1663841950000000	0.0848326550000000
3002	9.68277	2.2401319874461687	0.1342476750000000	0.0963883300000000
3006	9.66154	2.2377889356967575	0.1264606550000000	0.0934240850000000
3012	4.27623	2.3006704597951382	0.1199267650000000	0.1039641700000000
3016	5.21969	2.3757467979121643	0.2450108550000000	0.1165140000000000
3018	5.26619	2.2753498914643306	0.1543009200000000	0.0994983550000000
3020	5.59896	2.2717313814894946	0.1176362600000000	0.1040388150000000
3024	8.44299	2.2444979559725047	0.1494133900000000	0.1072891650000000
3026	10.30760	2.2403268901289910	0.1547729350000000	0.1009951900000000
3028	5.95873	2.2612528778861600	0.1366595650000000	0.0742800150000000
3030	8.95530	2.2438737487146669	0.1497389950000000	0.0602822800000000
3032	4.59982	2.2758115518149338	0.1255641550000000	0.0782727550000000
3034	4.74703	2.2797856609447962	0.1432997350000000	0.0698071500000000
3038	10.91730	2.2368416553123769	0.1276119500000000	0.0809369550000000
298	5.72922	2.2649379358845283	0.1215873150000000	0.0688736750000000
300	4.48033	2.2872264063151215	0.1582787650000000	0.0877936850000000
302	9.30426	2.2445068309297742	0.1327279100000000	0.0812932800000000
3040	4.47175	2.2891995214396617	0.1637686000000000	0.1039317100000000
3046	4.45076	2.2951592470123696	0.1382066600000000	0.0621881650000000
3048	4.95637	2.2762462897565396	0.1163151000000000	0.0928812800000000
3050	6.73115	2.2605017569977246	0.1280452650000000	0.0893669350000000
3052	4.24874	2.2873242905045008	0.1440940600000000	0.1245093500000000
3058	5.59479	2.2659461349260428	0.1305113450000000	0.0952031250000000
3062	4.57984	2.2825363794955318	0.1518095150000000	0.0801589850000000
3064	4.72266	2.2871502938131871	0.1450929950000000	0.1007591600000000
3068	4.07954	2.2847209423574415	0.1006817850000000	0.0772544700000000
3072	6.56144	2.2611696820110354	0.1509230150000000	0.0509743050000000
3078	4.22833	2.3030174579606673	0.1862702800000000	0.0977454150000000
3080	5.71492	2.2722299156860819	0.1458412550000000	0.0922766550000000
3084	4.92164	2.2812507520765970	0.1163907700000000	0.0814070550000000
3088	6.05933	2.2660602166801080	0.1551911150000000	0.0661154900000000
3090	11.04760	2.2053402553229113	0.1216543800000000	0.1195719750000000
3092	9.08518	2.2406373555735506	0.1126974150000000	0.0808361350000000
3096	7.97027	2.2525272977169362	0.1912078050000000	0.0967954350000000
3098	4.38017	2.2845664270385675	0.1459000850000000	0.0711643800000000
3104	4.34008	2.2860448025049740	0.1288492500000000	0.0657604650000000
3110	13.23870	2.2287652713840020	0.1317544200000000	0.0812158450000000
3112	4.78521	2.2665248692162527	0.1177070350000000	0.0556212000000000
3114	4.29999	2.2909096838677834	0.1314254300000000	0.0878325400000000
3116	4.66860	2.2866456767771655	0.1452387800000000	0.0734956450000000
3118	6.78583	2.2670093550520840	0.1499523550000000	0.0623578700000000
304	4.35666	2.2879714749798263	0.1228289450000000	0.0905107450000000
310	11.78130	2.2339736704651441	0.1484161950000000	0.1171744700000000
3120	5.42970	2.2605407978633867	0.1366767050000000	0.1031236850000000
3124	4.41995	2.2790023435959759	0.1247339100000000	0.0958112650000000
3128	4.06100	2.3080392118067796	0.1665171900000000	0.1116188350000000
3130	5.00992	2.2772303845324600	0.1373915650000000	0.0698681750000000
3132	13.21360	2.2241978819182648	0.1343368100000000	0.0738439900000000
3138	4.94001	2.2772595546437584	0.1412570250000000	0.0746232800000000
3144	4.11924	2.2858171605264328	0.1906546900000000	0.1232740550000000
3146	7.78009	2.2476746313124853	0.1205604900000000	0.0653291250000000
3148	4.41958	2.2943813543090150	0.1528765650000000	0.0571935000000000
3152	4.75031	2.2700455274615186	0.1258365100000000	0.0704397700000000
3160	4.38829	2.2880475575605743	0.1361915950000000	0.0866160900000000
3162	4.47027	2.2827405614883465	0.1792875550000000	0.0383205800000000
3164	5.20138	2.2709109379088446	0.1330630650000000	0.0989829700000000
3166	4.20967	2.2937651142654265	0.1347398700000000	0.1101354950000000
3168	4.81774	2.2778245524350420	0.1242584500000000	0.0903897050000000
3170	4.60942	2.2883623330744989	0.1409194400000000	0.1185510550000000
3172	4.35084	2.2868141044476586	0.1296541600000000	0.0872201950000000
3174	5.11026	2.2784083013388776	0.1805042600000000	0.1262906600000000
3176	4.34000	2.2816953099259329	0.1446893500000000	0.0910675900000000
3180	4.29221	2.2894226159935309	0.1409507050000000	0.0692343400000000
3182	5.62373	2.2734106210875802	0.1313917500000000	0.0441232350000000
3184	6.99027	2.2536630343008066	0.1457999550000000	0.1072391950000000
3190	4.31221	2.2899219359949279	0.1397410900000000	0.1238844500000000
3192	5.32008	2.2723607031582729	0.1310780000000000	0.0901869250000000
3194	4.17145	2.2855597711717066	0.1558573350000000	0.1252547650000000
312	6.42442	2.2648380381298003	0.1184643600000000	0.1031595250000000
314	5.20148	nan	nan	0.0000000000000000
316	8.45468	2.2404249993446439	0.1331807750000000	0.0772256250000000
318	4.10089	2.4309209465255379	0.2475266250000000	0.1314490600000000
24	6.39008	2.2553351575691356	0.1512024250000000	0.1107633450000000
26	6.09737	2.2562958223958032	0.1363091000000000	0.0721296850000000
28	5.95941	2.2586976331239277	0.1098662100000000	0.0844725100000000
30	4.08821	2.2933083026115320	0.1153213000000000	0.1068982900000000
320	11.69890	2.2363651890029592	0.1549038950000000	0.0860920900000000
322	4.72290	2.2776013302762110	0.1412719350000000	0.0961829150000000
324	5.87348	2.2547450699403275	0.1276912500000000	0.0893935550000000
326	6.53933	2.2563111353369010	0.1530586350000000	0.0911686400000000
328	6.99964	2.2597849082866621	0.1413459950000000	0.1001818200000000
330	4.00913	2.2971042486073348	0.1420221450000000	0.1299440850000000
332	5.18578	2.2769619167096615	0.1398470300000000	0.0530106250000000
334	4.27849	2.2896727533312213	0.1405752150000000	0.0808994150000000
336	4.86590	2.2778436110530853	0.1605580550000000	0.1131124600000000
338	4.59223	2.2945858286932128	0.1563280350000000	0.1030997000000000
340	7.84714	2.2475404269246488	0.1533490900000000	0.1342413050000000
342	5.06002	2.2746718297639474	0.1438882800000000	0.0854483900000000
344	5.97000	2.2416421314288906	0.1101009050000000	0.1150784550000000
354	12.23160	2.2431201474390052	0.1450991050000000	0.0526567600000000
356	5.38920	2.2740463826582138	0.1387815450000000	0.1118688150000000
358	6.98731	2.3166938780339388	0.2006192700000000	0.1309888400000000
362	4.48027	2.2873983064279204	0.1273609650000000	0.0977497400000000
364	5.02670	2.2730266417150089	0.1227982300000000	0.0744439200000000
366	4.28634	2.2779915340214214	0.1402236850000000	0.0941708150000000
368	4.57993	2.4241557981582056	0.2406810700000000	0.1007579500000000
372	4.99183	2.2804532400901802	0.1923038650000000	0.0800438050000000
374	7.54955	2.2552310187945244	0.1511627100000000	0.1207594150000000
376	4.88651	2.2822521780259035	0.0910675200000000	0.0769369800000000
378	8.36841	2.2448830873863335	0.1663876900000000	0.0865694600000000
380	5.25044	2.2750069160875683	0.1283341100000000	0.0560876200000000
382	5.55295	2.4031267361527453	0.2482081600000000	0.1405533800000000
386	8.63574	2.2481551995749935	0.1337393750000000	0.0804939600000000
388	5.01801	2.2731529354139095	0.1329009000000000	0.0835423850000000
390	4.07706	2.2981983355351252	0.1479768550000000	0.0756824000000000
392	4.76010	2.2760622740031273	0.1331452150000000	0.1258318400000000
394	4.96945	2.2810783285449547	0.1101996950000000	0.0857465150000000
396	5.97077	2.2691219360665902	0.1561634750000000	0.1277421900000000
34	4.59597	2.2847142614029834	0.1677847800000000	0.0801928350000000
36	11.42750	2.2282822460966183	0.1564605000000000	0.1522340800000000
38	7.71594	2.2529304437124780	0.1352629050000000	0.0606352300000000
400	13.25910	2.2324197319344958	0.1484116300000000	0.1035324700000000
408	4.83876	2.2769079324181782	0.1288930700000000	0.1030923800000000
416	19.16470	2.2200851150562442	0.1553411700000000	0.1071312700000000
418	4.62812	2.2712271305897276	0.1446679250000000	0.1425474150000000
420	10.91070	2.2383247997771725	0.1617534350000000	0.0833222850000000
422	4.49919	2.2880511638935408	0.1855088800000000	0.1099904150000000
424	4.41018	2.2916062983347083	0.1722230000000000	0.1211932650000000
426	4.14775	2.3444223432502027	0.1853205100000000	0.1317162000000000
428	4.01005	2.3001824287790886	0.1292329250000000	0.0607097150000000
432	12.00770	2.2331851818786084	0.1475922600000000	0.1173214950000000
440	4.69001	2.2657264979782954	0.1460153300000000	0.1026916250000000
444	4.01200	2.2878468191130819	0.1656072350000000	0.1083234100000000
446	3.99999	2.2923900459865649	0.1049516800000000	0.0739243350000000
448	4.38024	2.2810286349454909	0.1614290650000000	0.0950717400000000
450	10.69890	2.2310603344726392	0.1025778400000000	0.0682829150000000
452	5.10067	2.2760126127180276	0.1507201250000000	0.1015155950000000
454	5.28648	2.2800190056677829	0.1513439350000000	0.0384142350000000
456	7.52274	2.2558258536685249	0.1725875700000000	0.1024073250000000
458	5.24962	2.2556422660963085	0.1522380550000000	0.0505640200000000
460	4.80720	2.2796106806189167	0.1388373500000000	0.0924680850000000
462	5.32730	2.3362195693368699	0.2111194150000000	0.1538207950000000
464	4.45389	2.2447408726251905	0.1637885700000000	0.1015868800000000
466	5.10844	2.2808965684186133	0.1598679900000000	0.0978205700000000
468	4.35962	2.3264379381810900	0.1915213500000000	0.1192296300000000
470	4.69002	2.2802101596580826	0.1254178750000000	0.0754965550000000
472	5.52889	2.2690813366168343	0.1222139650000000	0.0634416650000000
474	5.01269	2.2696640462516369	0.1643601100000000	0.1032160400000000
476	4.28973	2.2709946048484229	0.1183431750000000	0.0916188650000000
40	4.72137	2.2797594917277118	0.1407317100000000	0.1199643500000000
42	5.30174	2.2696097371632287	0.1603444200000000	0.0743734850000000
46	4.86181	2.2794641521520043	0.1557602000000000	0.0982123000000000
480	9.18256	2.2377809359856475	0.0974200500000000	0.0786305600000000
484	4.84521	2.2837829592556904	0.1775092500000000	0.0819436800000000
486	5.16271	2.2755567357503117	0.1549642600000000	0.1232335400000000
488	6.47736	2.2601406869621146	0.1448548400000000	0.0951815100000000
492	4.09257	2.2698688376672504	0.1396983000000000	0.0363515150000000
494	8.00877	2.2491214641106052	0.1403599000000000	0.0809095900000000
500	9.56550	2.2426210601181515	0.1316428900000000	0.0839105500000000
502	4.17605	2.2819678473855425	0.1369418250000000	0.0798330250000000
512	4.50597	2.2847816511311909	0.1444252650000000	0.1275405750000000
514	5.80851	2.2642883264636424	0.1221205750000000	0.0713878900000000
516	5.57690	2.2734036895703595	0.1524350100000000	0.1108276850000000
520	4.83509	2.2729306221197656	0.1392888550000000	0.1188289300000000
522	4.93996	2.2840767581113544	0.1698396850000000	0.0979685050000000
524	5.93792	2.2693060668122382	0.1618510450000000	0.0469203400000000
528	5.22447	2.2694811540916096	0.1256654200000000	0.1126445250000000
530	7.65335	2.2501265611280639	0.1503005300000000	0.1334716950000000
532	4.49980	2.2881509739434938	0.1730679350000000	0.1064786750000000
534	4.17992	2.2822357144266361	0.1252510450000000	0.0751532550000000
544	8.30517	2.2877965892537842	0.1942110100000000	0.1209416350000000
546	4.66661	2.2758032479105363	0.1378336600000000	0.0976356750000000
548	4.13510	2.2914450424434585	0.1104823600000000	0.1085773500000000
550	5.97092	2.2640908099830273	0.1075491150000000	0.0743204250000000
554	4.87395	2.2739530379269004	0.1136086200000000	0.0754730850000000
556	5.28839	2.2666122961724589	0.1248625950000000	0.1112893950000000
50	4.65639	2.2616661751728633	0.1230385900000000	0.0998849950000000
52	16.74470	2.2190398391080604	0.1368630700000000	0.0440765500000000
560	6.12474	2.2603805097532748	0.1902834500000000	0.1438270100000000
562	5.92542	2.2514074643514821	0.1027861850000000	0.0806211500000000
564	5.28955	2.2732736040426658	0.1583303950000000	0.1032489600000000
568	5.29829	2.3431516612040100	0.2385512350000000	0.1411530400000000
570	13.32050	2.2324971441496846	0.1375986000000000	0.0947388600000000
572	8.19246	2.2431611130381977	0.1487417900000000	0.0631912200000000
574	5.42940	2.2708608260735534	0.1700719000000000	0.0786561550000000
576	5.51229	2.2654744378275389	0.1223280650000000	0.0834140750000000
578	6.71299	2.2625825097685461	0.1934966300000000	0.0786813600000000
580	7.37675	2.2509160737110330	0.1492787500000000	0.0867248300000000
582	4.27199	2.2791191510172926	0.1332557350000000	0.0922492250000000
588	4.95559	2.2746326752270156	0.1653200950000000	0.0881951850000000
590	10.20320	2.4310266671638354	0.2522715550000000	0.1200762650000000
594	4.59101	2.2863339084235013	0.1578197550000000	0.0989392250000000
598	6.13030	2.2521340601085398	0.1256484200000000	0.1014806750000000
602	4.91992	2.2838433891324330	0.1323341500000000	0.0860581450000000
604	7.96701	2.2389728683069654	0.1261491800000000	0.0726964900000000
606	4.24997	2.4178231931340268	0.2856185500000000	0.0968393550000000
612	15.79580	2.2146606248282206	0.1356924600000000	0.1143606000000000
614	7.96823	2.2481882214799662	0.1241774600000000	0.0609719250000000
616	5.75065	2.2553715998691568	0.1655699000000000	0.0762805950000000
618	5.39051	2.2599288735027683	0.1316831150000000	0.0778119500000000
620	4.99862	2.2790388062446132	0.1911531150000000	0.0573993550000000
622	4.00730	2.2983072922226970	0.1264650200000000	0.1062709000000000
624	5.00235	2.2585493921219841	0.1311959950000000	0.0541130350000000
626	7.71899	2.2519058796938949	0.1628633900000000	0.1300396900000000
628	7.78068	2.2502146687370694	0.1319942750000000	0.1018562350000000
630	7.58673	2.2402624537045388	0.0514654250000000	0.0884840700000000
638	5.39993	2.2764622125396965	0.1097088250000000	0.0510483050000000
56	4.27006	2.2974373409467517	0.1493345850000000	0.0979600400000000
60	4.04813	2.2965575608749371	0.1405621950000000	0.0592153500000000
640	6.60590	2.2681579156204839	0.1946215750000000	0.0936364850000000
642	5.30005	2.2855440147955610	0.1823944000000000	0.1253022350000000
644	4.20982	2.2832958047439593	0.1343900000000000	0.0637698950000000
646	5.04993	2.2752176114919918	0.1319220400000000	0.0813029550000000
648	5.16018	2.2729179854864068	0.1601068450000000	0.1449710000000000
650	5.68948	2.2684017332237212	0.1337794850000000	0.0655210200000000
658	11.91340	2.2380806231229147	0.1597420350000000	0.0862839650000000
660	4.39697	2.2918886064909838	0.1847640250000000	0.0891017650000000
662	4.80723	2.2773969490521324	0.1200560300000000	0.0869018600000000
664	4.25844	2.2774947767655149	0.1442202400000000	0.0592526350000000
666	4.26001	2.2920252927819433	0.1507119450000000	0.0958339000000000
668	6.19983	2.2637681926138282	0.1236826700000000	0.0959788950000000
672	8.53196	2.3018124744811108	0.2159331950000000	0.0990968600000000
674	6.29109	2.3249987504023211	0.2354731600000000	0.1208372500000000
680	5.55312	2.3113405138933247	0.2539825350000000	0.1146864500000000
684	4.81861	2.2767409040421591	0.1053207950000000	0.0754385950000000
686	6.88888	2.2557344992536286	0.1770656550000000	0.0849825850000000
690	8.86501	2.2393109015657697	0.1059517200000000	0.0814652350000000
692	4.72836	2.2881363467142282	0.1561042750000000	0.1148000650000000
696	7.24264	2.2512997783188102	0.1316041550000000	0.0661392850000000
700	6.63621	2.2583350401407261	0.1773460200000000	0.0424165250000000
702	4.01006	2.2840071890793276	0.1257834450000000	0.1628721700000000
706	4.21997	2.2822026826827826	0.1442040700000000	0.0384619900000000
710	4.99021	2.2843112954823632	0.1439132150000000	0.0893761200000000
712	4.16844	2.3038927111930216	0.1422293250000000	0.1095222050000000
714	4.85701	2.2762285837771161	0.1550462100000000	0.0883282900000000
718	4.49795	2.2850082339341942	0.1603834300000000	0.0477630050000000
64	4.05404	2.2934895757451548	0.1347876000000000	0.0780178100000000
66	4.12811	2.2927632745551541	0.1492425350000000	0.1018487200000000
70	4.99201	2.2790181707410588	0.1491284550000000	0.1207551600000000
720	4.86081	2.2864843263036652	0.1396328850000000	0.0921869650000000
722	9.55964	2.2385723997141396	0.1180407550000000	0.0773810800000000
724	5.58146	2.2563476198623067	0.1473832050000000	0.0421770150000000
726	4.48954	2.2756119502412120	0.1859574350000000	0.1059592800000000
728	5.37312	2.2650091439252722	0.1223163850000000	0.1369612100000000
730	4.04598	2.2989763276913844	0.1190696450000000	0.1162499800000000
734	5.81957	2.2668939684615230	0.1268955500000000	0.1169005400000000
738	4.39812	2.3479566300381025	0.2038861750000000	0.1402967000000000
740	5.73561	2.2771568316539166	0.1741247700000000	0.0765387050000000
742	4.34562	2.2767134795156649	0.0913050550000000	0.1059986400000000
746	5.02036	2.2861283460062407	0.1790822850000000	0.0904810350000000
748	10.29080	2.2357434734125481	0.1436214600000000	0.0725241050000000
752	7.13508	2.2719242229609424	0.2054284100000000	0.1252326600000000
754	4.57918	2.2776862680008696	0.1629866300000000	0.1125419950000000
762	4.49133	2.2844238626185014	0.1467258400000000	0.0668383200000000
766	6.03861	2.2680696781858982	0.1344606600000000	0.0750699000000000
768	6.49957	2.2525598379253653	0.1022362050000000	0.0737037550000000
772	4.01021	2.2674480692851025	0.0969601150000000	0.0913762250000000
774	4.84509	2.2719701727804380	0.1338570000000000	0.0991957150000000
776	6.40735	2.2563512475337859	0.1354156700000000	0.0766680150000000
778	6.98751	2.2573243309727973	0.1219217150000000	0.0912837850000000
782	5.28004	2.2725526734691481	0.1758357100000000	0.1329617350000000
786	6.00964	2.2633164319770374	0.1038403450000000	0.0794564600000000
788	5.78503	2.2549551085024286	0.1508749500000000	0.1207304950000000
792	4.44731	2.2790261997446648	0.1181412450000000	0.1003467950000000
796	5.91367	2.2547529565687268	0.1486545950000000	0.0811041500000000
798	4.83879	2.2737046477884153	0.1154342050000000	0.0515475550000000
72	9.58719	2.2445002185411940	0.1362769150000000	0.0797434900000000
76	4.73062	2.2775676022470370	0.1323116500000000	0.0765730150000000
78	5.98490	2.2562567918980418	0.1423149750000000	0.0976699600000000
