802	11.74220	2.1990053770954927	0.1480074300000000	0.0926906250000000
803	11.74220	2.2018548858593565	0.1535786800000000	0.0597527950000000
806	11.73810	2.1650700531090066	0.1321034850000000	0.0939133150000000
808	11.73530	2.2013093873728020	0.1581026150000000	0.0887076500000000
811	11.73020	2.2041211868445862	0.1387002400000000	0.1215736750000000
813	11.72650	2.1494824663091308	0.1508565900000000	0.0381943650000000
815	11.72630	2.2157768567393266	0.1544905450000000	0.0474657500000000
818	11.72290	2.1949535133203844	0.1646512800000000	0.0814268200000000
819	11.72290	2.2868433648312743	0.2232229800000000	0.0818997100000000
821	11.72220	2.2018946646032513	0.1454753350000000	0.1048645450000000
822	11.72100	2.2000311001252069	0.1347326750000000	0.1002521250000000
824	11.71910	2.1731884646589559	0.0837863750000000	0.0700826950000000
825	11.71910	2.2419814632904118	0.1863770550000000	0.1061025850000000
827	11.71440	2.1971474818867431	0.1329812600000000	0.0879175100000000
829	11.71240	2.2017011857444202	0.1530774600000000	0.0825856600000000
832	11.71070	2.1975010931790195	0.1505866350000000	0.0942492300000000
833	11.71070	2.1937277045490511	0.1042423850000000	0.1109522800000000
836	11.70160	2.1963805343761513	0.1572549700000000	0.0701334750000000
837	11.70160	2.2015381662288487	0.1568158450000000	0.0704904050000000
840	11.70000	2.1995386564557204	0.1284435600000000	0.1111003050000000
843	11.70000	2.2019340789093267	0.1472499150000000	0.1029773550000000
845	11.70000	2.1962994916688960	0.1420221000000000	0.0898668100000000
849	11.70000	2.1994358638110185	0.1700067100000000	0.1000740450000000
852	11.70000	2.2012189862133220	0.1155250100000000	0.0587980000000000
853	11.70000	2.2489583741547361	0.2168180200000000	0.1595584700000000
857	11.70000	2.1999097229790818	0.1530497850000000	0.0995629150000000
860	11.70000	2.2009257626214178	0.1525491050000000	0.0570651900000000
861	11.70000	2.1990212368762272	0.1442901050000000	0.1015944000000000
862	11.70000	2.1997001112786925	0.1492037400000000	0.0904819850000000
863	11.70000	2.2027368217784247	0.1659229600000000	0.0977247050000000
864	11.70000	2.2001411765725969	0.1438722400000000	0.1062529800000000
865	11.70000	2.2002426833341464	0.1291860850000000	0.0363482500000000
871	11.70000	2.1993304698319909	0.1357972200000000	0.0466640300000000
874	11.70000	2.1985280648285608	0.1422732900000000	0.0900732550000000
878	11.70000	2.2080690137542729	0.1644547300000000	0.0593658900000000
879	11.70000	1.9824128021262544	0.1156764650000000	0.3369415250000000
81	26.68980	2.1996773420938305	0.1559299000000000	0.0698892250000000
82	26.48190	2.1996585887029703	0.1638537700000000	0.1052658950000000
880	11.70000	2.1995819519694453	0.1269249550000000	0.0978294350000000
881	11.70000	2.2014429198315182	0.1478240450000000	0.0535499950000000
884	11.69410	2.2007509574785091	0.1571497400000000	0.0540145300000000
886	11.69360	2.1228887419337230	0.2004032850000000	0.1045563700000000
888	11.68810	2.1962520130387717	0.1710094050000000	0.0340809350000000
889	11.68810	2.2001519498942508	0.1358836300000000	0.1032110000000000
890	11.68000	2.1992346601309523	0.1335908400000000	0.0942019300000000
891	11.68000	2.1999795354714600	0.1415883700000000	0.0965127850000000
894	11.67530	2.1990944966206762	0.1458223600000000	0.1040781250000000
896	11.67300	2.1871971604168015	0.1298094500000000	0.0884019800000000
897	11.67300	2.1994659893934609	0.1434139000000000	0.0919266800000000
899	11.67240	2.2020657266677990	0.1382949450000000	0.0847258500000000
900	11.67020	2.1985177856281450	0.1536687800000000	0.0863020250000000
902	11.66630	2.2007803020937415	0.1295240750000000	0.1040398550000000
903	11.66630	2.2010150244618889	0.1421070900000000	0.0946376350000000
904	11.64920	2.1999334757902380	0.1437589600000000	0.0909372000000000
906	11.63960	2.1993556934886582	0.1391013000000000	0.0818658700000000
907	11.63960	2.1999024807754002	0.1614388300000000	0.0804153000000000
908	11.63210	2.2000655628675179	0.1489271700000000	0.0823498600000000
910	11.62890	2.2008234467790002	0.1531960650000000	0.0796076650000000
912	11.62220	2.1738314154696359	0.1428006350000000	0.0810223800000000
914	11.61880	2.1965552620734141	0.1345047750000000	0.0953894500000000
918	11.59460	2.1985357049176129	0.1391745900000000	0.0900324700000000
921	11.59250	2.2002946618370633	0.1552571750000000	0.0900482950000000
922	11.58810	2.2014902524918223	0.1533912150000000	0.0662800850000000
923	11.58810	2.1999616721893247	0.1566960500000000	0.0911935150000000
926	11.57940	2.1811131239038390	0.1078769550000000	0.1036972950000000
929	11.55440	2.1903073848706245	0.1401051050000000	0.0790624750000000
932	11.52700	2.1866339755919997	0.1421947600000000	0.1188717500000000
933	11.52700	2.2073344605041303	0.1522626600000000	0.0712038150000000
940	11.51810	2.2050877860311915	0.1728393550000000	0.1118082600000000
941	11.51810	2.2004992631450784	0.1309129200000000	0.0764290750000000
942	11.51670	2.1985583609562744	0.1684976500000000	0.1133428350000000
945	11.51160	2.2020693932284003	0.1483324550000000	0.0740935350000000
949	11.50430	2.1828689623898732	0.1850191350000000	0.1087058750000000
951	11.50240	2.1993877777867490	0.1449429000000000	0.0898870250000000
958	11.47560	2.2003133114733253	0.1479572650000000	0.0674302400000000
959	11.47560	2.2020803205065569	0.1448680150000000	0.1000638750000000
88	26.22460	2.2004531476459901	0.1428114850000000	0.0773760400000000
89	26.22460	2.2014301445703635	0.1466495800000000	0.0976272400000000
91	25.99150	2.2012417142553815	0.1609302650000000	0.0753950100000000
93	25.98940	2.1978505363301521	0.1612205850000000	0.0854716800000000
95	25.96410	2.2000790394392062	0.1417190850000000	0.1100706050000000
966	11.44680	2.2025244519645955	0.1582796100000000	0.0988335100000000
969	11.43880	2.3309141707525631	0.2236389500000000	0.1436078750000000
975	11.42220	2.1985298751376559	0.1360558500000000	0.1073448050000000
978	11.41090	2.1995342825656077	0.1528159450000000	0.1013613100000000
980	11.39810	2.2010886085858559	0.1351912250000000	0.0908368800000000
981	11.39810	2.6893510804777452	0.4195998600000000	0.1337823000000000
984	11.38880	2.1996557900347709	0.1359321050000000	0.0870957200000000
986	11.38710	2.2000201069969707	0.1379518400000000	0.1009720500000000
987	11.38710	2.1773667276379576	0.1447191900000000	0.1161151000000000
988	11.38180	2.2010028653444231	0.1279709550000000	0.0857671050000000
989	11.38180	2.2001849564616895	0.1307753300000000	0.1013098550000000
991	11.37920	2.1996442759078119	0.1260933400000000	0.0935262000000000
992	11.36850	2.2992907168122705	0.2089942650000000	0.1383903700000000
993	11.36850	2.2008860691180980	0.1520608650000000	0.0747543200000000
994	11.36520	2.3677923358050461	0.2431136750000000	0.0841947650000000
998	11.35330	2.1999825842882315	0.1274630000000000	0.0914735900000000
1004	11.32070	2.2159357419242824	0.1843347150000000	0.0833528500000000
1008	11.30470	2.1990260963195105	0.1327558200000000	0.1027835300000000
1009	11.30470	2.1994996006455310	0.1379231750000000	0.1037059500000000
1010	11.30350	2.2006589400294359	0.1418971700000000	0.1081125350000000
1014	11.28320	2.2008300795147395	0.1536262950000000	0.0991268350000000
1016	11.27850	2.1987216731378938	0.1509447650000000	0.0762478550000000
1017	11.27850	2.1978498950308452	0.1563077450000000	0.0650686850000000
1019	11.27530	2.1989211045375767	0.1382692100000000	0.0940383350000000
1023	11.27230	2.1990151199997694	0.1336261000000000	0.0847714850000000
1024	11.27010	2.1980084698688325	0.1281437400000000	0.0821105150000000
1027	11.26720	2.1996152793009109	0.1472947400000000	0.0954721000000000
1029	11.26650	2.2001716143751047	0.1475508200000000	0.0935464300000000
1030	11.25340	2.2005515229664376	0.1387247350000000	0.1110535750000000
1031	11.25340	2.2011502162380596	0.1363890650000000	0.0511329950000000
1035	11.23650	2.2004571476363246	0.1520300750000000	0.1032104950000000
1036	11.23560	2.1973718946338332	0.1445732950000000	0.1131431900000000
1039	11.23230	2.2003971870783956	0.1455534300000000	0.1024019900000000
96	25.06110	2.1959136633322913	0.1395976650000000	0.1049721050000000
99	24.92170	2.1986541412294214	0.1412659250000000	0.1031268300000000
101	24.61260	2.2014044622761162	0.1649020600000000	0.0698010150000000
102	24.57650	2.1970972969146443	0.1560578100000000	0.1019049800000000
1040	11.22350	2.1985092024455422	0.1383842750000000	0.0892970800000000
1041	11.22350	2.1996600644035320	0.1499926050000000	0.1006855200000000
1043	11.20750	2.3672396027106180	0.2513320600000000	0.0885760100000000
1044	11.19330	2.1906213376995098	0.1492731799999999	0.1204976400000000
1049	11.18260	2.1998856807679688	0.1327008350000000	0.0878742400000000
1053	11.18230	2.1914061838963832	0.1165204800000000	0.1142476000000000
1054	11.17720	2.1987188644928630	0.1448566950000000	0.0887285550000000
1055	11.17720	2.2003794600467854	0.1364192750000000	0.0868657150000000
1057	11.17510	2.2004756651955315	0.1554715750000000	0.0718883600000000
1059	11.17360	1.8576147903389897	0.1136372350000000	0.2470142100000000
1060	11.14950	2.2016249724766510	0.1460614600000000	0.0959185450000000
1065	11.13930	2.2087208696059153	0.1697178150000000	0.1040659050000000
1069	11.11960	2.1980992620815534	0.1500055550000000	0.1037732800000000
1071	11.11750	2.1994838193736728	0.1350376900000000	0.0947318200000000
1072	11.09650	2.1999268280159807	0.1396597150000000	0.1022987750000000
1078	11.07420	2.2335378675258966	0.1922608000000000	0.1090802050000000
1079	11.07420	2.1953512952143210	0.1548161750000000	0.0939591250000000
1080	11.06540	2.1959422201578507	0.1425680450000000	0.0723355550000000
1082	11.06380	2.2016041256477572	0.1205452400000000	0.0659131150000000
1083	11.06380	2.2002010137150232	0.1452763800000000	0.0826081400000000
1087	11.05860	2.2012549231847491	0.1488377450000000	0.1064956100000000
1093	11.03460	2.2002511388225585	0.1456936000000000	0.0336291400000000
1098	11.02590	2.1998705112274139	0.1579903400000000	0.0831953700000000
1102	10.99100	2.2017914415703688	0.1463918050000000	0.1038645850000000
1103	10.99100	2.2009383149748101	0.1005338850000000	0.0780750900000000
1105	10.97710	2.2005100779022393	0.1392332550000000	0.1007717050000000
1107	10.97450	2.2012108671383284	0.1582446800000000	0.0720355150000000
1109	10.96460	2.1985171017854821	0.1360245050000000	0.1053327450000000
1112	10.96150	2.1995024156988774	0.1119515850000000	0.0731872600000000
1114	10.95360	2.2006027463446634	0.1369226200000000	0.0789931900000000
1118	10.92980	2.1995921331672439	0.1499738350000000	0.0797611600000000
1119	10.92980	2.1994822131635270	0.1402981150000000	0.1015963650000000
104	24.51240	2.1995362031790688	0.1374508900000000	0.0990094600000000
109	24.08970	2.1977246831220709	0.1536939250000000	0.0810589500000000
111	23.82210	2.1993079453206823	0.1354270350000000	0.0930258600000000
1128	10.92790	2.1992643387526285	0.1319740050000000	0.0976821750000000
1133	10.92640	2.1996348194840363	0.1545425450000000	0.0519644850000000
1136	10.92380	2.2022043820216948	0.1303645300000000	0.0589869100000000
1139	10.92350	2.2125389025651692	0.1623542000000000	0.0956143800000000
1140	10.92290	2.2009229819466078	0.1459916450000000	0.0733303100000000
1141	10.92290	2.1962862869086353	0.1517745000000000	0.0421352500000000
1142	10.92270	2.3404075818935617	0.3026168850000000	0.1282279500000000
1143	10.92270	2.2003578562784583	0.1113973850000000	0.0546388700000000
1144	10.92230	2.1980781751475971	0.1417237350000000	0.0973941800000000
1145	10.92230	2.2015140961051429	0.1509331150000000	0.0562923100000000
1146	10.92210	2.1993495357374715	0.1460297650000000	0.0964807300000000
1147	10.92210	2.2023945075767681	0.1353487800000000	0.0935401750000000
1148	10.92170	2.4413814273911760	0.2991274700000000	0.1237386950000000
1151	10.92080	2.1994670919533270	0.1473093800000000	0.1008782900000000
1154	10.91650	2.1888948015396541	0.1350178600000000	0.1170364400000000
1155	10.91650	2.1997915237961165	0.1313337000000000	0.0998109650000000
1156	10.90910	2.1999794645699602	0.1483772450000000	0.1017931050000000
1157	10.90910	2.2000134736922967	0.1465543450000000	0.0823749250000000
1158	10.90520	2.1979263297264193	0.1323509450000000	0.1008922100000000
1159	10.90520	2.1999431802044729	0.1602870300000000	0.0947885900000000
1161	10.90250	2.1978505400342692	0.1587183150000000	0.0712292750000000
1162	10.90130	2.2329613511337301	0.2120386850000000	0.1068487250000000
1164	10.89690	2.1996626626913933	0.1428296000000000	0.1030745200000000
1165	10.89690	2.2006214795836572	0.1593621200000000	0.0732264950000000
1166	10.89630	2.2579482785154288	0.1629960900000000	0.0886856750000000
1168	10.88480	2.2090190939570138	0.1381150450000000	0.1159444500000000
1169	10.88480	2.2139527396532421	0.1809537300000000	0.1047454350000000
1173	10.88410	2.1998503141265653	0.1558814900000000	0.1024262500000000
1177	10.88150	2.2007157406747160	0.1404667000000000	0.1054924300000000
1180	10.83340	2.1993752537251692	0.1525610400000000	0.0970381850000000
1181	10.83340	2.1963240157394242	0.1611817650000000	0.0729597250000000
1182	10.82110	2.2016436565951953	0.1658431650000000	0.1218774850000000
1185	10.76010	2.2014749290494353	0.1545642100000000	0.0795665300000000
1186	10.74210	2.1950213411821862	0.1568022300000000	0.0891112650000000
1189	10.67070	2.2085856484701498	0.1691261800000000	0.0807467500000000
1192	10.61910	2.2001194808428397	0.1460292000000000	0.0858526950000000
1198	10.61770	2.2153921052357384	0.1867428750000000	0.0536573250000000
113	23.57600	2.1972613569025707	0.1416861700000000	0.0941983250000000
114	22.99620	2.2002634851783411	0.1431171950000000	0.1023295000000000
115	22.99620	2.1999711770105588	0.1412707550000000	0.0878171400000000
119	22.53360	2.2006337646244405	0.1401546950000000	0.1040845350000000
1200	10.61750	2.2004929756015787	0.1484539150000000	0.1026853750000000
1202	10.61680	2.1994279470229663	0.1436258100000000	0.0887778000000000
1203	10.61680	2.2003703480700767	0.1376145950000000	0.0984852400000000
1206	10.61610	2.2012756478845610	0.1488679800000000	0.1070617550000000
1209	10.61600	2.1988598819791862	0.1413684850000000	0.0464447350000000
1210	10.61570	2.3247645548949936	0.2258512200000000	0.1015589150000000
1216	10.61210	2.1988636979602525	0.1312314300000000	0.0951465450000000
1228	10.58910	2.2000591739621531	0.1569719450000000	0.0821525100000000
1229	10.58910	2.1958939427542639	0.1444368350000000	0.0749966200000000
1230	10.58300	2.1996175456882909	0.1420734850000000	0.0915675250000000
1233	10.54440	2.1999339889797893	0.1797576900000000	0.1331075300000000
1237	10.51650	2.1985118397428809	0.1684902950000000	0.1166150000000000
1239	10.49100	2.2000640936676366	0.1497350850000000	0.0943030850000000
1240	10.47010	2.2030861803047328	0.1688066600000000	0.0373226250000000
1241	10.47010	2.1985081499003476	0.1478943400000000	0.1028313800000000
1242	10.46930	2.1991004204541453	0.1427476700000000	0.1019353200000000
1243	10.46930	2.1997663255752880	0.1586189950000000	0.1183738350000000
1244	10.46380	2.1966182620064822	0.1476945700000000	0.0930044700000000
1247	10.46160	2.2024403889943680	0.1720326850000000	0.0489292400000000
1251	10.41750	2.2076700962836093	0.1382835550000000	0.1504029950000000
1258	10.39810	2.2008903005553804	0.1320956250000000	0.0867135250000000
1261	10.39550	2.2015102248472798	0.1599921250000000	0.0725652450000000
1262	10.37670	2.2014122807048033	0.1648877900000000	0.1014040850000000
1264	10.36310	2.1994263927423292	0.1619331550000000	0.1122651250000000
1272	10.34210	2.2006740600619699	0.1648198600000000	0.1094980400000000
1276	10.33880	2.1995453029104124	0.1478813500000000	0.0913360650000000
1277	10.33880	2.2004781605063357	0.1338520450000000	0.0949217900000000
1279	10.33740	2.1996159472544012	0.1372558050000000	0.0777393500000000
121	22.50900	2.1996617368871139	0.1577912000000000	0.0943276600000000
123	21.95780	2.2018571142606538	0.1510960200000000	0.0523758550000000
125	21.84630	2.2001689336262023	0.1443881450000000	0.0998410300000000
1280	10.32880	2.1985290309939440	0.1508235500000000	0.1015667050000000
1290	10.30710	2.2335204412574763	0.1965265150000000	0.1164694200000000
1293	10.29770	2.2005761228920537	0.1638393500000000	0.1166631350000000
1297	10.29030	2.2000278399908435	0.1421930750000000	0.0858552900000000
1299	10.28670	2.2020012399948574	0.1578390800000000	0.0857548600000000
1302	10.28570	2.2013991173488048	0.1581998400000000	0.0863305050000000
1304	10.28410	2.1985520376272847	0.1553308300000000	0.1053283600000000
1306	10.27900	2.2003495427870425	0.1498149500000000	0.0870989850000000
1308	10.27860	2.1981909248568994	0.1483016850000000	0.0871493950000000
1320	10.26090	2.2001766059371390	0.1550930550000000	0.0979620650000000
1327	10.23910	2.2046995129078111	0.1728992850000000	0.0913794000000000
1328	10.23050	2.1985012949174125	0.1429693650000000	0.0988375650000000
1329	10.23050	2.2004592295648586	0.1446329650000000	0.0813543850000000
1332	10.20550	2.1825999190838092	0.1586084650000000	0.1218478150000000
1334	10.20380	2.2061296157417511	0.1601492050000000	0.0974047450000000
1337	10.20310	2.2014677380928291	0.1474153200000000	0.1022789600000000
1338	10.19020	2.1990782472011459	0.1575218800000000	0.0683944500000000
1342	10.18510	2.2021664351783512	0.1413136900000000	0.0922687050000000
1344	10.18490	2.1993287999497295	0.1481894550000000	0.0901411550000000
1347	10.18350	2.1960216755105035	0.1481603500000000	0.0993376950000000
1348	10.18190	2.1997713473053029	0.1393283200000000	0.0841613600000000
1352	10.16430	2.1972369212812422	0.1498124300000000	0.0556293250000000
1353	10.16430	2.2001434936394779	0.1411293200000000	0.0832337400000000
1355	10.16150	2.2002434364718781	0.1521640850000000	0.0982035450000000
1359	10.16060	2.2001350825461570	0.1579086500000000	0.0918433750000000
131	21.40930	2.2001081257957136	0.1345465050000000	0.1071575600000000
132	21.29740	2.2001873352912602	0.1541799950000000	0.0696363450000000
134	21.21890	2.1977609340253288	0.1461518200000000	0.0849921400000000
135	21.21890	2.1992152206456783	0.1592390450000000	0.1079866300000000
1360	10.15810	2.2001682109679717	0.1435089450000000	0.0840565400000000
1361	10.15810	2.4400538833484338	0.2710215499999999	0.1068454950000000
1362	10.15700	2.2015726511254985	0.1432502900000000	0.0988629250000000
1365	10.15050	2.2000488856846983	0.1398237050000000	0.0996489500000000
1370	10.14640	2.4548757746735941	0.2927724300000000	0.1427264400000000
1373	10.14310	2.2011679611478479	0.1380138700000000	0.0857516700000000
1375	10.14090	2.2019964978789748	0.1309285700000000	0.0816281450000000
1378	10.13950	2.1986981661141933	0.1532587350000000	0.0786716450000000
1379	10.13950	2.2118380331472629	0.1941266850000000	0.1473666750000000
1380	10.12850	2.2007462099534596	0.1441720250000000	0.1006161600000000
1381	10.12850	2.1968356280352732	0.1249795350000000	0.1255436800000000
1382	10.12620	2.1999581897204745	0.1514440750000000	0.0698843000000000
1383	10.12620	2.1996633168017130	0.1420077950000000	0.1170232350000000
1385	10.12620	2.1990455797414574	0.1341493950000000	0.0954367350000000
1386	10.12610	2.1985070922954510	0.1215183300000000	0.0970607500000000
1388	10.12550	2.1985484663108874	0.1443475100000000	0.1014233050000000
1390	10.12470	2.1946869052917091	0.1613600700000000	0.0888238200000000
1392	10.12400	2.2000268681330155	0.1593771950000000	0.0837776800000000
1393	10.12400	2.2010450975729898	0.1526015250000000	0.0910836600000000
1395	10.12330	2.2004704321915316	0.1420252350000000	0.1109882400000000
1396	10.12260	2.1996840370105888	0.1493236750000000	0.0891812650000000
1397	10.12260	2.2007850859003213	0.1369800450000000	0.0824503850000000
1398	10.11830	2.1858224021313366	0.1513130750000000	0.1171177450000000
1402	10.10800	2.2001563059157774	0.1249201700000000	0.0985694200000000
1405	10.10280	2.2057652230327496	0.1630537250000000	0.1228372600000000
1409	10.07350	2.2009053339692963	0.1414246250000000	0.0805612050000000
1418	10.04880	2.1998241554595865	0.1394260800000000	0.0925822600000000
1419	10.04880	2.2006331409299649	0.1472776900000000	0.0922040400000000
1420	10.04870	2.1979512130365215	0.1490417700000000	0.1119008950000000
1425	10.04410	2.2018347413342521	0.1452232100000000	0.0718820250000000
1426	10.01780	2.1996841925160155	0.1363496050000000	0.0976784200000000
1428	10.01460	2.2147739347897719	0.1952888250000000	0.0695722700000000
1431	10.00540	2.1997130983955411	0.1404778550000000	0.0933339100000000
1435	9.95261	2.2005840611531564	0.1609575450000000	0.0915514750000000
1436	9.94991	2.2027260744420389	0.1563611350000000	0.0947871550000000
1439	9.93271	2.1990006577319883	0.1588412400000000	0.0849770900000000
137	21.14770	2.1997240564265823	0.1399979300000000	0.0784590000000000
138	20.82900	2.2078992977696110	0.1666381050000000	0.0865459350000000
143	20.48610	2.2009624398000693	0.1406807200000000	0.1088325650000000
1440	9.90524	2.2001266881100676	0.1154323300000000	0.0784849600000000
1443	9.82061	2.1991808688141141	0.1472241350000000	0.0853580300000000
1445	9.80216	2.2001963772599828	0.1593633600000000	0.0868579750000000
1447	9.79928	2.2006399264710663	0.1449232500000000	0.0934108250000000
1449	9.79831	2.2004941995717027	0.1484305350000000	0.1000715950000000
1450	9.79801	2.2409247779380150	0.2177413550000000	0.0549775850000000
1451	9.79801	2.1973317356936444	0.1410622500000000	0.0864876200000000
1456	9.79729	2.2018247549418839	0.1591759600000000	0.1060331450000000
1461	9.79620	2.2009236751714685	0.1621978850000000	0.0834871000000000
1464	9.79515	2.1998694160391246	0.1429020950000000	0.0976355450000000
1467	9.79475	2.1996052204671082	0.1512185750000000	0.1037058550000000
1469	9.79345	2.2014122043946589	0.1604643750000000	0.0891270450000000
1471	9.79320	2.2000803042453416	0.1389286550000000	0.0884719850000000
1475	9.79288	2.3172433543959245	0.2228882500000000	0.0946828000000000
1477	9.79273	2.2024208800302283	0.1303169400000000	0.1077900950000000
1479	9.79166	2.2125721632953099	0.1603160850000000	0.0716695750000000
1483	9.79075	2.2019297736686747	0.1480920050000000	0.1037220150000000
1484	9.79041	2.1992466403307116	0.1374163600000000	0.1110853850000000
1485	9.79041	2.1999975556248019	0.1421490550000000	0.0815606950000000
1486	9.76395	2.2003743541681562	0.1450212450000000	0.0840998050000000
1490	9.72880	2.1994337026854471	0.1648190200000000	0.0569530850000000
1492	9.72526	2.1955143229636991	0.1502798900000000	0.0960953150000000
1493	9.72526	2.1994484561036609	0.1451674200000000	0.0906047450000000
1495	9.71729	2.2006628471052987	0.1446361200000000	0.1103777950000000
1497	9.70935	2.2000555076647390	0.1413961750000000	0.0447009050000000
1498	9.69595	2.2017094760143960	0.1526678800000000	0.1051509250000000
1503	9.67000	2.1984208375368826	0.1469483300000000	0.1065102150000000
1504	9.67000	2.1992305869932847	0.1378861250000000	0.1113478700000000
1505	9.67000	2.2001412732743364	0.1391029850000000	0.0967650050000000
1506	9.67000	2.2051885939398566	0.1606311950000000	0.0649245200000000
1507	9.67000	2.1995650101710287	0.1342679600000000	0.1023102250000000
1510	9.67000	2.1992884161753969	0.1458220450000000	0.1003159600000000
1511	9.67000	2.2006335280521960	0.1517049350000000	0.1103503750000000
1515	9.66336	2.2011456352263190	0.1245303800000000	0.0982214450000000
1516	9.66178	2.1973874235521924	0.1603684700000000	0.0510063700000000
1518	9.66145	2.1984907648467242	0.1240796700000000	0.0914310300000000
1519	9.66145	2.2020720647604071	0.1522074250000000	0.0673224850000000
145	20.48180	2.2004800888468359	0.1521705100000000	0.1102213500000000
147	20.23890	2.3370926699110881	0.2835726350000000	0.1922502100000000
149	20.14810	2.1998997513490859	0.1294221400000000	0.0888858500000000
150	19.99580	2.1977520555996293	0.1480768050000000	0.0959567750000000
1523	9.66126	2.1993583883839753	0.1123553500000000	0.0455559200000000
1529	9.66080	2.1847441500672100	0.1464987450000000	0.1173619600000000
1530	9.65958	2.1980613663080804	0.1557507100000000	0.0834556850000000
1533	9.65920	2.2033340185473365	0.1709335000000000	0.0927520400000000
1534	9.65573	2.2027943779723351	0.1588333700000000	0.1012755700000000
1535	9.65573	2.1997900956989285	0.1322308100000000	0.0947491600000000
1536	9.65484	2.2063705050583651	0.1753000900000000	0.0361503800000000
1538	9.65423	2.1985594648817828	0.1121986500000000	0.0642377450000000
1542	9.65411	2.2013629677717095	0.1427191450000000	0.0924897250000000
1543	9.65411	2.1983508567178300	0.1437082950000000	0.1022670600000000
1544	9.65409	2.2007926193849281	0.1462939750000000	0.0953636100000000
1550	9.63664	2.1974078818506992	0.1538708000000000	0.1143002250000000
1552	9.63620	2.1989404264507431	0.1479153900000000	0.0851430000000000
1554	9.62796	2.2051238384324496	0.1676359000000000	0.0967513800000000
1560	9.61624	2.1963206193622380	0.1500891200000000	0.1059046100000000
1561	9.61624	2.2006734142113960	0.1484725350000000	0.0951237400000000
1562	9.61583	2.1806998886190780	0.1605720900000000	0.0893884950000000
1565	9.61424	2.2028205286476021	0.1499013800000000	0.1052244400000000
1566	9.61418	2.1960220139299373	0.1573985050000000	0.0916756050000000
1567	9.61418	2.2003785039009505	0.1428288150000000	0.0934772700000000
1571	9.60886	2.1985266277930609	0.1439256950000000	0.0850602550000000
1574	9.60673	2.1998746187192766	0.1459183400000000	0.0988539750000000
1575	9.60673	2.1980305392529043	0.1429903100000000	0.0924944750000000
1582	9.59930	2.1989136089026391	0.1590032200000000	0.0838597750000000
1586	9.59731	2.2014732116880222	0.1465174050000000	0.0896102900000000
1587	9.59731	2.2001352383200015	0.1628667050000000	0.0927450150000000
1588	9.59695	2.2081297286048325	0.1712568250000000	0.0595878900000000
1589	9.59695	2.2018802932877581	0.1424383400000000	0.0903654200000000
1592	9.59581	2.1996372843903504	0.1367318600000000	0.0953295250000000
1593	9.59581	2.1998767625000246	0.1447568500000000	0.0975763850000000
1594	9.59103	2.2020264749583633	0.1518159250000000	0.0780251500000000
1595	9.59103	2.2148491695061683	0.1726097250000000	0.0872468350000000
1596	9.58974	2.2287116313519988	0.2034777400000000	0.1388205750000000
1599	9.58949	2.2042131648138992	0.1579053950000000	0.0933126150000000
153	19.67710	2.1993427707053694	0.1498602700000000	0.0391296450000000
154	19.56700	2.1962870957053897	0.1482525500000000	0.0866180900000000
156	19.42160	2.2022892071519973	0.1474728050000000	0.1019081650000000
1603	9.58931	2.1986295918647740	0.1655534400000000	0.0881458050000000
1605	9.58891	2.1963140432379791	0.1499391400000000	0.1058097750000000
1606	9.58877	2.1990260475132728	0.1610366350000000	0.0943424750000000
1610	9.58849	2.2010293203641913	0.1513052450000000	0.0991399750000000
1612	9.58849	2.2005302969011011	0.1403308100000000	0.0850372250000000
1614	9.58828	2.1976121395996997	0.1413982250000000	0.1067455450000000
1615	9.58828	2.2010749338678104	0.1507664400000000	0.0916390400000000
1621	9.58734	2.1989012532516332	0.1432200250000000	0.0772081300000000
1622	9.58663	2.2013750178424014	0.1398686450000000	0.0957892850000000
1625	9.58434	2.1984828657656870	0.1464774800000000	0.0959676600000000
1626	9.58386	2.2001296347128720	0.1409893900000000	0.0783194050000000
1628	9.58364	2.3132810188187576	0.1946801750000000	0.1166954450000000
1629	9.58364	2.1978913357108669	0.1395898550000000	0.1100849700000000
1635	9.58290	2.2006828111504793	0.1445693250000000	0.0958394200000000
1636	9.58269	2.2004552152445123	0.1499418950000000	0.0556238550000000
1638	9.58265	2.2016218820110596	0.1434302750000000	0.1013242200000000
1639	9.58265	2.2038971171420316	0.1601224250000000	0.0735232900000000
1642	9.58167	2.2016492400748757	0.1559876600000000	0.1017765800000000
1645	9.58133	2.1935420955299447	0.1604797600000000	0.1172776850000000
1648	9.58048	2.1998664547558771	0.1443178700000000	0.0876786400000000
1651	9.57473	2.2190783162341083	0.1717825850000000	0.1309882300000000
1652	9.57470	2.2091341596796057	0.1667162550000000	0.1247480850000000
1653	9.57470	2.2017907390734952	0.1373210300000000	0.1020791800000000
1656	9.57149	2.1968301331571092	0.1653658050000000	0.0738231750000000
1659	9.57127	2.2018653098765335	0.1591121250000000	0.1022981650000000
1661	9.57124	2.2315840600706478	0.1904825450000000	0.1108797250000000
1663	9.57023	2.1968476300936124	0.1412819050000000	0.0982064450000000
1669	9.56294	2.2074700729345893	0.1606307150000000	0.0673264850000000
1670	9.56051	2.2022040335091133	0.1489783900000000	0.0992363700000000
1674	9.55679	2.2013973756315544	0.1408227500000000	0.0919218050000000
1676	9.55202	2.2001307343457825	0.1616245750000000	0.0807708850000000
162	18.89830	2.1996258270342093	0.1385086750000000	0.1008961000000000
166	18.66980	2.6496737258514789	0.2844953300000000	0.1214097300000000
1680	9.54781	2.1995876089359432	0.1259087050000000	0.0921428700000000
1681	9.54781	2.2002455630337194	0.1519879600000000	0.0817427700000000
1682	9.54713	2.2009918647702325	0.1570984300000000	0.0867661750000000
1684	9.54687	2.1985408122662964	0.1564257700000000	0.0621980800000000
1687	9.53122	2.2005893001101504	0.1413311750000000	0.1028701100000000
1688	9.53021	2.1943904544509314	0.1295095600000000	0.1235446650000000
1689	9.53021	2.1943301272986049	0.1519340250000000	0.0889395550000000
1691	9.52965	2.1999833322288977	0.1412375350000000	0.0909060750000000
1692	9.52252	2.2010793376168714	0.1368109100000000	0.0989443150000000
1694	9.51829	2.1989070714492609	0.1582827050000000	0.1211524450000000
1697	9.51582	2.2015088360849089	0.1764265350000000	0.1150910500000000
1698	9.51319	2.1997291258791400	0.1525293150000000	0.1087145050000000
1700	9.51255	2.1998876316812934	0.1420260750000000	0.1078894950000000
1703	9.51053	2.1997793529521497	0.1230424300000000	0.0818190100000000
1705	9.50834	2.1975066911180918	0.1512135600000000	0.0745024150000000
1707	9.50603	2.2009548698250003	0.1444620900000000	0.1049930800000000
1711	9.50323	2.3166449221415126	0.2315818950000000	0.0637531400000000
1712	9.50220	2.2006769434762896	0.1355260500000000	0.0808341200000000
1717	9.49425	2.2001442533879763	0.1528623150000000	0.0710493950000000
1718	9.48606	2.2013771640958213	0.1412641750000000	0.1007944750000000
1719	9.48606	2.2024672545860184	0.1482549200000000	0.0998397150000000
1720	9.48442	2.1630941809949080	0.1393826450000000	0.0727212250000000
1721	9.48442	2.2018984228884544	0.1441351700000000	0.0672278700000000
1722	9.48286	2.2019281975582503	0.1420935650000000	0.0736559800000000
1726	9.47771	2.2014334372905378	0.1464683150000000	0.1115033700000000
1728	9.47319	2.2014462434417452	0.1456868350000000	0.0810841400000000
1729	9.47319	2.2026096407062199	0.1667606050000000	0.0757621800000000
1731	9.46280	2.2016259038114270	0.1487749450000000	0.0911898400000000
1733	9.45644	2.2525490896411196	0.2155212200000000	0.0551566700000000
1734	9.45239	2.2002870095816101	0.1516055250000000	0.1100291900000000
1736	9.45130	2.1985060597527903	0.1377176050000000	0.0987830750000000
1739	9.43735	2.1994890950351902	0.1602537850000000	0.0973033400000000
1744	9.36392	2.1990934563109645	0.0890698150000000	0.0756040400000000
1747	9.36075	2.1985360686814626	0.1256925300000000	0.0998221100000000
1749	9.33968	2.1992737189708431	0.1374785500000000	0.0930632850000000
1750	9.32657	2.2022581623129160	0.1548459450000000	0.0741321750000000
1754	9.30364	2.3560704818636760	0.2480910800000000	0.1447092250000000
1757	9.30095	2.1958837530402295	0.1583017150000000	0.0460923950000000
1758	9.29419	2.2001324543953964	0.1406342350000000	0.0804958650000000
168	18.56780	2.1926655951212992	0.1675060500000000	0.0828348350000000
169	18.56780	2.1994775466189553	0.1374336100000000	0.0810026600000000
170	18.56620	2.1997575909498095	0.1384356100000000	0.0937954800000000
171	18.56620	2.1971418279041397	0.1617747700000000	0.0779970200000000
175	18.33440	2.2006942219049295	0.1325674750000000	0.0679666600000000
1760	9.29040	2.1921602741456403	0.1529210800000000	0.0885351800000000
1761	9.29040	2.2017124401663173	0.1331815800000000	0.1016304650000000
1764	9.28328	2.1996422972596075	0.1335819600000000	0.1101618000000000
1767	9.27618	2.2002623656088995	0.1514025100000000	0.0867219050000000
1769	9.27601	2.2021946270678336	0.1540531850000000	0.1034932550000000
1771	9.27552	2.2191931670243563	0.1839524800000000	0.1148467850000000
1773	9.27202	2.1992520980406596	0.1297550350000000	0.1000723450000000
1775	9.27078	2.1984080040068590	0.1650035800000000	0.0844059700000000
1776	9.26812	2.2022053096054144	0.1619910550000000	0.0984796400000000
1778	9.26420	2.1935905514778349	0.1649917300000000	0.0992913150000000
1781	9.26310	2.2371204240229279	0.2103072400000000	0.1120926100000000
1782	9.25991	2.2004010633309732	0.1233264650000000	0.0927447100000000
1783	9.25991	2.3394099028737307	0.2382987500000000	0.1072720600000000
1786	9.25823	2.1993444859520039	0.1463688450000000	0.0960667150000000
1788	9.25791	2.2018657414781591	0.1423571000000000	0.1092066350000000
1796	9.25601	2.1997399775480737	0.1476231650000000	0.0979619450000000
1797	9.25601	2.3619100111581544	0.2775305300000000	0.2032738050000000
1798	9.25564	2.1997658772830806	0.1187376350000000	0.0695711200000000
1803	9.25402	2.1999503274726835	0.1380382150000000	0.0922710900000000
1804	9.25320	2.2002770271046304	0.1365015850000000	0.1026230850000000
1805	9.25320	2.1998754175616320	0.1424858400000000	0.0797065550000000
1806	9.25229	2.1914526148952254	0.1577832550000000	0.0959605400000000
1808	9.25199	2.1998949410487811	0.1220373800000000	0.0890780600000000
1814	9.24858	2.1998968373186512	0.1292818300000000	0.0749122400000000
1819	9.24519	2.1983827169202366	0.1409202550000000	0.1104701600000000
1820	9.24436	2.1823707872504290	0.1697424550000000	0.1327828700000000
1821	9.24436	2.1795934719280510	0.2056993150000000	0.1214504200000000
1823	9.24404	2.1985776776000314	0.1274826600000000	0.0908864300000000
1826	9.24000	2.1992987218054365	0.1608667400000000	0.0891535600000000
1827	9.24000	2.2015160047965221	0.1563640500000000	0.0541422700000000
1828	9.24000	2.2092882064582366	0.1826737800000000	0.1270836800000000
1831	9.24000	2.2100126509075038	0.1820933150000000	0.1307057700000000
1832	9.24000	2.2225505722612273	0.1784134450000000	0.0776562850000000
1833	9.24000	2.1994603693724533	0.1474098850000000	0.0845106450000000
1835	9.24000	2.2008512275650607	0.1367902550000000	0.0984072400000000
1836	9.24000	2.2014802171976404	0.1468210000000000	0.1067173700000000
176	18.28240	2.2001642287851673	0.1354240300000000	0.0995933300000000
177	18.28240	2.2004278186784649	0.1599746850000000	0.0933456700000000
179	18.03230	2.5657375663552888	0.2922180400000000	0.1136946950000000
181	17.96190	2.1984725281095656	0.1269009000000000	0.0950457050000000
183	17.81420	2.2014737805668907	0.1441947350000000	0.1078959000000000
1840	9.24000	2.2017916079492310	0.1595345150000000	0.0870934500000000
1845	9.24000	2.3410255497008761	0.2550467050000000	0.1517388450000000
1846	9.24000	2.1993607212348469	0.1404389150000000	0.0972084550000000
1850	9.24000	2.1988519118565755	0.1176787550000000	0.0921896050000000
1853	9.24000	2.2013222863855280	0.1443916100000000	0.0963856000000000
1854	9.24000	2.2393461772544452	0.1947669100000000	0.0959600650000000
1856	9.24000	2.2014693209564817	0.1654963350000000	0.0736020350000000
1858	9.23896	2.2889286676930043	0.2320537550000000	0.1534080750000000
1865	9.23790	2.1992261915134170	0.1440852950000000	0.0659320100000000
1870	9.23551	2.2003324693666486	0.1361325700000000	0.1061397550000000
1871	9.23551	2.1996824519562592	0.1436528750000000	0.1041694050000000
1872	9.23523	2.1999870728640141	0.1363557350000000	0.0956933850000000
1874	9.23490	2.1985878374406025	0.1304326150000000	0.1045848350000000
1875	9.23490	2.1988542767509451	0.1080459450000000	0.0684660200000000
1877	9.23438	2.1942002612767206	0.1488684500000000	0.0951988150000000
1878	9.23309	2.2025196300828753	0.1560455250000000	0.0996860650000000
1879	9.23309	2.1998309097159772	0.1462675500000000	0.0856097250000000
1880	9.23250	2.1977629501645506	0.1416240400000000	0.1019191600000000
1881	9.23250	2.1999449453208215	0.1566270000000000	0.0714240550000000
1882	9.23219	2.2001276809309256	0.1294069250000000	0.0983320350000000
1883	9.23219	2.1980707472435457	0.1373123200000000	0.1010811000000000
1885	9.23106	2.2014775313569852	0.1322321300000000	0.0848859650000000
1886	9.23095	2.1995986856286551	0.1361920550000000	0.0921281650000000
1890	9.22622	2.1925851223293504	0.1528718050000000	0.0884565350000000
1893	9.22493	2.1973942025901518	0.1497585550000000	0.0743297700000000
1900	9.21053	2.1984983679299424	0.1265320950000000	0.0902813000000000
1901	9.21053	2.1969637688802823	0.1382051500000000	0.0904476900000000
1906	9.18684	2.1991790704814549	0.1439837800000000	0.0920559700000000
1908	9.18574	2.2287540407443882	0.1760475000000000	0.1213773700000000
1910	9.18173	2.2017255751672500	0.1092847050000000	0.0539211450000000
1911	9.18173	2.2000069330796053	0.1374109650000000	0.0858097950000000
1914	9.18130	2.2002369638554966	0.1437706900000000	0.1046789950000000
1916	9.18058	2.2418346261860016	0.1974919750000000	0.0705235950000000
1918	9.18028	2.1930517813680961	0.1366208300000000	0.1203397050000000
184	17.79570	2.2002839636464286	0.1571785050000000	0.0927319800000000
185	17.79570	2.1997785700682342	0.1490221600000000	0.0902940300000000
189	17.79230	2.2006204885066962	0.1251567900000000	0.0964043650000000
190	17.77460	2.2001552334571728	0.1270997500000000	0.1007100300000000
191	17.77460	2.1982963825750010	0.1213576100000000	0.0835026300000000
1922	9.17791	2.1997307962082817	0.1012092700000000	0.0676212500000000
1923	9.17791	2.1999597765487837	0.1549159900000000	0.1029663900000000
1924	9.17773	2.1997848380235419	0.1457105150000000	0.0907064850000000
1925	9.17773	2.2015667453700072	0.1269910250000000	0.0928480800000000
1926	9.17739	2.1998346141586835	0.1537881550000000	0.0975260750000000
1931	9.17523	2.2001901682551268	0.1456808600000000	0.0875101000000000
1932	9.17417	2.1986042434269089	0.1713022050000000	0.0941768200000000
1933	9.17417	2.2003930012430115	0.1344233650000000	0.1088142300000000
1934	9.17355	2.1999639332789189	0.1504487050000000	0.0963181050000000
1937	9.17238	2.2067978312278917	0.1587237900000000	0.1172800500000000
1939	9.17204	2.2001484166998315	0.1430289750000000	0.0812757450000000
1944	9.16674	2.2019422723099500	0.1566713300000000	0.0647325850000000
1946	9.16072	2.1985229445285914	0.1327494100000000	0.0907477400000000
1949	9.15790	2.1995652667228369	0.1553568200000000	0.0940332250000000
1950	9.15340	2.2018569882368340	0.1606806300000000	0.0947021700000000
1953	9.15240	2.2001643658592336	0.1424770400000000	0.1015950050000000
1955	9.15182	2.1916752001040116	0.1608196800000000	0.0809458400000000
1962	9.14000	2.1872198151253173	0.1228768850000000	0.1204347200000000
1964	9.14000	2.1999660344839818	0.1320245300000000	0.0898691900000000
1968	9.14000	2.2011659517925195	0.1351558700000000	0.1125279950000000
1970	9.14000	2.1996864101765539	0.1064278650000000	0.0658846850000000
1979	9.14000	2.2006966925168863	0.1364623700000000	0.1050412100000000
1983	9.14000	2.2015200805326263	0.1525809000000000	0.0734958250000000
1984	9.14000	2.2012337638245958	0.1715596300000000	0.1171670700000000
1986	9.14000	2.3124829891937493	0.2388571750000000	0.1284766350000000
1989	9.14000	2.2014567914155236	0.1465823700000000	0.0907099800000000
1990	9.14000	2.1994458656721996	0.1427212500000000	0.0887098050000000
1991	9.14000	2.2000766579876503	0.1506361750000000	0.1040721900000000
1992	9.14000	2.2007640327351954	0.1571819700000000	0.1043637800000000
1993	9.14000	2.2039892877783300	0.1418173950000000	0.0969664650000000
1996	9.14000	2.1993272941688047	0.1236551150000000	0.0670463450000000
1997	9.14000	2.1994575687349260	0.1427946400000000	0.1034468600000000
1999	9.14000	2.1996314592891153	0.1516786950000000	0.0990984050000000
192	17.71340	2.2019149229276294	0.1563276900000000	0.0943571750000000
193	17.71340	2.1998972724167665	0.1454626550000000	0.0837912850000000
194	17.70800	2.2001695822906355	0.1412948600000000	0.0987841200000000
196	17.66620	2.2012184276345779	0.1576598750000000	0.0702546900000000
198	17.62660	2.2019954596229452	0.1445049150000000	0.0868204300000000
199	17.62660	2.2004386427266813	0.1379435700000000	0.0886002300000000
2003	9.14000	2.1979620382785181	0.1362725000000000	0.0903613950000000
2009	9.13770	2.1981755046968678	0.1617859700000000	0.0804389400000000
2013	9.13558	2.2015913566382483	0.1480005300000000	0.0921831600000000
2017	9.13453	2.2010550916850655	0.1568949350000000	0.1067835150000000
2020	9.13287	2.2008455278740473	0.1336293500000000	0.0856688000000000
2021	9.13287	2.1979585552471979	0.1312790000000000	0.1066059500000000
2022	9.13245	2.1994181546458935	0.1481479150000000	0.0981371600000000
2024	9.13204	2.1984953892113928	0.1327208150000000	0.0892113100000000
2025	9.13204	2.1990497857136662	0.1449151600000000	0.0917746900000000
2026	9.13189	2.2037759078530033	0.1658135850000000	0.0805229350000000
2030	9.11916	2.1990917085453008	0.1565044100000000	0.0446440450000000
2033	9.11751	2.2127037717352867	0.1715871950000000	0.1262135700000000
2036	9.10508	2.2021199488323577	0.1388056100000000	0.1057973000000000
2038	9.10369	2.1959652326644696	0.1510979050000000	0.0741443200000000
2046	9.05605	2.1979339319704261	0.1414622350000000	0.0993050700000000
2048	9.04366	2.2003726027828918	0.1453377200000000	0.0910968000000000
2050	9.03912	2.2247983578560424	0.2314534900000000	0.1167821150000000
2055	9.03638	2.2009843115806680	0.1462866800000000	0.1059651450000000
2056	9.03142	2.1998181326217483	0.1500523300000000	0.0514599350000000
2060	9.02477	2.2013884924849489	0.1440324250000000	0.0995667950000000
2061	9.02477	2.1971576666253521	0.1467801700000000	0.1006765300000000
2064	9.02211	2.1994509087456842	0.1371154250000000	0.0671762800000000
2068	9.02041	2.2016919425614763	0.1490162400000000	0.1031801150000000
2069	9.02041	2.2216237467438984	0.1723649050000000	0.0941423850000000
2070	9.02039	2.2017532755755544	0.1284700600000000	0.0708004050000000
2071	9.02039	2.1772688526042803	0.1775895100000000	0.0416844900000000
2073	9.02018	2.1996399772455768	0.1508764350000000	0.0973507350000000
2075	9.02017	2.2028655635784999	0.1679661050000000	0.1004618600000000
2076	9.01653	2.2014732453487231	0.1252007650000000	0.0918511050000000
2078	9.01625	2.1993098109814628	0.1496879850000000	0.0731814200000000
2079	9.01625	2.1994745928600281	0.1407867950000000	0.0766404100000000
200	17.62620	2.2006185812865753	0.1441669550000000	0.0940663850000000
2080	9.01619	2.2098834910491520	0.1721411950000000	0.0995938750000000
2082	9.01556	2.2034017951272480	0.1604714950000000	0.0872736100000000
2083	9.01556	2.2018751739316844	0.1518664500000000	0.0599730700000000
2087	9.01160	2.1975854858723793	0.1427598000000000	0.1007619600000000
2088	9.01098	2.4146846863655651	0.2608537100000000	0.0919123000000000
2093	9.00907	2.1956658756360254	0.1684048550000000	0.1075123150000000
2096	9.00734	2.2000170127425021	0.1438997350000000	0.0966600050000000
2104	9.00246	2.1956155264559980	0.1412787750000000	0.0853730250000000
2107	9.00214	2.1986748668657006	0.1447111600000000	0.0850335550000000
2108	9.00062	2.1995040716045424	0.1569859000000000	0.0905659300000000
2111	9.00011	2.2003778196526356	0.1407017200000000	0.1027629900000000
2113	8.99981	2.1965693701651583	0.1341561050000000	0.0923406000000000
2114	8.99965	2.2370261119169768	0.2116505200000000	0.1049091450000000
2116	8.99874	2.1999123216200647	0.1477345500000000	0.1066647900000000
2119	8.99850	2.1999473723095728	0.1594018000000000	0.0892630800000000
2121	8.99556	2.2008880406596165	0.1308332200000000	0.0906816950000000
2123	8.99535	2.2014635297158702	0.1501092250000000	0.0793000150000000
2124	8.99371	2.2000343308772150	0.1330550950000000	0.0762332250000000
2127	8.99142	2.1866187643663255	0.1179122550000000	0.1115991950000000
2129	8.99078	2.2015737598326814	0.1581486800000000	0.0808679600000000
2130	8.98943	2.2006334335833926	0.1386467950000000	0.0861079350000000
2133	8.98853	2.2014433319192235	0.1533096150000000	0.1251037150000000
2136	8.98743	2.2003873755524066	0.1577914650000000	0.1080791150000000
2141	8.98605	2.2013848516306727	0.1602123000000000	0.0993730550000000
2145	8.98373	2.1943365980850520	0.1433822400000000	0.0977352700000000
2146	8.98340	2.1840539625725444	0.1278605300000000	0.1243209700000000
2149	8.98311	2.2008667802796338	0.1349931750000000	0.1108434500000000
2151	8.98274	2.1978012665360978	0.1433319400000000	0.1053426900000000
2152	8.98141	2.1984804209143838	0.1584207450000000	0.0793953350000000
2157	8.98000	2.1981969730217008	0.1310670400000000	0.0965495700000000
208	17.18240	2.2006362817062604	0.1437068250000000	0.0843079350000000
209	17.18240	2.2003617499607677	0.1290693050000000	0.1070989650000000
211	17.07690	2.2006772933151049	0.1442654800000000	0.1149717650000000
212	17.05300	2.2016397874697691	0.1567884950000000	0.1070022300000000
213	17.05300	2.1985177553022353	0.1159311400000000	0.0702125350000000
215	17.02200	2.1973111550838698	0.1459096250000000	0.1018097350000000
2162	8.98000	2.2008834999412215	0.1591839500000000	0.0835917700000000
2163	8.98000	2.1989486206401123	0.1413973400000000	0.0671953950000000
2169	8.98000	2.1973396423703435	0.1676427500000000	0.0653381650000000
2170	8.98000	2.2004910901015164	0.1583901950000000	0.0649626700000000
2173	8.98000	2.1992060896910597	0.1330336050000000	0.0891488150000000
2174	8.97946	2.2003155280011657	0.1140334600000000	0.0525505700000000
2178	8.97489	2.2000044416873461	0.1502283900000000	0.0866364250000000
2179	8.97489	2.1983774448425710	0.1418168400000000	0.1102846950000000
2184	8.97257	2.1997207915415800	0.1565341350000000	0.0953037700000000
2185	8.97257	2.2001066269234242	0.1489046750000000	0.0827585700000000
2187	8.97180	2.1985269609576252	0.1205971050000000	0.0996721650000000
2188	8.96911	2.1981482035438096	0.1304546700000000	0.0929245800000000
2189	8.96911	2.2013137922035182	0.1330081450000000	0.0397127350000000
2191	8.96742	2.2007898504476935	0.1515194050000000	0.0939607300000000
2198	8.95967	2.2008249545550269	0.1325682850000000	0.0990456150000000
2201	8.95899	2.1981074255211146	0.1503159900000000	0.0963156050000000
2202	8.95854	2.2006504107271034	0.1406169850000000	0.1083038450000000
2204	8.95765	2.1984492534339437	0.1553249050000000	0.1008242600000000
2205	8.95765	2.2024158698211558	0.1579075500000000	0.0746032250000000
2207	8.95637	2.2016358204677724	0.1268594900000000	0.1031019100000000
2210	8.95605	2.2005144408954442	0.1479093450000000	0.0711364250000000
2211	8.95605	2.2033976277891703	0.1636096800000000	0.1003443450000000
2218	8.95391	2.2069970265795988	0.1804261850000000	0.0982980250000000
2220	8.95361	2.1976839223853997	0.1472048600000000	0.1068776850000000
2221	8.95361	2.2125767518907531	0.1464999100000000	0.0558532800000000
2224	8.95254	2.2020248905460580	0.1508054050000000	0.0597891300000000
2225	8.95254	2.2018653359142450	0.1302912500000000	0.1076855950000000
2226	8.95171	2.1999891428478406	0.1429892350000000	0.0937103250000000
2230	8.95019	2.3776443330402386	0.2458158250000000	0.0768748050000000
2232	8.95018	2.2028682121650114	0.1512339100000000	0.1161093250000000
2236	8.94681	2.1978153509815099	0.1426245050000000	0.1006607950000000
218	16.98050	2.1992452036899652	0.1540483500000000	0.0581742200000000
221	16.93270	2.1879810886984830	0.1358935200000000	0.1100627300000000
223	16.91870	2.1998436458451649	0.1610944500000000	0.1100347300000000
2242	8.93885	2.2916418201556583	0.2513904500000000	0.1236289550000000
2243	8.93885	2.2007587644567175	0.1551521700000000	0.0705556000000000
2244	8.93734	2.2016330650408813	0.1360431900000000	0.0804046750000000
2245	8.93734	2.1826115595838131	0.1756834000000000	0.0918668850000000
2246	8.93637	2.2018435411921522	0.1410297550000000	0.0990525000000000
2247	8.93637	2.2052610878519090	0.1588435700000000	0.1000828450000000
2248	8.93547	2.2013358436481369	0.1568696650000000	0.0979152250000000
2249	8.93547	2.1999760063864935	0.1536905300000000	0.0954294200000000
2250	8.93344	2.2234357854523576	0.1736544700000000	0.0896962650000000
2251	8.93344	2.2435236312268452	0.1877516450000000	0.1176460450000000
2253	8.93060	2.2006716288206736	0.1420605500000000	0.0967335700000000
2255	8.92967	2.1994178645106697	0.1558353050000000	0.0825971100000000
2256	8.92952	2.2047538894916325	0.1487161500000000	0.0939985650000000
2263	8.92661	2.1984780926005296	0.1566389200000000	0.0780132700000000
2265	8.92659	2.2021412462550818	0.1423510350000000	0.0867685250000000
2266	8.92619	2.1967900870546653	0.1584229400000000	0.0887213950000000
2268	8.92463	2.2076682660921811	0.1613736700000000	0.1067509100000000
2270	8.92413	2.1906947967955657	0.1490422950000000	0.0962067350000000
2271	8.92413	2.2021070901309878	0.1413440600000000	0.1053125000000000
2273	8.92381	2.2013324336828033	0.1217994350000000	0.0491066300000000
2274	8.92358	2.1948756185505922	0.1494265400000000	0.0930191400000000
2275	8.92358	2.1978033303087865	0.1469117250000000	0.0775900150000000
2278	8.92315	2.2001738956352765	0.1448781600000000	0.0935690800000000
2281	8.92279	2.1985105324097973	0.1465142650000000	0.1030895600000000
2288	8.91786	2.2021177853177547	0.1423398750000000	0.0914899450000000
2289	8.91786	2.1996936156540605	0.1458624500000000	0.0756637150000000
2291	8.91596	2.1997468433267451	0.1385224050000000	0.0628859600000000
2293	8.91512	2.2019629627787798	0.1462339350000000	0.0961630000000000
2295	8.91384	2.2001105523035389	0.1539980400000000	0.0788536500000000
2296	8.91245	2.1915332255408115	0.1319140400000000	0.1011965350000000
2299	8.90797	2.2057122421959008	0.1672672050000000	0.0906049000000000
2300	8.90250	2.1985589713697844	0.1716864500000000	0.1198652550000000
2303	8.90204	2.2022840367248704	0.1696168750000000	0.0890414700000000
2304	8.89888	2.2017519579511253	0.1215657350000000	0.0635504100000000
2306	8.89326	2.2025177975069945	0.1520959150000000	0.0899561300000000
2307	8.89326	2.2018606203849367	0.1435658400000000	0.1013510800000000
2312	8.87436	2.1999910088551480	0.1409764650000000	0.1079331500000000
2313	8.87436	2.2007457275505695	0.1374485750000000	0.1028502250000000
2315	8.87192	2.2001234162314032	0.1316430850000000	0.1014528100000000
2317	8.87173	2.2020692299924280	0.1266094900000000	0.1075546750000000
2319	8.86814	2.1980165920889294	0.1211726150000000	0.0844981600000000
227	16.88770	2.2009484522659593	0.1590022350000000	0.0996265050000000
228	16.88760	2.1994832728116913	0.1527655050000000	0.0713727400000000
230	16.86680	2.2020376221528815	0.1612804550000000	0.0786589700000000
2324	8.86133	2.1918803023055848	0.1444260950000000	0.1238287150000000
2330	8.85054	2.1994325274698925	0.1365073400000000	0.0830911150000000
2334	8.85037	2.4319902651502585	0.2859991350000000	0.1191508450000000
2343	8.83638	2.2006500932096498	0.1504803000000000	0.1041570650000000
2348	8.82689	2.2013460760285701	0.1466579700000000	0.1049142600000000
2349	8.82689	2.2004159017389888	0.1416016350000000	0.0871251950000000
2350	8.82364	2.2001649557857461	0.1433916650000000	0.0657039750000000
2351	8.82364	2.2216510641260978	0.1785686850000000	0.0731115250000000
2352	8.81628	2.1887333539290621	0.1300901600000000	0.1196581100000000
2353	8.81628	2.1987470373684257	0.1188617200000000	0.0480195850000000
2354	8.81623	2.2014344231666074	0.1628397250000000	0.0823432200000000
2356	8.81004	2.1994730868786174	0.1358187950000000	0.0962084000000000
2362	8.80658	2.2020400782032947	0.1470712150000000	0.0711183700000000
2363	8.80658	2.2000671084485699	0.1259500700000000	0.0966777950000000
2367	8.80448	2.2060327835743387	0.1718226200000000	0.0954132800000000
2368	8.79150	2.2019167350076154	0.1531485800000000	0.0944377150000000
2370	8.78437	2.1985109026347098	0.1542982650000000	0.0921466750000000
2371	8.78437	2.1994613990431700	0.1262284050000000	0.1065227700000000
2374	8.77878	2.2003313609733817	0.1341992600000000	0.0964221800000000
2375	8.77878	2.1999296421756522	0.1516858600000000	0.0918034950000000
2376	8.77192	2.1996658889080782	0.1396889100000000	0.0817580150000000
2378	8.75648	2.1986762602284999	0.1315428000000000	0.0710619100000000
2380	8.75301	3.5504119929046771	0.3165723350000000	0.1354243000000000
2381	8.75301	2.2019099759935963	0.1353820500000000	0.0977132800000000
2383	8.74242	2.1990860613616525	0.1351119200000000	0.1104985100000000
2384	8.74216	2.2020683183211665	0.1665105750000000	0.0376950800000000
2391	8.73721	2.2004616343336019	0.1560385350000000	0.0954999500000000
2392	8.73275	2.1998114773218393	0.1520891600000000	0.0760886150000000
2393	8.73275	2.1985228091615161	0.1584144550000000	0.0786401050000000
2394	8.72981	2.1986365232805118	0.1425376450000000	0.0939715800000000
2397	8.72279	2.1985484458861042	0.1338651050000000	0.1074769650000000
2399	8.71645	2.2009587367532175	0.1544324600000000	0.0894277400000000
233	16.86620	2.1984996798031369	0.1698312450000000	0.1238567400000000
235	16.86370	2.2022069999398259	0.1540836350000000	0.0928571800000000
237	16.81790	2.1994858333798737	0.1432714350000000	0.1054910150000000
238	16.79440	2.1985488820695953	0.1596394750000000	0.1178145050000000
239	16.79440	2.1999038251863761	0.1365534050000000	0.0404533950000000
22	98.06700	2.2009970282497697	0.1545280500000000	0.0914561000000000
2401	8.71274	2.3894420621989667	0.2809461550000000	0.0890113000000000
2402	8.70886	2.1975803585174472	0.1450717600000000	0.0914223050000000
2404	8.70243	2.2006539578051791	0.1489909150000000	0.0652033950000000
2405	8.70243	2.1956187509296954	0.1523794200000000	0.0922879400000000
2406	8.69579	2.2078727518342842	0.1652181450000000	0.0947936950000000
2408	8.69451	2.2004296866359656	0.1539567800000000	0.0752747250000000
2409	8.69451	2.1998922163647401	0.1549339650000000	0.1039506100000000
2415	8.67928	2.2006368555627027	0.1640171500000000	0.0863768100000000
2416	8.66682	2.2016504116011659	0.1303988550000000	0.1174694100000000
2418	8.66452	2.2014860597968737	0.1588967200000000	0.0944952850000000
2422	8.64969	2.3939640762002607	0.2707336750000000	0.1026213850000000
2425	8.64481	2.2013897301214809	0.1428688450000000	0.0910331400000000
2427	8.64296	2.1869460778851684	0.1451765900000000	0.0691513100000000
2429	8.64137	2.1976088790142421	0.1506960250000000	0.0815726100000000
2431	8.62991	2.2014502195649728	0.1565320700000000	0.0840865950000000
2432	8.62916	2.2005844214558348	0.1435477400000000	0.0959904750000000
2433	8.62916	2.2002636622184437	0.1371343800000000	0.1089418650000000
2434	8.62915	2.1998374683286928	0.1471971000000000	0.0969553000000000
2438	8.62822	2.2631777211284843	0.2278119450000000	0.1358944900000000
2440	8.62799	2.2012136937880000	0.1480227200000000	0.1001255150000000
2441	8.62799	2.2019641864103630	0.1453429500000000	0.1046586950000000
2449	8.62562	2.1760688830881261	0.1546631800000000	0.0651208250000000
2451	8.62547	2.2015574269046296	0.1517365000000000	0.0920199550000000
2452	8.62537	2.1975524850447292	0.1517826250000000	0.0341385900000000
2454	8.62494	2.2043005197085579	0.1440590900000000	0.1145415400000000
2460	8.62151	2.2008322901158874	0.1324881850000000	0.0825595100000000
2461	8.62151	2.3474758077385935	0.3027633850000000	0.0885437100000000
2463	8.62143	2.2016064683699401	0.1420559800000000	0.0839212150000000
2464	8.62139	2.1998167351170337	0.1353240400000000	0.0956778550000000
2465	8.62139	2.2001320494651817	0.1361173450000000	0.1004749150000000
2468	8.61871	2.1977535975427922	0.1566749350000000	0.0829858600000000
2469	8.61871	2.2004768597147075	0.1397215700000000	0.0961046850000000
2472	8.59504	2.1997072834266151	0.1344417350000000	0.1031109250000000
2477	8.58354	2.2024015908914607	0.1552808450000000	0.0914432700000000
2478	8.57884	2.1996441247099723	0.1375960100000000	0.0739758150000000
2479	8.57884	2.1804974372824941	0.0991417400000000	0.1092685900000000
245	16.67950	2.2071505605739228	0.1601209450000000	0.0731248450000000
246	16.65760	2.2342257686203535	0.1946567900000000	0.0471455650000000
2482	8.55860	2.2035050388976205	0.1766246350000000	0.1128747500000000
2485	8.55654	2.2006100198441008	0.1395747500000000	0.0869398250000000
2488	8.54109	2.2005223204329329	0.1454985400000000	0.1016092450000000
2489	8.54109	2.1996159267054707	0.1494484100000000	0.1051237600000000
2492	8.53909	2.2006506565758235	0.1515198850000000	0.1079292950000000
2498	8.53773	2.2022340124432556	0.1483120650000000	0.0884040850000000
2506	8.53691	2.2021812802752838	0.1310565050000000	0.0774692550000000
2507	8.53691	2.1700787556360601	0.1573855500000000	0.1048242400000000
2511	8.53659	2.2018859005180196	0.1444548300000000	0.0868803700000000
2513	8.53601	2.1992454427059265	0.1533111150000000	0.0941872850000000
2515	8.53595	2.1986381074339478	0.1658758700000000	0.0802061300000000
2520	8.53184	2.1985633320433515	0.1502939550000000	0.1003296100000000
2522	8.53153	2.1974037246224825	0.1449213800000000	0.0917205750000000
2527	8.52658	2.1974725014237197	0.1400485250000000	0.0883688150000000
2529	8.52617	2.1746488655015570	0.1593471650000000	0.0588687200000000
2533	8.51847	2.1995809859688866	0.1231696050000000	0.0965510550000000
2536	8.51130	2.2010956775302621	0.1440295100000000	0.0873505550000000
2537	8.51130	2.2006151004619432	0.1368099400000000	0.0863458050000000
2542	8.49075	2.2007612096950675	0.1403105500000000	0.0964320700000000
2543	8.49075	2.2014595501044272	0.1382783050000000	0.0762171200000000
2544	8.48967	2.2010488074597703	0.1428307250000000	0.0858108900000000
2550	8.48000	2.2013449441045769	0.1472792550000000	0.0939305050000000
2551	8.48000	2.2057157335950128	0.1625940400000000	0.0567576050000000
2558	8.48000	2.1996803266009111	0.1548782800000000	0.0564302050000000
248	16.57590	2.2042042610091110	0.1662537450000000	0.0516673300000000
249	16.57590	2.1985755653089987	0.1463741600000000	0.0875334100000000
250	16.51990	2.2005345059328110	0.1467649650000000	0.0897862100000000
251	16.51990	2.1990888713321453	0.1474012200000000	0.0668840300000000
252	16.50140	2.2039845256570092	0.1642336300000000	0.0776093700000000
253	16.50140	2.1980100660686452	0.1393168950000000	0.0903026600000000
2560	8.48000	2.2027510308319656	0.1529420350000000	0.0910227900000000
2561	8.48000	2.2019106031331641	0.1386078350000000	0.0934704150000000
2567	8.48000	2.1980207173164175	0.1312405700000000	0.1006480450000000
2569	8.48000	2.2005138867923701	0.1378295000000000	0.1186737150000000
2570	8.47797	2.1933616403388099	0.1579795000000000	0.0598287250000000
2578	8.46680	2.2021087981808973	0.1414493450000000	0.0959236600000000
2580	8.46656	2.1987558686610975	0.1262065000000000	0.1109335350000000
2584	8.46055	2.2992295961820646	0.2259558550000000	0.0296351900000000
2586	8.46000	2.2001147170068043	0.1611163550000000	0.0686009250000000
2587	8.46000	2.1988161021047037	0.1423568950000000	0.0810007700000000
2589	8.44800	2.2015490349487079	0.1331374800000000	0.0948576600000000
2597	8.43458	2.1979781464350139	0.1343287850000000	0.1022717500000000
2598	8.43092	2.2604003843937583	0.1802268100000000	0.0939660600000000
2601	8.42770	2.2014242778581785	0.1534639950000000	0.0930090200000000
2603	8.42299	2.2012207987517747	0.1412471200000000	0.0979106950000000
2604	8.42061	2.2724497383361060	0.2513532650000000	0.0835793200000000
2609	8.41614	2.2018331661950277	0.1593307150000000	0.0752600850000000
2610	8.40807	2.1846182173928277	0.1312719500000000	0.1271833250000000
2614	8.40334	2.2002929850715538	0.1512190250000000	0.0761654800000000
2615	8.40334	2.1980755563592056	0.1321981200000000	0.1069177700000000
2616	8.40227	2.1891333249575116	0.1603037800000000	0.1259841200000000
2617	8.40227	2.1985672136088961	0.1296180550000000	0.1123566300000000
2619	8.39487	2.2014810348889364	0.1569486950000000	0.0998313950000000
2620	8.39137	2.2014150079283117	0.1360646150000000	0.0837746200000000
2623	8.38740	2.2206513163945845	0.1773760500000000	0.0919938650000000
2624	8.38712	2.1997728774397558	0.1546648100000000	0.0964470550000000
2625	8.38712	2.2014424057871826	0.1526145350000000	0.0949171950000000
2627	8.38446	2.2305765802636004	0.1712322850000000	0.0852893900000000
2629	8.37889	2.1990770571807237	0.1532328050000000	0.1001589200000000
2630	8.37462	2.1971359645764879	0.1470650650000000	0.1016956300000000
2633	8.37012	2.1975067465678335	0.1469297400000000	0.0931245800000000
2634	8.36918	2.2020939946651432	0.1347875300000000	0.1045254900000000
2635	8.36918	2.2178096907208702	0.2027588550000000	0.0910382850000000
2638	8.36731	2.2001767491322894	0.1304207100000000	0.1024580350000000
257	16.45850	2.2004012277967400	0.1585875950000000	0.0834713750000000
258	16.44450	2.2557248492196300	0.1689876950000000	0.0365610200000000
2640	8.36730	2.1986676579314137	0.1274164850000000	0.1110557750000000
2642	8.36655	2.1999423717442697	0.1522272350000000	0.0908174250000000
2643	8.36655	2.2000453967159417	0.1380143000000000	0.0962402700000000
2647	8.36622	2.2022106471252765	0.1429824850000000	0.0773882100000000
2650	8.36541	2.1998318014791911	0.1494897650000000	0.0934379550000000
2655	8.36483	2.1987228656861113	0.0954756550000000	0.0851503550000000
2656	8.36471	2.1999067056756099	0.1393016850000000	0.1164762450000000
2666	8.35941	2.1999276388466162	0.1429570200000000	0.0770665150000000
2667	8.35941	2.2014117432127001	0.1450989350000000	0.0861034050000000
2672	8.35329	2.1935897057464131	0.1539499450000000	0.0954542550000000
2673	8.35329	2.2004941986806905	0.1460239500000000	0.0998846350000000
2674	8.35100	2.1861698417451301	0.1383924750000000	0.1083538200000000
2675	8.35100	2.1985032643467095	0.1454445350000000	0.0829857100000000
2676	8.34964	2.2015148954264108	0.1558712200000000	0.1061804650000000
2677	8.34964	2.1994237904344649	0.1343139350000000	0.0905359550000000
2680	8.34857	2.2040067675979729	0.1577863550000000	0.0498117950000000
2681	8.34857	2.2015235655228866	0.1350892350000000	0.0830665550000000
2682	8.34790	2.2007579069016350	0.1369110600000000	0.0765324450000000
2683	8.34790	2.2002659844764825	0.1493822200000000	0.0943970900000000
2684	8.34776	2.2022311351163122	0.1449271850000000	0.1063305700000000
2686	8.34726	2.2098124877028140	0.1622026300000000	0.0996921500000000
2687	8.34726	2.2011888416395440	0.1323328500000000	0.0968070950000000
2693	8.34483	2.2054203492728948	0.1649277250000000	0.1066831600000000
2696	8.34384	2.1984977603829829	0.1627194050000000	0.0720954550000000
2697	8.34384	2.1968283199713659	0.1575725950000000	0.0632661300000000
2702	8.34188	2.2008605680618394	0.1584313400000000	0.1075721250000000
2705	8.34054	2.1980350982581451	0.1272110650000000	0.0877773900000000
2706	8.33796	2.1951454492575140	0.1513285050000000	0.1037040900000000
2707	8.33796	2.2018094413255831	0.1241235300000000	0.1146698950000000
2709	8.33427	2.2014891573905211	0.1466320450000000	0.0865793150000000
2712	8.32388	2.2016910328616639	0.1450547650000000	0.1041870300000000
2717	8.31924	2.2020144165435331	0.1483413900000000	0.0917467000000000
2718	8.31015	2.1984994531381781	0.1442498800000000	0.1157984250000000
264	16.21370	2.1993762823273655	0.1479185400000000	0.1119258700000000
265	16.21370	2.2410603715612778	0.1841086600000000	0.1194942900000000
268	16.15410	2.1994679704750162	0.1526421350000000	0.0940812750000000
270	16.15400	2.1999068403724298	0.1534286000000000	0.1048660500000000
271	16.15400	2.2000740448152554	0.1378385550000000	0.1005519600000000
2720	8.30884	2.2008747862163749	0.1482125250000000	0.1006411800000000
2722	8.30872	2.2001451580818134	0.1394942450000000	0.0778637950000000
2723	8.30872	2.2007381038519136	0.1592656800000000	0.1098189600000000
2724	8.30642	2.1999044570543482	0.1382560450000000	0.0777325950000000
2725	8.30642	2.2313667608262091	0.2008285800000000	0.0546022350000000
2727	8.30497	2.2001607957634772	0.1576182000000000	0.0570803000000000
2728	8.30123	2.2001388509076762	0.1422801750000000	0.0940410150000000
2734	8.27979	2.2003452768300376	0.1468221850000000	0.1110721650000000
2736	8.27930	2.2021379557235221	0.1698715000000000	0.0974299000000000
2746	8.27183	2.1803668743502382	0.1589388500000000	0.0866039450000000
2751	8.27016	2.2005964834395786	0.1583937000000000	0.0755471550000000
2758	8.26374	2.2007364596534704	0.1442061650000000	0.0926141950000000
2762	8.26118	2.2792053609138345	0.2501841500000000	0.1401324150000000
2764	8.25435	2.2009285339191784	0.1602913900000000	0.0878236800000000
2765	8.25435	2.2009606834058153	0.1484891400000000	0.0705443200000000
2766	8.24826	2.1978391022407715	0.1339976650000000	0.0940594650000000
2767	8.24826	2.2313336386439659	0.1900942450000000	0.1206136450000000
2771	8.24336	2.2003887227418359	0.1389825900000000	0.0995699400000000
2772	8.23918	2.1920750832350802	0.1599626850000000	0.0875916950000000
2773	8.23918	2.1986432457751337	0.1725915450000000	0.1180174950000000
2774	8.23870	2.1947860225594464	0.1548647850000000	0.0933899200000000
2778	8.23466	2.2001885152254479	0.1522449900000000	0.1107235200000000
2779	8.23466	2.2025236633232859	0.1592451650000000	0.0735093550000000
2781	8.23239	2.1990597234897153	0.1202283050000000	0.1009058800000000
2782	8.22956	2.1975962629150851	0.1342287600000000	0.1056636350000000
2783	8.22956	2.2016976432990165	0.1412631350000000	0.0915101850000000
2786	8.22882	2.2022300925199536	0.1453192650000000	0.1004125450000000
2787	8.22882	2.2007573080333893	0.1545198000000000	0.0446236700000000
2788	8.22517	2.1999974428641620	0.1460577700000000	0.0748235850000000
2792	8.22157	2.2021364776339407	0.1528544600000000	0.0865197750000000
2793	8.22157	2.2001722247140769	0.1551270500000000	0.0930858350000000
2795	8.21916	2.2017176210164981	0.1275512450000000	0.1216127950000000
2796	8.21880	2.1991037528866477	0.1535325350000000	0.0885979750000000
274	16.00470	2.2011114170648920	0.1442837150000000	0.1032040500000000
275	16.00470	2.1999529873356924	0.1530081600000000	0.0700583350000000
276	15.97560	2.2433850675190290	0.2043261850000000	0.0873117850000000
278	15.81910	2.1977994367121672	0.1436951650000000	0.1025765400000000
279	15.81910	2.2003573491953570	0.1288152650000000	0.1080527250000000
2800	8.21535	2.2629874431927091	0.1977396900000000	0.1123562550000000
2802	8.21484	2.2000432149336722	0.1439640750000000	0.1084327250000000
2803	8.21484	2.1996784387032413	0.1388114250000000	0.0824318300000000
2806	8.20236	2.2002326367714296	0.1293115250000000	0.0926478050000000
2807	8.20236	2.2008305400628889	0.1442803450000000	0.0963032300000000
2808	8.20000	2.2021072682507121	0.1190088400000000	0.0659115850000000
2813	8.20000	2.2014670620034291	0.1554986450000000	0.0920896650000000
2815	8.20000	2.1978031826330016	0.1349332950000000	0.0860791150000000
2816	8.20000	2.2025496139216116	0.1603442800000000	0.0671561200000000
2818	8.20000	2.2008555025345142	0.1259730100000000	0.0908317750000000
2819	8.20000	2.1976907527580281	0.1354978700000000	0.0996922100000000
2820	8.20000	2.1993102626188041	0.1546041700000000	0.0788242350000000
2822	8.20000	2.4303692758582613	0.2629969800000000	0.0964409700000000
2823	8.20000	2.1980664178307689	0.1166277300000000	0.0567456800000000
2824	8.20000	2.2096776397279241	0.1839489250000000	0.1287403600000000
2827	8.20000	2.1962373541142330	0.1607550100000000	0.0787577900000000
2830	8.20000	2.2011467811385010	0.1571590200000000	0.0519111650000000
2832	8.20000	2.2014222799313874	0.1303449000000000	0.0960609650000000
2836	8.20000	2.2018880175284368	0.1515732350000000	0.0756281850000000
2837	8.20000	2.1984862158185452	0.1487193500000000	0.0912284500000000
2840	8.19420	2.2823548414218009	0.3050720150000000	0.1267521800000000
2841	8.19420	2.2011794300106060	0.1547014400000000	0.0895313300000000
2842	8.19382	2.1967945968367633	0.1525412750000000	0.0940726100000000
2843	8.19382	2.2010988918889640	0.1105319900000000	0.0699779650000000
2844	8.19066	2.2024821046801768	0.1483335050000000	0.1032100950000000
2848	8.18384	2.1988379700921459	0.1449788850000000	0.0826067750000000
2854	8.17129	2.2034833886259984	0.1668498550000000	0.1195736300000000
2855	8.17129	2.1970216038202106	0.1549121850000000	0.0947878400000000
2858	8.16935	2.1966739548441452	0.1346654400000000	0.0882406650000000
2860	8.16836	2.2007586441376326	0.1418228700000000	0.0893002250000000
2861	8.16836	2.1953691085255298	0.1479677700000000	0.0838262100000000
2862	8.16758	2.2016681581685247	0.1405383300000000	0.0910054800000000
2863	8.16758	2.2012855461954084	0.1288979750000000	0.0956116050000000
2864	8.16645	2.2002917168537723	0.1532474350000000	0.0931196150000000
2867	8.16450	2.2403783795082259	0.1998831950000000	0.1096739950000000
2868	8.16181	2.1998088039692654	0.1409985350000000	0.1017122250000000
2869	8.16181	2.2010030974203714	0.1521285400000000	0.0540404550000000
2870	8.15953	2.1953704865462802	0.1298509500000000	0.0777475700000000
2872	8.15888	2.1963283160129841	0.1427911450000000	0.0979576800000000
2877	8.14937	2.1976141633204462	0.1415364450000000	0.0756114100000000
2878	8.14594	2.1979214269861713	0.1313579600000000	0.1173385950000000
280	15.79130	2.1640407825764938	0.1415625400000000	0.0769325050000000
285	15.59030	2.1997785291363536	0.1561744000000000	0.0974996900000000
286	15.37460	2.2235761227070032	0.1851088700000000	0.1205852950000000
2886	8.13966	2.2015225167028345	0.1563528300000000	0.1043489000000000
2887	8.13966	2.2001405429939593	0.1310760950000000	0.0757364800000000
2889	8.13955	2.1985438970387507	0.1667955150000000	0.1193205550000000
2891	8.13890	2.2018238691454473	0.1374509300000000	0.0975749900000000
2892	8.13840	2.2016604218270008	0.1378816000000000	0.0360440250000000
2893	8.13840	2.2007116173801831	0.1614353650000000	0.1040714600000000
2899	8.13645	2.1996406305176071	0.1293463000000000	0.0939949600000000
2901	8.13578	2.1990101127624411	0.1426721550000000	0.0928011100000000
2906	8.13301	2.1971137303833186	0.1654804000000000	0.0764715450000000
2907	8.13301	2.1970724282893994	0.1369399200000000	0.0751067150000000
2908	8.13284	2.1996736430740289	0.1558713600000000	0.0782649450000000
2909	8.13284	2.3775298873822748	0.2482546800000000	0.1130877050000000
2913	8.12955	2.2005098442016533	0.1570187100000000	0.0691566600000000
2919	8.12592	2.1824355718645152	0.1485319800000000	0.1034409450000000
2925	8.12265	2.1994988915660043	0.1322617450000000	0.1034294900000000
2927	8.12189	2.2027657556679525	0.1552136850000000	0.0783382450000000
2932	8.11972	2.2010308442241917	0.1507256300000000	0.0968057400000000
2933	8.11972	2.1971037500769923	0.1648671750000000	0.0967291450000000
2934	8.11876	2.1993091323694691	0.1505903200000000	0.0922629200000000
2937	8.11438	2.1765312439870326	0.1830776550000000	0.0994037100000000
2938	8.11091	2.1989515532880177	0.1536359050000000	0.1029343950000000
2940	8.11078	2.1987525128384635	0.1488474150000000	0.0878985450000000
2941	8.11078	2.2015144221136547	0.1541632700000000	0.0946641500000000
2944	8.10951	2.1985128680869273	0.1447622450000000	0.0858300750000000
2948	8.10659	2.1918599788326736	0.1624990100000000	0.1124968500000000
2949	8.10659	2.2011219547309415	0.1323790400000000	0.0489400100000000
2951	8.10431	2.2014569786953158	0.1483839300000000	0.1084498800000000
2952	8.09909	2.2028235997948635	0.1451958200000000	0.1147697950000000
2955	8.09854	2.2014596145950809	0.1664781900000000	0.0678096300000000
2959	8.09785	2.1946232604293741	0.1629201200000000	0.0871721000000000
289	15.35480	2.2006932087044855	0.1498018100000000	0.0922870150000000
290	15.33460	2.2014746674242209	0.1386144200000000	0.0869263700000000
292	15.33040	2.1998003766893035	0.1647085050000000	0.1032754450000000
293	15.33040	2.2001309641761582	0.1582641450000000	0.0996583900000000
294	15.28500	2.1979647640853686	0.1277100950000000	0.0787637750000000
295	15.28500	2.1994873566469635	0.1324774850000000	0.0989683750000000
2961	8.09740	2.1985718697507015	0.0954273650000000	0.0723364350000000
2962	8.09702	2.2020220653675144	0.1474950550000000	0.0738304350000000
2963	8.09702	2.1974055232620562	0.1368796650000000	0.1299195950000000
2964	8.09688	2.1968958289621821	0.1602103400000000	0.1018235100000000
2966	8.09614	2.2001255377756093	0.1381529500000000	0.1158478500000000
2968	8.09578	2.2001350160373825	0.1585964500000000	0.0914616050000000
2969	8.09578	2.2266996306191960	0.1864832250000000	0.0910132050000000
2970	8.09432	2.2018910341702878	0.1457995000000000	0.0944154800000000
2971	8.09432	2.1977868336055959	0.1277566050000000	0.0687360100000000
2972	8.09383	2.2008810244239934	0.1520364700000000	0.0872353000000000
2973	8.09383	2.2036145747916240	0.1539193700000000	0.0714482650000000
2975	8.09179	2.2314485525272532	0.1967666500000000	0.1093780450000000
2976	8.09157	2.1991522118487214	0.1480440800000000	0.0463920750000000
2977	8.09157	2.2578241878091907	0.1702703750000000	0.1191755700000000
2978	8.09141	2.2004706667394678	0.1541212100000000	0.1079224650000000
2985	8.09051	2.2024667070688437	0.1572571250000000	0.0973021150000000
2987	8.09000	2.2032913463535078	0.1664746450000000	0.0640689300000000
2988	8.09000	2.2042687619429042	0.1692331350000000	0.0745979250000000
2993	8.09000	2.1998316273331526	0.1518042100000000	0.0567214650000000
2994	8.09000	2.1979561030374684	0.1305783150000000	0.0695190350000000
2995	8.09000	2.1985098818778597	0.1333449650000000	0.1102229450000000
2998	8.09000	2.2020009554893303	0.1277221200000000	0.1069795450000000
3003	8.09000	2.1994894156856688	0.1590621400000000	0.0897779950000000
3007	8.09000	2.1957216290939185	0.1332336800000000	0.0366204650000000
3008	8.09000	2.1991408741680059	0.1501494250000000	0.0999662850000000
3010	8.09000	2.2023566722761796	0.1544933050000000	0.1060902300000000
3011	8.09000	2.2014555934086393	0.1477554850000000	0.1017647300000000
3012	8.09000	2.2014906098346576	0.1642267000000000	0.0808034900000000
3013	8.09000	2.1984807793461072	0.1472837000000000	0.1120418300000000
3014	8.09000	2.2006667785172978	0.1251961200000000	0.1004339650000000
3017	8.09000	2.2011577812739502	0.1588749300000000	0.0926664700000000
3018	8.09000	2.2103663446385728	0.1724639900000000	0.1052690000000000
3020	8.09000	2.1986034016184184	0.1662578750000000	0.0951136150000000
3021	8.09000	2.2008754162463182	0.1564621250000000	0.0919084850000000
3022	8.09000	2.1903922791197954	0.1280082700000000	0.1022334500000000
3023	8.09000	2.2004514197469747	0.1368077900000000	0.0689594750000000
3024	8.08933	2.1971530521366032	0.1243394750000000	0.1076117450000000
3026	8.08870	2.2057967431588308	0.1691866300000000	0.0657925300000000
3027	8.08870	2.1992389736982041	0.1437187050000000	0.1077666200000000
3029	8.08834	2.2312613176444764	0.1941465250000000	0.1258688850000000
3031	8.08665	2.1914712926414603	0.1608152350000000	0.0986400150000000
3035	8.08582	2.1983263962930000	0.1411484550000000	0.0982665300000000
3036	8.08477	2.2001122355265013	0.1371431750000000	0.0823626300000000
3037	8.08477	2.2015556096411051	0.1503274350000000	0.0918902200000000
3039	8.08469	2.2014332426514609	0.1625686100000000	0.0396164850000000
300	15.20500	2.1995054335986537	0.1480634050000000	0.1002738900000000
302	15.16550	2.1997123530013698	0.1378171550000000	0.1010695050000000
303	15.16550	2.2004681776898627	0.1550284200000000	0.1043020200000000
3042	8.08148	2.4023086487554681	0.2580260100000000	0.1129281700000000
3043	8.08148	2.3124334871429704	0.2395096950000000	0.1369840600000000
3044	8.08006	2.1985717267838174	0.1579642500000000	0.0938636000000000
3045	8.08006	2.2004741710586888	0.1663111250000000	0.0470188100000000
3046	8.07997	2.1985207964456106	0.1509237750000000	0.0787833450000000
3050	8.07978	2.2005223411329458	0.1480741200000000	0.0704686150000000
3051	8.07978	2.2014685274726946	0.1678219450000000	0.1341576050000000
3052	8.07878	2.1949190268088254	0.1386395500000000	0.0994852000000000
3055	8.07877	2.2010947435974852	0.1530996000000000	0.0742665050000000
3057	8.07712	2.4538881002843422	0.2684556250000000	0.0504581200000000
3058	8.07629	2.2005952704853979	0.1394438950000000	0.0900625050000000
3061	8.07613	2.1921428613954346	0.1272182350000000	0.1025946800000000
3062	8.07519	2.1992547993921732	0.1571235300000000	0.0768790750000000
3063	8.07519	2.2006355989906061	0.1424259250000000	0.1033843350000000
3064	8.07504	2.2011533691578284	0.1271538250000000	0.0995755450000000
3066	8.07475	2.2024029308830642	0.1547730200000000	0.0906909050000000
3068	8.07404	2.1985043270575488	0.1506207150000000	0.0943496050000000
3075	8.07165	2.1954746179739311	0.1510561400000000	0.0994758850000000
3076	8.07056	2.2382183460249720	0.1889541000000000	0.0823509650000000
3077	8.07056	2.1995166525214835	0.1435684450000000	0.1009077450000000
3080	8.06908	2.1990889742765134	0.1455245600000000	0.1019669950000000
3085	8.06592	2.1995001704126027	0.1188341100000000	0.0583763050000000
3088	8.06143	2.1989312948895123	0.1469245300000000	0.0995907750000000
3090	8.05591	2.1985133760070048	0.1369408550000000	0.0767227600000000
3091	8.05591	2.1968087777144927	0.1397854850000000	0.0953772200000000
3094	8.05502	2.2002748883005738	0.1520850150000000	0.1040308700000000
3096	8.05430	2.1999619374452317	0.1295770150000000	0.1035656850000000
3097	8.05430	2.1938498053458342	0.1748978400000000	0.0495098550000000
3098	8.05418	2.2014014193620675	0.1413455800000000	0.1034257250000000
3099	8.05418	2.2005280772590234	0.1492422500000000	0.1048485450000000
3101	8.05284	2.2000313190061602	0.1213174500000000	0.0631288050000000
3103	8.05240	2.2001667228874950	0.1614814150000000	0.0921570300000000
3104	8.05108	2.2005286493222189	0.1476235800000000	0.0812455650000000
3106	8.05001	2.2022843629697308	0.1640996200000000	0.0809702250000000
3107	8.05001	2.1944034152109593	0.1492415350000000	0.1053338400000000
3109	8.04961	2.1925267356811209	0.1406891950000000	0.0991311950000000
3110	8.04777	2.2169064752006675	0.1419975400000000	0.1214868300000000
3111	8.04777	2.2019973441768870	0.1423583500000000	0.0829550600000000
3113	8.04733	2.1996763812517810	0.1456281900000000	0.0903145750000000
3116	8.04640	2.1994667448890319	0.1529661600000000	0.1066528600000000
3117	8.04640	2.2003909810676259	0.1507731550000000	0.1000866950000000
3119	8.04453	2.1975786365688914	0.1452745350000000	0.0813054700000000
304	15.13640	2.1998868742388664	0.1286232350000000	0.0439489800000000
305	15.13640	2.2008256765374390	0.1478354300000000	0.0818769050000000
306	15.11510	2.1984859693064176	0.1430210000000000	0.0837669400000000
311	15.04170	2.1998213470641153	0.1391253750000000	0.0924489150000000
3123	8.04340	2.2004046077167398	0.1418394800000000	0.1033554150000000
3126	8.04223	2.1984537067450871	0.1532590400000000	0.0946758300000000
3128	8.04112	2.1993574869589820	0.1505506350000000	0.1060073250000000
3129	8.04112	2.1954365547672618	0.1496312500000000	0.0698667550000000
3131	8.04084	2.1969093388350851	0.1483043850000000	0.0899351800000000
3135	8.04006	2.2837501448116271	0.2106704750000000	0.0470355900000000
3136	8.03868	2.1994529960361020	0.1566739650000000	0.1035371800000000
3141	8.03554	2.3133255321118167	0.2117114250000000	0.0944975000000000
3142	8.03299	2.2011745196226027	0.1624594450000000	0.0815363850000000
3148	8.02785	2.2051476909471979	0.1725524200000000	0.0395475300000000
3150	8.02781	2.1995082606316951	0.1373537850000000	0.0886237100000000
3152	8.02779	2.1981066379802177	0.1571487550000000	0.1049419200000000
3153	8.02779	2.2015025710093288	0.1565850650000000	0.0811435350000000
3154	8.02334	2.2009501542724679	0.1647944100000000	0.0731454100000000
3155	8.02334	2.1978661820019161	0.1454513600000000	0.1020645550000000
3156	8.02310	2.1995494235674617	0.1460772950000000	0.1039274600000000
3157	8.02310	2.1512514920349006	0.1125156450000000	0.0794623900000000
3158	8.01843	2.2008468011395035	0.1576225650000000	0.1033214200000000
3160	8.01725	2.2015146264292693	0.1649804400000000	0.1013518450000000
3162	8.01282	2.2004731941441240	0.1253850950000000	0.0940327850000000
3163	8.01282	2.2056202123928972	0.1521897650000000	0.1015694850000000
3166	8.01092	2.2004571104906239	0.1461530250000000	0.1266508550000000
3169	8.01082	2.1976611871471974	0.1115469850000000	0.0540094400000000
3170	8.01077	2.1999070253280792	0.1585232400000000	0.1005164900000000
3171	8.01077	2.2006842806106444	0.1453118400000000	0.0912652550000000
3172	8.01076	2.1988214367437577	0.1234214800000000	0.1052193550000000
3174	8.01072	2.3547494136078018	0.2499435550000000	0.1259417400000000
3176	8.01068	2.2018551255705434	0.1394082700000000	0.0998699900000000
3183	8.01042	2.2167764900480762	0.1828279400000000	0.1255806900000000
3184	8.01041	2.1788795291629173	0.1278950200000000	0.0757327000000000
3186	8.01038	2.2014232949184231	0.1574168850000000	0.0615571350000000
312	15.02260	2.2015490648561302	0.1470517150000000	0.1063115400000000
313	15.02260	2.1993135908915340	0.1423310000000000	0.0986802050000000
314	15.01960	2.1996465384142594	0.1522118350000000	0.1057761350000000
315	15.01960	2.2059558746595358	0.1510115400000000	0.0789073400000000
318	14.98660	2.2169868666424231	0.1658763900000000	0.0551039400000000
319	14.98660	2.1993858859197726	0.1423374450000000	0.0902398450000000
24	94.60730	2.1999718182617829	0.1581905500000000	0.0931870200000000
25	94.60730	2.1994472226440189	0.1391302600000000	0.0900229100000000
26	87.04670	2.1994964079079171	0.1459409050000000	0.0858285750000000
29	80.53700	2.2012199212347281	0.1253791200000000	0.0878460000000000
30	76.54120	2.2929263572345975	0.2250947900000000	0.0842534800000000
321	14.98120	2.2003438332351921	0.1405977600000000	0.0834649650000000
322	14.93200	2.1963762749723763	0.1393545800000000	0.0805458350000000
324	14.87310	2.1981665189218131	0.1498053550000000	0.0937191550000000
325	14.87310	2.1983353435185422	0.1496613350000000	0.0890602550000000
326	14.79800	2.2004325310792821	0.1461292100000000	0.0659957350000000
331	14.71390	2.2004134367901989	0.1378071950000000	0.0764633600000000
333	14.68190	2.1908980652936987	0.1355250000000000	0.1298508350000000
336	14.66130	2.1984895081169848	0.1759855800000000	0.1195609050000000
338	14.65620	2.1952473271088366	0.1438208800000000	0.0812554650000000
340	14.65040	2.1672131931771150	0.1101837550000000	0.0697605500000000
343	14.64570	2.1994133308868582	0.1428583950000000	0.0980092350000000
346	14.61920	2.2062197996029851	0.1470018050000000	0.0878049150000000
348	14.61380	2.1998049864285956	0.1508969800000000	0.0820607500000000
349	14.61380	2.1985446680020315	0.1318279650000000	0.0939212350000000
351	14.57300	2.2001791343197996	0.1395711300000000	0.0973219500000000
352	14.56770	2.1996280729517332	0.1556480200000000	0.1079714150000000
353	14.56770	2.2618038182992639	0.2042057050000000	0.1361313250000000
355	14.55770	2.1984133756473754	0.1517495500000000	0.0919406050000000
361	14.54000	2.1994971130580372	0.1425880650000000	0.0979566800000000
362	14.53350	2.1973677111950347	0.1553604700000000	0.0919188400000000
363	14.53350	2.1978923549391993	0.1471959850000000	0.0930674800000000
364	14.51810	2.1969187864460169	0.1512747950000000	0.0759062950000000
365	14.51810	2.1993368953263839	0.1433287800000000	0.0961441750000000
369	14.49040	2.1999098160748130	0.1307358550000000	0.0998387700000000
370	14.46400	2.1966660434557630	0.1388831350000000	0.1102198550000000
371	14.46400	2.1996444730484561	0.1316038050000000	0.0756651950000000
372	14.42060	2.1977356722934349	0.1513303350000000	0.0977051700000000
379	14.38140	2.1849658356097197	0.1333735000000000	0.0867733500000000
383	14.29160	2.1689375990631192	0.1874001300000000	0.1446916350000000
384	14.28480	2.1997735023482954	0.1529091150000000	0.0988773500000000
387	14.18730	2.1999148280218024	0.1346310900000000	0.1012088200000000
390	14.17370	2.2001659346586320	0.1481512250000000	0.1070794250000000
391	14.17370	2.2001883096318671	0.1602631750000000	0.0963588250000000
394	14.07540	2.2005606867554066	0.1513076600000000	0.1084513500000000
395	14.07540	2.2739799576910502	0.2209276500000000	0.1512272050000000
396	14.06080	2.2014692582260511	0.1499422250000000	0.0978756900000000
397	14.06080	2.1980613693187832	0.1495523200000000	0.1021291050000000
399	14.05760	2.2013770450670944	0.1586385250000000	0.1011056550000000
32	70.71640	2.2001385214681082	0.1364211100000000	0.0804889200000000
33	70.71640	2.1908224551897897	0.1431714350000000	0.0737109700000000
34	68.84570	2.1849372461026100	0.1798859200000000	0.1333285050000000
35	68.84570	2.2001506251811236	0.1405297100000000	0.0844393500000000
37	67.20040	2.1995014733801961	0.1603029850000000	0.0835754550000000
38	61.69190	2.1996058328532269	0.1572523450000000	0.0951845300000000
39	61.69190	2.2236872305439785	0.1692945350000000	0.1181682150000000
401	14.01960	2.1999617383576493	0.1427649200000000	0.0441597750000000
404	13.98770	2.1682438854589985	0.1462925700000000	0.1168429950000000
407	13.94830	2.2005378555210529	0.1417436600000000	0.0956164850000000
408	13.91000	2.1962587155055089	0.1527493300000000	0.1053101300000000
410	13.90950	2.1809900497920753	0.1264053850000000	0.0931513150000000
411	13.90950	2.2005151407877888	0.1396289650000000	0.0854732000000000
414	13.85370	2.2001185963401384	0.1394389150000000	0.0942099250000000
418	13.68290	2.2003543785783868	0.1316267350000000	0.0906104100000000
419	13.68290	2.2045240764407943	0.1590803050000000	0.0999028500000000
422	13.54540	2.2003372460369754	0.1419796250000000	0.0911557550000000
423	13.54540	2.2161689218106808	0.1788565650000000	0.0875225000000000
425	13.54440	2.2014660645652309	0.1597886950000000	0.0923361050000000
427	13.50120	2.2338204790023526	0.1840416050000000	0.1346962300000000
432	13.40180	2.1991890283990645	0.1490268000000000	0.0910905800000000
436	13.38880	2.2006628467969009	0.1495687750000000	0.1027871500000000
438	13.38340	2.2002644551801929	0.1492587850000000	0.0980591550000000
439	13.38340	2.2015133343002500	0.1625849400000000	0.0612420350000000
442	13.37700	2.4314105278101517	0.2780684800000000	0.0904721950000000
444	13.36750	2.1996516133554791	0.1516493000000000	0.0966198150000000
445	13.36750	2.2409403069680338	0.1948034650000000	0.0704210750000000
447	13.34220	2.2001921607760200	0.1201662250000000	0.0621321750000000
450	13.33800	2.1956352025985053	0.1589941200000000	0.1032142400000000
452	13.33780	2.3479852007400672	0.2372196550000000	0.0827496500000000
454	13.33650	2.1999469231813267	0.1445329000000000	0.0950530550000000
456	13.33480	2.2028064335576163	0.1599962900000000	0.0372312650000000
459	13.32660	2.1979994394268441	0.1371762750000000	0.0975782600000000
460	13.31720	2.2025150033387577	0.1604949600000000	0.0728729050000000
463	13.31140	2.1998154403137455	0.1445878500000000	0.0941169350000000
465	13.29930	2.2002600654614728	0.1483499250000000	0.1009319600000000
468	13.28160	2.2020471603989757	0.1376322250000000	0.0991096650000000
471	13.28050	2.3763948370786649	0.2370814850000000	0.1095032300000000
472	13.26610	2.1985051475735817	0.1233128450000000	0.0800251650000000
473	13.26610	2.2425098471323524	0.1920619550000000	0.1172716750000000
474	13.26380	2.2001515793355617	0.1512950800000000	0.0941750250000000
477	13.25220	2.1984826512956426	0.1490624300000000	0.0938642100000000
479	13.23430	2.2000609204872443	0.1211453650000000	0.0827777050000000
42	59.26770	2.1562390831550009	0.1285876300000000	0.0961474400000000
43	59.26770	2.1993775580484347	0.1363186750000000	0.0746781900000000
46	53.66980	2.2001358684163681	0.1514918400000000	0.0799082050000000
480	13.21680	2.2000159808248916	0.1476978550000000	0.1028188900000000
482	13.21390	2.1995313162461478	0.1447678900000000	0.0946430850000000
485	13.21000	2.1978544720537307	0.1350170850000000	0.0814262750000000
489	13.21000	2.2001683073907068	0.1369563100000000	0.0922785050000000
490	13.21000	2.2006977593346715	0.1550131050000000	0.1163622700000000
491	13.21000	2.1986099397181094	0.1539923100000000	0.0994011250000000
496	13.21000	2.1994177965772108	0.1424488750000000	0.1012407200000000
501	13.21000	2.1980389194371726	0.1486542950000000	0.1040109700000000
502	13.20940	2.1984083652582278	0.1311893250000000	0.1059831450000000
503	13.20940	2.2006567330796880	0.1480860350000000	0.0951944050000000
505	13.20780	2.2006781675983653	0.1244517500000000	0.0819852000000000
507	13.20770	2.1975918913515109	0.1526029300000000	0.0831114900000000
508	13.20740	2.1995656022068801	0.1556002250000000	0.0961078200000000
509	13.20740	2.1856987697599863	0.1312503100000000	0.1132782150000000
510	13.20650	2.2003615170853927	0.1491935600000000	0.0960289350000000
513	13.20600	2.1989558171454533	0.1273942900000000	0.0909231250000000
514	13.20600	2.2022686207308140	0.1614408900000000	0.0736322250000000
515	13.20600	2.1980547954162826	0.1444519500000000	0.0913086350000000
516	13.20490	2.1975435030060071	0.1422855700000000	0.0902746650000000
517	13.20490	2.2001676374228372	0.1575508050000000	0.0803739500000000
518	13.20380	2.1980737817510096	0.1232807050000000	0.1088276450000000
523	13.19800	2.2002120402156686	0.1503573050000000	0.0907284500000000
526	13.19720	2.1945409079125771	0.1348747850000000	0.0855845750000000
531	13.19420	2.2024917029140560	0.1535306650000000	0.0859838700000000
532	13.19230	2.2009753340576124	0.1343057050000000	0.0878044450000000
533	13.19230	2.2235275586694674	0.1851385450000000	0.1276327000000000
535	13.19200	2.1999654796330912	0.1613033850000000	0.0840519550000000
536	13.19110	2.1983977140414996	0.0772217750000000	0.0915689200000000
537	13.19110	2.1995848590534441	0.1446593500000000	0.0892022000000000
540	13.16820	2.3049796046843336	0.2093373700000000	0.1051250400000000
544	13.10570	2.1992614289253645	0.1556481200000000	0.1032022400000000
547	13.09850	2.1961056275564346	0.1350733700000000	0.0684338300000000
549	13.08220	2.1983846346786300	0.1583901350000000	0.0728417400000000
551	13.07680	2.2007119683201837	0.1579668500000000	0.1046537650000000
554	13.06620	2.1985479272655164	0.1500531350000000	0.1063436900000000
49	53.59700	2.1977012517042116	0.1415779500000000	0.1147006900000000
50	47.21450	2.1993269698649804	0.1626670800000000	0.0939363500000000
51	47.21450	2.2006374244630851	0.1610200150000000	0.0793840650000000
54	46.41530	2.1971362903727956	0.1474356850000000	0.0959890700000000
55	46.41530	2.1989627965335026	0.1680901000000000	0.0932823300000000
561	13.04230	2.2018655213009661	0.1337224700000000	0.0941442750000000
565	13.01880	2.1980494607457595	0.1612846750000000	0.0797099450000000
566	13.01160	2.2001662823212631	0.1310142700000000	0.0785860900000000
567	13.01160	2.2009164784041442	0.1414353150000000	0.0988036350000000
568	12.98580	2.1985004184054056	0.1690803250000000	0.1176802100000000
574	12.90550	2.1996187322171137	0.1585841250000000	0.0847186750000000
575	12.90550	2.2015312945028533	0.1578459150000000	0.0854955800000000
577	12.87870	2.3544008511900887	0.2530631600000000	0.0991944900000000
580	12.80710	2.1463754623752158	0.2520197050000000	0.0710440850000000
581	12.80710	2.1784219730857903	0.0831135000000000	0.0768402450000000
582	12.78530	2.2020449256841572	0.1371077350000000	0.0872667050000000
586	12.70350	2.1973094284475865	0.1477754550000000	0.1037277250000000
588	12.67040	2.2011670817861062	0.1449751750000000	0.0872656300000000
589	12.67040	2.2005904231884665	0.1444554800000000	0.0848218700000000
592	12.65950	2.2001723729649698	0.1467370950000000	0.0924004950000000
593	12.65950	2.2025741166311956	0.1531671050000000	0.0818721000000000
598	12.62770	2.1996300472294918	0.1156753650000000	0.0541044500000000
599	12.62770	2.2018734710203596	0.1612113000000000	0.0679215100000000
605	12.58840	2.3477739519316629	0.3324279250000000	0.1341249400000000
606	12.57920	2.2014022676624379	0.1361557550000000	0.0911068050000000
607	12.57920	2.1990646462615904	0.1458485900000000	0.0994040850000000
610	12.56820	2.1977062853507183	0.1662832550000000	0.0818294700000000
613	12.56160	2.1988279950642915	0.1308401700000000	0.0918210600000000
615	12.55630	2.1751927001727109	0.1554589650000000	0.1163950500000000
618	12.53700	2.2014966552245077	0.1553713850000000	0.0960702100000000
619	12.53700	2.3036510752959130	0.2371496550000000	0.1100842700000000
621	12.52900	2.2014386229304916	0.1624017950000000	0.0724181900000000
622	12.52010	2.2020988414272917	0.1586324000000000	0.0903883250000000
623	12.52010	2.2032792637771044	0.1653126200000000	0.0803308650000000
624	12.48940	2.2009655102829138	0.1510077400000000	0.0901829700000000
625	12.48940	2.1997751440687221	0.1502703150000000	0.0939722950000000
628	12.44730	2.1996571985522539	0.1555803650000000	0.0958494800000000
629	12.44730	2.1996006871613578	0.1543359450000000	0.0777930300000000
630	12.43320	2.2007163137355619	0.1270338400000000	0.1000697500000000
631	12.43320	2.1998552975498336	0.1647538150000000	0.0787747700000000
634	12.41290	2.1997929788059207	0.1289172200000000	0.1047860000000000
637	12.39640	2.1972117646745475	0.1409803800000000	0.0752551650000000
57	45.89990	2.1996722496037542	0.1482853650000000	0.0928143450000000
60	42.09350	2.1991122033465027	0.1342594100000000	0.0998223850000000
61	42.09350	2.1984984601367561	0.1580458350000000	0.0780264400000000
63	41.41560	2.1975914765833355	0.1483092100000000	0.0498564750000000
640	12.36280	2.2044652112978906	0.1630640300000000	0.1007709800000000
641	12.36280	2.2593767388168500	0.1982654050000000	0.0512850900000000
642	12.35490	2.2015313671373340	0.1650453400000000	0.0972194350000000
643	12.35490	2.1993462535681925	0.1407759950000000	0.1064891600000000
646	12.33170	2.1994532257093034	0.1518642600000000	0.0967924050000000
647	12.33170	2.2042362660243384	0.1593163450000000	0.0904257950000000
650	12.31590	2.2014620662724544	0.1464492850000000	0.0935225900000000
652	12.30530	2.2287280014779349	0.1843880100000000	0.0990304500000000
653	12.30530	2.1952844948422250	0.1516691600000000	0.0682200600000000
656	12.29600	2.2001125404274586	0.1540532700000000	0.0581388200000000
659	12.29460	2.2015434162449714	0.1577629050000000	0.1037109900000000
663	12.27620	2.1989457418886267	0.1387202750000000	0.0866641050000000
665	12.27360	2.2549658630451082	0.1956853100000000	0.1114587000000000
666	12.27310	2.2015267198418109	0.1389263800000000	0.0909360100000000
668	12.27160	2.2020093978043938	0.1681759200000000	0.0563113000000000
669	12.27160	2.4187966392913696	0.3012286200000000	0.1279556650000000
670	12.26760	2.1998980285445207	0.1169448900000000	0.0612871550000000
671	12.26760	2.1993287131932484	0.1353293850000000	0.1002452750000000
673	12.26710	2.1995279417299947	0.1455826950000000	0.0963032050000000
677	12.25110	2.2002403867215388	0.1379988600000000	0.1046133100000000
681	12.24980	2.2229948453388850	0.1804557300000000	0.0982909000000000
683	12.24970	2.2014983314559076	0.1639083600000000	0.1285208500000000
688	12.24830	2.2278626314456047	0.1923929150000000	0.0705102450000000
690	12.24820	2.1983362451676620	0.0969379800000000	0.0700650450000000
691	12.24820	2.2015103878824456	0.1440482100000000	0.0992993850000000
694	12.24330	2.1999372361608196	0.1442614950000000	0.0995690900000000
695	12.24330	2.2386930855775247	0.1869692700000000	0.1028378850000000
696	12.24270	2.2020585712947036	0.1481785650000000	0.1030831250000000
700	12.23890	2.2006319185405823	0.1527790500000000	0.0875774900000000
703	12.23870	2.1985224910604853	0.1595979100000000	0.0898477850000000
715	12.23160	2.2047566013146058	0.1666015950000000	0.1096497600000000
716	12.23140	2.1999452569723879	0.1388526050000000	0.0853691250000000
717	12.23140	2.2700343447275437	0.2631961600000000	0.1374688750000000
718	12.22970	2.1962603449735791	0.1626559500000000	0.0925689300000000
719	12.22970	2.1993823246683020	0.1212997300000000	0.0727073150000000
68	34.70490	2.2018684616928157	0.1498783500000000	0.1070559400000000
69	34.70490	2.2000780613236279	0.1436867300000000	0.1077882600000000
70	34.34650	2.2026961039398802	0.1548617100000000	0.0805348500000000
71	34.34650	2.1997400680522792	0.1430367350000000	0.0899090100000000
721	12.20990	2.2022168464443315	0.1653685450000000	0.0693484650000000
724	12.19220	2.1892089484948452	0.1620657350000000	0.1100180650000000
725	12.19220	2.2022334603679430	0.1518881200000000	0.1071981600000000
726	12.19070	2.2005154548889809	0.1515108750000000	0.0726283950000000
727	12.19070	2.1982989411837033	0.1497243450000000	0.0733832950000000
728	12.18790	2.2007460027210444	0.1424962750000000	0.0936488000000000
729	12.18790	2.2024934187907239	0.1635333100000000	0.1264746250000000
730	12.18420	2.2017356106638148	0.1481578900000000	0.1103627650000000
732	12.18330	2.1941359413922701	0.1625313600000000	0.0704206950000000
734	12.18250	2.2002336201766104	0.1659302200000000	0.0371438500000000
735	12.18250	2.2004926462870746	0.1354885600000000	0.0862520150000000
736	12.18220	2.2002780593917524	0.1237250750000000	0.1008713000000000
737	12.18220	2.2009111015983587	0.1337325500000000	0.0363984000000000
743	12.16830	2.2045080676910311	0.1626601450000000	0.0954602300000000
744	12.16780	2.2010792694579524	0.1293267750000000	0.0820150650000000
746	12.16690	2.1664711341638760	0.1560331150000000	0.0829852200000000
749	12.16000	2.1996301129918048	0.1458855900000000	0.1153736950000000
750	12.14600	2.1979953403627408	0.1562018500000000	0.0671959200000000
751	12.14600	2.2004258140032031	0.1527538750000000	0.1013967450000000
752	12.11910	2.2640565641381261	0.2095021150000000	0.1442096200000000
754	12.06250	2.2047482698661729	0.1594913900000000	0.1033103650000000
759	12.04560	2.2000192452526703	0.1383603450000000	0.1069755600000000
762	11.98980	2.1995124946509450	0.1486333300000000	0.1094158100000000
764	11.96210	2.1985024815076146	0.1375779300000000	0.1093218400000000
766	11.96070	2.1993504472166978	0.1380305400000000	0.1023530250000000
771	11.91480	2.2006672323465839	0.1397368450000000	0.0940792950000000
772	11.90250	2.1656197181541930	0.1139696550000000	0.1067389300000000
778	11.86530	2.1990595698201898	0.1515164150000000	0.0920230500000000
780	11.85060	2.2002824989564673	0.1493861900000000	0.0955393900000000
781	11.85060	2.1985096091792804	0.1811865350000000	0.1268499450000000
785	11.83300	2.2006414463943860	0.1317417600000000	0.0995136950000000
790	11.79730	2.2004446661376651	0.1434388800000000	0.0879657000000000
791	11.79730	2.2034205149163464	0.1626760950000000	0.0929256550000000
792	11.78360	2.1933346248697427	0.1516568050000000	0.0951949650000000
793	11.78360	2.2007155214656402	0.1397259350000000	0.0902087550000000
794	11.77660	2.1996925481645353	0.1374058000000000	0.0934839300000000
798	11.74940	2.2004287935759423	0.1433189000000000	0.0800287300000000
799	11.74940	2.1981177070620004	0.1371141750000000	0.1019445450000000
73	32.34910	2.1998343048899547	0.1002475450000000	0.0719785200000000
75	32.32140	2.1939752515945417	0.1627834100000000	0.0749783200000000
