802	11.74220	2.1981126661910908	0.1422059500000000	0.0940499050000000
803	11.74220	2.2012498611364983	0.1524595850000000	0.0582031000000000
806	11.73810	2.1826244180578995	0.1882451500000000	0.1205865950000000
808	11.73530	2.2015093143811639	0.1576438250000000	0.0890759250000000
811	11.73020	2.2038288617485984	0.1573333100000000	0.1303062800000000
813	11.72650	2.1393221236459734	0.1470088050000000	0.0406222200000000
815	11.72630	2.2160493256305593	0.1584988950000000	0.0430837850000000
818	11.72290	2.1948240116158035	0.1657108100000000	0.0807937800000000
819	11.72290	2.2781358858540823	0.2239191150000000	0.0959356100000000
821	11.72220	2.2018838872604243	0.1435823500000000	0.1006486400000000
822	11.72100	2.2000145191891276	0.1314258800000000	0.0989971200000000
824	11.71910	2.1731857907776355	0.0756101750000000	0.0648045450000000
825	11.71910	2.2425531035873347	0.1895399650000000	0.1064588400000000
827	11.71440	2.1971325489631033	0.1299251350000000	0.0866425250000000
829	11.71240	2.2017609671579788	0.1468004200000000	0.0801506350000000
832	11.71070	2.1973192281745257	0.1414061700000000	0.0966175550000000
833	11.71070	2.1938716732774384	0.1023902700000000	0.1092576650000000
836	11.70160	2.1962743934738356	0.1558017800000000	0.0676267500000000
837	11.70160	2.2014529874026141	0.1584051550000000	0.0710612200000000
840	11.70000	2.1996298206562224	0.1297030800000000	0.1119944450000000
843	11.70000	2.2020004384839731	0.1497100200000000	0.1041347850000000
845	11.70000	2.1964235899293385	0.1471608500000000	0.0912659450000000
849	11.70000	2.1985015809197748	0.1625042100000000	0.1006726050000000
852	11.70000	2.2012584454461779	0.1172329700000000	0.0614215950000000
857	11.70000	2.2000324049833098	0.1556247450000000	0.0899217650000000
860	11.70000	2.2009112034608416	0.1514818250000000	0.0592103200000000
861	11.70000	2.1980093590445300	0.1468443650000000	0.1006706800000000
862	11.70000	2.1996505167536027	0.1462359600000000	0.0869624950000000
863	11.70000	2.2028868223795408	0.1655728600000000	0.0969746900000000
864	11.70000	2.2002612220360409	0.1351694800000000	0.1061123100000000
865	11.70000	2.2001856146049974	0.1287312050000000	0.0378403700000000
871	11.70000	2.1993248644745633	0.1430730200000000	0.0562816300000000
874	11.70000	2.1986381235850616	0.1475344300000000	0.0892125850000000
878	11.70000	2.2081117255311198	0.1614079150000000	0.0610025900000000
879	11.70000	1.9824555360788692	0.1199984650000000	0.3482010950000000
81	26.68980	2.1998137816297634	0.1550706850000000	0.0696569600000000
82	26.48190	2.2078826056476291	0.1868690500000000	0.1205347600000000
880	11.70000	2.1995893973268323	0.1285803000000000	0.0951381450000000
881	11.70000	2.2014873809752129	0.1536591250000000	0.0593885400000000
884	11.69410	2.2010598115368403	0.1568603300000000	0.0494695450000000
888	11.68810	2.1963220027327957	0.1722060850000000	0.0342973150000000
889	11.68810	2.2003106652825304	0.1399919050000000	0.1018534550000000
890	11.68000	2.1992186767986643	0.1374219750000000	0.0942070600000000
891	11.68000	2.1999722089202511	0.1367731100000000	0.0864448250000000
894	11.67530	2.1990527461390914	0.1430510800000000	0.1024243600000000
896	11.67300	2.1870770008945217	0.1291337400000000	0.0849921300000000
897	11.67300	2.1994865212074242	0.1375188250000000	0.0878525350000000
899	11.67240	2.2018033095282665	0.1391388500000000	0.0886139950000000
900	11.67020	2.1987291195729823	0.1546051600000000	0.0873241200000000
902	11.66630	2.2007581469238615	0.1244263500000000	0.0993978700000000
903	11.66630	2.2009974786159678	0.1400039100000000	0.0938334650000000
904	11.64920	2.1999643128479156	0.1390415300000000	0.0872018100000000
906	11.63960	2.1993948813736930	0.1372218100000000	0.0824024850000000
907	11.63960	2.2007387590184564	0.1636959200000000	0.0794130750000000
908	11.63210	2.2001359299540240	0.1471844550000000	0.0803610050000000
910	11.62890	2.2007854421489399	0.1515207250000000	0.0792083300000000
912	11.62220	2.1739530621556953	0.1434001450000000	0.0868514100000000
914	11.61880	2.1965845869508143	0.1380147050000000	0.0878972750000000
918	11.59460	2.1983765522044485	0.1413003850000000	0.0891228250000000
921	11.59250	2.2005172763767402	0.1592036650000000	0.0974734150000000
922	11.58810	2.2014026833655054	0.1508611200000000	0.0653014700000000
923	11.58810	2.1998024461574062	0.1571272500000000	0.0820107800000000
926	11.57940	2.1810942955569792	0.1011705700000000	0.0956193200000000
929	11.55440	2.1903221822845182	0.1383706650000000	0.0768542900000000
932	11.52700	2.1949181673569016	0.1556605700000000	0.1197931750000000
933	11.52700	2.2070311874822428	0.1517914100000000	0.0742257700000000
940	11.51810	2.2054306982884557	0.1644164500000000	0.1066531600000000
941	11.51810	2.2004397319416586	0.1184992750000000	0.0666718050000000
942	11.51670	2.1885461058530833	0.1740891650000000	0.1067478200000000
945	11.51160	2.2011292603776482	0.1507408000000000	0.0708824800000000
951	11.50240	2.1994063540899207	0.1443156500000000	0.0876205400000000
958	11.47560	2.1999321080772853	0.1507265600000000	0.0724393250000000
959	11.47560	2.2021020950105221	0.1402907050000000	0.1003684050000000
88	26.22460	2.2007158145614358	0.1408491850000000	0.0753495400000000
89	26.22460	2.2016361053578803	0.1411660800000000	0.0967513700000000
91	25.99150	2.2016205126176742	0.1599561350000000	0.0765895400000000
93	25.98940	2.1987372297716825	0.1670417150000000	0.0815780400000000
95	25.96410	2.2003296954765270	0.1415474900000000	0.1041063350000000
966	11.44680	2.2010680294665179	0.1590504650000000	0.1023490600000000
969	11.43880	2.3309608955043610	0.2174584050000000	0.1321125650000000
975	11.42220	2.1985906787781211	0.1438097150000000	0.1103204700000000
978	11.41090	2.2005519647327723	0.1579760100000000	0.1036120750000000
980	11.39810	2.2009584485890490	0.1326764400000000	0.0967632350000000
984	11.38880	2.1995950795317256	0.1338421900000000	0.0883887250000000
986	11.38710	2.1999729550929450	0.1372748850000000	0.0983210100000000
987	11.38710	2.1853246740817767	0.1398491700000000	0.1035001450000000
988	11.38180	2.2010467954536437	0.1294669050000000	0.0870795650000000
989	11.38180	2.2002871207909429	0.1281134950000000	0.0995209900000000
991	11.37920	2.1996345162769928	0.1251434700000000	0.0925907350000000
992	11.36850	2.2991574977621614	0.2066168300000000	0.1377152950000000
993	11.36850	2.2008896929887292	0.1512078650000000	0.0720176700000000
994	11.36520	2.3693294461876055	0.2478709700000000	0.0845593950000000
998	11.35330	2.1999847619039974	0.1293523150000000	0.0925220500000000
1004	11.32070	2.2059661715448575	0.1796488500000000	0.0863811700000000
1008	11.30470	2.1989925740804939	0.1349331750000000	0.1006922350000000
1009	11.30470	2.1994872043598104	0.1409425100000000	0.1058686250000000
1010	11.30350	2.2006497132111869	0.1444478400000000	0.1112419250000000
1014	11.28320	2.2006869904583342	0.1459710350000000	0.0994338200000000
1016	11.27850	2.1985090790870099	0.1543191950000000	0.0793021900000000
1017	11.27850	2.1973860585625755	0.1577970500000000	0.0538508850000000
1019	11.27530	2.1981329148421640	0.1374453750000000	0.0946735100000000
1023	11.27230	2.1990411405644648	0.1359579550000000	0.0876682700000000
1024	11.27010	2.1980278859735738	0.1235172800000000	0.0800784400000000
1027	11.26720	2.1996584463716973	0.1475381850000000	0.0941331000000000
1029	11.26650	2.2001763664414531	0.1482555950000000	0.0954087150000000
1030	11.25340	2.2004118777043380	0.1427177450000000	0.1161514250000000
1031	11.25340	2.2011893007779499	0.1327651900000000	0.0495780300000000
1035	11.23650	2.2005383062118460	0.1524574750000000	0.1046122300000000
1036	11.23560	2.1949102069965569	0.1425693350000000	0.1145556150000000
1039	11.23230	2.2001646165004893	0.1442051850000000	0.0998146950000000
96	25.06110	2.1959652548783626	0.1445543550000000	0.1039463150000000
99	24.92170	2.1981982956697710	0.1391829100000000	0.1090805750000000
101	24.61260	2.2009289239754115	0.1674766100000000	0.0703083250000000
102	24.57650	2.1955270156505184	0.1584737850000000	0.1040572800000000
1040	11.22350	2.1986367869440300	0.1464264800000000	0.0914326400000000
1041	11.22350	2.1994914439788156	0.1503721800000000	0.0998494350000000
1043	11.20750	2.3808481535031749	0.2537761500000000	0.0976697200000000
1049	11.18260	2.1999265422528897	0.1354442600000000	0.0881823450000000
1053	11.18230	2.1914044358111346	0.1125450650000000	0.1098434200000000
1054	11.17720	2.1988946609769311	0.1444426650000000	0.0862503300000000
1055	11.17720	2.2002621472084503	0.1360674500000000	0.0821742800000000
1057	11.17510	2.2007457871141254	0.1566122200000000	0.0815874350000000
1060	11.14950	2.2009857216330677	0.1425319800000000	0.0974291900000000
1065	11.13930	2.2078733941958633	0.1628218150000000	0.1014329500000000
1069	11.11960	2.1989616787338124	0.1477106700000000	0.1047206850000000
1071	11.11750	2.1994618493246270	0.1334936750000000	0.0874349100000000
1072	11.09650	2.1999257219662121	0.1444844850000000	0.1021604650000000
1078	11.07420	2.2181500606224089	0.1822546850000000	0.1004287450000000
1079	11.07420	2.1947478869274453	0.1617326600000000	0.0978030650000000
1080	11.06540	2.1961291116745332	0.1417814550000000	0.0721454150000000
1082	11.06380	2.2015307907391164	0.1364494100000000	0.0808851850000000
1083	11.06380	2.2003055564574434	0.1428724250000000	0.0809840250000000
1087	11.05860	2.2014422704538377	0.1527042250000000	0.1103239650000000
1093	11.03460	2.2002800803585232	0.1512289900000000	0.0547862800000000
1098	11.02590	2.2004311662159646	0.1574510300000000	0.0762233350000000
1102	10.99100	2.2017873704237161	0.1464312500000000	0.1033313000000000
1103	10.99100	2.2009453938789498	0.1044811800000000	0.0836822750000000
1105	10.97710	2.2006637712613357	0.1364282400000000	0.0929953350000000
1107	10.97450	2.2019011084773012	0.1612341400000000	0.0633876500000000
1109	10.96460	2.1982264902554758	0.1349407250000000	0.1069099900000000
1112	10.96150	2.1993681608604208	0.1252963600000000	0.0812858650000000
1114	10.95360	2.2004069081162667	0.1379500850000000	0.0770293200000000
1118	10.92980	2.1995891322060652	0.1552978450000000	0.0778145450000000
1119	10.92980	2.1994851894163903	0.1422554000000000	0.1042285000000000
104	24.51240	2.1994801063219924	0.1341941650000000	0.0984264750000000
109	24.08970	2.1990165036684131	0.1535797800000000	0.0835440300000000
111	23.82210	2.1992293481445357	0.1398686400000000	0.0930345200000000
1128	10.92790	2.1992824335457746	0.1225093650000000	0.0979081400000000
1133	10.92640	2.1996551067047210	0.1531026850000000	0.0502825300000000
1136	10.92380	2.2022186973665643	0.1311996100000000	0.0654299750000000
1139	10.92350	2.2126695742204872	0.1533958650000000	0.0987543100000000
1140	10.92290	2.2009003663895288	0.1467173000000000	0.0716713400000000
1141	10.92290	2.1964370092545122	0.1436782150000000	0.0324610100000000
1143	10.92270	2.2003445598861608	0.1133315800000000	0.0544469450000000
1144	10.92230	2.1981434139318616	0.1416680300000000	0.0913265950000000
1145	10.92230	2.2011491691794500	0.1470578450000000	0.0505990100000000
1146	10.92210	2.1992714199427965	0.1513858250000000	0.0947419050000000
1147	10.92210	2.2023715743677559	0.1358515050000000	0.0916563100000000
1151	10.92080	2.1994455683979175	0.1508086600000000	0.1036295250000000
1154	10.91650	2.1886191675032682	0.1396817750000000	0.1168392050000000
1155	10.91650	2.1997901754420113	0.1289661600000000	0.0990642650000000
1156	10.90910	2.2003210680057204	0.1407647800000000	0.1017449800000000
1157	10.90910	2.2001953481286667	0.1432075900000000	0.0779845900000000
1158	10.90520	2.1979107441228170	0.1339792600000000	0.0988335950000000
1159	10.90520	2.2007243499510634	0.1562514950000000	0.0852964150000000
1161	10.90250	2.1979190993174273	0.1585161850000000	0.0637367450000000
1164	10.89690	2.1996656679406219	0.1429158050000000	0.1032498350000000
1165	10.89690	2.2020901358310869	0.1604118850000000	0.0665171950000000
1166	10.89630	2.2537975547349487	0.1616904250000000	0.0727789800000000
1168	10.88480	2.2090225164869617	0.1350295150000000	0.1156405650000000
1169	10.88480	2.2122727344472488	0.1920725850000000	0.0931379950000000
1173	10.88410	2.1997261797672212	0.1565549150000000	0.1034260050000000
1177	10.88150	2.2007434319358410	0.1402650350000000	0.1060579650000000
1180	10.83340	2.1994515207731364	0.1539338550000000	0.0971724500000000
1181	10.83340	2.1972220689044124	0.1666778350000000	0.0693609800000000
1182	10.82110	2.2014727721979468	0.1542651900000000	0.1162173400000000
1185	10.76010	2.2014935531576243	0.1578291150000000	0.0783444250000000
1186	10.74210	2.1944950915717860	0.1568084450000000	0.0872216850000000
1189	10.67070	2.2089480648148556	0.1641061100000000	0.0821133800000000
1192	10.61910	2.2003232799087749	0.1453504550000000	0.0845821150000000
1198	10.61770	2.2295477474095398	0.1889996500000000	0.0514781350000000
113	23.57600	2.1972481754857305	0.1501771000000000	0.0941739000000000
114	22.99620	2.2000511977321873	0.1414297850000000	0.1028534500000000
115	22.99620	2.1999435874100337	0.1455008000000000	0.0897260500000000
119	22.53360	2.2005211378098060	0.1375904950000000	0.1015413350000000
1200	10.61750	2.2006722300981303	0.1446173250000000	0.1016982400000000
1202	10.61680	2.1993996262569611	0.1435255250000000	0.0888808100000000
1203	10.61680	2.2002734901964045	0.1431739800000000	0.1038626050000000
1206	10.61610	2.2014083288348387	0.1521652300000000	0.1087017950000000
1209	10.61600	2.1985209581876415	0.1428447800000000	0.0488524650000000
1210	10.61570	2.3315375330878259	0.2253359200000000	0.1031818700000000
1216	10.61210	2.1980138486665868	0.1291589900000000	0.0930462900000000
1228	10.58910	2.2006736219488170	0.1582304300000000	0.0847195250000000
1229	10.58910	2.1958179617335976	0.1445737250000000	0.0779481200000000
1230	10.58300	2.1997970692004429	0.1449818500000000	0.0899612650000000
1237	10.51650	2.1985664334046344	0.1631674000000000	0.1115171750000000
1239	10.49100	2.1999936988124666	0.1504367500000000	0.0917589950000000
1240	10.47010	2.2040213008952798	0.1653347800000000	0.0370939600000000
1241	10.47010	2.1981625806284231	0.1485372000000000	0.1001466600000000
1242	10.46930	2.1990839323650717	0.1385074900000000	0.1004290150000000
1243	10.46930	2.2013822236059846	0.1541344600000000	0.1150819250000000
1244	10.46380	2.1965665977555733	0.1406338100000000	0.0903748600000000
1247	10.46160	2.2018973045580923	0.1764415400000000	0.0459392900000000
1251	10.41750	2.2226333474644586	0.1960889500000000	0.1507008450000000
1258	10.39810	2.2008751210781807	0.1339225000000000	0.0895158700000000
1261	10.39550	2.2016810111839344	0.1603242200000000	0.0673309300000000
1262	10.37670	2.2014881280633900	0.1596713300000000	0.1010328350000000
1264	10.36310	2.2263970005864144	0.1893360500000000	0.1128491450000000
1276	10.33880	2.1996810189152582	0.1446399150000000	0.0910639450000000
1277	10.33880	2.2004658085134094	0.1420999900000000	0.1009732250000000
1279	10.33740	2.1996933060796282	0.1378971100000000	0.0784376600000000
121	22.50900	2.1967082468235266	0.1658974850000000	0.1011281400000000
123	21.95780	2.2018886010246552	0.1530661600000000	0.0510304900000000
125	21.84630	2.2002895679503420	0.1403517700000000	0.0980346350000000
1280	10.32880	2.1986596834547849	0.1512381400000000	0.1056345700000000
1293	10.29770	2.2250593808967327	0.1875196100000000	0.1209406200000000
1297	10.29030	2.2002854788716766	0.1436294750000000	0.0863253250000000
1299	10.28670	2.2019780543961613	0.1576255100000000	0.0908741050000000
1302	10.28570	2.2013382792508387	0.1584791100000000	0.0844835000000000
1304	10.28410	2.1985586233002903	0.1619475500000000	0.1077921100000000
1306	10.27900	2.2001867043037029	0.1486063100000000	0.0852689350000000
1308	10.27860	2.1983502433326176	0.1493491750000000	0.0856069750000000
1320	10.26090	2.2001374702137051	0.1629871650000000	0.0966512450000000
1327	10.23910	2.2061984412730853	0.1743658600000000	0.0839297800000000
1328	10.23050	2.1984694206207300	0.1458686350000000	0.1001502400000000
1329	10.23050	2.2005478552069246	0.1447765750000000	0.0823054700000000
1334	10.20380	2.2053904192199165	0.1611910950000000	0.1039876300000000
1337	10.20310	2.2015400539568089	0.1522075350000000	0.1042215500000000
1338	10.19020	2.1990446876080285	0.1487940200000000	0.0606903650000000
1342	10.18510	2.2021842316198756	0.1418901950000000	0.0899659600000000
1344	10.18490	2.1993664231472869	0.1505166050000000	0.0906108100000000
1347	10.18350	2.1967735233350800	0.1475806550000000	0.0967295650000000
1348	10.18190	2.1997833783614769	0.1396206550000000	0.0850336500000000
1352	10.16430	2.1973058995638399	0.1504376600000000	0.0521611950000000
1353	10.16430	2.2001770959172076	0.1407914200000000	0.0811274200000000
1355	10.16150	2.2002840103312296	0.1519315750000000	0.0990165400000000
1359	10.16060	2.2004947476833436	0.1634722300000000	0.0971984900000000
131	21.40930	2.2002002006989838	0.1275719250000000	0.1046111150000000
132	21.29740	2.2002522531539168	0.1489504400000000	0.0679803850000000
134	21.21890	2.1979264353240713	0.1457803400000000	0.0859629400000000
135	21.21890	2.1998339050151019	0.1681790300000000	0.1181636700000000
1360	10.15810	2.2002470918878467	0.1431973450000000	0.0856436350000000
1361	10.15810	2.3308490160055415	0.2548281250000000	0.0931703150000000
1362	10.15700	2.2014829831907283	0.1445585900000000	0.0968698650000000
1365	10.15050	2.2001568987952975	0.1420224350000000	0.1039447350000000
1373	10.14310	2.2011308986764258	0.1376227750000000	0.0889118750000000
1375	10.14090	2.2019844372860637	0.1187078300000000	0.0729789600000000
1378	10.13950	2.1985581427646443	0.1525977250000000	0.0773727750000000
1380	10.12850	2.2008176887883359	0.1456577500000000	0.1015806550000000
1381	10.12850	2.1975930401395769	0.1139545650000000	0.1237903100000000
1382	10.12620	2.2001382628324317	0.1550196650000000	0.0771770400000000
1383	10.12620	2.1996952587046397	0.1374783750000000	0.1138430300000000
1385	10.12620	2.1990594173606657	0.1329329600000000	0.0949275200000000
1386	10.12610	2.1985237319016075	0.1195979450000000	0.0960383850000000
1388	10.12550	2.1985362016668168	0.1476913200000000	0.1017094500000000
1390	10.12470	2.1971566532522115	0.1647440900000000	0.0896614800000000
1392	10.12400	2.1997520354899875	0.1615112500000000	0.0789750750000000
1393	10.12400	2.2008347525284195	0.1510646500000000	0.0907606650000000
1395	10.12330	2.2004399154507834	0.1370515700000000	0.1053477600000000
1396	10.12260	2.1997419828632849	0.1486644000000000	0.0856038900000000
1397	10.12260	2.2008063021297590	0.1364965250000000	0.0795931200000000
1398	10.11830	2.1855185514297260	0.1302413150000000	0.1058704600000000
1402	10.10800	2.2002256951264960	0.1244848800000000	0.0966731750000000
1405	10.10280	2.2062856767198280	0.1545513850000000	0.1213991500000000
1409	10.07350	2.2009601186624139	0.1428840600000000	0.0794922300000000
1418	10.04880	2.1998192471166358	0.1432562400000000	0.0969278550000000
1419	10.04880	2.2005391631461686	0.1478985000000000	0.0907237150000000
1420	10.04870	2.1989893990622078	0.1451472550000000	0.1108039150000000
1425	10.04410	2.2011297907199907	0.1505510900000000	0.0756625250000000
1426	10.01780	2.1997071191368041	0.1349848050000000	0.0926676100000000
1428	10.01460	2.2072133199430226	0.1863597100000000	0.0445960850000000
1431	10.00540	2.1997644647560466	0.1406872950000000	0.0943260500000000
1435	9.95261	2.2015428346874706	0.1622217050000000	0.0931418000000000
1436	9.94991	2.2028833239214967	0.1544127950000000	0.0997539650000000
1439	9.93271	2.1995468745864173	0.1592396500000000	0.0805045800000000
137	21.14770	2.1998429476997052	0.1429928500000000	0.0766744250000000
138	20.82900	2.2074050776385064	0.1738806600000000	0.0937012650000000
143	20.48610	2.2010649000251545	0.1443915850000000	0.1121506350000000
1440	9.90524	2.2002667872386801	0.1111770300000000	0.0722451950000000
1443	9.82061	2.1992361599783905	0.1446024150000000	0.0840614950000000
1445	9.80216	2.1998966585814572	0.1586876500000000	0.0954371450000000
1447	9.79928	2.2005619500060480	0.1400132550000000	0.0902309150000000
1449	9.79831	2.2008209923032611	0.1532332950000000	0.0942173850000000
1450	9.79801	2.3488385632768169	0.2761209500000000	0.0309801850000000
1451	9.79801	2.1973777811651325	0.1433266100000000	0.0846136500000000
1456	9.79729	2.2019214856016340	0.1627019050000000	0.1084584450000000
1461	9.79620	2.2019727076425109	0.1631745300000000	0.0754558250000000
1464	9.79515	2.1998510837582246	0.1548347800000000	0.1001939850000000
1467	9.79475	2.1996360431847752	0.1491796400000000	0.1052069650000000
1469	9.79345	2.2014664907066788	0.1669014150000000	0.0939233450000000
1471	9.79320	2.2003805387655890	0.1423004450000000	0.0929977650000000
1475	9.79288	2.3144760663843682	0.2245799700000000	0.0994852750000000
1477	9.79273	2.2023409624898913	0.1341423650000000	0.1110348450000000
1479	9.79166	2.2126150864290608	0.1680647650000000	0.0717239800000000
1483	9.79075	2.2019927760796869	0.1489002500000000	0.1017915850000000
1484	9.79041	2.1993027437394863	0.1340797750000000	0.1093458100000000
1485	9.79041	2.1999879807092042	0.1431477000000000	0.0790519600000000
1486	9.76395	2.2005357170521060	0.1429426250000000	0.0825602050000000
1490	9.72880	2.1997973961329862	0.1611914950000000	0.0560736950000000
1492	9.72526	2.1946802541506596	0.1523919300000000	0.0990419950000000
1493	9.72526	2.1993926800568486	0.1412007450000000	0.0845129800000000
1495	9.71729	2.2005913545434708	0.1434826200000000	0.1104994350000000
1497	9.70935	2.2001935575528768	0.1468363350000000	0.0525652950000000
1498	9.69595	2.2013901628211952	0.1553085100000000	0.1073346600000000
1503	9.67000	2.1986581340131033	0.1504282950000000	0.1056321550000000
1504	9.67000	2.1992545798523144	0.1352407400000000	0.1113254100000000
1505	9.67000	2.2002817582493250	0.1372443550000000	0.0982207100000000
1506	9.67000	2.2052325612106993	0.1585989750000000	0.0716502500000000
1507	9.67000	2.1995505888613622	0.1288068350000000	0.0982982500000000
1510	9.67000	2.1993218562677268	0.1417908950000000	0.0989063700000000
1511	9.67000	2.2004697684374959	0.1461008750000000	0.1125593000000000
1515	9.66336	2.2012023528677354	0.1305876500000000	0.0979467250000000
1516	9.66178	2.1973173296123965	0.1615699900000000	0.0525934700000000
1518	9.66145	2.1985124521903994	0.1285029950000000	0.0954265650000000
1519	9.66145	2.2022058853947435	0.1494590300000000	0.0664804250000000
145	20.48180	2.2011026599382011	0.1518913600000000	0.1105767500000000
147	20.23890	2.2925717077625443	0.2600499450000000	0.2078386800000000
149	20.14810	2.1999254690217693	0.1300475700000000	0.0896262600000000
150	19.99580	2.1977924527241912	0.1465936700000000	0.0966965600000000
1523	9.66126	2.1992925452729373	0.1131306350000000	0.0473576350000000
1529	9.66080	2.1802788908793915	0.1307962650000000	0.1227806450000000
1530	9.65958	2.1986927418128688	0.1555540550000000	0.0791443350000000
1533	9.65920	2.2034585359676662	0.1763956750000000	0.0969589150000000
1534	9.65573	2.2030200366865871	0.1660575300000000	0.1009780150000000
1535	9.65573	2.1996389276776633	0.1292505950000000	0.0962260550000000
1536	9.65484	2.2044740821263535	0.1730183850000000	0.0405452550000000
1538	9.65423	2.1984984557507405	0.1193683400000000	0.0687444500000000
1542	9.65411	2.2012056897869337	0.1393554200000000	0.0889137800000000
1543	9.65411	2.1985354286614767	0.1423123500000000	0.1021109200000000
1544	9.65409	2.2007872457848703	0.1500911400000000	0.0960417050000000
1552	9.63620	2.1990692907912002	0.1460086850000000	0.0863017650000000
1554	9.62796	2.2041179769094423	0.1674944750000000	0.1053340050000000
1560	9.61624	2.1961736910359209	0.1512250450000000	0.1108183900000000
1561	9.61624	2.2006603845617696	0.1480565850000000	0.0965397500000000
1562	9.61583	2.1877407227908079	0.1757373400000000	0.0826209700000000
1565	9.61424	2.2028604923224289	0.1499585600000000	0.1081941050000000
1566	9.61418	2.1963412821823387	0.1526583250000000	0.0885666800000000
1567	9.61418	2.2002243180906329	0.1442347900000000	0.0941693500000000
1571	9.60886	2.1985463881662395	0.1423651450000000	0.0882473500000000
1574	9.60673	2.1999364029169324	0.1483673500000000	0.0940110100000000
1575	9.60673	2.1982991083839263	0.1456607700000000	0.0910609150000000
1582	9.59930	2.1983208554608091	0.1583645350000000	0.0824762300000000
1586	9.59731	2.2014923095277328	0.1442276550000000	0.0874738100000000
1587	9.59731	2.2019097547331041	0.1633259700000000	0.0945078850000000
1588	9.59695	2.2086035683822427	0.1738616300000000	0.0501405900000000
1589	9.59695	2.2018697347902818	0.1452018800000000	0.0909149050000000
1592	9.59581	2.1997080951867281	0.1360416500000000	0.0994156000000000
1593	9.59581	2.1998705312586515	0.1371755800000000	0.0892900750000000
1594	9.59103	2.2020203092661421	0.1530129650000000	0.0763718450000000
1595	9.59103	2.2163968729725365	0.1784053800000000	0.0827973200000000
1599	9.58949	2.2044590512631892	0.1559871350000000	0.0917285750000000
153	19.67710	2.1994199122231706	0.1485517150000000	0.0462878300000000
154	19.56700	2.1959726551105154	0.1457234050000000	0.0840907000000000
156	19.42160	2.2021750325368066	0.1513429600000000	0.1023375850000000
1603	9.58931	2.1963609286326466	0.1654991850000000	0.0960308500000000
1605	9.58891	2.1959312113722032	0.1432375950000000	0.1075810550000000
1606	9.58877	2.1993541443572253	0.1590138200000000	0.0954478250000000
1610	9.58849	2.2009153509071018	0.1518043600000000	0.0997510900000000
1612	9.58849	2.2005244143703191	0.1407013150000000	0.0871103200000000
1614	9.58828	2.1976323492197487	0.1370992450000000	0.1036128100000000
1615	9.58828	2.2010501767615862	0.1540418750000000	0.0916020000000000
1621	9.58734	2.1989147108128324	0.1451842750000000	0.0769174700000000
1622	9.58663	2.2014821812376728	0.1406216450000000	0.0930026600000000
1625	9.58434	2.1985753757681530	0.1436747450000000	0.0992999250000000
1626	9.58386	2.2002827023095453	0.1424504250000000	0.0804369050000000
1629	9.58364	2.1978966675093621	0.1418536800000000	0.1159732400000000
1635	9.58290	2.2003919793809312	0.1399447350000000	0.0981826400000000
1636	9.58269	2.2003603321624996	0.1473164400000000	0.0586909700000000
1638	9.58265	2.2014167632306769	0.1406260300000000	0.1052092800000000
1639	9.58265	2.2046434491000029	0.1641519350000000	0.0764465800000000
1642	9.58167	2.2011159003775767	0.1506082450000000	0.1002189900000000
1645	9.58133	2.2517061345506728	0.2128001550000000	0.1187512250000000
1648	9.58048	2.1997956358163142	0.1433354900000000	0.0863184350000000
1651	9.57473	2.1984752175327293	0.1643880450000000	0.1505769000000000
1653	9.57470	2.2012613867154527	0.1400898200000000	0.1065667450000000
1656	9.57149	2.1964116778574923	0.1662494850000000	0.0671685750000000
1659	9.57127	2.2010896823482327	0.1613204950000000	0.0952210050000000
1661	9.57124	2.2557206980347488	0.1764093700000000	0.1262786800000000
1663	9.57023	2.1967926079673408	0.1365862300000000	0.0976332400000000
1669	9.56294	2.2074003098263479	0.1590807300000000	0.0612423250000000
1670	9.56051	2.2021786079027010	0.1532100150000000	0.1018579750000000
1674	9.55679	2.2017215939628949	0.1418487050000000	0.0921259750000000
1676	9.55202	2.2004547985818279	0.1594330800000000	0.0784949350000000
162	18.89830	2.1996778524869116	0.1365200900000000	0.0859930650000000
166	18.66980	2.6497591900624826	0.2245997800000000	0.1172638150000000
1680	9.54781	2.1996156444424209	0.1285053750000000	0.0934669150000000
1681	9.54781	2.2001618499895281	0.1539679900000000	0.0757670500000000
1682	9.54713	2.2011149360941173	0.1516749550000000	0.0792501200000000
1684	9.54687	2.1985153077527997	0.1537669700000000	0.0610710550000000
1687	9.53122	2.2005033273462615	0.1405844900000000	0.1019650200000000
1688	9.53021	2.1948675066319958	0.1458248600000000	0.1301521700000000
1689	9.53021	2.1942766010907579	0.1508787750000000	0.0921396350000000
1691	9.52965	2.2000028616353910	0.1437845250000000	0.0946366250000000
1692	9.52252	2.2010854078994742	0.1352284500000000	0.0994221150000000
1694	9.51829	2.1997165249069397	0.1592903150000000	0.1211223750000000
1697	9.51582	2.1984603740254309	0.1740854750000000	0.1059663000000000
1698	9.51319	2.1996512117958900	0.1535273150000000	0.1062728950000000
1700	9.51255	2.1999071465114426	0.1377870250000000	0.1040713000000000
1703	9.51053	2.1997769940478964	0.1160061250000000	0.0755770200000000
1705	9.50834	2.1975971020865575	0.1486108750000000	0.0773937350000000
1707	9.50603	2.2009109662203272	0.1449493150000000	0.1045491350000000
1711	9.50323	2.3165030648525953	0.2326338050000000	0.0797637750000000
1712	9.50220	2.2006341022346394	0.1349074600000000	0.0855163300000000
1717	9.49425	2.2002821238579884	0.1518384350000000	0.0713973050000000
1718	9.48606	2.2016578568019853	0.1469351700000000	0.1037582600000000
1719	9.48606	2.2027469400929411	0.1529330900000000	0.1007076950000000
1720	9.48442	2.1632316349607787	0.1382587850000000	0.0665854100000000
1721	9.48442	2.2018614227623434	0.1435665700000000	0.0619444050000000
1722	9.48286	2.2018811260535207	0.1446048400000000	0.0740791950000000
1726	9.47771	2.2015661767893975	0.1582722050000000	0.1142654050000000
1728	9.47319	2.2014814202087982	0.1448230500000000	0.0798183650000000
1729	9.47319	2.2033392679924186	0.1660050600000000	0.0741237700000000
1731	9.46280	2.2014763594870130	0.1468302450000000	0.0908070450000000
1734	9.45239	2.2004042520835432	0.1464454800000000	0.1080817350000000
1736	9.45130	2.1985729637257596	0.1381926450000000	0.0918758700000000
1739	9.43735	2.1993862537106490	0.1552295500000000	0.0968425400000000
1744	9.36392	2.1990857940534259	0.0902489350000000	0.0770478450000000
1747	9.36075	2.1986905749489507	0.1299746850000000	0.1000605750000000
1749	9.33968	2.1992764849202993	0.1417034250000000	0.0957604900000000
1750	9.32657	2.2022270302494791	0.1496853400000000	0.0727315650000000
1754	9.30364	2.3492443644835377	0.2449615850000000	0.1382592100000000
1757	9.30095	2.1954718478203388	0.1562519850000000	0.0481296500000000
1758	9.29419	2.2000583684792399	0.1408539350000000	0.0827941950000000
168	18.56780	2.1905873991745879	0.1698574250000000	0.0669660950000000
169	18.56780	2.1994972142898317	0.1388890800000000	0.0827935850000000
170	18.56620	2.1997812092476581	0.1384863900000000	0.0921688600000000
171	18.56620	2.1964354310108933	0.1620781450000000	0.0762483600000000
175	18.33440	2.2006615254691217	0.1384512100000000	0.0727674050000000
1760	9.29040	2.1921000756759614	0.1550186650000000	0.0855280750000000
1761	9.29040	2.2018126768182795	0.1380041350000000	0.1061885450000000
1764	9.28328	2.1995410564307027	0.1434763550000000	0.1127910850000000
1767	9.27618	2.2001466040730411	0.1509516500000000	0.0848089300000000
1769	9.27601	2.2028800547217968	0.1542847950000000	0.1059461700000000
1771	9.27552	2.2268653567491432	0.1865269000000000	0.1221798250000000
1773	9.27202	2.1992283386157530	0.1316520250000000	0.0991937900000000
1775	9.27078	2.1974039959199665	0.1661136350000000	0.0899735200000000
1776	9.26812	2.2021949542321155	0.1589907650000000	0.0974442850000000
1778	9.26420	2.2431579726603155	0.2146511550000000	0.1132931350000000
1781	9.26310	2.3010242964311374	0.2469694500000000	0.1194040900000000
1782	9.25991	2.2003401269947198	0.1278190250000000	0.0941202950000000
1783	9.25991	2.3114407493141775	0.2326072850000000	0.1169604450000000
1786	9.25823	2.1994312552775503	0.1404589700000000	0.0920041850000000
1788	9.25791	2.2010864247506343	0.1443872000000000	0.1133652350000000
1796	9.25601	2.1999450352620626	0.1485809250000000	0.1003036600000000
1797	9.25601	2.3556135817105419	0.2823438450000000	0.1928060050000000
1798	9.25564	2.1997550332325746	0.1245376450000000	0.0727180000000000
1803	9.25402	2.1999602389451969	0.1421434950000000	0.0939514500000000
1804	9.25320	2.2002355515054264	0.1334773200000000	0.1018328350000000
1805	9.25320	2.1999601228825982	0.1413693850000000	0.0782019300000000
1806	9.25229	2.1922794374083527	0.1621771450000000	0.0977401700000000
1808	9.25199	2.1998171040865300	0.1244568500000000	0.0904892400000000
1814	9.24858	2.1998546778469983	0.1223226650000000	0.0660610200000000
1819	9.24519	2.1981221806886726	0.1331306200000000	0.1044175700000000
1820	9.24436	2.1824381857251565	0.1219901950000000	0.1274319850000000
1823	9.24404	2.1985912314374145	0.1280221300000000	0.0911685550000000
1826	9.24000	2.1994944724440417	0.1563230050000000	0.0884015950000000
1827	9.24000	2.2013016924443840	0.1565641800000000	0.0514502650000000
1831	9.24000	2.2078389876476310	0.1608064050000000	0.1156826300000000
1832	9.24000	2.2229411647384643	0.1775173050000000	0.0693553750000000
1833	9.24000	2.1993871271465233	0.1478537100000000	0.0873860600000000
1835	9.24000	2.2008456790292503	0.1366415100000000	0.0999840350000000
1836	9.24000	2.2014599858732966	0.1550175600000000	0.1120356100000000
176	18.28240	2.2000396424733939	0.1371735500000000	0.1046755150000000
177	18.28240	2.1999120051328265	0.1637531500000000	0.0966844550000000
181	17.96190	2.1984744849971158	0.1169669050000000	0.0957867900000000
183	17.81420	2.2018241573741033	0.1452094150000000	0.1068231650000000
1840	9.24000	2.2018773961009788	0.1637296500000000	0.0836856600000000
1846	9.24000	2.1993061111883017	0.1359266950000000	0.0990110050000000
1850	9.24000	2.1987937288727695	0.1183723300000000	0.0912392850000000
1853	9.24000	2.2015021333749907	0.1447284250000000	0.0944165950000000
1854	9.24000	2.2418868466915689	0.1952989200000000	0.0996017700000000
1856	9.24000	2.2005533122021737	0.1645749900000000	0.0706392450000000
1858	9.23896	2.2438545349427468	0.2052744550000000	0.1520626750000000
1865	9.23790	2.1993009198971483	0.1488899100000000	0.0687852650000000
1870	9.23551	2.2000840012803380	0.1357343200000000	0.1074852150000000
1871	9.23551	2.1996469244064292	0.1446598600000000	0.0995795300000000
1872	9.23523	2.1999725435624415	0.1447546100000000	0.0966806950000000
1874	9.23490	2.1983996311103824	0.1365920900000000	0.1039312850000000
1875	9.23490	2.1982534315664739	0.1236995300000000	0.0825554650000000
1877	9.23438	2.1926254925763069	0.1461338400000000	0.0931812300000000
1878	9.23309	2.2028056882519929	0.1544974450000000	0.0923268250000000
1879	9.23309	2.1998662593697431	0.1455472700000000	0.0864936550000000
1880	9.23250	2.1977386032728026	0.1451385050000000	0.0939183400000000
1881	9.23250	2.2000364795913741	0.1563081550000000	0.0825383600000000
1882	9.23219	2.2000771814967184	0.1355675400000000	0.0999641400000000
1883	9.23219	2.1984805250476902	0.1400946500000000	0.1019307800000000
1885	9.23106	2.2012191276373425	0.1335861650000000	0.0948155800000000
1886	9.23095	2.1996931653080170	0.1359748000000000	0.0821139350000000
1890	9.22622	2.1917148841719754	0.1549318450000000	0.0902034500000000
1893	9.22493	2.1972760982318404	0.1513944300000000	0.0740545050000000
1900	9.21053	2.1986357079904950	0.1197553750000000	0.0857797200000000
1901	9.21053	2.1969823294604480	0.1351163700000000	0.0912664100000000
1906	9.18684	2.1992414471230535	0.1433561850000000	0.0956978550000000
1908	9.18574	2.2285441734432281	0.1794676150000000	0.1236335050000000
1910	9.18173	2.2017299115794016	0.1127551450000000	0.0594336600000000
1911	9.18173	2.2002215875710318	0.1363483850000000	0.0872648400000000
1914	9.18130	2.2001753557238493	0.1415294400000000	0.1066098500000000
1916	9.18058	2.2440865242037487	0.1951855250000000	0.0795757050000000
1918	9.18028	2.1934660706847797	0.1540546000000000	0.1161687950000000
184	17.79570	2.2003083933113361	0.1588480350000000	0.0948211450000000
185	17.79570	2.1998687838664308	0.1475187650000000	0.0894863350000000
189	17.79230	2.2006039955378758	0.1290752800000000	0.0973442200000000
190	17.77460	2.2000544714633410	0.1368528250000000	0.0976505500000000
191	17.77460	2.1983376308689335	0.1134061900000000	0.0751462650000000
1922	9.17791	2.1996987507322818	0.1096606050000000	0.0733208500000000
1923	9.17791	2.2001713850415028	0.1588025400000000	0.1029028150000000
1924	9.17773	2.1997559631588244	0.1396975300000000	0.0876299150000000
1925	9.17773	2.2012214770857939	0.1297378000000000	0.0925149850000000
1926	9.17739	2.1996758870285680	0.1534527600000000	0.0965577300000000
1931	9.17523	2.1999923758672595	0.1467012050000000	0.0872911600000000
1932	9.17417	2.2260396034244865	0.1922964450000000	0.0889313100000000
1933	9.17417	2.2003878547966607	0.1345296200000000	0.1080180800000000
1934	9.17355	2.2001888349407470	0.1478402250000000	0.0987237800000000
1937	9.17238	2.2068089759307039	0.1528482650000000	0.1189881500000000
1939	9.17204	2.2001654035743519	0.1421366400000000	0.0789079300000000
1944	9.16674	2.2019803135555378	0.1597231250000000	0.0650309750000000
1946	9.16072	2.1985225325211215	0.1377367750000000	0.0867346850000000
1949	9.15790	2.1997016874966069	0.1499868750000000	0.0911696200000000
1950	9.15340	2.2019900186561485	0.1595102850000000	0.0958786200000000
1953	9.15240	2.2001528663685814	0.1441859750000000	0.0992640500000000
1955	9.15182	2.1924901543312352	0.1640081350000000	0.0842618800000000
1962	9.14000	2.1869172613626966	0.1363233700000000	0.1227522800000000
1964	9.14000	2.1999838890881889	0.1340899700000000	0.0925856300000000
1968	9.14000	2.2018903444737008	0.1348079650000000	0.1126180350000000
1970	9.14000	2.1996766836048809	0.0957677400000000	0.0578785250000000
1979	9.14000	2.2005502050723673	0.1338531400000000	0.1088946500000000
1983	9.14000	2.2015268623353190	0.1529453300000000	0.0743625650000000
1984	9.14000	2.2551154706946082	0.1774505800000000	0.1433713800000000
1986	9.14000	2.2042520864569908	0.2255123900000000	0.1539032950000000
1989	9.14000	2.2015370499799283	0.1459853700000000	0.0924417900000000
1990	9.14000	2.1994014231401597	0.1424915150000000	0.0887315150000000
1991	9.14000	2.2001063857850069	0.1454234350000000	0.1012335550000000
1992	9.14000	2.1999341733624469	0.1615593250000000	0.1059935100000000
1993	9.14000	2.2040372282737581	0.1423860500000000	0.0970627450000000
1996	9.14000	2.1993972022490675	0.1327447050000000	0.0728774650000000
1997	9.14000	2.1994727418249393	0.1395085500000000	0.1010726050000000
1999	9.14000	2.1999208589002368	0.1580195500000000	0.1027434800000000
192	17.71340	2.2018431767185258	0.1562708000000000	0.0880307650000000
193	17.71340	2.1999276842419508	0.1472445200000000	0.0856615150000000
194	17.70800	2.2001432390220574	0.1371048750000000	0.0871626050000000
196	17.66620	2.2018983133746408	0.1561653500000000	0.0644409550000000
198	17.62660	2.2020652358801200	0.1446990350000000	0.0850920400000000
199	17.62660	2.2005628603935450	0.1386685450000000	0.0906740100000000
2003	9.14000	2.1979170181894903	0.1351352300000000	0.0895395050000000
2009	9.13770	2.1977737791980312	0.1599202850000000	0.0791578700000000
2013	9.13558	2.2015080876552129	0.1490907900000000	0.0930359800000000
2017	9.13453	2.2004798566585220	0.1477619100000000	0.1076740450000000
2020	9.13287	2.2008809631898938	0.1343169600000000	0.0771161400000000
2021	9.13287	2.1979161825726714	0.1333012600000000	0.1124997350000000
2022	9.13245	2.1994493906971631	0.1510533700000000	0.0995025800000000
2024	9.13204	2.1983484969267044	0.1320207050000000	0.0849479200000000
2025	9.13204	2.1990742098368332	0.1427501600000000	0.0896754250000000
2026	9.13189	2.2009592584914235	0.1647949250000000	0.0703977600000000
2030	9.11916	2.1991959334584723	0.1575927900000000	0.0426245450000000
2033	9.11751	2.2094271070800415	0.1770653750000000	0.1284367600000000
2036	9.10508	2.2020213837963989	0.1401135100000000	0.1064959800000000
2038	9.10369	2.1963662777998447	0.1506886650000000	0.0721335300000000
2046	9.05605	2.1978669756598697	0.1387843400000000	0.0979547200000000
2048	9.04366	2.1998957183408860	0.1456207050000000	0.0916615850000000
2055	9.03638	2.2009133212015315	0.1406340150000000	0.1035623050000000
2056	9.03142	2.1999670305129655	0.1557596750000000	0.0655169450000000
2060	9.02477	2.2012493258794814	0.1368935350000000	0.0988933250000000
2061	9.02477	2.1971548973008486	0.1448383200000000	0.0986283800000000
2064	9.02211	2.1994119828177441	0.1281147950000000	0.0574376150000000
2068	9.02041	2.2011072300267833	0.1521964400000000	0.1020933800000000
2069	9.02041	2.2217701259079750	0.1741570750000000	0.0685279800000000
2070	9.02039	2.2017580694379610	0.1275817400000000	0.0709663400000000
2071	9.02039	2.3285739629914901	0.2454936100000000	0.0409766600000000
2073	9.02018	2.1996552829064711	0.1511525950000000	0.0938013850000000
2075	9.02017	2.2031218689197960	0.1676782800000000	0.1010514750000000
2076	9.01653	2.2016730311403707	0.1291566800000000	0.0922674650000000
2078	9.01625	2.1992037802543494	0.1489569900000000	0.0720512000000000
2079	9.01625	2.1994324082809764	0.1418169850000000	0.0812098550000000
200	17.62620	2.2006655044918677	0.1406564500000000	0.0872397900000000
2080	9.01619	2.2068767996798839	0.1671537250000000	0.0984524900000000
2082	9.01556	2.2037158290713292	0.1623281650000000	0.0842101450000000
2083	9.01556	2.2010314660942751	0.1545362750000000	0.0613088400000000
2087	9.01160	2.1977512659449370	0.1413348800000000	0.1019385600000000
2088	9.01098	2.4213135319682810	0.2685787350000000	0.0952046400000000
2093	9.00907	2.1929219813511498	0.1507789600000000	0.1353706550000000
2096	9.00734	2.2001339138052960	0.1408922600000000	0.0979836900000000
2104	9.00246	2.1956482867737392	0.1458442050000000	0.0933530350000000
2107	9.00214	2.1983242019670572	0.1447501500000000	0.0831953800000000
2108	9.00062	2.1995519340690879	0.1556546550000000	0.0836967050000000
2111	9.00011	2.2000847122262286	0.1453441250000000	0.1035525100000000
2113	8.99981	2.1963538481787479	0.1390541050000000	0.0945287900000000
2114	8.99965	2.2287682121269392	0.2121051700000000	0.1134871200000000
2116	8.99874	2.1998239667753197	0.1495218850000000	0.1092785750000000
2119	8.99850	2.1999648891831942	0.1549626350000000	0.0925978200000000
2121	8.99556	2.2008771727721270	0.1323270850000000	0.0911572600000000
2123	8.99535	2.2012213881386136	0.1566236500000000	0.0881779950000000
2124	8.99371	2.2002029252481043	0.1364433000000000	0.0794303050000000
2127	8.99142	2.1866255379753188	0.1160444950000000	0.1087879000000000
2129	8.99078	2.2015822045948377	0.1565995600000000	0.0935022600000000
2130	8.98943	2.2006584833394407	0.1376375850000000	0.0845031250000000
2133	8.98853	2.2015503102634248	0.1356561400000000	0.1161644100000000
2136	8.98743	2.2021574824881607	0.1635692150000000	0.1001586550000000
2141	8.98605	2.2014839947553817	0.1588135850000000	0.1002442950000000
2145	8.98373	2.1944012670811945	0.1485541000000000	0.0989258250000000
2146	8.98340	2.1840688989480679	0.1267922900000000	0.1233651200000000
2149	8.98311	2.2007745727298942	0.1281344300000000	0.1098309750000000
2151	8.98274	2.1980419165719889	0.1451520950000000	0.1119021100000000
2152	8.98141	2.1987291008501870	0.1570154450000000	0.0805251650000000
2157	8.98000	2.1982656878368254	0.1251255850000000	0.0940863450000000
208	17.18240	2.2007773406930942	0.1471356150000000	0.0882738150000000
209	17.18240	2.2003401355884296	0.1268117400000000	0.1052197550000000
211	17.07690	2.2001308272699540	0.1366017600000000	0.1148747150000000
212	17.05300	2.2020293359664014	0.1596452350000000	0.0982617800000000
213	17.05300	2.1985377829954689	0.1121048950000000	0.0708060600000000
215	17.02200	2.1972632392354381	0.1479523850000000	0.1030227750000000
2162	8.98000	2.2008314441823331	0.1582089200000000	0.0860667400000000
2163	8.98000	2.1989591845718541	0.1408780250000000	0.0721394550000000
2169	8.98000	2.2006974800522183	0.1699520700000000	0.0691404300000000
2170	8.98000	2.2006093007467298	0.1527825800000000	0.0685830900000000
2173	8.98000	2.1991886659047677	0.1362959950000000	0.0866358050000000
2174	8.97946	2.2003444554827767	0.1145210150000000	0.0523960800000000
2178	8.97489	2.1999250929904721	0.1477937600000000	0.0817554400000000
2179	8.97489	2.1985331227133362	0.1391923300000000	0.1091949750000000
2184	8.97257	2.1996937118835942	0.1541972750000000	0.0918887800000000
2185	8.97257	2.2002508084905306	0.1497400050000000	0.0812159650000000
2187	8.97180	2.1985556055294233	0.1285332000000000	0.1023924050000000
2188	8.96911	2.1988801328032390	0.1294134800000000	0.0941501100000000
2189	8.96911	2.2015155728477498	0.1333363550000000	0.0443107500000000
2191	8.96742	2.2007013097245416	0.1486428450000000	0.0936058450000000
2198	8.95967	2.2008188614804802	0.1369300500000000	0.0957950950000000
2201	8.95899	2.1990077784843822	0.1513210950000000	0.0974666550000000
2202	8.95854	2.2005220095615550	0.1500074250000000	0.1139356400000000
2204	8.95765	2.1983418237290273	0.1523571000000000	0.0968899050000000
2205	8.95765	2.2025356508282052	0.1588761600000000	0.0779329800000000
2207	8.95637	2.2016602920759230	0.1240094350000000	0.1029137700000000
2210	8.95605	2.2004557846215294	0.1487812400000000	0.0732137450000000
2211	8.95605	2.2034741166216025	0.1669517050000000	0.1084997000000000
2218	8.95391	2.2485176586098752	0.2545718300000000	0.1377007600000000
2220	8.95361	2.1976951751927478	0.1440484900000000	0.1010646300000000
2221	8.95361	2.2123224097846439	0.1374422700000000	0.0577445600000000
2224	8.95254	2.2021161117337633	0.1555993350000000	0.0638535300000000
2225	8.95254	2.2018788395860622	0.1407407900000000	0.1101711100000000
2226	8.95171	2.1999310835391412	0.1396327550000000	0.0918996750000000
2230	8.95019	2.3717521397895007	0.2423226300000000	0.0750569500000000
2232	8.95018	2.2029887084321427	0.1506770000000000	0.1134205300000000
2236	8.94681	2.1978632740991162	0.1470839550000000	0.1014783300000000
218	16.98050	2.1998167395573107	0.1514208450000000	0.0638935600000000
221	16.93270	2.1880370718260069	0.1306244750000000	0.1054055900000000
2242	8.93885	2.3414986336564194	0.3484465500000000	0.1768581350000000
2243	8.93885	2.2009336358677314	0.1591323700000000	0.0697658100000000
2244	8.93734	2.2015164958961910	0.1317006950000000	0.0741337300000000
2246	8.93637	2.2018580358971946	0.1367921050000000	0.0938237600000000
2247	8.93637	2.2039573597005759	0.1552208050000000	0.0981825600000000
2248	8.93547	2.2017241284111808	0.1524131350000000	0.1001316850000000
2249	8.93547	2.1999443089924404	0.1550051900000000	0.0946721500000000
2250	8.93344	2.2239596408393765	0.1774292850000000	0.0906719000000000
2251	8.93344	2.2408869506517761	0.1847501300000000	0.1179418200000000
2253	8.93060	2.2005212565618302	0.1377712900000000	0.0981398800000000
2255	8.92967	2.1992423325757966	0.1533362250000000	0.0701407700000000
2256	8.92952	2.2049745768392754	0.1490686150000000	0.0936809850000000
2263	8.92661	2.1980012420940858	0.1595356750000000	0.0763291150000000
2265	8.92659	2.2020912831148700	0.1439911700000000	0.0893675450000000
2266	8.92619	2.1958504986311445	0.1596685650000000	0.0887367500000000
2268	8.92463	2.2076151757321245	0.1542106900000000	0.1061324600000000
2270	8.92413	2.1904107557769814	0.1477857900000000	0.0928741000000000
2271	8.92413	2.2021924187128605	0.1453094950000000	0.1058175500000000
2273	8.92381	2.2016458415771480	0.1246566800000000	0.0538530150000000
2274	8.92358	2.1949709976844414	0.1522947100000000	0.0935862600000000
2275	8.92358	2.1978989896300107	0.1486761700000000	0.0840691150000000
2278	8.92315	2.2003813338693794	0.1410997600000000	0.0920549500000000
2281	8.92279	2.1985406105459555	0.1408761100000000	0.0993713400000000
2288	8.91786	2.2021984321485322	0.1433227800000000	0.0910824600000000
2289	8.91786	2.1997837115010999	0.1488736300000000	0.0734381950000000
2291	8.91596	2.1997624916063652	0.1416235000000000	0.0653721700000000
2293	8.91512	2.2020297809438136	0.1432752100000000	0.0944613100000000
2295	8.91384	2.2000407898945165	0.1501947500000000	0.0739932200000000
2296	8.91245	2.1913585429119733	0.1360033200000000	0.1038653800000000
2299	8.90797	2.2060627190406317	0.1615485800000000	0.1091468900000000
2300	8.90250	2.2189835779581824	0.1838737400000000	0.1147156100000000
2303	8.90204	2.1978725125529337	0.1709140200000000	0.1027785850000000
2304	8.89888	2.2012554089707632	0.1367660500000000	0.0740111400000000
2306	8.89326	2.2026440663425237	0.1542899400000000	0.0955040900000000
2307	8.89326	2.2015926700165780	0.1424782250000000	0.1041164750000000
2312	8.87436	2.1999460700963684	0.1336037100000000	0.1041002000000000
2313	8.87436	2.2007423913925876	0.1446378450000000	0.1023818750000000
2315	8.87192	2.2002912580360903	0.1326934950000000	0.1020024150000000
2317	8.87173	2.2020656113251893	0.1248148700000000	0.1074282250000000
2319	8.86814	2.1980320551111614	0.1085727200000000	0.0753278050000000
227	16.88770	2.2001436932737266	0.1550289300000000	0.0910734450000000
228	16.88760	2.1995089079518397	0.1497953700000000	0.0726395650000000
230	16.86680	2.2009758025596433	0.1608951750000000	0.0745051650000000
2324	8.86133	2.1942178284922798	0.1379156300000000	0.1199641000000000
2330	8.85054	2.1994241667050796	0.1348092800000000	0.0771760600000000
2343	8.83638	2.2004951090796672	0.1557641600000000	0.0996626850000000
2348	8.82689	2.2018608017231514	0.1441239400000000	0.1040868900000000
2349	8.82689	2.2007209435310395	0.1398701050000000	0.0846265950000000
2350	8.82364	2.2002253781348551	0.1529294050000000	0.0647110000000000
2351	8.82364	2.2217010553749694	0.1775419450000000	0.0681674900000000
2352	8.81628	2.1878795640968569	0.1672576400000000	0.1320219400000000
2353	8.81628	2.1985883219444284	0.1316884950000000	0.0584345500000000
2354	8.81623	2.2014651487534440	0.1628456050000000	0.0803020450000000
2356	8.81004	2.1994895049731795	0.1366007100000000	0.0890176650000000
2362	8.80658	2.2020500578638966	0.1488646400000000	0.0661268500000000
2363	8.80658	2.2000560332001879	0.1229073200000000	0.0986802450000000
2367	8.80448	2.2058774683962925	0.1714648100000000	0.0990216950000000
2368	8.79150	2.2009263162635722	0.1570123850000000	0.1005929100000000
2370	8.78437	2.1987194067636064	0.1525269950000000	0.0940682500000000
2371	8.78437	2.1994562380625400	0.1220087350000000	0.1066070900000000
2374	8.77878	2.2001755372813783	0.1346906700000000	0.0940800900000000
2375	8.77878	2.1999514833302793	0.1521826500000000	0.0927061350000000
2376	8.77192	2.1995801414423202	0.1408894950000000	0.0846032200000000
2378	8.75648	2.1985050428690003	0.1347532800000000	0.0722936450000000
2381	8.75301	2.2018616774239264	0.1375865850000000	0.0946718450000000
2383	8.74242	2.1991280912879896	0.1341146550000000	0.1102541900000000
2384	8.74216	2.2010083382382977	0.1645881650000000	0.0364993150000000
2391	8.73721	2.2008340360502481	0.1558336550000000	0.0924098500000000
2392	8.73275	2.1998036728827319	0.1500469150000000	0.0760260200000000
2393	8.73275	2.1984716879394335	0.1601721950000000	0.0786891250000000
2394	8.72981	2.1985197869628088	0.1394434850000000	0.0885682200000000
2397	8.72279	2.1989946991140341	0.1654474050000000	0.1187516900000000
2399	8.71645	2.2012929249551481	0.1601576050000000	0.0988806700000000
233	16.86620	2.1825021576765029	0.1567324800000000	0.1173337450000000
235	16.86370	2.2022726380119102	0.1564593150000000	0.0934960850000000
237	16.81790	2.1995115798815084	0.1447496150000000	0.1054036200000000
238	16.79440	2.2041178928694953	0.1733319150000000	0.1157777800000000
239	16.79440	2.1999047654364552	0.1398586050000000	0.0405285650000000
22	98.06700	2.2010643809921913	0.1549488350000000	0.0876335500000000
2401	8.71274	2.3380190319999858	0.2771494100000000	0.1249075900000000
2402	8.70886	2.1975190416318351	0.1410459800000000	0.0878455750000000
2404	8.70243	2.2007164013846658	0.1486226400000000	0.0667746400000000
2405	8.70243	2.1955524554786456	0.1524172850000000	0.0964667850000000
2406	8.69579	2.2077392692992790	0.1672959000000000	0.1072405250000000
2408	8.69451	2.2005156202164367	0.1531541550000000	0.0735323300000000
2409	8.69451	2.2001585028990029	0.1571218150000000	0.1066396150000000
2415	8.67928	2.2001866407844339	0.1626750900000000	0.0858632400000000
2416	8.66682	2.2014276837879803	0.1192191300000000	0.1169817700000000
2418	8.66452	2.2015202730733514	0.1555872750000000	0.0901479000000000
2422	8.64969	2.5459028101436365	0.2925899700000000	0.1058759500000000
2425	8.64481	2.2016801362073859	0.1456771850000000	0.0917852050000000
2427	8.64296	2.1872499599735415	0.1470937500000000	0.0692355600000000
2429	8.64137	2.1975314684561646	0.1509328050000000	0.0829262500000000
2431	8.62991	2.2016080019153113	0.1573975900000000	0.0850707950000000
2432	8.62916	2.2006548991010688	0.1423054650000000	0.0924280600000000
2433	8.62916	2.2001858140000921	0.1347011650000000	0.1090550300000000
2434	8.62915	2.1998238031612130	0.1483566600000000	0.0950145750000000
2438	8.62822	2.2929204378369556	0.2385636600000000	0.1401225450000000
2440	8.62799	2.2011086985790258	0.1459036050000000	0.0982559300000000
2441	8.62799	2.2020240918936391	0.1496279700000000	0.1068579650000000
2449	8.62562	2.1849059450201205	0.1753408700000000	0.0713766600000000
2451	8.62547	2.2013159673660088	0.1530408050000000	0.0908806250000000
2452	8.62537	2.1975435492367721	0.1552426650000000	0.0380898200000000
2454	8.62494	2.2041677555140460	0.1445801050000000	0.1141495550000000
2460	8.62151	2.2008326938828793	0.1324610300000000	0.0769063700000000
2463	8.62143	2.2013053424302806	0.1414207150000000	0.0857807300000000
2464	8.62139	2.1998023505312694	0.1407683550000000	0.1044631950000000
2465	8.62139	2.2003059420365427	0.1350066750000000	0.1037740550000000
2468	8.61871	2.1976009344392189	0.1585813300000000	0.0847120350000000
2469	8.61871	2.2005560688019359	0.1427826050000000	0.0950096200000000
2472	8.59504	2.1997218036985706	0.1397986300000000	0.1062618050000000
2477	8.58354	2.2024712318984201	0.1544864250000000	0.0886160100000000
2478	8.57884	2.1997729459153699	0.1399128150000000	0.0715480550000000
2479	8.57884	2.1804705337155670	0.0947001600000000	0.1061321350000000
245	16.67950	2.2071907185352746	0.1601434500000000	0.0634359600000000
246	16.65760	2.2810465213446118	0.2474245550000000	0.0562098600000000
2485	8.55654	2.2006467988846992	0.1374920050000000	0.0843017950000000
2488	8.54109	2.2005279102962967	0.1465419600000000	0.1009214250000000
2489	8.54109	2.1996026354805323	0.1438635250000000	0.1036894050000000
2492	8.53909	2.2005573480261313	0.1504766200000000	0.1066516750000000
2498	8.53773	2.2021739193605914	0.1491691200000000	0.0878071950000000
2506	8.53691	2.2022028462794787	0.1214606200000000	0.0640020550000000
2511	8.53659	2.2017621713822932	0.1416053100000000	0.0839435400000000
2513	8.53601	2.1991942974954948	0.1591877600000000	0.0870888150000000
2515	8.53595	2.1990491794653235	0.1605931550000000	0.0763113300000000
2520	8.53184	2.1984362454477338	0.1514754750000000	0.1029797350000000
2522	8.53153	2.1973133227916182	0.1428638150000000	0.0915875200000000
2527	8.52658	2.1975362900516657	0.1423485700000000	0.0905543350000000
2529	8.52617	2.1767976691963757	0.1599238700000000	0.0685570100000000
2533	8.51847	2.1996543495944998	0.1246598150000000	0.0946748550000000
2536	8.51130	2.2019061310779970	0.1422852550000000	0.0852250050000000
2537	8.51130	2.2005224786549240	0.1352709050000000	0.0825520250000000
2542	8.49075	2.2006552394911862	0.1323892600000000	0.0878512300000000
2543	8.49075	2.2015325610466956	0.1395866100000000	0.0770574950000000
2544	8.48967	2.2010866445212796	0.1425704950000000	0.0886431600000000
2550	8.48000	2.2014647476025409	0.1496543800000000	0.0929070950000000
2551	8.48000	2.2060030564082149	0.1649453050000000	0.0755417350000000
2558	8.48000	2.1997488593288073	0.1546577700000000	0.0577014050000000
248	16.57590	2.2036839529257994	0.1671483450000000	0.0495718550000000
249	16.57590	2.1984606125299644	0.1435208850000000	0.0892729600000000
250	16.51990	2.2006955095930625	0.1443596050000000	0.0848130000000000
251	16.51990	2.1991204812561334	0.1338182900000000	0.0581129900000000
252	16.50140	2.2031075304011676	0.1628252750000000	0.0712846750000000
253	16.50140	2.1990518216379100	0.1417454300000000	0.0927513850000000
2560	8.48000	2.2026883992454893	0.1527490500000000	0.0852152000000000
2561	8.48000	2.2019004937715239	0.1381944350000000	0.0966884600000000
2567	8.48000	2.1981251854216053	0.1304528100000000	0.1002266750000000
2569	8.48000	2.2010778566977240	0.1480885250000000	0.1234323800000000
2570	8.47797	2.1936817291140511	0.1577844600000000	0.0574442150000000
2578	8.46680	2.2021252932017288	0.1405314350000000	0.0916711850000000
2580	8.46656	2.1988743943089673	0.1226492150000000	0.1085268200000000
2584	8.46055	2.3143287242665380	0.2386939500000000	0.0380106100000000
2586	8.46000	2.2000660429277423	0.1635787250000000	0.0698336600000000
2587	8.46000	2.1985997766487175	0.1434593800000000	0.0798688650000000
2589	8.44800	2.2015497346648720	0.1269337900000000	0.0936797700000000
2597	8.43458	2.1979701798621694	0.1330459400000000	0.1021513450000000
2598	8.43092	2.2600640319385885	0.1802298250000000	0.0972581350000000
2601	8.42770	2.2014540206142241	0.1522946900000000	0.0943800500000000
2603	8.42299	2.2018366478324398	0.1465628800000000	0.0987186450000000
2609	8.41614	2.2018179402704909	0.1498406850000000	0.0650746050000000
2610	8.40807	2.1841802620346833	0.1498947650000000	0.1354075300000000
2614	8.40334	2.2000766963446217	0.1529526150000000	0.0846200350000000
2615	8.40334	2.1984943066854421	0.1351162400000000	0.1088943950000000
2616	8.40227	2.2935020800264310	0.2328984250000000	0.1197071500000000
2617	8.40227	2.1982885566726127	0.1399722450000000	0.1168082050000000
2619	8.39487	2.2010788721370482	0.1576722150000000	0.0995978000000000
2620	8.39137	2.2015812732840079	0.1355019750000000	0.0840283450000000
2623	8.38740	2.2226978107042914	0.1729490600000000	0.0824447600000000
2624	8.38712	2.1999392389772070	0.1507205850000000	0.0940009900000000
2625	8.38712	2.2013695068220760	0.1566578350000000	0.0976350100000000
2627	8.38446	2.2299220975672362	0.1737022450000000	0.0802948700000000
2629	8.37889	2.1990617823722438	0.1529420400000000	0.0993720900000000
2630	8.37462	2.1971107821535449	0.1454307950000000	0.0995359400000000
2633	8.37012	2.1976290001001191	0.1468450600000000	0.0904410250000000
2634	8.36918	2.2021467062744997	0.1431099650000000	0.1087921850000000
2635	8.36918	2.2427189689813716	0.2098203700000000	0.0789527500000000
2638	8.36731	2.2001413879299965	0.1278824550000000	0.1021527400000000
257	16.45850	2.2004406058220609	0.1615951800000000	0.0906150900000000
258	16.44450	2.2552156410383288	0.1798474400000000	0.0430655650000000
2640	8.36730	2.1984726862499002	0.1216069750000000	0.1106179850000000
2642	8.36655	2.2001686298392369	0.1507119750000000	0.0969766500000000
2643	8.36655	2.2002050251284544	0.1353221750000000	0.0862428050000000
2647	8.36622	2.2021657096146412	0.1474004650000000	0.0777274100000000
2650	8.36541	2.1998233027048300	0.1512406200000000	0.0947194900000000
2655	8.36483	2.1983253485971037	0.1055320150000000	0.0907725800000000
2656	8.36471	2.1998682404442835	0.1331840950000000	0.1147958150000000
2666	8.35941	2.1999497050192818	0.1443094900000000	0.0797466100000000
2667	8.35941	2.2016210962703249	0.1494230650000000	0.0889167300000000
2672	8.35329	2.1936023145990262	0.1545847000000000	0.0991015800000000
2673	8.35329	2.2005399561476691	0.1549965150000000	0.0991990300000000
2674	8.35100	2.1860575395928779	0.1444913950000000	0.1165412100000000
2675	8.35100	2.1985303274169703	0.1458410850000000	0.0831431950000000
2676	8.34964	2.2016162688703180	0.1557360200000000	0.1072723450000000
2677	8.34964	2.1994251776944354	0.1345998950000000	0.0915557100000000
2680	8.34857	2.2041892776475396	0.1544855300000000	0.0461878500000000
2681	8.34857	2.2013120323898745	0.1344193700000000	0.0857923700000000
2682	8.34790	2.2006800004792120	0.1410396300000000	0.0763440700000000
2683	8.34790	2.1999741781319679	0.1473567300000000	0.0982156500000000
2684	8.34776	2.2021682907190918	0.1422124900000000	0.1068573400000000
2686	8.34726	2.2097723787917998	0.1647713550000000	0.0998267150000000
2687	8.34726	2.2011181819265855	0.1377214350000000	0.0962635500000000
2693	8.34483	2.2057079693838468	0.1569527550000000	0.1059241650000000
2696	8.34384	2.1985663731328571	0.1577559300000000	0.0713264350000000
2697	8.34384	2.1967153635943624	0.1610320900000000	0.0613034650000000
2702	8.34188	2.1968249268683930	0.1511115000000000	0.1123272900000000
2705	8.34054	2.1980200259659219	0.1282968550000000	0.0892532300000000
2706	8.33796	2.1957422604226431	0.1462402000000000	0.1052461650000000
2707	8.33796	2.2018110559193755	0.1207566900000000	0.1139629300000000
2709	8.33427	2.2015027486356309	0.1493426200000000	0.0879606000000000
2712	8.32388	2.2015029377241602	0.1492328400000000	0.1049632950000000
2717	8.31924	2.2021399980803014	0.1485860350000000	0.0873334300000000
2718	8.31015	2.1983803688147545	0.1537465550000000	0.1178602850000000
264	16.21370	2.2296923400898567	0.1974994800000000	0.1219547650000000
265	16.21370	2.2412104111118500	0.1847816800000000	0.1187053250000000
268	16.15410	2.1992857512169430	0.1499693650000000	0.0936661200000000
270	16.15400	2.1993690830668062	0.1522017950000000	0.1056255650000000
271	16.15400	2.2000735006735397	0.1437810150000000	0.1083302000000000
2720	8.30884	2.2019146346076424	0.1438569850000000	0.1001489500000000
2722	8.30872	2.2002038574012830	0.1429981450000000	0.0799907850000000
2723	8.30872	2.2008570798839986	0.1539627550000000	0.1038186550000000
2724	8.30642	2.1998468388248775	0.1411361700000000	0.0779637150000000
2725	8.30642	2.2458419462642540	0.2058571150000000	0.0650792600000000
2727	8.30497	2.2005217617157031	0.1571007800000000	0.0528743800000000
2728	8.30123	2.1999628844662240	0.1449393950000000	0.0903796500000000
2734	8.27979	2.2002954863521489	0.1357025750000000	0.1026304000000000
2736	8.27930	2.1978727140008565	0.1623395600000000	0.0869662950000000
2746	8.27183	2.1807139608393444	0.1562756350000000	0.0923592850000000
2751	8.27016	2.2005470759656443	0.1553401350000000	0.0714316150000000
2758	8.26374	2.2006786322209946	0.1418059650000000	0.0955575400000000
2762	8.26118	2.3167269527599696	0.2601383500000000	0.1216985000000000
2764	8.25435	2.2018491237042790	0.1646623750000000	0.0867842350000000
2765	8.25435	2.2008798822690392	0.1474189850000000	0.0624801150000000
2766	8.24826	2.1978361194382692	0.1359553650000000	0.0963108100000000
2767	8.24826	2.2396344150637857	0.1900646900000000	0.1181943450000000
2771	8.24336	2.2003195098636819	0.1314624700000000	0.1004846650000000
2772	8.23918	2.1917165915932095	0.1509893050000000	0.0879474850000000
2773	8.23918	2.2005435366503319	0.1653025200000000	0.1041190900000000
2774	8.23870	2.1946451510801954	0.1528853100000000	0.0918471800000000
2778	8.23466	2.1999320323805680	0.1478126950000000	0.1080842250000000
2779	8.23466	2.2019922776977148	0.1596011850000000	0.0748197300000000
2781	8.23239	2.1990941318750190	0.1233032650000000	0.0991766550000000
2782	8.22956	2.1975749779092077	0.1386148700000000	0.1046434300000000
2783	8.22956	2.2019400875443131	0.1415432150000000	0.0952540050000000
2786	8.22882	2.2020301081293217	0.1411580400000000	0.1002726300000000
2787	8.22882	2.2005416531343540	0.1569787850000000	0.0496787100000000
2788	8.22517	2.1999482458576787	0.1456881200000000	0.0744802550000000
2792	8.22157	2.2022493986866194	0.1536049550000000	0.0897513700000000
2793	8.22157	2.1998333512158150	0.1589247350000000	0.0966565350000000
2795	8.21916	2.2011538251028400	0.1268277850000000	0.1191933450000000
2796	8.21880	2.1979197116812208	0.1525999250000000	0.0880374200000000
274	16.00470	2.2018703600947309	0.1469503050000000	0.1028332800000000
275	16.00470	2.2002545612995998	0.1508530350000000	0.0664855550000000
276	15.97560	2.2722162186037371	0.2288519150000000	0.1043872800000000
278	15.81910	2.1978258323402549	0.1475906250000000	0.1038186100000000
279	15.81910	2.2001820528579947	0.1295327600000000	0.1104775700000000
2800	8.21535	2.2623705754765111	0.1978225600000000	0.1167928950000000
2802	8.21484	2.2001472425132191	0.1408375200000000	0.1126219050000000
2803	8.21484	2.1995852512107144	0.1405697150000000	0.0836132700000000
2806	8.20236	2.2000504027087380	0.1275588200000000	0.0922614150000000
2807	8.20236	2.2009914588726112	0.1410163000000000	0.0972060150000000
2808	8.20000	2.2021040425418970	0.1197570550000000	0.0661910650000000
2813	8.20000	2.2015289321834177	0.1556545100000000	0.0930074400000000
2815	8.20000	2.1978462050865395	0.1338932700000000	0.0873240200000000
2816	8.20000	2.2023002483361580	0.1564463900000000	0.0681833700000000
2818	8.20000	2.2008409786978351	0.1225906850000000	0.0902939850000000
2819	8.20000	2.1978096127783209	0.1432764100000000	0.1077773700000000
2820	8.20000	2.1993184130654155	0.1572565700000000	0.0846564950000000
2822	8.20000	2.4289063656692780	0.2638571500000000	0.0984109400000000
2823	8.20000	2.1981066300447947	0.1368716350000000	0.0719051000000000
2824	8.20000	2.4061817558150049	0.3596339350000000	0.4081084550000000
2827	8.20000	2.1959473495379158	0.1590800950000000	0.0697957700000000
2830	8.20000	2.2016448311928869	0.1578521750000000	0.0569284150000000
2832	8.20000	2.2015752128141015	0.1350453350000000	0.0958831550000000
2836	8.20000	2.2011144902371602	0.1483958250000000	0.0737324050000000
2837	8.20000	2.1984975456811662	0.1425415800000000	0.0872767350000000
2841	8.19420	2.2019633067267139	0.1558308200000000	0.0930656400000000
2842	8.19382	2.1975353933892947	0.1499348900000000	0.0972500850000000
2843	8.19382	2.2011074743432135	0.1274629300000000	0.0821872650000000
2844	8.19066	2.2026668312575373	0.1487670300000000	0.0977222800000000
2848	8.18384	2.1989717595061307	0.1514325600000000	0.0889032700000000
2854	8.17129	2.1866573982954489	0.1471848900000000	0.1150771150000000
2855	8.17129	2.1974131664096728	0.1556720500000000	0.0947388800000000
2858	8.16935	2.1968096693404617	0.1352631450000000	0.0936982200000000
2860	8.16836	2.2007206748071728	0.1443434200000000	0.0925858100000000
2861	8.16836	2.1954963722936447	0.1449705050000000	0.0881124600000000
2862	8.16758	2.2015241486824335	0.1410524200000000	0.0897389400000000
2863	8.16758	2.2013673745408413	0.1251429200000000	0.0945802500000000
2864	8.16645	2.2003197261358465	0.1530335500000000	0.0935192750000000
2867	8.16450	2.2287563437156432	0.1968749100000000	0.1218418250000000
2868	8.16181	2.1997723130942997	0.1362500900000000	0.0981783800000000
2869	8.16181	2.2009902152888414	0.1534352000000000	0.0507989450000000
2870	8.15953	2.1954187321908405	0.1165098500000000	0.0635563700000000
2872	8.15888	2.1962540922107214	0.1430929600000000	0.0988899450000000
2877	8.14937	2.1977187395401550	0.1421299150000000	0.0735339400000000
2878	8.14594	2.1980172326344967	0.1303689250000000	0.1179297100000000
280	15.79130	2.1645712485833264	0.1363015500000000	0.0718552350000000
285	15.59030	2.1998022185162629	0.1538492300000000	0.1019959650000000
286	15.37460	2.2764388679474972	0.2232885400000000	0.1248408350000000
2886	8.13966	2.2014934464019760	0.1499351800000000	0.1026680650000000
2887	8.13966	2.2001376828578487	0.1247804700000000	0.0673028800000000
2889	8.13955	2.1994779338420227	0.1567290400000000	0.1165600550000000
2891	8.13890	2.2018418185548478	0.1355473850000000	0.0994815100000000
2892	8.13840	2.2014419947665984	0.1371678600000000	0.0361179050000000
2893	8.13840	2.2006131178803159	0.1638814600000000	0.0998823250000000
2899	8.13645	2.1997130361154018	0.1244115250000000	0.0946111650000000
2901	8.13578	2.1982273816691587	0.1420591050000000	0.0942793700000000
2906	8.13301	2.1976363661458755	0.1693049350000000	0.0738298100000000
2907	8.13301	2.1972225048615601	0.1368473550000000	0.0838778000000000
2908	8.13284	2.1995440340934929	0.1570772250000000	0.0837277450000000
2909	8.13284	2.3956661985031267	0.2563092650000000	0.1238816700000000
2913	8.12955	2.2006543738670050	0.1570092850000000	0.0685728850000000
2919	8.12592	2.1824186338377825	0.1449564650000000	0.1010580700000000
2925	8.12265	2.1996786015321033	0.1290948850000000	0.1037571650000000
2927	8.12189	2.2029880130259225	0.1558573100000000	0.0787778850000000
2932	8.11972	2.2019078717344223	0.1506988650000000	0.0987833950000000
2933	8.11972	2.1955393221135990	0.1564403350000000	0.0942709400000000
2934	8.11876	2.1994259334107760	0.1465405000000000	0.0952752900000000
2938	8.11091	2.1979228770308366	0.1563015400000000	0.1002745750000000
2940	8.11078	2.1980092060138836	0.1520208250000000	0.0902103250000000
2941	8.11078	2.2018435050054759	0.1550093550000000	0.0930550900000000
2944	8.10951	2.1985270735791249	0.1495763800000000	0.0888535600000000
2948	8.10659	2.1769049196302217	0.1494113950000000	0.1071000800000000
2949	8.10659	2.2017986028301526	0.1468164700000000	0.0643248550000000
2951	8.10431	2.2014836744580397	0.1412170050000000	0.1035385050000000
2952	8.09909	2.2030065662809868	0.1449339150000000	0.1150295450000000
2955	8.09854	2.2015114463481567	0.1601546250000000	0.0699692500000000
2959	8.09785	2.1955083192201892	0.1634956000000000	0.0860323050000000
289	15.35480	2.2007837463007176	0.1534541800000000	0.0923305650000000
290	15.33460	2.2015465611684215	0.1389469750000000	0.0880102900000000
292	15.33040	2.1955600096997201	0.1646219150000000	0.1038552700000000
293	15.33040	2.2004355215716389	0.1524699500000000	0.0987513300000000
294	15.28500	2.1979825400374451	0.1280505500000000	0.0787803100000000
295	15.28500	2.1995293119213115	0.1321009600000000	0.0994304800000000
2961	8.09740	2.1983481246320560	0.1061656250000000	0.0814168150000000
2962	8.09702	2.2021084577813328	0.1473239250000000	0.0659280600000000
2963	8.09702	2.1975419748642282	0.1295507550000000	0.1288814300000000
2964	8.09688	2.1954908213310711	0.1556043500000000	0.0964236950000000
2966	8.09614	2.2002006334360162	0.1319660450000000	0.1163574200000000
2968	8.09578	2.2001046879928086	0.1603351950000000	0.0970200800000000
2969	8.09578	2.2295038428349820	0.1809496100000000	0.0881841400000000
2970	8.09432	2.2019417764760605	0.1486704100000000	0.0976771250000000
2971	8.09432	2.1977972967093966	0.1255327300000000	0.0705854450000000
2972	8.09383	2.2009380371836009	0.1533312400000000	0.0860552750000000
2973	8.09383	2.2032199641280337	0.1438549450000000	0.0711492900000000
2976	8.09157	2.1991056898151284	0.1471442950000000	0.0437509450000000
2977	8.09157	2.2580549824311413	0.1770025150000000	0.1055499400000000
2978	8.09141	2.2005351436563787	0.1520262500000000	0.1054936900000000
2985	8.09051	2.2025052121214901	0.1529850450000000	0.0957241700000000
2987	8.09000	2.2035226906473353	0.1657838900000000	0.0661052300000000
2988	8.09000	2.2091967558198391	0.1759765250000000	0.0766640200000000
2993	8.09000	2.1998270379445759	0.1422588100000000	0.0392157050000000
2994	8.09000	2.1980227192365569	0.1226101650000000	0.0653676450000000
2995	8.09000	2.1989353708618760	0.1366639100000000	0.1116440450000000
2998	8.09000	2.2020130154667128	0.1312432000000000	0.1063391200000000
3003	8.09000	2.1979299433256156	0.1574046100000000	0.0885492700000000
3007	8.09000	2.1958252504789577	0.1370415650000000	0.0395814750000000
3008	8.09000	2.1990679497389829	0.1486484200000000	0.1024305000000000
3010	8.09000	2.2024843808963865	0.1544783550000000	0.1033815500000000
3011	8.09000	2.2015022077712563	0.1487013450000000	0.1023377600000000
3012	8.09000	2.1996687578091194	0.1639647050000000	0.0829139300000000
3013	8.09000	2.1981933886022946	0.1401331150000000	0.1124508900000000
3014	8.09000	2.2006554081495766	0.1259217150000000	0.1005636450000000
3017	8.09000	2.2010555962977656	0.1567094550000000	0.0895143050000000
3018	8.09000	2.2099123132955798	0.1712590050000000	0.1030920250000000
3020	8.09000	2.1987156333364832	0.1586607100000000	0.0950329650000000
3021	8.09000	2.2008412953873218	0.1560636050000000	0.0871601850000000
3022	8.09000	2.1903720153445629	0.1321938200000000	0.1019031750000000
3023	8.09000	2.2004108638936066	0.1397754600000000	0.0716137000000000
3024	8.08933	2.1972081085693733	0.1205445200000000	0.1086960700000000
3026	8.08870	2.2054935651181999	0.1759499400000000	0.0661480650000000
3027	8.08870	2.1991129260640627	0.1530735700000000	0.1084836250000000
3029	8.08834	2.2301441357673073	0.1877002800000000	0.1238768600000000
3031	8.08665	2.1986612701387873	0.1632205450000000	0.0981314950000000
3035	8.08582	2.1985087864015385	0.1498666500000000	0.1013996450000000
3036	8.08477	2.2001820373604817	0.1360423950000000	0.0799267750000000
3037	8.08477	2.2013534526149403	0.1513050000000000	0.0915270400000000
3039	8.08469	2.2014922208113612	0.1630014700000000	0.0371084500000000
300	15.20500	2.1994384594082077	0.1488435700000000	0.0944995100000000
302	15.16550	2.1996972727400084	0.1361641350000000	0.1028774050000000
303	15.16550	2.2001353255917833	0.1537604850000000	0.1046979450000000
3042	8.08148	2.4096194259547179	0.2624642600000000	0.1155060450000000
3043	8.08148	2.2314687483459013	0.1610696950000000	0.1599090500000000
3044	8.08006	2.1985039496339054	0.1558906950000000	0.0869095500000000
3045	8.08006	2.2011881672851792	0.1603642150000000	0.0390694950000000
3046	8.07997	2.1986359013811301	0.1491145350000000	0.0818896900000000
3050	8.07978	2.2006593619169812	0.1480196150000000	0.0770332800000000
3051	8.07978	2.2251032949098652	0.2031285050000000	0.1531189250000000
3052	8.07878	2.1948969328656069	0.1353623100000000	0.0960774900000000
3055	8.07877	2.2019138315577873	0.1501375950000000	0.0595292050000000
3058	8.07629	2.2004709451951241	0.1438318400000000	0.0912903250000000
3061	8.07613	2.1921579173422630	0.1328291300000000	0.1070002600000000
3062	8.07519	2.1983567917596720	0.1614249350000000	0.0801118550000000
3063	8.07519	2.2004669871067022	0.1477384350000000	0.1063657650000000
3064	8.07504	2.2018017694599594	0.1258044600000000	0.0980236150000000
3066	8.07475	2.2022888373719880	0.1555103750000000	0.0846512100000000
3068	8.07404	2.1984951951341545	0.1539722800000000	0.1012832300000000
3075	8.07165	2.1952402920322629	0.1560561800000000	0.1008653750000000
3076	8.07056	2.2377981307668637	0.1863137150000000	0.0875816700000000
3077	8.07056	2.1995118919590726	0.1390459000000000	0.1000898600000000
3080	8.06908	2.1990565360898868	0.1470782400000000	0.0980102600000000
3085	8.06592	2.1994960109959325	0.1243689750000000	0.0622489000000000
3088	8.06143	2.1991106237314146	0.1445307800000000	0.1004633050000000
3090	8.05591	2.1985612613219101	0.1236739550000000	0.0626364850000000
3091	8.05591	2.1968012365399474	0.1388488400000000	0.0938849400000000
3094	8.05502	2.2001393116311982	0.1481232500000000	0.1008718450000000
3096	8.05430	2.1999783376872211	0.1304422600000000	0.1012257100000000
3097	8.05430	2.1977400317702029	0.1715812600000000	0.0506838350000000
3098	8.05418	2.2014406702133300	0.1459411100000000	0.1032679050000000
3099	8.05418	2.2005103735090756	0.1507043900000000	0.1017161300000000
3101	8.05284	2.2003226629456463	0.1397622950000000	0.0737833600000000
3103	8.05240	2.1979418003316820	0.1595285750000000	0.0906132400000000
3104	8.05108	2.2000399766949190	0.1502774200000000	0.0863740950000000
3106	8.05001	2.2009013837845659	0.1644895850000000	0.0912963850000000
3107	8.05001	2.1946227474421161	0.1517603850000000	0.1048953400000000
3109	8.04961	2.1926248732571443	0.1372312100000000	0.0950462850000000
3110	8.04777	2.2168651498842360	0.1423536400000000	0.1213185600000000
3111	8.04777	2.2020705296414280	0.1409771350000000	0.0843587300000000
3113	8.04733	2.1997916261766455	0.1407696700000000	0.0840748200000000
3116	8.04640	2.1993830727573127	0.1565961350000000	0.1046161450000000
3117	8.04640	2.1999792524677244	0.1475495250000000	0.1007406550000000
3119	8.04453	2.1977571588477223	0.1472328750000000	0.0846741500000000
304	15.13640	2.1998890001892075	0.1266869050000000	0.0348412600000000
305	15.13640	2.2008692902417106	0.1485341950000000	0.0842173350000000
306	15.11510	2.1989904426086473	0.1422749150000000	0.0836217350000000
311	15.04170	2.1997945164556478	0.1419217850000000	0.0949386850000000
3123	8.04340	2.2004052573304675	0.1441830050000000	0.1076013050000000
3126	8.04223	2.1985438860817976	0.1626818650000000	0.1010530150000000
3128	8.04112	2.1996213067501604	0.1485828650000000	0.1080752900000000
3129	8.04112	2.1955309112682184	0.1534438350000000	0.0788511900000000
3131	8.04084	2.1969078972903158	0.1481466050000000	0.0903734450000000
3135	8.04006	2.2840178231635786	0.2079055300000000	0.0707116200000000
3136	8.03868	2.1998933253320421	0.1576405300000000	0.1044061500000000
3141	8.03554	2.3134487880979755	0.2125818350000000	0.0954226250000000
3142	8.03299	2.2015031446306330	0.1580098300000000	0.0754623400000000
3148	8.02785	2.2053674371494871	0.1708234700000000	0.0694907450000000
3150	8.02781	2.1995090906052370	0.1407557800000000	0.0964408950000000
3152	8.02779	2.1984504809332832	0.1587307400000000	0.1039645050000000
3153	8.02779	2.2016673550473618	0.1548065050000000	0.0856022800000000
3154	8.02334	2.2005411888018900	0.1710900450000000	0.0742847800000000
3155	8.02334	2.1979612632250496	0.1459989500000000	0.1015989200000000
3156	8.02310	2.1996077750814993	0.1442960750000000	0.1006836950000000
3157	8.02310	2.1513282564186320	0.1110624500000000	0.0790070000000000
3158	8.01843	2.1979897194642293	0.1717755150000000	0.1153327650000000
3160	8.01725	2.2014977468994146	0.1582728350000000	0.0977028200000000
3162	8.01282	2.2005020911053541	0.1277211400000000	0.0949701750000000
3163	8.01282	2.2058418766870598	0.1548391650000000	0.1053749250000000
3166	8.01092	2.2006459676069805	0.1391075100000000	0.1238454200000000
3169	8.01082	2.1976680379976856	0.1139665150000000	0.0566239600000000
3170	8.01077	2.1994950852928845	0.1640168000000000	0.1030824050000000
3171	8.01077	2.2007204443982626	0.1406888100000000	0.0847113400000000
3172	8.01076	2.1983552822437313	0.1273988250000000	0.1058592700000000
3174	8.01072	2.3122680618105722	0.2359865250000000	0.1221963100000000
3176	8.01068	2.2018730536498268	0.1363251600000000	0.1018401750000000
3184	8.01041	2.1788409866429683	0.1293782700000000	0.0740320950000000
3186	8.01038	2.2015314426718078	0.1594110800000000	0.0600040950000000
312	15.02260	2.2011253427029605	0.1441178750000000	0.1092326750000000
313	15.02260	2.1994105318285362	0.1484947850000000	0.0980761700000000
314	15.01960	2.1996724144686506	0.1514831550000000	0.1050243850000000
315	15.01960	2.2059960641709493	0.1544989200000000	0.0825375950000000
318	14.98660	2.2167778267031379	0.1617705400000000	0.0540891050000000
319	14.98660	2.1992994539705686	0.1429567750000000	0.0880433250000000
24	94.60730	2.2005025096783117	0.1585254300000000	0.0869642750000000
25	94.60730	2.1994131871339175	0.1423957250000000	0.0913017050000000
26	87.04670	2.1994416863575270	0.1453316750000000	0.0837896450000000
29	80.53700	2.2011404923370970	0.1226118350000000	0.0854848300000000
30	76.54120	2.3435209810734214	0.2528391300000000	0.0857300900000000
321	14.98120	2.2002347025841340	0.1421551850000000	0.0871930500000000
322	14.93200	2.1963131251792678	0.1377236250000000	0.0818184100000000
324	14.87310	2.1987245221012195	0.1514788200000000	0.0952863350000000
325	14.87310	2.1982872639983717	0.1501471950000000	0.0930488900000000
326	14.79800	2.2007186532489351	0.1541368050000000	0.0672521250000000
331	14.71390	2.2000479217235713	0.1384074500000000	0.0786277600000000
333	14.68190	2.1904139149090125	0.1240711900000000	0.1212888750000000
336	14.66130	2.1945449693757761	0.1615094600000000	0.1064921500000000
338	14.65620	2.1953577803468174	0.1434277700000000	0.0794450400000000
340	14.65040	2.1672374251420270	0.0998972300000000	0.0566112050000000
343	14.64570	2.1993363845389262	0.1413463900000000	0.0952010750000000
346	14.61920	2.2061911854097396	0.1504340400000000	0.0944452000000000
348	14.61380	2.1999314578817555	0.1496788950000000	0.0808904100000000
349	14.61380	2.1984458440223338	0.1366252750000000	0.0914348950000000
351	14.57300	2.2003961236603211	0.1446993850000000	0.1027634350000000
352	14.56770	2.1981021529449833	0.1528942800000000	0.1101261550000000
353	14.56770	2.2722355786337607	0.2105844050000000	0.1366789400000000
355	14.55770	2.1985261743556350	0.1643803150000000	0.0998207650000000
361	14.54000	2.1993134382225583	0.1501855550000000	0.0987740400000000
362	14.53350	2.1974258266178133	0.1521818250000000	0.0918147500000000
363	14.53350	2.1979203529396494	0.1501307100000000	0.0949184350000000
364	14.51810	2.1968329420707446	0.1521589900000000	0.0768633150000000
365	14.51810	2.1993868836988266	0.1440835900000000	0.0965070450000000
369	14.49040	2.1999375725028756	0.1289510350000000	0.1013914150000000
370	14.46400	2.1967563313928666	0.1429913700000000	0.1089164250000000
371	14.46400	2.1995732331791600	0.1199578200000000	0.0642919550000000
372	14.42060	2.1975094617917739	0.1526760650000000	0.0945766050000000
379	14.38140	2.1848817584860427	0.1283132000000000	0.0832642750000000
383	14.29160	2.2535649608640633	0.2997783550000000	0.1329317150000000
384	14.28480	2.1997798405884899	0.1541921050000000	0.0967449450000000
387	14.18730	2.1999963388999970	0.1391842650000000	0.1027308850000000
390	14.17370	2.2005253665197291	0.1517574350000000	0.1096313150000000
391	14.17370	2.2025980174584769	0.1638803050000000	0.1036280250000000
394	14.07540	2.2006242213450702	0.1540629350000000	0.1088449150000000
395	14.07540	2.3104291713061933	0.2584171550000000	0.1559285900000000
396	14.06080	2.2014002998019899	0.1459067700000000	0.0972843250000000
397	14.06080	2.1984259703957978	0.1449098350000000	0.1034371550000000
399	14.05760	2.2018535903036502	0.1615162250000000	0.1057163200000000
32	70.71640	2.2003822521567415	0.1360721650000000	0.0846852650000000
33	70.71640	2.1907322217841632	0.1419913400000000	0.0652568900000000
34	68.84570	2.2076187525628512	0.1782735100000000	0.1039377100000000
35	68.84570	2.2002277749907524	0.1418286950000000	0.0838084550000000
37	67.20040	2.1994370430320558	0.1613061200000000	0.0797990550000000
38	61.69190	2.1993898283812068	0.1552108350000000	0.0934634100000000
39	61.69190	2.2204258025708841	0.1798160800000000	0.1318608500000000
401	14.01960	2.1999757815549694	0.1420440450000000	0.0479514750000000
407	13.94830	2.2006555581304204	0.1401359350000000	0.0946371650000000
408	13.91000	2.1963956293377849	0.1556497050000000	0.1090229250000000
410	13.90950	2.1809317984637917	0.1276646300000000	0.1007468350000000
411	13.90950	2.2005467967327457	0.1401931700000000	0.0870471150000000
414	13.85370	2.2001905395808778	0.1372686300000000	0.0889413000000000
418	13.68290	2.2003263672796023	0.1330096500000000	0.0911173800000000
419	13.68290	2.2033163365573936	0.1614804000000000	0.1045072700000000
422	13.54540	2.2001342234397634	0.1432282000000000	0.0918983600000000
423	13.54540	2.2326666374541126	0.1889588900000000	0.0962366350000000
425	13.54440	2.2014622978772143	0.1586031950000000	0.0913800900000000
427	13.50120	2.2279235799767196	0.1702496350000000	0.1357846600000000
432	13.40180	2.1992136458673528	0.1527168750000000	0.0923821950000000
436	13.38880	2.2003202559586463	0.1582005150000000	0.1074887350000000
438	13.38340	2.2002053536764645	0.1495785950000000	0.0932531050000000
439	13.38340	2.2015269893220206	0.1623018800000000	0.0568786000000000
444	13.36750	2.1997766999783721	0.1551479150000000	0.0953210100000000
445	13.36750	2.2359209376248939	0.1914990850000000	0.0569627250000000
447	13.34220	2.2002535358379185	0.1323914750000000	0.0730537800000000
450	13.33800	2.1943543561380703	0.1579097450000000	0.1033031700000000
452	13.33780	2.3469749209664652	0.2367223350000000	0.0863597600000000
454	13.33650	2.1998859625464235	0.1421197600000000	0.0969898050000000
456	13.33480	2.2028684343514349	0.1586153750000000	0.0380886150000000
459	13.32660	2.1990531592858260	0.1479143100000000	0.1018566100000000
460	13.31720	2.2026697599322653	0.1632558600000000	0.0768643700000000
463	13.31140	2.1999323109717719	0.1407763850000000	0.0923263550000000
465	13.29930	2.2001680589945507	0.1535214400000000	0.1011831750000000
468	13.28160	2.2020388165634039	0.1394579700000000	0.1001257500000000
471	13.28050	2.3769223600116431	0.2368130900000000	0.1061349650000000
472	13.26610	2.1987318042586974	0.1258482450000000	0.0777787150000000
473	13.26610	2.2426140042174945	0.1873845250000000	0.1115176350000000
474	13.26380	2.2001991712459192	0.1502221100000000	0.0948758700000000
477	13.25220	2.1984950341063429	0.1482810350000000	0.0984565500000000
479	13.23430	2.2000813263549275	0.1255193000000000	0.0885236550000000
42	59.26770	2.1557244022522957	0.1463727800000000	0.0992061900000000
43	59.26770	2.1994302389310065	0.1265475450000000	0.0616542600000000
46	53.66980	2.1999987257952811	0.1543354600000000	0.0828110500000000
480	13.21680	2.1999961114904911	0.1401424400000000	0.1001963700000000
482	13.21390	2.1994400159428698	0.1442814250000000	0.0945115000000000
485	13.21000	2.1978662211522395	0.1328632850000000	0.0876296350000000
489	13.21000	2.2002723827745441	0.1360721500000000	0.0900952300000000
490	13.21000	2.2015239715043071	0.1474604800000000	0.1104068250000000
491	13.21000	2.1983732354550276	0.1570739250000000	0.0951593450000000
496	13.21000	2.1994022549988945	0.1424483100000000	0.0996355200000000
501	13.21000	2.1990751754752460	0.1563653900000000	0.1039436050000000
502	13.20940	2.1985289596084718	0.1293796300000000	0.1037423050000000
503	13.20940	2.2006228096765401	0.1479366800000000	0.0930556550000000
505	13.20780	2.2007115680630265	0.1224738150000000	0.0777501800000000
507	13.20770	2.1977510261610971	0.1532764250000000	0.0803656700000000
508	13.20740	2.1999316621097629	0.1515592800000000	0.0973857050000000
509	13.20740	2.1853386393212038	0.1281433050000000	0.1208873050000000
510	13.20650	2.2001598406152065	0.1503495350000000	0.0986393100000000
513	13.20600	2.1989277944874956	0.1253333850000000	0.0900141700000000
514	13.20600	2.2008506534328585	0.1574922050000000	0.0748100000000000
515	13.20600	2.1980064313674381	0.1433017750000000	0.0908462650000000
516	13.20490	2.1974353132071069	0.1410495800000000	0.0908173900000000
517	13.20490	2.2000708743677158	0.1533085250000000	0.0767564750000000
518	13.20380	2.1980398554281471	0.1247854050000000	0.1104383050000000
523	13.19800	2.2002268724518443	0.1474467200000000	0.0908194700000000
526	13.19720	2.1945360414936803	0.1369746550000000	0.0862882150000000
531	13.19420	2.2025097246636958	0.1527186750000000	0.0843412350000000
532	13.19230	2.2010081490329951	0.1372710750000000	0.0911681900000000
533	13.19230	2.2445862560835743	0.1996433100000000	0.1217992550000000
535	13.19200	2.2005719084348243	0.1634627600000000	0.0852389100000000
536	13.19110	2.1985389681354568	0.0967426050000000	0.1011216300000000
537	13.19110	2.1995468720280931	0.1430033700000000	0.0841796300000000
540	13.16820	2.3070364249194117	0.2167894450000000	0.1124506050000000
544	13.10570	2.1994579536044538	0.1504208600000000	0.1047538650000000
547	13.09850	2.1959908632622982	0.1251525400000000	0.0535659800000000
549	13.08220	2.1985498807458774	0.1546540900000000	0.0732537700000000
551	13.07680	2.2007262572456883	0.1605611750000000	0.1083780100000000
554	13.06620	2.1984846339487913	0.1372987850000000	0.1021815850000000
49	53.59700	2.1973957735590255	0.1519172450000000	0.1153660900000000
50	47.21450	2.2005411165573561	0.1715599350000000	0.0968604100000000
51	47.21450	2.2002320694304074	0.1644244200000000	0.0820699650000000
54	46.41530	2.1971125868351828	0.1529672850000000	0.0989994600000000
55	46.41530	2.1963779708413882	0.1690046650000000	0.0939163750000000
561	13.04230	2.2018705127842053	0.1370723550000000	0.0977028400000000
565	13.01880	2.1976845461408367	0.1638426900000000	0.0744548600000000
566	13.01160	2.2001354260672636	0.1209997100000000	0.0671256700000000
567	13.01160	2.2010050470526799	0.1408808200000000	0.1005936250000000
568	12.98580	2.1902777175661963	0.1563967000000000	0.1071721450000000
574	12.90550	2.2004372498172677	0.1602688550000000	0.0973183100000000
575	12.90550	2.2015153455560785	0.1618282500000000	0.0902478350000000
577	12.87870	2.3607554541633822	0.2540467750000000	0.0967294900000000
581	12.80710	2.1785326547729960	0.0952399650000000	0.0818930550000000
582	12.78530	2.2020995741840879	0.1359819450000000	0.0892013250000000
586	12.70350	2.1972711470260453	0.1477721750000000	0.1023140300000000
588	12.67040	2.2011668111852249	0.1416065650000000	0.0868970000000000
589	12.67040	2.2005081202080006	0.1423982250000000	0.0834814050000000
592	12.65950	2.2002340900582755	0.1489649800000000	0.0908829600000000
593	12.65950	2.2025624233984109	0.1556399150000000	0.0925015650000000
598	12.62770	2.1994918957821343	0.1168141100000000	0.0514941250000000
599	12.62770	2.2012860265456227	0.1529241750000000	0.0636255250000000
606	12.57920	2.2014967849964986	0.1355835800000000	0.0891773150000000
607	12.57920	2.1980423990496827	0.1495911950000000	0.1040805550000000
610	12.56820	2.1969940144497992	0.1640725700000000	0.0839739450000000
613	12.56160	2.1985049020114671	0.1333571400000000	0.0904021250000000
615	12.55630	2.2092940631973397	0.1786068350000000	0.1212598100000000
618	12.53700	2.2020413977878817	0.1561014400000000	0.1040362850000000
619	12.53700	2.3928237145868088	0.2732625250000000	0.1076294500000000
621	12.52900	2.2014689112617143	0.1609737350000000	0.0756450700000000
622	12.52010	2.2025393676464331	0.1586683650000000	0.0886720400000000
623	12.52010	2.2034514929558942	0.1643349700000000	0.0720638400000000
624	12.48940	2.2019312356835705	0.1516211000000000	0.0872627500000000
625	12.48940	2.1996118672594536	0.1462762350000000	0.0916967000000000
628	12.44730	2.1998286350058223	0.1607023800000000	0.0968779600000000
629	12.44730	2.1995757685374921	0.1585866150000000	0.0736071850000000
630	12.43320	2.2007647468871379	0.1328489000000000	0.1005474150000000
631	12.43320	2.2020448741909857	0.1674981050000000	0.0604790050000000
634	12.41290	2.1997635760764207	0.1299737450000000	0.1040346000000000
637	12.39640	2.1971506880639833	0.1416204650000000	0.0764033850000000
57	45.89990	2.1996194745471143	0.1486980400000000	0.0920962450000000
60	42.09350	2.1989802065375970	0.1346189700000000	0.0970277350000000
61	42.09350	2.1984931380152362	0.1560327650000000	0.0774137050000000
63	41.41560	2.1975973489190568	0.1429530100000000	0.0389333550000000
640	12.36280	2.2043831111110808	0.1654677550000000	0.0937476800000000
641	12.36280	2.2875461248496678	0.2337224500000000	0.0590189300000000
642	12.35490	2.2014853869251176	0.1785961150000000	0.1040162850000000
643	12.35490	2.1993043744409664	0.1399972600000000	0.1065407150000000
646	12.33170	2.1993103384176389	0.1506970050000000	0.0985392100000000
647	12.33170	2.2041198899021910	0.1595443400000000	0.0917215450000000
650	12.31590	2.2016540940010763	0.1483618900000000	0.0953131350000000
652	12.30530	2.2273114222538828	0.1859591900000000	0.1041933100000000
653	12.30530	2.1955207940716996	0.1552119200000000	0.0702795650000000
656	12.29600	2.2000001184215603	0.1534975050000000	0.0587015800000000
659	12.29460	2.2012358698861481	0.1496921450000000	0.0984501400000000
663	12.27620	2.1990879118664273	0.1392331450000000	0.0856369850000000
666	12.27310	2.2014837315205509	0.1427562600000000	0.0922178350000000
668	12.27160	2.2026163435532125	0.1707925700000000	0.0642545650000000
669	12.27160	2.4186586296377000	0.3046298650000000	0.1255747350000000
670	12.26760	2.1999055964137377	0.1264758500000000	0.0771215050000000
671	12.26760	2.1992479833080525	0.1379009900000000	0.1002679600000000
673	12.26710	2.1995136586143809	0.1445091100000000	0.0961300350000000
677	12.25110	2.2002993038766077	0.1376518850000000	0.1083032300000000
681	12.24980	2.2226818166364817	0.1772484150000000	0.1013638650000000
683	12.24970	2.1919056960518084	0.1561559600000000	0.1423503400000000
688	12.24830	2.2312084556334599	0.1926934700000000	0.0703078250000000
690	12.24820	2.1982399511890676	0.1136063000000000	0.0874438350000000
691	12.24820	2.2015020665792426	0.1597578300000000	0.1002318750000000
694	12.24330	2.2008758311048857	0.1503180050000000	0.0982522450000000
695	12.24330	2.2332338907613698	0.1849026650000000	0.1013483450000000
696	12.24270	2.2020639724010800	0.1491288350000000	0.1026484050000000
700	12.23890	2.2006529882834887	0.1531881000000000	0.0843946300000000
703	12.23870	2.1985635704119941	0.1566720000000000	0.0849383700000000
715	12.23160	2.2058021853982956	0.1687034200000000	0.0966835550000000
716	12.23140	2.1998695509277995	0.1395203250000000	0.0863782500000000
718	12.22970	2.1954552725542742	0.1630601650000000	0.0971811600000000
719	12.22970	2.1994279920506736	0.1187644250000000	0.0701388750000000
68	34.70490	2.2019089920374721	0.1501718050000000	0.1059709200000000
69	34.70490	2.2000364054320016	0.1371283200000000	0.1081097750000000
70	34.34650	2.2026182474617886	0.1581589250000000	0.0838409550000000
71	34.34650	2.1996054051297467	0.1461960500000000	0.0923498200000000
721	12.20990	2.2020967821679203	0.1577575350000000	0.0681777150000000
724	12.19220	2.1752640170375908	0.1189641600000000	0.0959909750000000
725	12.19220	2.2021939944687166	0.1519704950000000	0.1052099500000000
726	12.19070	2.2004479523465834	0.1513080200000000	0.0780024600000000
727	12.19070	2.1989565357996663	0.1503080800000000	0.0695282150000000
728	12.18790	2.2005690108476079	0.1410096500000000	0.0879344300000000
729	12.18790	2.2103628494486411	0.1644918600000000	0.1250377150000000
730	12.18420	2.2012357082292402	0.1448669600000000	0.1144841300000000
732	12.18330	2.1944679820411155	0.1604221750000000	0.0650047050000000
734	12.18250	2.2008593607077254	0.1642098950000000	0.0581888750000000
735	12.18250	2.2005318053748422	0.1373933100000000	0.0909037600000000
736	12.18220	2.2003621266779256	0.1256370450000000	0.1005935650000000
737	12.18220	2.2009342057096397	0.1300930900000000	0.0373222000000000
743	12.16830	2.2050590687097800	0.1627032650000000	0.0963966000000000
744	12.16780	2.2010640912922788	0.1331097200000000	0.0866423000000000
749	12.16000	2.2006799870824723	0.1429598000000000	0.1167913550000000
750	12.14600	2.1990955474612779	0.1478299900000000	0.0618874400000000
751	12.14600	2.2010001468789864	0.1563468100000000	0.0980887200000000
752	12.11910	2.2923561435080622	0.2201223500000000	0.1343711450000000
754	12.06250	2.2047691286446756	0.1605539550000000	0.1049363700000000
759	12.04560	2.2001999092568063	0.1315106450000000	0.1014109200000000
762	11.98980	2.1995511654877982	0.1445788000000000	0.1052790150000000
764	11.96210	2.1986955171544826	0.1275528950000000	0.1062019400000000
766	11.96070	2.1993134352554411	0.1338311800000000	0.1014394700000000
771	11.91480	2.2006600832196690	0.1334690350000000	0.0852760050000000
772	11.90250	2.1655219648513682	0.1118465800000000	0.1040051400000000
778	11.86530	2.1984572750354840	0.1505627550000000	0.0906972200000000
780	11.85060	2.2006711473046399	0.1498104900000000	0.0988896150000000
781	11.85060	2.2361150046949545	0.2098314850000000	0.1191961500000000
785	11.83300	2.2006600510701531	0.1278025850000000	0.1003878650000000
790	11.79730	2.2003927567932795	0.1419735050000000	0.0866675750000000
791	11.79730	2.2034535661994954	0.1619382850000000	0.0892576500000000
792	11.78360	2.1934195948105697	0.1485171800000000	0.0989455400000000
793	11.78360	2.2007558258668514	0.1450845550000000	0.0931742700000000
794	11.77660	2.1994974771428546	0.1349294500000000	0.0946298050000000
798	11.74940	2.2004167511488957	0.1462332300000000	0.0826066150000000
799	11.74940	2.1980737383218329	0.1358406200000000	0.1009082150000000
73	32.34910	2.1998287691341134	0.0975293050000000	0.0665551750000000
75	32.32140	2.1925737456833443	0.1615123650000000	0.0595235100000000
