802	11.74220	2.1984753997144515	0.1407087350000000	0.0874817500000000
803	11.74220	2.2017059640113836	0.1533269700000000	0.0566390000000000
806	11.73810	2.5651560832917499	0.3547441550000001	0.1350403950000000
808	11.73530	2.2015604669469573	0.1588282700000000	0.0914380000000000
811	11.73020	2.2102893059100519	0.1641747000000000	0.1205421650000000
813	11.72650	2.1133941922424975	0.1559564600000000	0.0429006400000000
815	11.72630	2.2152220296571854	0.1584054250000000	0.0415409250000000
818	11.72290	2.1949365840864763	0.1609856000000000	0.0865825700000000
819	11.72290	2.2608243019982557	0.2136077050000000	0.0906185600000000
821	11.72220	2.2018803340858413	0.1437085500000000	0.0999649600000000
822	11.72100	2.1999895694405747	0.1360832150000000	0.0986473900000000
824	11.71910	2.1731938038931280	0.0766072300000000	0.0666011800000000
825	11.71910	2.2425974650251765	0.1837961950000000	0.1027104750000000
827	11.71440	2.1971025927885743	0.1282174400000000	0.0879992100000000
829	11.71240	2.2014411972201051	0.1512955550000000	0.0790723250000000
832	11.71070	2.1972943112223735	0.1448803000000000	0.0979223300000000
833	11.71070	2.1937922157454617	0.1069409650000000	0.1109113950000000
836	11.70160	2.1964161733211323	0.1578641450000000	0.0737731850000000
837	11.70160	2.2015611419091119	0.1555746150000000	0.0708320350000000
840	11.70000	2.1996249481541987	0.1260218150000000	0.1104123200000000
843	11.70000	2.2020116412275184	0.1530168300000000	0.1053955600000000
845	11.70000	2.1962753136393380	0.1477309350000000	0.0913925150000000
849	11.70000	2.2019852758587479	0.1657170850000000	0.1012174000000000
852	11.70000	2.2012214075537893	0.1188429650000000	0.0601013550000000
857	11.70000	2.2000947284051260	0.1589631150000000	0.0920182550000000
860	11.70000	2.2008558925269299	0.1511172600000000	0.0533531650000000
861	11.70000	2.1984694384355277	0.1440476950000000	0.1074908900000000
862	11.70000	2.1996925192100005	0.1455771750000000	0.0864892050000000
863	11.70000	2.2029517434900514	0.1583833400000000	0.0908557500000000
864	11.70000	2.2001817840978997	0.1423052300000000	0.1081857800000000
865	11.70000	2.2001412149191641	0.1276834000000000	0.0370678300000000
871	11.70000	2.1993493230737475	0.1431660550000000	0.0526457300000000
874	11.70000	2.1980136400904753	0.1480197750000000	0.0889227300000000
878	11.70000	2.2083586914650555	0.1611497700000000	0.0623133500000000
879	11.70000	1.9824674973735965	0.1232933700000000	0.3448899750000000
81	26.68980	2.1999580203073630	0.1581497950000000	0.0694136650000000
82	26.48190	2.2041795573261309	0.1733515400000000	0.1218573200000000
880	11.70000	2.1997918259707756	0.1304285300000000	0.0943668700000000
881	11.70000	2.2015071517986828	0.1550721550000000	0.0603589400000000
884	11.69410	2.2017922857438519	0.1565924650000000	0.0487587550000000
888	11.68810	2.1966289136518844	0.1702470100000000	0.0363852150000000
889	11.68810	2.2001854120706970	0.1432980350000000	0.1043718900000000
890	11.68000	2.1992315843130812	0.1401355300000000	0.0896425100000000
891	11.68000	2.1999146538553878	0.1340659950000000	0.0716064950000000
894	11.67530	2.1984538376610865	0.1442995400000000	0.1039939750000000
896	11.67300	2.1874897179629937	0.1283824650000000	0.0847488650000000
897	11.67300	2.1994440607826098	0.1382449250000000	0.0917174750000000
899	11.67240	2.2018422648275342	0.1384698900000000	0.0880294050000000
900	11.67020	2.1985782397372846	0.1519542900000000	0.0910131450000000
902	11.66630	2.2007473465603864	0.1308379400000000	0.0998587600000000
903	11.66630	2.2009504290099571	0.1383775250000000	0.0914941350000000
904	11.64920	2.1999120247016224	0.1407257550000000	0.0892652300000000
906	11.63960	2.1993650395778923	0.1370322700000000	0.0891741700000000
907	11.63960	2.2014293765252986	0.1637559600000000	0.0828992550000000
908	11.63210	2.2001643491126734	0.1491657600000000	0.0821081200000000
910	11.62890	2.2010386909655484	0.1516117400000000	0.0797855400000000
912	11.62220	2.1728114107166934	0.1392150900000000	0.0843774400000000
914	11.61880	2.1962664036276665	0.1350497800000000	0.0888068000000000
918	11.59460	2.1984900124302440	0.1524056450000000	0.0936205000000000
921	11.59250	2.2019550454055667	0.1615409350000000	0.1080765500000000
922	11.58810	2.2016145837520922	0.1504137550000000	0.0560948650000000
923	11.58810	2.2001825163253868	0.1562454150000000	0.0786117600000000
926	11.57940	2.1812043202974047	0.0958638700000000	0.0995025200000000
929	11.55440	2.1903470281656694	0.1359272550000000	0.0762894150000000
932	11.52700	2.1959109977049995	0.1569651150000000	0.1199965350000000
933	11.52700	2.2071122861444650	0.1497652800000000	0.0752570500000000
940	11.51810	2.2043921161010762	0.1638729800000000	0.0962761800000000
941	11.51810	2.2005417211279235	0.1212886800000000	0.0690429950000000
942	11.51670	2.1763747849081905	0.1487947700000000	0.1028225600000000
945	11.51160	2.2014848643103160	0.1487325850000000	0.0679367550000000
951	11.50240	2.1993469608678287	0.1482762800000000	0.0899465450000000
958	11.47560	2.2002063243101495	0.1536622200000000	0.0753656400000000
959	11.47560	2.2019717841743867	0.1418372250000000	0.1008748800000000
88	26.22460	2.2007809615190372	0.1365836050000000	0.0742423250000000
89	26.22460	2.2014831596649773	0.1445805600000000	0.1005638550000000
91	25.99150	2.2014477494034281	0.1583038250000000	0.0780343650000000
93	25.98940	2.1996331211705575	0.1707078500000000	0.0729277050000000
95	25.96410	2.2003586916599125	0.1383670850000000	0.1045393850000000
966	11.44680	2.2014975867588507	0.1613325700000000	0.0990544150000000
969	11.43880	2.3297079493793129	0.2170749850000000	0.1331714050000000
975	11.42220	2.1808611125096959	0.1524635150000000	0.1215540650000000
978	11.41090	2.2004228234039735	0.1566892100000000	0.0980797900000000
980	11.39810	2.2009018424921676	0.1368337050000000	0.0965099350000000
984	11.38880	2.1997776139696072	0.1321513500000000	0.0906592200000000
986	11.38710	2.2001531254247215	0.1400120150000000	0.1022270600000000
987	11.38710	2.1841654104382093	0.1443541300000000	0.1035233950000000
988	11.38180	2.2010551017447222	0.1287224450000000	0.0867736400000000
989	11.38180	2.2004016739400289	0.1224522400000000	0.1000388750000000
991	11.37920	2.1996291857048593	0.1271486250000000	0.0912507900000000
992	11.36850	2.2993844480881016	0.2073343550000000	0.1400311150000000
993	11.36850	2.2007827548652585	0.1538058150000000	0.0887535650000000
994	11.36520	2.3765726180830113	0.2523110350000000	0.0943410800000000
998	11.35330	2.1999979463283128	0.1294681300000000	0.0893187700000000
1004	11.32070	2.2148172618468642	0.1831686650000000	0.0811329900000000
1008	11.30470	2.1991015190349774	0.1316116900000000	0.0978556950000000
1009	11.30470	2.1994254918044556	0.1303320250000000	0.1045332150000000
1010	11.30350	2.2007400942948827	0.1426871650000000	0.1122340900000000
1014	11.28320	2.2005550135008738	0.1500244500000000	0.0971088550000000
1016	11.27850	2.1985031588224468	0.1579028250000000	0.0865115350000000
1017	11.27850	2.1973828487159279	0.1546968750000000	0.0508801150000000
1019	11.27530	2.1986821702413226	0.1379354400000000	0.0993068450000000
1023	11.27230	2.1990113302555767	0.1322768250000000	0.0884554250000000
1024	11.27010	2.1981023961686570	0.1253546650000000	0.0828204250000000
1027	11.26720	2.1996441121942283	0.1414837300000000	0.0933978550000000
1029	11.26650	2.2001065418612704	0.1485469000000000	0.0933057300000000
1030	11.25340	2.2002476103195927	0.1479927400000000	0.1242506950000000
1031	11.25340	2.2018388381998264	0.1322056800000000	0.0513973950000000
1035	11.23650	2.2004534305811405	0.1549356150000000	0.1037933500000000
1036	11.23560	2.1947818565840489	0.1399493550000000	0.1130220600000000
1039	11.23230	2.2006408467078762	0.1432420950000000	0.1006817650000000
96	25.06110	2.1960560496651786	0.1395953150000000	0.1052902600000000
99	24.92170	2.1981765902912445	0.1328290550000000	0.1033569550000000
101	24.61260	2.2020699907213399	0.1673915000000000	0.0667321800000000
102	24.57650	2.1946790442982458	0.1591258650000000	0.1041993950000000
1040	11.22350	2.1980548407075360	0.1431672450000000	0.0888220650000000
1041	11.22350	2.1995994272566475	0.1480609450000000	0.1014665100000000
1043	11.20750	2.3830186273108120	0.2512836800000000	0.0941034850000000
1049	11.18260	2.1998783058528724	0.1376122000000000	0.0869269350000000
1053	11.18230	2.1915059923051547	0.1209266100000000	0.1080174150000000
1054	11.17720	2.1986158954834178	0.1436353250000000	0.0834773150000000
1055	11.17720	2.2002035059433176	0.1349730900000000	0.0838807300000000
1057	11.17510	2.2008420005384672	0.1565373250000000	0.0820517200000000
1060	11.14950	2.2019046169611540	0.1463468750000000	0.0962082650000000
1065	11.13930	2.2068240297821258	0.1615925650000000	0.0980902150000000
1069	11.11960	2.1989923583441096	0.1456077450000000	0.1072365650000000
1071	11.11750	2.1994667843156486	0.1338036500000000	0.0869192000000000
1072	11.09650	2.1998240501221953	0.1393653300000000	0.1024854700000000
1078	11.07420	2.2426414103045307	0.1971108250000000	0.1063605350000000
1079	11.07420	2.1963511534900659	0.1923389400000000	0.1158258150000000
1080	11.06540	2.1967217195780484	0.1451368800000000	0.0766998100000000
1082	11.06380	2.2013564461047106	0.1347693100000000	0.0794458450000000
1083	11.06380	2.2004426707459142	0.1440456200000000	0.0791682350000000
1087	11.05860	2.2013206972708290	0.1534984850000000	0.1084515750000000
1093	11.03460	2.2003938347674814	0.1519203050000000	0.0514628400000000
1098	11.02590	2.2000111893353331	0.1570903150000000	0.0767864300000000
1102	10.99100	2.2014824790726744	0.1419277100000000	0.1018414500000000
1103	10.99100	2.2009390486425087	0.1105964500000000	0.0863943250000000
1105	10.97710	2.2004925204592887	0.1372131200000000	0.0921271400000000
1107	10.97450	2.2015540812968815	0.1629206550000000	0.0415008000000000
1109	10.96460	2.1989144392484348	0.1370239050000000	0.1100430650000000
1112	10.96150	2.1994100575164430	0.1186390550000000	0.0748877300000000
1114	10.95360	2.2005406642144596	0.1359497350000000	0.0767247000000000
1118	10.92980	2.1996597958576878	0.1579677350000000	0.0772520250000000
1119	10.92980	2.1993582563201466	0.1408033900000000	0.1028384200000000
104	24.51240	2.1995309905489289	0.1309078650000000	0.0957692700000000
109	24.08970	2.1979272680518189	0.1511410800000000	0.0746460950000000
111	23.82210	2.1993693138058932	0.1440737850000000	0.0904876750000000
1128	10.92790	2.1992191737168429	0.1264323200000000	0.0967773250000000
1133	10.92640	2.1997855309815564	0.1531020700000000	0.0539953150000000
1136	10.92380	2.2022045384647919	0.1368900050000000	0.0724322650000000
1139	10.92350	2.2130748513599623	0.1398776100000000	0.0914384350000000
1140	10.92290	2.2010561543543550	0.1485834900000000	0.0714788550000000
1141	10.92290	2.1963319396057228	0.1501797000000000	0.0425734250000000
1143	10.92270	2.2002833162633331	0.1082201800000000	0.0503650400000000
1144	10.92230	2.1980642016059262	0.1426285900000000	0.0947242850000000
1145	10.92230	2.2014254420100414	0.1410081750000000	0.0413053850000000
1146	10.92210	2.1993892871907721	0.1497291900000000	0.0965738200000000
1147	10.92210	2.2026005238243362	0.1369204200000000	0.0890295100000000
1151	10.92080	2.1995974120082438	0.1516591800000000	0.1027007250000000
1154	10.91650	2.1901122464014944	0.1496959300000000	0.1218099650000000
1155	10.91650	2.1998056217957198	0.1277137350000000	0.0994722800000000
1156	10.90910	2.2005815152726953	0.1499562800000000	0.1018216300000000
1157	10.90910	2.2001500181352465	0.1460203550000000	0.0794384900000000
1158	10.90520	2.1978381930072008	0.1299520650000000	0.1000664050000000
1159	10.90520	2.2007105351558667	0.1577196950000000	0.0859396850000000
1161	10.90250	2.1987977786202912	0.1569533900000000	0.0642528400000000
1164	10.89690	2.1996118874471549	0.1413014700000000	0.1085509500000000
1165	10.89690	2.2025630800719935	0.1648100050000000	0.0751237400000000
1166	10.89630	2.2551507480448119	0.1640560750000000	0.0870479650000000
1168	10.88480	2.2090444287815667	0.1345390850000000	0.1159525550000000
1169	10.88480	2.2125678159403366	0.1794943250000000	0.0726704850000000
1173	10.88410	2.1996552348993550	0.1602934950000000	0.1040926200000000
1177	10.88150	2.2005379374607790	0.1439163000000000	0.1143360150000000
1180	10.83340	2.1992020437316131	0.1501716750000000	0.0986640800000000
1181	10.83340	2.1972148338233537	0.1624381300000000	0.0655827650000000
1182	10.82110	2.2015919699397895	0.1666281600000000	0.1233349050000000
1185	10.76010	2.2014452302095604	0.1591549550000000	0.0795104100000000
1186	10.74210	2.1943317157145446	0.1571653350000000	0.0828763800000000
1189	10.67070	2.2071445133319521	0.1694451100000000	0.0851275650000000
1192	10.61910	2.2002826533249404	0.1443071850000000	0.0867232950000000
1198	10.61770	2.2255816041872301	0.1867504300000000	0.0512412650000000
113	23.57600	2.1971902134579731	0.1421416600000000	0.0963076950000000
114	22.99620	2.1999621614519480	0.1422147850000000	0.1018174650000000
115	22.99620	2.1999271585753339	0.1469776850000000	0.0899904800000000
119	22.53360	2.2005336514778695	0.1399865800000000	0.1065794550000000
1200	10.61750	2.2006004967375365	0.1408669700000000	0.1031491100000000
1202	10.61680	2.1993483992829592	0.1387792700000000	0.0904915400000000
1203	10.61680	2.2000889928907097	0.1428237050000000	0.1089066750000000
1206	10.61610	2.2014777373246393	0.1501220800000000	0.1090842200000000
1209	10.61600	2.1985376523373730	0.1467314250000000	0.0495596550000000
1210	10.61570	2.3307788027201051	0.2217128400000000	0.1060740450000000
1216	10.61210	2.1980957987662624	0.1284908650000000	0.0904787150000000
1228	10.58910	2.2006712028299433	0.1605877350000000	0.0809620400000000
1229	10.58910	2.1958712366277977	0.1444960700000000	0.0777548950000000
1230	10.58300	2.1997595258745943	0.1462089550000000	0.0904093250000000
1237	10.51650	2.1984390078033158	0.1718140900000000	0.1178480400000000
1239	10.49100	2.2006374091312098	0.1543620250000000	0.0961975350000000
1240	10.47010	2.2042220842930367	0.1645022600000000	0.0389075550000000
1241	10.47010	2.1991767807355287	0.1467352000000000	0.1009766600000000
1242	10.46930	2.1993058939644561	0.1464809650000000	0.1116953600000000
1243	10.46930	2.2043206379793747	0.1648592850000000	0.1222450350000000
1244	10.46380	2.1964545376157427	0.1388887150000000	0.0798486100000000
1247	10.46160	2.1890883441153179	0.1709654850000000	0.0427597850000000
1251	10.41750	2.2995215407854199	0.2638007850000000	0.1515796750000000
1258	10.39810	2.2008618085429332	0.1332424500000000	0.0911250050000000
1261	10.39550	2.2014113920188998	0.1626509950000000	0.0645231550000000
1262	10.37670	2.2014503600012700	0.1564761050000000	0.1013070950000000
1264	10.36310	2.2377736131937818	0.2004071850000000	0.1119682200000000
1276	10.33880	2.1995895541079795	0.1455766400000000	0.0917035700000000
1277	10.33880	2.2003828598474708	0.1418835700000000	0.0941138250000000
1279	10.33740	2.1995689996254533	0.1290737450000000	0.0683902650000000
121	22.50900	2.2133227063063892	0.1868313600000000	0.1164211850000000
123	21.95780	2.2020783356052780	0.1524043450000000	0.0524154100000000
125	21.84630	2.2001861055111180	0.1465048750000000	0.0997189750000000
1280	10.32880	2.1990559728699215	0.1619918350000000	0.1095454500000000
1293	10.29770	2.2083831315504776	0.1716269850000000	0.1157436750000000
1297	10.29030	2.2002097777100462	0.1445319150000000	0.0877257950000000
1299	10.28670	2.2018863331064957	0.1541412900000000	0.0907625600000000
1302	10.28570	2.2015851003023972	0.1604482350000000	0.0865057700000000
1306	10.27900	2.2002193304588871	0.1512628650000000	0.0916473150000000
1308	10.27860	2.1986406150912896	0.1462151450000000	0.0810558800000000
1320	10.26090	2.2009990738947867	0.1620668400000000	0.0935228900000000
1327	10.23910	2.2064368814934259	0.1712142150000000	0.0604434800000000
1328	10.23050	2.1983491257080949	0.1390074700000000	0.0964438850000000
1329	10.23050	2.2006523928354107	0.1428825350000000	0.0789921350000000
1334	10.20380	2.2035187972213266	0.1673345000000000	0.1067753300000000
1337	10.20310	2.2016882013569137	0.1554868250000000	0.1093883350000000
1338	10.19020	2.1989812032679850	0.1466101650000000	0.0617595100000000
1342	10.18510	2.2021405548013586	0.1448494850000000	0.0930036000000000
1344	10.18490	2.1992220030581300	0.1491409400000000	0.0921366700000000
1347	10.18350	2.1968219242620206	0.1471786200000000	0.0947758700000000
1348	10.18190	2.1996925466186887	0.1379337750000000	0.0807949000000000
1352	10.16430	2.1970812608006471	0.1494615900000000	0.0472660850000000
1353	10.16430	2.2002205751414499	0.1373600450000000	0.0826315400000000
1355	10.16150	2.1999470232233369	0.1574172000000000	0.0907527100000000
1359	10.16060	2.2001774383965524	0.1650067750000000	0.1003512400000000
131	21.40930	2.2001836263772070	0.1277109450000000	0.1043913650000000
132	21.29740	2.2001191991751567	0.1443891400000000	0.0652935600000000
134	21.21890	2.1976943913397764	0.1479806000000000	0.0850096400000000
135	21.21890	2.2189260957964989	0.1981251600000000	0.1168289150000000
1360	10.15810	2.2002516875617051	0.1458805500000000	0.0896618450000000
1361	10.15810	2.2879804573376528	0.2297135900000000	0.0964717500000000
1362	10.15700	2.2015084019043671	0.1423416900000000	0.0980024650000000
1365	10.15050	2.2001894244088507	0.1393026800000000	0.1056600050000000
1373	10.14310	2.2011557572914802	0.1363428250000000	0.0846498350000000
1375	10.14090	2.2020665829814532	0.1245984850000000	0.0770781950000000
1378	10.13950	2.1984871372185748	0.1510530750000000	0.0798322700000000
1380	10.12850	2.2008581125883833	0.1438407750000000	0.1030088250000000
1381	10.12850	2.1975761902080384	0.1229501750000000	0.1227209550000000
1382	10.12620	2.2001072170878984	0.1534780850000000	0.0754873650000000
1383	10.12620	2.1996092412287718	0.1363861400000000	0.1159673950000000
1385	10.12620	2.1990119178459122	0.1419471400000000	0.0976345200000000
1386	10.12610	2.1983030618635615	0.1168368700000000	0.0989161550000000
1388	10.12550	2.1985628007574789	0.1578675800000000	0.1064174150000000
1390	10.12470	2.1969095270350740	0.1615117700000000	0.0884466800000000
1392	10.12400	2.1993964191030320	0.1589532200000000	0.0804648000000000
1393	10.12400	2.2007753693732450	0.1499549300000000	0.0903378800000000
1395	10.12330	2.2006455155833629	0.1337643300000000	0.0943420700000000
1396	10.12260	2.1996135870323643	0.1496120250000000	0.0857505750000000
1397	10.12260	2.2008252578847936	0.1394304250000000	0.0805099150000000
1398	10.11830	2.1856584249253879	0.1217333850000000	0.1094111500000000
1402	10.10800	2.2000675160454657	0.1238641650000000	0.0970021750000000
1405	10.10280	2.2058283772036309	0.1529588350000000	0.1295110550000000
1409	10.07350	2.2008722676607588	0.1430390300000000	0.0789834950000000
1418	10.04880	2.1998414931932326	0.1452164350000000	0.0994430150000000
1419	10.04880	2.2004277032979536	0.1428423550000000	0.0903814050000000
1420	10.04870	2.1990386646079667	0.1429083350000000	0.1091215700000000
1425	10.04410	2.2019011892174962	0.1545876000000000	0.0804144650000000
1426	10.01780	2.1997940680599903	0.1343223400000000	0.0917881150000000
1428	10.01460	2.2157423314642091	0.1817484000000000	0.0398582500000000
1431	10.00540	2.1997311717471253	0.1400402000000000	0.0969570000000000
1435	9.95261	2.2026217908583736	0.1640745150000000	0.0896295100000000
1436	9.94991	2.2028702751607785	0.1506834200000000	0.0996676900000000
1439	9.93271	2.1996913801076081	0.1630726100000000	0.0840837400000000
137	21.14770	2.1998139220490098	0.1381917650000000	0.0760320550000000
138	20.82900	2.2084924088881315	0.1690061850000000	0.0910276950000000
143	20.48610	2.2020744503391798	0.1480609650000000	0.1101667900000000
1440	9.90524	2.2001467524117890	0.1229670500000000	0.0853621850000000
1443	9.82061	2.1994793716887964	0.1464781150000000	0.0839950000000000
1445	9.80216	2.1995919680356093	0.1601065500000000	0.0910876800000000
1447	9.79928	2.2003799550787400	0.1405156200000000	0.0877571850000000
1449	9.79831	2.2009773984724395	0.1506443300000000	0.0965411600000000
1451	9.79801	2.1974156321142577	0.1452364500000000	0.0842010050000000
1456	9.79729	2.1796854093811282	0.1431914750000000	0.1038689850000000
1461	9.79620	2.2020489545403490	0.1631745850000000	0.0695309750000000
1464	9.79515	2.1994386566969641	0.1518898400000000	0.1024482500000000
1467	9.79475	2.1995940436841437	0.1507132700000000	0.1053556500000000
1469	9.79345	2.2014911150048428	0.1636264650000000	0.0863985700000000
1471	9.79320	2.2002073055091595	0.1372655450000000	0.0889552450000000
1475	9.79288	2.3139742789045297	0.2221584850000000	0.0945567350000000
1477	9.79273	2.2025389525468726	0.1382219200000000	0.1138013950000000
1479	9.79166	2.2124804610174786	0.1820970800000000	0.0823124450000000
1483	9.79075	2.2020132180540761	0.1485372700000000	0.1002792550000000
1484	9.79041	2.1992856284660758	0.1345016450000000	0.1078894150000000
1485	9.79041	2.1999744548353242	0.1430854250000000	0.0808371600000000
1486	9.76395	2.2004923398860026	0.1405854750000000	0.0795902800000000
1490	9.72880	2.1999757261380624	0.1631832200000000	0.0483405800000000
1492	9.72526	2.1945463971368948	0.1480528900000000	0.0957169150000000
1493	9.72526	2.1993103120144482	0.1407674500000000	0.0828914750000000
1495	9.71729	2.2006117274199353	0.1463491200000000	0.1080961200000000
1497	9.70935	2.2002035970320475	0.1420756850000000	0.0467261600000000
1498	9.69595	2.2016288632462877	0.1600635300000000	0.1059654650000000
1503	9.67000	2.1985002661736019	0.1405175300000000	0.1025893350000000
1504	9.67000	2.1992050017516718	0.1388712400000000	0.1117266250000000
1505	9.67000	2.2001257757860091	0.1379133850000000	0.0941848100000000
1506	9.67000	2.2055044971147262	0.1573737350000000	0.0532048200000000
1507	9.67000	2.1995846250833613	0.1295287700000000	0.0966795850000000
1510	9.67000	2.1993186897415065	0.1460109850000000	0.0971735200000000
1511	9.67000	2.2002935411041800	0.1398630250000000	0.1163988850000000
1515	9.66336	2.2011431632827843	0.1243879500000000	0.0966382500000000
1516	9.66178	2.1971136504024660	0.1567026400000000	0.0542305600000000
1518	9.66145	2.1985234329799046	0.1271989050000000	0.0959766100000000
1519	9.66145	2.2022578682946570	0.1509497850000000	0.0717026500000000
145	20.48180	2.2008681408984057	0.1486747500000000	0.1108039800000000
149	20.14810	2.1999303670108321	0.1310937450000000	0.0880214800000000
150	19.99580	2.1979098146309766	0.1428433150000000	0.0913135100000000
1523	9.66126	2.1991864798158960	0.1110644600000000	0.0449098600000000
1529	9.66080	2.1797349978995539	0.1307781450000000	0.1214613400000000
1530	9.65958	2.1985422854660581	0.1564887200000000	0.0853524450000000
1533	9.65920	2.2034927024856064	0.1813790700000000	0.0718209350000000
1534	9.65573	2.2083222256550274	0.1670328550000000	0.1132606800000000
1535	9.65573	2.1997074397744401	0.1280562450000000	0.0942688700000000
1536	9.65484	2.2048773162941999	0.1779302500000000	0.0405673100000000
1538	9.65423	2.1984849828507067	0.1282864950000000	0.0755434850000000
1542	9.65411	2.2018344388039410	0.1430720350000000	0.0902308050000000
1543	9.65411	2.1985235762926512	0.1548273050000000	0.1034148300000000
1544	9.65409	2.2008608364384914	0.1526946350000000	0.0977333950000000
1552	9.63620	2.1986720856902102	0.1471047700000000	0.0890661100000000
1554	9.62796	2.2054751826333816	0.1651946800000000	0.1022911900000000
1560	9.61624	2.1950414340280426	0.1673305650000000	0.1210251250000000
1561	9.61624	2.2007278816018090	0.1498261650000000	0.0963758550000000
1562	9.61583	2.2421853500298639	0.2075997100000000	0.0780963950000000
1565	9.61424	2.2026330470205373	0.1499635250000000	0.1089073800000000
1566	9.61418	2.1963431139341996	0.1507951100000000	0.0863397300000000
1567	9.61418	2.2002408809266996	0.1433991800000000	0.0951216100000000
1571	9.60886	2.1985028984050361	0.1406362100000000	0.0876754850000000
1574	9.60673	2.2001445224628395	0.1429820300000000	0.0948726450000000
1575	9.60673	2.1984379494786301	0.1412087550000000	0.0935454300000000
1582	9.59930	2.1985944332350207	0.1548008900000000	0.0692557200000000
1586	9.59731	2.2014681359644328	0.1470126000000000	0.0881401500000000
1587	9.59731	2.2014165454278944	0.1638199250000000	0.0914789250000000
1588	9.59695	2.2093468950550430	0.1741054900000000	0.0509812400000000
1589	9.59695	2.2016075185598130	0.1421462650000000	0.0928205200000000
1592	9.59581	2.1995621288185556	0.1310838750000000	0.0962216850000000
1593	9.59581	2.1998841721253100	0.1375275750000000	0.0883127300000000
1594	9.59103	2.2009848158999694	0.1553961450000000	0.0784191100000000
1595	9.59103	2.2167623479491150	0.1821001150000000	0.0966344850000000
1599	9.58949	2.2050687330491305	0.1561395750000000	0.0927337400000000
153	19.67710	2.1991864547100004	0.1517538000000000	0.0495098700000000
154	19.56700	2.1959644626693837	0.1415441550000000	0.0842381800000000
156	19.42160	2.2022141874224350	0.1493083650000000	0.1001401100000000
1603	9.58931	2.1932935477000144	0.1647423650000000	0.0905585650000000
1605	9.58891	2.1965448934791851	0.1417681550000000	0.1052617700000000
1606	9.58877	2.1991260748380332	0.1562455850000000	0.0917776550000000
1610	9.58849	2.2010113827546438	0.1577216500000000	0.1047070550000000
1612	9.58849	2.2005380474334659	0.1386408700000000	0.0853335900000000
1614	9.58828	2.1977340689992633	0.1373996450000000	0.1048810200000000
1615	9.58828	2.2009884421483621	0.1555182800000000	0.0851140800000000
1621	9.58734	2.1980301099430943	0.1445558550000000	0.0819073050000000
1622	9.58663	2.2011531206325023	0.1331432500000000	0.1002145100000000
1625	9.58434	2.1985055699899601	0.1519822000000000	0.1008434350000000
1626	9.58386	2.2001660114215866	0.1433722250000000	0.0808158800000000
1629	9.58364	2.1886983210791722	0.1603893200000000	0.1257418700000000
1635	9.58290	2.2001816605835964	0.1467615850000000	0.0998526850000000
1636	9.58269	2.2003657150125493	0.1552647200000000	0.0723691750000000
1638	9.58265	2.2014591278612849	0.1479760300000000	0.1053740150000000
1639	9.58265	2.2048889467936164	0.1643276650000000	0.0949769400000000
1642	9.58167	2.2018722656523981	0.1502253650000000	0.0984088800000000
1645	9.58133	2.2649141504911516	0.2216340150000000	0.1228996850000000
1648	9.58048	2.1999218312269941	0.1458430450000000	0.0868140850000000
1651	9.57473	2.2020817877360663	0.1634247600000000	0.1490746500000000
1653	9.57470	2.2014340717211085	0.1427072100000000	0.1038540550000000
1656	9.57149	2.1945779866118889	0.1601570300000000	0.0703068550000000
1659	9.57127	2.2014562411721079	0.1566881050000000	0.0949543100000000
1661	9.57124	2.1985225297585576	0.1712700750000000	0.1246943450000000
1663	9.57023	2.1968024434883215	0.1393035150000000	0.0971756100000000
1669	9.56294	2.2072612224540569	0.1594428600000000	0.0561661000000000
1670	9.56051	2.2019788939459048	0.1516126900000000	0.1023340400000000
1674	9.55679	2.2014508157717945	0.1399928900000000	0.0941365100000000
1676	9.55202	2.1999034580456693	0.1601751700000000	0.0777280200000000
162	18.89830	2.1995384766298645	0.1304123800000000	0.0734476350000000
1680	9.54781	2.1997259192083414	0.1251530450000000	0.0904215650000000
1681	9.54781	2.2002228352938937	0.1530675300000000	0.0591116250000000
1682	9.54713	2.2010649955234780	0.1522870600000000	0.0726978100000000
1684	9.54687	2.1984359855890236	0.1560268300000000	0.0587021850000000
1687	9.53122	2.2006563393232175	0.1493425350000000	0.1026081050000000
1688	9.53021	2.2227713823960533	0.1835927300000000	0.1538214600000000
1689	9.53021	2.1942511796494149	0.1485727850000000	0.0891005100000000
1691	9.52965	2.1999772187257611	0.1421152950000000	0.1002750650000000
1692	9.52252	2.2010856705236486	0.1331785600000000	0.0986979200000000
1694	9.51829	2.1871688231339408	0.1637405100000000	0.1264870850000000
1698	9.51319	2.1996690235228185	0.1546575300000000	0.1056703600000000
1700	9.51255	2.1999611295091182	0.1402109450000000	0.1021198650000000
1703	9.51053	2.1997599097837441	0.1074236400000000	0.0672871950000000
1705	9.50834	2.1975072324162896	0.1471643650000000	0.0758153650000000
1707	9.50603	2.2008450644156015	0.1449464350000000	0.1030189650000000
1711	9.50323	2.3323191977843916	0.2437148300000000	0.0948400700000000
1712	9.50220	2.2006177695851559	0.1319742800000000	0.0880557550000000
1717	9.49425	2.2000068690953136	0.1563708250000000	0.0718411400000000
1718	9.48606	2.2014526263271570	0.1503146500000000	0.1015011800000000
1719	9.48606	2.2029031256866469	0.1516846600000000	0.0964464500000000
1720	9.48442	2.1630954202884989	0.1331630500000000	0.0574702700000000
1721	9.48442	2.2012191891478690	0.1307063650000000	0.0491462950000000
1722	9.48286	2.2010986838608959	0.1433903400000000	0.0720910850000000
1726	9.47771	2.3226747268759267	0.2323616300000000	0.1084737700000000
1728	9.47319	2.2014884295497379	0.1467594250000000	0.0825659500000000
1729	9.47319	2.2020427861742005	0.1693560600000000	0.0735218650000000
1731	9.46280	2.2013905477776596	0.1416825350000000	0.0884806250000000
1734	9.45239	2.2002442032533787	0.1413475500000000	0.1078742900000000
1736	9.45130	2.1986055474691111	0.1355981450000000	0.0885088050000000
1739	9.43735	2.1991229212023149	0.1529883650000000	0.0966606700000000
1744	9.36392	2.1990768257918103	0.0940415200000000	0.0804824000000000
1747	9.36075	2.1986932085000928	0.1267414100000000	0.0974951950000000
1749	9.33968	2.1993725092659737	0.1424689150000000	0.0916818150000000
1750	9.32657	2.2022142402364340	0.1417607700000000	0.0684190900000000
1754	9.30364	2.3455395256471037	0.2435642350000000	0.1396418100000000
1757	9.30095	2.1955664344262695	0.1642449000000000	0.0498805900000000
1758	9.29419	2.2001754598287029	0.1411072100000000	0.0813157350000000
168	18.56780	2.1999246456703623	0.1713187500000000	0.0698922150000000
169	18.56780	2.1994405394913565	0.1395466400000000	0.0847588800000000
170	18.56620	2.1997721567899964	0.1365590950000000	0.0940552200000000
171	18.56620	2.1964645819244333	0.1616240650000000	0.0760174650000000
175	18.33440	2.2007661699554864	0.1370739950000000	0.0723607500000000
1760	9.29040	2.1918993854805575	0.1521799000000000	0.0885388800000000
1761	9.29040	2.2018363743143792	0.1317565350000000	0.1085201250000000
1764	9.28328	2.1996664580177661	0.1400985100000000	0.1046478250000000
1767	9.27618	2.2006090062911690	0.1505366550000000	0.0821557800000000
1769	9.27601	2.2029978218296518	0.1511869450000000	0.0967059700000000
1771	9.27552	2.2411990192543016	0.2064494600000000	0.1212675550000000
1773	9.27202	2.1991998366074705	0.1364047500000000	0.0996718050000000
1775	9.27078	2.2006205178938427	0.1640129350000000	0.0665299250000000
1776	9.26812	2.2022635148851570	0.1622895750000000	0.0895512350000000
1781	9.26310	2.2933185648102508	0.2460463000000000	0.1152691750000000
1782	9.25991	2.2001523565450563	0.1249059800000000	0.0971453400000000
1783	9.25991	2.3359248396574603	0.2518308850000001	0.1245899650000000
1786	9.25823	2.1994863745676954	0.1446293350000000	0.0956936250000000
1788	9.25791	2.2011786339679298	0.1440528750000000	0.1098427200000000
1796	9.25601	2.1999572958336611	0.1486315650000000	0.0981902750000000
1798	9.25564	2.1997515776237013	0.1267836650000000	0.0717540550000000
1803	9.25402	2.1999247030794811	0.1385007750000000	0.0941300900000000
1804	9.25320	2.2003257148459530	0.1357593350000000	0.1058035800000000
1805	9.25320	2.1999135918947057	0.1413501650000000	0.0780739150000000
1806	9.25229	2.1934510216923062	0.1586161150000000	0.0862041750000000
1808	9.25199	2.1998699011884137	0.1211739200000000	0.0896472250000000
1814	9.24858	2.1999372700458673	0.1350372200000000	0.0752949150000000
1819	9.24519	2.1990291124414951	0.1342522500000000	0.1062626600000000
1823	9.24404	2.1985430847934078	0.1295385850000000	0.0901060050000000
1826	9.24000	2.1996521389057730	0.1565986900000000	0.0886061000000000
1827	9.24000	2.2016026219358307	0.1576621900000000	0.0602820550000000
1831	9.24000	2.1320740260858231	0.1937272800000000	0.1587502200000000
1832	9.24000	2.2236808344616454	0.1748316300000000	0.0751771300000000
1833	9.24000	2.1992461122528728	0.1470406700000000	0.0852040500000000
1835	9.24000	2.2009440521963328	0.1356339450000000	0.0969490000000000
1836	9.24000	2.2014747578946809	0.1692223250000000	0.1121542100000000
176	18.28240	2.2002779438831381	0.1309982750000000	0.1024376400000000
177	18.28240	2.1998677205826200	0.1605563650000000	0.0925683800000000
181	17.96190	2.1984646048753533	0.1256589350000000	0.0957870300000000
183	17.81420	2.2009256844945204	0.1422503300000000	0.1071803650000000
1840	9.24000	2.2015568547094886	0.1631949550000000	0.0860332500000000
1846	9.24000	2.1991838024785442	0.1442283450000000	0.0985794650000000
1850	9.24000	2.1985939998883395	0.1155534800000000	0.0890195200000000
1853	9.24000	2.2013985531937683	0.1442979150000000	0.0974768500000000
1854	9.24000	2.2531714076085789	0.1968918050000000	0.0982333950000000
1856	9.24000	2.2006238770382840	0.1661267100000000	0.0772491100000000
1865	9.23790	2.1992649341644213	0.1459297450000000	0.0720693200000000
1870	9.23551	2.2001577434605211	0.1437855100000000	0.1155129450000000
1871	9.23551	2.1996652783780370	0.1498538550000000	0.1030735550000000
1872	9.23523	2.2003723053209212	0.1423903900000000	0.1052623100000000
1874	9.23490	2.1985463545826502	0.1442780300000000	0.1113166450000000
1875	9.23490	2.1984016236199793	0.1170693150000000	0.0778390850000000
1877	9.23438	2.1933976100496815	0.1519479200000000	0.0942738400000000
1878	9.23309	2.2028507808871036	0.1562551650000000	0.0934547200000000
1879	9.23309	2.1999037320190307	0.1462551900000000	0.0871223300000000
1880	9.23250	2.1977557681960516	0.1403436600000000	0.0941994350000000
1881	9.23250	2.1999706592302188	0.1505968750000000	0.0770506600000000
1882	9.23219	2.2001138113420744	0.1310318500000000	0.0974115500000000
1883	9.23219	2.1985098442329782	0.1454717350000000	0.1073157450000000
1885	9.23106	2.2019262047000936	0.1327058050000000	0.0850903900000000
1886	9.23095	2.1996252906973663	0.1294333900000000	0.0778036950000000
1890	9.22622	2.1917093188134587	0.1464909700000000	0.0919947050000000
1893	9.22493	2.1968624235780685	0.1519113800000000	0.0741077200000000
1900	9.21053	2.1985395564534085	0.1226816050000000	0.0859583000000000
1901	9.21053	2.1970088833363590	0.1410258250000000	0.0908151750000000
1906	9.18684	2.1990099488157133	0.1488784700000000	0.0958888800000000
1908	9.18574	2.2287766196401142	0.1883709500000000	0.1275919600000000
1910	9.18173	2.2017424964589507	0.1139549150000000	0.0603595200000000
1911	9.18173	2.2000523916870738	0.1379648400000000	0.0960848700000000
1914	9.18130	2.1999916368017711	0.1382775750000000	0.1041899050000000
1916	9.18058	2.2442222660733000	0.1968002600000000	0.0785831450000000
184	17.79570	2.1996592289005013	0.1571365850000000	0.0923597000000000
185	17.79570	2.1997929157417113	0.1428054000000000	0.0867435700000000
189	17.79230	2.2004539865591322	0.1284706900000000	0.0954793500000000
190	17.77460	2.2003277312667584	0.1337440250000000	0.0952711150000000
191	17.77460	2.1985151331837454	0.1216578750000000	0.0809623850000000
1922	9.17791	2.1997038817067587	0.1172537250000000	0.0825275600000000
1923	9.17791	2.1994466291061086	0.1521387000000000	0.1038932100000000
1924	9.17773	2.1995382871693279	0.1418440100000000	0.0943843500000000
1925	9.17773	2.2011198166910733	0.1302703350000000	0.0908103450000000
1926	9.17739	2.1994609941205954	0.1477202800000000	0.0956778750000000
1931	9.17523	2.1999805952129203	0.1453477650000000	0.0864870650000000
1932	9.17417	2.2188184960190016	0.1867287850000000	0.0795010000000000
1933	9.17417	2.2002971133842339	0.1413289650000000	0.1090389900000000
1934	9.17355	2.2001133246414017	0.1502477950000000	0.0958476350000000
1937	9.17238	2.1998644031164334	0.1643689850000000	0.1282192600000000
1939	9.17204	2.2001190061885962	0.1388527600000000	0.0778028600000000
1944	9.16674	2.2024732394326003	0.1603497600000000	0.0701048950000000
1946	9.16072	2.1985790921661796	0.1304645150000000	0.0810330500000000
1949	9.15790	2.1998878939394175	0.1521631400000000	0.0944635050000000
1950	9.15340	2.2008715922755151	0.1567789200000000	0.0923194600000000
1953	9.15240	2.2001465639933762	0.1393527800000000	0.0984762050000000
1955	9.15182	2.1924455739948225	0.1664472050000000	0.0820626650000000
1962	9.14000	2.1870699459448510	0.1312431100000000	0.1255601500000000
1964	9.14000	2.1999751391993336	0.1327579400000000	0.0904560100000000
1968	9.14000	2.2019186956037045	0.1398903650000000	0.1113829550000000
1970	9.14000	2.1997170929023029	0.0971588950000000	0.0575595100000000
1979	9.14000	2.2004514692336876	0.1394381050000000	0.1085560000000000
1983	9.14000	2.2013937339079099	0.1558424000000000	0.0816159050000000
1984	9.14000	2.2588649317019067	0.1928222850000000	0.1290988950000000
1989	9.14000	2.2014948961439860	0.1429593300000000	0.0897275900000000
1990	9.14000	2.1995982391870155	0.1445675250000000	0.0857116450000000
1991	9.14000	2.2002054227494559	0.1516697900000000	0.1045743650000000
1992	9.14000	2.1960949546002833	0.1773738450000000	0.1169959850000000
1993	9.14000	2.2039264566215171	0.1417728200000000	0.0967766900000000
1996	9.14000	2.1994613204054572	0.1185621650000000	0.0633752300000000
1997	9.14000	2.1994719903141662	0.1415455800000000	0.1028155900000000
1999	9.14000	2.2026204045500815	0.1627134350000000	0.1028378900000000
192	17.71340	2.2018543698989732	0.1567426700000000	0.0887747250000000
193	17.71340	2.1999163464307014	0.1470534650000000	0.0834441250000000
194	17.70800	2.2001983325257237	0.1377796200000000	0.0840597700000000
196	17.66620	2.2020149528126649	0.1554109450000000	0.0617469250000000
198	17.62660	2.2021047834451526	0.1462399650000000	0.0893988700000000
199	17.62660	2.2005001633408865	0.1391390850000000	0.0894518400000000
2003	9.14000	2.1979329997583306	0.1329829750000000	0.0872124700000000
2009	9.13770	2.1985381671907094	0.1628450800000000	0.0816165250000000
2013	9.13558	2.2014771212810782	0.1503979500000000	0.0949409450000000
2017	9.13453	2.2006787779831600	0.1517964700000000	0.1077989850000000
2020	9.13287	2.2009295698559854	0.1237031050000000	0.0680306050000000
2021	9.13287	2.1978001611685607	0.1322269400000000	0.1110844550000000
2022	9.13245	2.1996869516554813	0.1489113050000000	0.0971337150000000
2024	9.13204	2.1985110586260834	0.1314139000000000	0.0869207600000000
2025	9.13204	2.1982700405343154	0.1469574500000000	0.0897753450000000
2026	9.13189	2.2017365020521407	0.1689415100000000	0.0721333350000000
2030	9.11916	2.1996107200459356	0.1562246000000000	0.0405102650000000
2036	9.10508	2.2020457870397059	0.1342780550000000	0.1085391100000000
2038	9.10369	2.1964570591466299	0.1491647800000000	0.0777875200000000
2046	9.05605	2.1978934227812670	0.1450107250000000	0.0942434800000000
2048	9.04366	2.1999288258363645	0.1439998800000000	0.0903437900000000
2055	9.03638	2.2009337092213674	0.1437778900000000	0.1048854700000000
2056	9.03142	2.2001625514707479	0.1582402550000000	0.0630154350000000
2060	9.02477	2.2014882716346311	0.1373952700000000	0.0964844900000000
2061	9.02477	2.1971341521823744	0.1368895950000000	0.0967655650000000
2064	9.02211	2.1994217707707064	0.1406105000000000	0.0704181650000000
2068	9.02041	2.2014561216509598	0.1444372650000000	0.1001356750000000
2069	9.02041	2.2220914967685381	0.1739864150000000	0.0905948800000000
2070	9.02039	2.2017413875337706	0.1251835450000000	0.0687636850000000
2071	9.02039	2.6750633691835257	0.3866702800000000	0.0311343500000000
2073	9.02018	2.1996425324791722	0.1530862150000000	0.0941691500000000
2075	9.02017	2.1998366847574098	0.1760386100000000	0.0953897000000000
2076	9.01653	2.2016966503472402	0.1222906000000000	0.0888713350000000
2078	9.01625	2.1992934612294404	0.1500627950000000	0.0706639250000000
2079	9.01625	2.1994609643832241	0.1432873700000000	0.0823289000000000
200	17.62620	2.2006942951938182	0.1461743000000000	0.0911047400000000
2080	9.01619	2.2068769279344016	0.1649878050000000	0.1073253750000000
2082	9.01556	2.2029766881606547	0.1564325800000000	0.0850134650000000
2083	9.01556	2.2009851559433016	0.1525409500000000	0.0637786850000000
2087	9.01160	2.1977220937932711	0.1355471050000000	0.0962883950000000
2088	9.01098	2.3508874493361920	0.2466121450000000	0.1030066650000000
2093	9.00907	2.1934233773850154	0.1335951800000000	0.1311269850000000
2096	9.00734	2.2002259887208728	0.1487206400000000	0.0987094000000000
2104	9.00246	2.1958945566458170	0.1449430800000000	0.0919460150000000
2107	9.00214	2.1984751011754229	0.1422459850000000	0.0784285000000000
2108	9.00062	2.1996075775251223	0.1595966300000000	0.0989769500000000
2111	9.00011	2.2001332654752304	0.1466445500000000	0.1051102850000000
2113	8.99981	2.1963077512706328	0.1433751650000000	0.0952114150000000
2114	8.99965	2.2028813071261744	0.2154386400000000	0.1117757600000000
2116	8.99874	2.1999048889742712	0.1469443700000000	0.1092723350000000
2119	8.99850	2.1998821015267387	0.1524084150000000	0.0924462400000000
2121	8.99556	2.2010111438125022	0.1302416300000000	0.0891756600000000
2123	8.99535	2.2020328857953730	0.1575172300000000	0.0878173450000000
2124	8.99371	2.2001193481178589	0.1226937200000000	0.0619429950000000
2127	8.99142	2.1865861445276100	0.1103850300000000	0.1022907400000000
2129	8.99078	2.2016572898347455	0.1573172550000000	0.0909134500000000
2130	8.98943	2.2007262916292412	0.1366700800000000	0.0810455600000000
2133	8.98853	2.2015154931968679	0.1366517350000000	0.1147564650000000
2136	8.98743	2.2024479145114411	0.1577113800000000	0.1055308250000000
2141	8.98605	2.2014781756887203	0.1548017450000000	0.0915154700000000
2145	8.98373	2.1944842963860305	0.1437873150000000	0.0970431700000000
2146	8.98340	2.1841122006679274	0.1176336300000000	0.1243649500000000
2149	8.98311	2.2007886422786851	0.1241275650000000	0.1079686650000000
2151	8.98274	2.1976420715606815	0.1624077300000000	0.1174660700000000
2152	8.98141	2.1985094279555764	0.1634514300000000	0.0819708500000000
2157	8.98000	2.1984577355364685	0.1261578700000000	0.0964399950000000
208	17.18240	2.2008189042015607	0.1470967450000000	0.0896773050000000
209	17.18240	2.2004654464007696	0.1314676950000000	0.1079583450000000
211	17.07690	2.2001404543181455	0.1386405150000000	0.1148425550000000
212	17.05300	2.2027216904380871	0.1558968750000000	0.0972929550000000
213	17.05300	2.1984981427114554	0.1247505450000000	0.0817939600000000
215	17.02200	2.1971182119883128	0.1407597500000000	0.0944358050000000
2162	8.98000	2.1994118936384917	0.1563594900000000	0.0870692850000000
2163	8.98000	2.1988586595863508	0.1406747650000000	0.0695097250000000
2169	8.98000	2.2005595696846325	0.1637967800000000	0.0541201500000000
2170	8.98000	2.2006214645468503	0.1522685100000000	0.0645722750000000
2173	8.98000	2.1993123893676301	0.1354709100000000	0.0835901150000000
2174	8.97946	2.2003124113744721	0.1127433100000000	0.0495943300000000
2178	8.97489	2.1998860967218961	0.1466213850000000	0.0810000600000000
2179	8.97489	2.1984257443322259	0.1387926150000000	0.1069283100000000
2184	8.97257	2.1999203727714707	0.1503351150000000	0.0908238250000000
2185	8.97257	2.2001679090291621	0.1516022700000000	0.0795827750000000
2187	8.97180	2.1984760707934154	0.1248157100000000	0.1007460550000000
2188	8.96911	2.1989014153686930	0.1285263000000000	0.0932188450000000
2189	8.96911	2.2014756600328211	0.1351395800000000	0.0448251550000000
2191	8.96742	2.2007998216698614	0.1427888750000000	0.0932008400000000
2198	8.95967	2.2008351204738208	0.1371707150000000	0.1012220050000000
2201	8.95899	2.1983900664842642	0.1589595600000000	0.0996756200000000
2202	8.95854	2.2005419102000503	0.1511670900000000	0.1121805600000000
2204	8.95765	2.1984607265144733	0.1482316100000000	0.0928220950000000
2205	8.95765	2.2025385852067125	0.1627453700000000	0.0801866600000000
2207	8.95637	2.2017298109360368	0.1318789550000000	0.1045519500000000
2210	8.95605	2.2007817060088239	0.1510385550000000	0.0785820050000000
2211	8.95605	2.2036232782956566	0.1725188600000000	0.1070582550000000
2220	8.95361	2.1976804750125258	0.1398376100000000	0.0909202700000000
2221	8.95361	2.2124476773264550	0.1752504500000000	0.0775201150000000
2224	8.95254	2.2020532294146649	0.1494223750000000	0.0563925150000000
2225	8.95254	2.2018469941620791	0.1353023700000000	0.1099901450000000
2226	8.95171	2.1999144050349866	0.1383147050000000	0.0961515250000000
2230	8.95019	2.3770877180985641	0.2475297050000000	0.0821174100000000
2232	8.95018	2.2034120010080329	0.1503185350000000	0.1131228800000000
2236	8.94681	2.1977966312559221	0.1431498200000000	0.1030066400000000
218	16.98050	2.1996185434872033	0.1528829350000000	0.0598752550000000
221	16.93270	2.1880835045295206	0.1383842350000000	0.1057292800000000
2243	8.93885	2.2018379180564618	0.1579380600000000	0.0672413650000000
2244	8.93734	2.2014916562115943	0.1356450850000000	0.0821503000000000
2246	8.93637	2.2018630586794203	0.1437487100000000	0.0962752750000000
2247	8.93637	2.2041280178468416	0.1512609300000000	0.1017910550000000
2248	8.93547	2.2013987770770402	0.1607756900000000	0.1057229950000000
2249	8.93547	2.1998035181391491	0.1503375400000000	0.0944473900000000
2250	8.93344	2.2239362124103454	0.1748457550000000	0.1031315500000000
2251	8.93344	2.2397987439357099	0.1840389750000000	0.1182094950000000
2253	8.93060	2.2004730068564666	0.1357775250000000	0.0984471000000000
2255	8.92967	2.1993642516724718	0.1566608900000000	0.0726377050000000
2256	8.92952	2.2050408704881379	0.1485058450000000	0.0940202950000000
2263	8.92661	2.1979710264039838	0.1584362900000000	0.0782920550000000
2265	8.92659	2.2021789080793130	0.1425147800000000	0.0892032650000000
2266	8.92619	2.1957219759626407	0.1587333300000000	0.0732101350000000
2268	8.92463	2.2076316239076874	0.1582529700000000	0.1005562350000000
2270	8.92413	2.1907072728335448	0.1468864400000000	0.0797094500000000
2271	8.92413	2.2022365749189254	0.1455410800000000	0.1056420600000000
2273	8.92381	2.2015244320003511	0.1197720600000000	0.0520545300000000
2274	8.92358	2.1949859470407032	0.1553199050000000	0.0959299200000000
2275	8.92358	2.1979074876764297	0.1440529300000000	0.0803328200000000
2278	8.92315	2.2001763219776924	0.1417096700000000	0.0920855050000000
2281	8.92279	2.1984244271132400	0.1338026050000000	0.0975706850000000
2288	8.91786	2.2021764015382366	0.1431432600000000	0.0906896850000000
2289	8.91786	2.1996608264018498	0.1469745900000000	0.0701681200000000
2291	8.91596	2.1996215242025650	0.1386690600000000	0.0623447750000000
2293	8.91512	2.2021111448953494	0.1447164850000000	0.0936287650000000
2295	8.91384	2.2003642934646988	0.1511434500000000	0.0837308750000000
2296	8.91245	2.1914040652264801	0.1377506250000000	0.1016372200000000
2299	8.90797	2.2058004876159760	0.1586190050000000	0.1053645850000000
2300	8.90250	2.1825259110313375	0.1547323200000000	0.1237802000000000
2304	8.89888	2.2014948257269906	0.1330046300000000	0.0683321250000000
2306	8.89326	2.2025457707441558	0.1507735350000000	0.0920320850000000
2307	8.89326	2.2014631715673949	0.1393488450000000	0.1028137350000000
2312	8.87436	2.1999757296334530	0.1359961650000000	0.1015863400000000
2313	8.87436	2.2004935383799653	0.1357594550000000	0.1052765100000000
2315	8.87192	2.2001779124033525	0.1297090950000000	0.1004137350000000
2317	8.87173	2.2020282054883284	0.1275893150000000	0.1080467050000000
2319	8.86814	2.1980251647786013	0.1072306000000000	0.0719490500000000
227	16.88770	2.2007332503949582	0.1568580750000000	0.0940525400000000
228	16.88760	2.1996778483535695	0.1503800400000000	0.0744093450000000
230	16.86680	2.2009013163964641	0.1590970700000000	0.0715696450000000
2324	8.86133	2.1913817535657705	0.1450459200000000	0.1214134000000000
2330	8.85054	2.1993820992210589	0.1321290400000000	0.0634589200000000
2343	8.83638	2.1954100172454680	0.1592923350000000	0.1055241050000000
2348	8.82689	2.2018790793923899	0.1379083450000000	0.1038555850000000
2349	8.82689	2.2006767216204159	0.1386951600000000	0.0830860500000000
2350	8.82364	2.2001381103057476	0.1521920100000000	0.0715350250000000
2351	8.82364	2.2239292101400485	0.1778433900000000	0.0692866150000000
2353	8.81628	2.1985211829309530	0.1399887050000000	0.0682289650000000
2354	8.81623	2.2017357893524960	0.1658109150000000	0.0749471100000000
2356	8.81004	2.1994780233462521	0.1380837850000000	0.0850956500000000
2362	8.80658	2.2019572882618208	0.1527034800000000	0.0654054000000000
2363	8.80658	2.2001615012432216	0.1277978700000000	0.0979205450000000
2367	8.80448	2.2087877379498173	0.1761475650000000	0.0965076350000000
2368	8.79150	2.2006124150299171	0.1546750200000000	0.1003263850000000
2370	8.78437	2.1984928799679526	0.1604109750000000	0.0906576700000000
2371	8.78437	2.1994449628106163	0.1234756050000000	0.1064874500000000
2374	8.77878	2.2002063664945397	0.1406385800000000	0.0912618800000000
2375	8.77878	2.1999353248317965	0.1507439850000000	0.0943476300000000
2376	8.77192	2.1996007844231573	0.1414927000000000	0.0829133300000000
2378	8.75648	2.1984494482780623	0.1285999250000000	0.0646342750000000
2381	8.75301	2.2019527054507635	0.1362747400000000	0.0934945450000000
2383	8.74242	2.1991890379229408	0.1352145100000000	0.1079109000000000
2384	8.74216	2.2002186423619778	0.1671944400000000	0.0398175550000000
2391	8.73721	2.2001830027483060	0.1580765100000000	0.0950446800000000
2392	8.73275	2.1999052196615101	0.1509856650000000	0.0763747750000000
2393	8.73275	2.1985034487628772	0.1680883050000000	0.0816463050000000
2394	8.72981	2.1984556479264326	0.1464546050000000	0.0892084000000000
2397	8.72279	2.1976818997494876	0.1570804200000000	0.1147529000000000
2399	8.71645	2.2014906485434618	0.1524634250000000	0.1018793300000000
233	16.86620	2.2099890473501285	0.1826794350000000	0.1027961500000000
235	16.86370	2.2021656522322619	0.1538772450000000	0.0986896400000000
237	16.81790	2.1995208438326732	0.1397590300000000	0.1032118500000000
238	16.79440	2.1904761194401510	0.1357105450000000	0.1144437950000000
239	16.79440	2.1998438129998270	0.1446473550000000	0.0466569400000000
22	98.06700	2.2018864927763966	0.1546840100000000	0.0841925750000000
2402	8.70886	2.1975207532462151	0.1398090850000000	0.0889831150000000
2404	8.70243	2.2007680066856041	0.1492223250000000	0.0694754850000000
2405	8.70243	2.1954607917333377	0.1527599400000000	0.0966968700000000
2406	8.69579	2.1947512256835995	0.1565202400000000	0.1060166700000000
2408	8.69451	2.2006857987119339	0.1574184900000000	0.0709033350000000
2409	8.69451	2.2001163242864763	0.1518112650000000	0.1089559750000000
2415	8.67928	2.2001702529863305	0.1618016550000000	0.0875067300000000
2416	8.66682	2.2016764407494511	0.1182455450000000	0.1146589750000000
2418	8.66452	2.2013480626383766	0.1565261250000000	0.0927906700000000
2425	8.64481	2.2015958928189105	0.1429843050000000	0.0950394850000000
2427	8.64296	2.1872741123486690	0.1451894850000000	0.0744876950000000
2429	8.64137	2.1976543667516055	0.1507424850000000	0.0763887600000000
2431	8.62991	2.2008495278690976	0.1601533600000000	0.0877950400000000
2432	8.62916	2.2005730622202799	0.1425809300000000	0.0938303300000000
2433	8.62916	2.2001823134207092	0.1369162650000000	0.1079793450000000
2434	8.62915	2.1997966084045339	0.1431653200000000	0.0928050500000000
2438	8.62822	2.2927494205007775	0.2302817100000000	0.1373332850000000
2440	8.62799	2.2012054912310637	0.1404478750000000	0.0929881950000000
2441	8.62799	2.2013323051279383	0.1455189300000000	0.1070477600000000
2449	8.62562	2.1870858385052703	0.1733130100000000	0.0623939700000000
2451	8.62547	2.2013816080360935	0.1541077400000000	0.0902395650000000
2452	8.62537	2.1977073321752534	0.1525028750000000	0.0326264700000000
2454	8.62494	2.2042347699960492	0.1420473300000000	0.1173963900000000
2460	8.62151	2.2008347355690008	0.1224929000000000	0.0690761900000000
2463	8.62143	2.2014466122191596	0.1413888050000000	0.0857529000000000
2464	8.62139	2.1997596723212167	0.1464199950000000	0.1050803600000000
2465	8.62139	2.2000863581702443	0.1388843500000000	0.1056343050000000
2468	8.61871	2.1975992244885321	0.1558970850000000	0.0893287950000000
2469	8.61871	2.2006474259746884	0.1389409750000000	0.0918632650000000
2472	8.59504	2.1995593606916914	0.1406629900000000	0.0999031050000000
2477	8.58354	2.2025458479782927	0.1509463500000000	0.0939170350000000
2478	8.57884	2.1996558573665328	0.1414968900000000	0.0745856950000000
2479	8.57884	2.1804761319561212	0.0926051150000000	0.1044188300000000
245	16.67950	2.2076840195935858	0.1608364850000000	0.0662639250000000
2485	8.55654	2.2005973169940614	0.1378250000000000	0.0825882800000000
2488	8.54109	2.2006156198114142	0.1429976750000000	0.0980704200000000
2489	8.54109	2.1996260483763690	0.1474184450000000	0.1030440850000000
2492	8.53909	2.2006637364705441	0.1461764900000000	0.1065507450000000
2498	8.53773	2.2021977321587785	0.1477486150000000	0.0894458700000000
2506	8.53691	2.2021572011107184	0.1191612000000000	0.0624691650000000
2511	8.53659	2.2014782756727231	0.1418032150000000	0.0818990500000000
2513	8.53601	2.1986927718229818	0.1592757550000000	0.0827519700000000
2515	8.53595	2.1984044138290462	0.1577935050000000	0.0652980900000000
2520	8.53184	2.1985232063775491	0.1491128950000000	0.1023616700000000
2522	8.53153	2.1973556260897702	0.1504997050000000	0.0985136250000000
2527	8.52658	2.1972919602289034	0.1431690850000000	0.0887292150000000
2529	8.52617	2.1773226514394399	0.1648412950000000	0.0667800750000000
2533	8.51847	2.1995970872620583	0.1248369900000000	0.0953176900000000
2536	8.51130	2.2014774631384806	0.1441541450000000	0.0886384050000000
2537	8.51130	2.2004533832666104	0.1317597950000000	0.0775170550000000
2542	8.49075	2.2007400767437866	0.1360792400000000	0.0832033500000000
2543	8.49075	2.2015935982472943	0.1363782150000000	0.0740607100000000
2544	8.48967	2.2009615391853163	0.1439122250000000	0.0888707100000000
2550	8.48000	2.2014638994110785	0.1493383350000000	0.0933380550000000
2551	8.48000	2.2070115037108913	0.1622540900000000	0.0737427300000000
2558	8.48000	2.1996270680944945	0.1551580400000000	0.0586714100000000
248	16.57590	2.2036898146497532	0.1666641300000000	0.0479823500000000
249	16.57590	2.1984901177644378	0.1408149150000000	0.0839141950000000
250	16.51990	2.2004623667078231	0.1456063900000000	0.0877374250000000
251	16.51990	2.1990837884945500	0.1410942350000000	0.0630859050000000
252	16.50140	2.2033732851610179	0.1642834650000000	0.0808731050000000
253	16.50140	2.1990047657125897	0.1402548850000000	0.0834369700000000
2560	8.48000	2.2025356858256924	0.1514948400000000	0.0873131300000000
2561	8.48000	2.2020477231393163	0.1412519800000000	0.0987132850000000
2567	8.48000	2.1981282892413452	0.1259683200000000	0.0961175600000000
2569	8.48000	2.2014734094007906	0.1532189150000000	0.1223756250000000
2570	8.47797	2.1932434769321660	0.1576370000000000	0.0581683500000000
2578	8.46680	2.2021639139372082	0.1415185950000000	0.0927511650000000
2580	8.46656	2.1985514024499571	0.1252799850000000	0.1101462350000000
2584	8.46055	2.3288439307968631	0.2573199000000000	0.0511196250000000
2586	8.46000	2.2006175764413127	0.1621109550000000	0.0750471550000000
2587	8.46000	2.1985441088136950	0.1454118700000000	0.0807290650000000
2589	8.44800	2.2013653950981040	0.1263674700000000	0.0948070600000000
2597	8.43458	2.1980392964383380	0.1293714000000000	0.1009260650000000
2598	8.43092	2.2600637264960857	0.1827722100000000	0.0990938450000000
2601	8.42770	2.2013749551725676	0.1452396750000000	0.0902679100000000
2603	8.42299	2.2014297689783175	0.1398628650000000	0.0972404400000000
2609	8.41614	2.2014945594875037	0.1484121250000000	0.0637103550000000
2614	8.40334	2.2000022756698510	0.1517128400000000	0.0801577200000000
2615	8.40334	2.1985022947671324	0.1347686800000000	0.1088097600000000
2616	8.40227	2.2174690581495407	0.2349982750000000	0.1410702850000000
2617	8.40227	2.1980383150370679	0.1427136850000000	0.1124055750000000
2619	8.39487	2.2019724637359301	0.1581558650000000	0.1001192450000000
2620	8.39137	2.2015267387772308	0.1365309200000000	0.0785354100000000
2623	8.38740	2.2219353768096237	0.1747397850000000	0.0822813050000000
2624	8.38712	2.2006450820723908	0.1541400350000000	0.0966258100000000
2625	8.38712	2.2011830965474002	0.1453617100000000	0.0954430450000000
2627	8.38446	2.2300790046002330	0.1727552800000000	0.0746896250000000
2629	8.37889	2.1994088704103127	0.1543015000000000	0.1044998350000000
2630	8.37462	2.1968745586629557	0.1511077250000000	0.1027598550000000
2633	8.37012	2.1976820726624973	0.1498715650000000	0.0898907900000000
2634	8.36918	2.2021583298285696	0.1446436450000000	0.1119644300000000
2635	8.36918	2.2555876513176623	0.1956477000000000	0.0798628100000000
2638	8.36731	2.2001065168992464	0.1248041900000000	0.1049039800000000
257	16.45850	2.2004185217981620	0.1573416850000000	0.0876920200000000
258	16.44450	2.2443148525376824	0.1941814450000000	0.0408302200000000
2640	8.36730	2.1987528502734834	0.1193366850000000	0.1121130500000000
2642	8.36655	2.2001813403232973	0.1536031700000000	0.0986097350000000
2643	8.36655	2.2005136567819772	0.1365191000000000	0.0910789750000000
2647	8.36622	2.2022172693270292	0.1429005000000000	0.0767909700000000
2650	8.36541	2.1998143718768848	0.1494625100000000	0.0949522150000000
2655	8.36483	2.1983284688110980	0.0873064700000000	0.0812839950000000
2656	8.36471	2.1998961872666847	0.1402983000000000	0.1148288350000000
2666	8.35941	2.1998807135740117	0.1463742500000000	0.0833531300000000
2667	8.35941	2.2015600584322299	0.1452000300000000	0.0866802150000000
2672	8.35329	2.1960903173143356	0.1623777050000000	0.0978059350000000
2673	8.35329	2.2005148372262360	0.1495503350000000	0.0997704550000000
2674	8.35100	2.1862694611516815	0.1359541000000000	0.1167438450000000
2675	8.35100	2.1985022767457063	0.1459761500000000	0.0832785300000000
2676	8.34964	2.2012766752131934	0.1601484400000000	0.1129013950000000
2677	8.34964	2.1993765276252626	0.1345380600000000	0.0926166400000000
2680	8.34857	2.2040465438078534	0.1580021800000000	0.0472412150000000
2681	8.34857	2.2015798823481072	0.1354659450000000	0.0885707800000000
2682	8.34790	2.2006450895129341	0.1411242000000000	0.0757899000000000
2683	8.34790	2.2000018142828823	0.1569978400000000	0.0994602350000000
2684	8.34776	2.2021341358436972	0.1378398850000000	0.1102500700000000
2686	8.34726	2.2100203944156687	0.1641482450000000	0.0981498900000000
2687	8.34726	2.2009560379341622	0.1342043300000000	0.0920996500000000
2693	8.34483	2.2056991327652584	0.1655594000000000	0.1006779850000000
2696	8.34384	2.1984861306746990	0.1567076600000000	0.0734804300000000
2697	8.34384	2.1970298591483903	0.1559083700000000	0.0639716900000000
2702	8.34188	2.1958830865863104	0.1679260900000000	0.1222465450000000
2705	8.34054	2.1980314384932065	0.1264959800000000	0.0894798500000000
2706	8.33796	2.1954609670160532	0.1467796200000000	0.0959730450000000
2707	8.33796	2.2018556387269084	0.1203799550000000	0.1136847000000000
2709	8.33427	2.2014091165770631	0.1494673000000000	0.0868910400000000
2712	8.32388	2.2014447315380403	0.1480241200000000	0.1039390700000000
2717	8.31924	2.2020409519180695	0.1464713200000000	0.0886331700000000
2718	8.31015	2.1984848760140108	0.1634357850000000	0.1266017650000000
264	16.21370	2.2617669203041295	0.2155130650000000	0.1411786500000000
265	16.21370	2.2425982912763192	0.1892690250000000	0.1200682150000000
268	16.15410	2.1992394773638999	0.1501111750000000	0.0911178200000000
270	16.15400	2.2000375019351597	0.1672954750000000	0.1035138300000000
271	16.15400	2.2001457390773158	0.1444624450000000	0.1030505800000000
2720	8.30884	2.2012625114697593	0.1466311700000000	0.0988620850000000
2722	8.30872	2.2001655515772143	0.1430391150000000	0.0806804800000000
2723	8.30872	2.2001221296406062	0.1592946600000000	0.0969843700000000
2724	8.30642	2.1998584743685328	0.1418751150000000	0.0800940250000000
2725	8.30642	2.2393667707563383	0.2013506450000000	0.0679919000000000
2727	8.30497	2.2008725807626335	0.1565062400000000	0.0587658150000000
2728	8.30123	2.2002189416696893	0.1467473900000000	0.0910632750000000
2734	8.27979	2.2003172614880238	0.1342970300000000	0.0996183750000000
2736	8.27930	2.1975101661601921	0.1642072950000000	0.0906884550000000
2746	8.27183	2.1861959735412899	0.1653075500000000	0.0913985850000000
2751	8.27016	2.2005520449780511	0.1544761850000000	0.0750160350000000
2758	8.26374	2.2007419388306171	0.1430785600000000	0.0952669000000000
2762	8.26118	2.3415333329074697	0.2720733850000000	0.1206601800000000
2764	8.25435	2.2022419395849968	0.1637461150000000	0.0982869700000000
2765	8.25435	2.2009567844009212	0.1564196100000000	0.0647744650000000
2766	8.24826	2.1978105641043890	0.1330291300000000	0.0954832750000000
2767	8.24826	2.2357354897205202	0.1903612900000000	0.1147903200000000
2771	8.24336	2.2003961164264818	0.1340420850000000	0.1041546850000000
2772	8.23918	2.1914281581921213	0.1489900550000000	0.0885505350000000
2773	8.23918	2.2014700978674449	0.1569664150000000	0.1055991950000000
2774	8.23870	2.1946690209569892	0.1546304350000000	0.0941322850000000
2778	8.23466	2.1999024441538793	0.1423372550000000	0.1089672050000000
2779	8.23466	2.2021708265072109	0.1635975900000000	0.0772340700000000
2781	8.23239	2.1990239593784930	0.1207385900000000	0.0995472250000000
2782	8.22956	2.1975292490191229	0.1401392450000000	0.1029781950000000
2783	8.22956	2.2021038928384256	0.1385759850000000	0.0967999750000000
2786	8.22882	2.2020427616173364	0.1463935550000000	0.0997351700000000
2787	8.22882	2.2004891121222392	0.1584159300000000	0.0522488900000000
2788	8.22517	2.1999021825066687	0.1419270400000000	0.0740015550000000
2792	8.22157	2.2020549643496143	0.1563015450000000	0.0980142250000000
2793	8.22157	2.2001613369685042	0.1548777750000000	0.1047790250000000
2795	8.21916	2.2012175578106077	0.1197314050000000	0.1175276450000000
2796	8.21880	2.1985252880430788	0.1581881900000000	0.0928772300000000
274	16.00470	2.2012218459022357	0.1473648100000000	0.0998371950000000
275	16.00470	2.2004352754336511	0.1481571150000000	0.0638663800000000
276	15.97560	2.3361074008911333	0.2740106350000000	0.1005122600000000
278	15.81910	2.1990161153884094	0.1453502550000000	0.1059392150000000
279	15.81910	2.2000867575391587	0.1299810150000000	0.1124222400000000
2800	8.21535	2.2642865173167857	0.2029239750000000	0.1217055050000000
2802	8.21484	2.2003786012548412	0.1402772050000000	0.1064729950000000
2803	8.21484	2.1995030836630223	0.1398547800000000	0.0825229150000000
2806	8.20236	2.2000291669693235	0.1235587550000000	0.0894865650000000
2807	8.20236	2.2010518985400505	0.1401063000000000	0.0979805000000000
2808	8.20000	2.2021044488245334	0.1268260900000000	0.0760545100000000
2813	8.20000	2.2013041517999405	0.1583253350000000	0.0919212850000000
2815	8.20000	2.1978958327621041	0.1317724200000000	0.0859792450000000
2816	8.20000	2.2023069836255353	0.1473731650000000	0.0651465400000000
2818	8.20000	2.2008265741620825	0.1266241950000000	0.0933192900000000
2819	8.20000	2.1978317609798501	0.1390547900000000	0.1065628400000000
2820	8.20000	2.1992468859526348	0.1554808000000000	0.0835281700000000
2822	8.20000	2.4315112908595609	0.2634424600000000	0.0992440100000000
2823	8.20000	2.1980952797422342	0.1231745600000000	0.0551521650000000
2827	8.20000	2.1956523008976099	0.1543133650000000	0.0724656100000000
2830	8.20000	2.2014907796327114	0.1579965500000000	0.0614429950000000
2832	8.20000	2.2014913225771049	0.1356576150000000	0.1013793450000000
2836	8.20000	2.2014739361347138	0.1472485150000000	0.0781843800000000
2837	8.20000	2.1982492567166219	0.1444053750000000	0.0889200700000000
2841	8.19420	2.2014067943812798	0.1606689250000000	0.0968445400000000
2842	8.19382	2.1971143196269836	0.1514957400000000	0.0974728500000000
2843	8.19382	2.2010994940487012	0.1240137500000000	0.0811971750000000
2844	8.19066	2.2027596467173414	0.1498495900000000	0.0974810200000000
2848	8.18384	2.1983822543770959	0.1454548200000000	0.0854645600000000
2854	8.17129	2.1874429564735016	0.1481489700000000	0.1143938050000000
2855	8.17129	2.1973375193224078	0.1605305950000000	0.1026969950000000
2858	8.16935	2.1966748231191597	0.1418708300000000	0.0933958500000000
2860	8.16836	2.2004431971414338	0.1462070150000000	0.0945223250000000
2861	8.16836	2.1955018175954986	0.1453849500000000	0.0872524700000000
2862	8.16758	2.2016216216350259	0.1390048500000000	0.0930853350000000
2863	8.16758	2.2015096956285012	0.1184823950000000	0.0888683150000000
2864	8.16645	2.2001216389645242	0.1549943050000000	0.0908739600000000
2867	8.16450	2.2222672159200831	0.1994898050000000	0.1275470350000000
2868	8.16181	2.1998198382505825	0.1310158400000000	0.0989375700000000
2869	8.16181	2.2008989210830219	0.1531409750000000	0.0509876750000000
2870	8.15953	2.1954228406275265	0.1119727200000000	0.0607101650000000
2872	8.15888	2.1963349865978548	0.1496856850000000	0.0960380350000000
2877	8.14937	2.1977516032347881	0.1430332200000000	0.0744679700000000
2878	8.14594	2.1979649327933242	0.1305510600000000	0.1194525400000000
280	15.79130	2.1646335685305216	0.1366106850000000	0.0666692650000000
285	15.59030	2.1995082132744042	0.1565803300000000	0.1038439650000000
286	15.37460	2.3645731492309809	0.2580117000000000	0.1136497500000000
2886	8.13966	2.2014742641942480	0.1464920700000000	0.1032235800000000
2887	8.13966	2.2001434961556754	0.1243514250000000	0.0743290300000000
2889	8.13955	2.2040507620315450	0.1696181050000000	0.1251480450000000
2891	8.13890	2.2017977618643934	0.1329851050000000	0.0998584150000000
2892	8.13840	2.2014559841219379	0.1374715950000000	0.0355941850000000
2893	8.13840	2.1984716378759210	0.1686804200000000	0.1017834650000000
2899	8.13645	2.1996782602117424	0.1233871000000000	0.0935815000000000
2901	8.13578	2.1979633717995579	0.1436351150000000	0.0929506250000000
2906	8.13301	2.1968459674538736	0.1649605650000000	0.0690391200000000
2907	8.13301	2.1972385173414533	0.1359173900000000	0.0833663900000000
2908	8.13284	2.1995350339929338	0.1573563750000000	0.0825696400000000
2909	8.13284	2.3739200489942798	0.2520795800000000	0.1205825650000000
2913	8.12955	2.2005249842861496	0.1567313550000000	0.0687935100000000
2919	8.12592	2.1823670162384223	0.1950358300000000	0.1151806600000000
2925	8.12265	2.1996542632126448	0.1313841700000000	0.1046264700000000
2927	8.12189	2.2028002264877058	0.1561525300000000	0.0807479000000000
2932	8.11972	2.2018984554304559	0.1535874700000000	0.0907836750000000
2933	8.11972	2.1954240400469871	0.1555094150000000	0.0913084100000000
2934	8.11876	2.1994032875336682	0.1478814050000000	0.0963900200000000
2938	8.11091	2.1978445877235830	0.1582732450000000	0.1000422750000000
2940	8.11078	2.1983705408774750	0.1482286950000000	0.0919196450000000
2941	8.11078	2.2008040371068436	0.1547232500000000	0.0794454650000000
2944	8.10951	2.1985067501108699	0.1525744350000000	0.0912595500000000
2948	8.10659	2.1968948184001129	0.1718819550000000	0.1011550550000000
2949	8.10659	2.2018149386042776	0.1395030350000000	0.0581639400000000
2951	8.10431	2.2015489626597291	0.1468214100000000	0.1029340200000000
2952	8.09909	2.2029541689552872	0.1492210800000000	0.1164487900000000
2955	8.09854	2.2019955052258222	0.1573991550000000	0.0670525150000000
2959	8.09785	2.1943356973044623	0.1600248050000000	0.0866316150000000
289	15.35480	2.2005816952321871	0.1510227650000000	0.0881101950000000
290	15.33460	2.2015440000887105	0.1404397250000000	0.0883592400000000
293	15.33040	2.2001188975213575	0.1556884400000000	0.0993506350000000
294	15.28500	2.1979488664370184	0.1306500650000000	0.0816349550000000
295	15.28500	2.1995508448901564	0.1285537750000000	0.1010933450000000
2961	8.09740	2.1986825882780785	0.0915721100000000	0.0689060750000000
2962	8.09702	2.2019670866683123	0.1453818950000000	0.0684855850000000
2963	8.09702	2.1973924085680698	0.1297193700000000	0.1281042150000000
2964	8.09688	2.1960286690693671	0.1691106600000000	0.1048278700000000
2966	8.09614	2.2003132183637324	0.1278056750000000	0.1142035500000000
2968	8.09578	2.1974474061517930	0.1626645650000000	0.0990238850000000
2969	8.09578	2.2326008120995788	0.1879716100000000	0.0894852800000000
2970	8.09432	2.2015284320264987	0.1496005800000000	0.0976837250000000
2971	8.09432	2.1977731754747993	0.1150564200000000	0.0642415100000000
2972	8.09383	2.2013562245754215	0.1589469700000000	0.0915276850000000
2973	8.09383	2.2033552500402371	0.1489630150000000	0.0688807100000000
2976	8.09157	2.1991482364183135	0.1457133950000000	0.0426443200000000
2977	8.09157	2.2589333045829583	0.1738275350000000	0.1039100150000000
2978	8.09141	2.2004433771551857	0.1515486400000000	0.1085021600000000
2985	8.09051	2.2023657518994750	0.1525002050000000	0.0983445650000000
2987	8.09000	2.2041211908167697	0.1685634650000000	0.0662674750000000
2988	8.09000	2.2102067810556991	0.1734487700000000	0.0717368150000000
2993	8.09000	2.1998840132087198	0.1410490550000000	0.0381452650000000
2994	8.09000	2.1978936825284463	0.1226190400000000	0.0649781200000000
2995	8.09000	2.1984508701490140	0.1386647550000000	0.1130013300000000
2998	8.09000	2.2019358448411253	0.1279652500000000	0.1073980950000000
3003	8.09000	2.1979447138331434	0.1530656150000000	0.0904793150000000
3007	8.09000	2.1957499265484315	0.1362782600000000	0.0376363250000000
3008	8.09000	2.1984956965467206	0.1482896500000000	0.1024593250000000
3010	8.09000	2.2024852440716973	0.1620319750000000	0.1052078050000000
3011	8.09000	2.2012620744636284	0.1409012950000000	0.1042461500000000
3012	8.09000	2.1971163829490736	0.1627672650000000	0.0798018600000000
3013	8.09000	2.1989519145886849	0.1381129750000000	0.1126904450000000
3014	8.09000	2.2006438709685807	0.1305573400000000	0.1008524450000000
3017	8.09000	2.2014478969451408	0.1568121150000000	0.0952071800000000
3018	8.09000	2.2156974526370155	0.1751211900000000	0.1022408300000000
3020	8.09000	2.1984782347367595	0.1569620900000000	0.0837965000000000
3021	8.09000	2.2008249141846892	0.1555605950000000	0.0945399650000000
3022	8.09000	2.1903885294079237	0.1363147600000000	0.1022681550000000
3023	8.09000	2.2002034081405015	0.1292088450000000	0.0581747050000000
3024	8.08933	2.1972509809116008	0.1159781700000000	0.1076469950000000
3026	8.08870	2.2021829954409489	0.1687783450000000	0.0677037250000000
3027	8.08870	2.1991186511577596	0.1529449250000000	0.1083005550000000
3029	8.08834	2.3701219374082223	0.2961380050000000	0.1279118400000000
3031	8.08665	2.2017032099843910	0.1601760600000000	0.1010079000000000
3035	8.08582	2.1984598823997121	0.1553061350000000	0.1030279450000000
3036	8.08477	2.2001737692357621	0.1363031800000000	0.0805121700000000
3037	8.08477	2.2017039364866329	0.1524396600000000	0.0893416650000000
3039	8.08469	2.2013786510136870	0.1616020200000000	0.0407755650000000
300	15.20500	2.1993526348690802	0.1520902350000000	0.0933594150000000
302	15.16550	2.1996551956190991	0.1340097350000000	0.1042423250000000
303	15.16550	2.2004914916459919	0.1486888950000000	0.1052481750000000
3042	8.08148	2.4422214443481907	0.2663186750000000	0.1100862750000000
3043	8.08148	2.2277980455422774	0.1849132000000000	0.1587254800000000
3044	8.08006	2.1986525605967833	0.1614648200000000	0.0890617700000000
3045	8.08006	2.2008955700606445	0.1637847300000000	0.0365291750000000
3046	8.07997	2.1984918507533009	0.1497265900000000	0.0810298800000000
3050	8.07978	2.2004157717249377	0.1501064600000000	0.0688567950000000
3051	8.07978	2.2699436028059319	0.2277198650000000	0.2012033300000000
3052	8.07878	2.1948497259035040	0.1396859000000000	0.0952824350000000
3055	8.07877	2.2012354563309744	0.1486641650000000	0.0628994550000000
3058	8.07629	2.2004321623185352	0.1404589000000000	0.0904503550000000
3061	8.07613	2.1922054857176945	0.1299863450000000	0.1074415950000000
3062	8.07519	2.1976666115240535	0.1600080800000000	0.0766624150000000
3063	8.07519	2.2007695972218242	0.1359574500000000	0.0960603750000000
3064	8.07504	2.2018856751556579	0.1286341700000000	0.0983740850000000
3066	8.07475	2.2023287215709653	0.1552735100000000	0.0864737650000000
3068	8.07404	2.1953076311602948	0.1696793450000000	0.1147540900000000
3075	8.07165	2.1962006541892189	0.1648917600000000	0.1108490050000000
3076	8.07056	2.2373177236210862	0.1888661850000000	0.0880232300000000
3077	8.07056	2.1994647723667642	0.1465745700000000	0.1033724300000000
3080	8.06908	2.1990085530686159	0.1476588250000000	0.0990821900000000
3085	8.06592	2.1994499964936836	0.1206468050000000	0.0590984800000000
3088	8.06143	2.1986066553045442	0.1462478750000000	0.1011934750000000
3090	8.05591	2.1984878692821863	0.1299128000000000	0.0726205350000000
3091	8.05591	2.1968117222984542	0.1408655350000000	0.0849931600000000
3094	8.05502	2.2001231831577033	0.1476029700000000	0.1009513150000000
3096	8.05430	2.1999819236986164	0.1288616350000000	0.0981224650000000
3097	8.05430	2.1797425566408730	0.1707997800000000	0.0651488550000000
3098	8.05418	2.2018814174946950	0.1434894600000000	0.1038389950000000
3099	8.05418	2.2002880502839863	0.1556298350000000	0.1038243350000000
3101	8.05284	2.2001703815116262	0.1209620950000000	0.0588993350000000
3103	8.05240	2.1974168475753584	0.1620690350000000	0.0964901200000000
3104	8.05108	2.2001617268754399	0.1498469650000000	0.0831450900000000
3106	8.05001	2.1974077122496820	0.1614862500000000	0.0904826800000000
3107	8.05001	2.1955367730940489	0.1571945050000000	0.1070775750000000
3109	8.04961	2.1924995540621848	0.1354890150000000	0.0947087550000000
3110	8.04777	2.2168744900991539	0.1474590150000000	0.1197675750000000
3111	8.04777	2.2019011336504071	0.1431970100000000	0.0867421950000000
3113	8.04733	2.1996629402205725	0.1398276400000000	0.0832300550000000
3116	8.04640	2.1996230084296506	0.1498637050000000	0.1069545250000000
3117	8.04640	2.2003129281693901	0.1434375300000000	0.1026898550000000
3119	8.04453	2.1977616662067274	0.1492268800000000	0.0842387750000000
304	15.13640	2.1998663109835777	0.1260904500000000	0.0370895200000000
305	15.13640	2.2008288447162254	0.1478168900000000	0.0849419150000000
306	15.11510	2.1984790224906914	0.1459605300000000	0.0854058300000000
311	15.04170	2.1997933871533308	0.1428790200000000	0.0994888900000000
3123	8.04340	2.2000859251521661	0.1403740650000000	0.1083365450000000
3126	8.04223	2.1962732941116374	0.1624278350000000	0.1030590600000000
3128	8.04112	2.1996457570932355	0.1615421900000000	0.1152755700000000
3129	8.04112	2.1955198018130018	0.1533296050000000	0.0816186200000000
3131	8.04084	2.1971134108425332	0.1499573800000000	0.0904798400000000
3135	8.04006	2.2860282585781193	0.2099558550000001	0.0755951450000000
3136	8.03868	2.2005157564688060	0.1599826800000000	0.1051261050000000
3141	8.03554	2.3131528262275491	0.2147979800000000	0.1002717050000000
3142	8.03299	2.2014100433873067	0.1526704850000000	0.0720499950000000
3148	8.02785	2.2057330659919274	0.1683244100000000	0.0380097300000000
3150	8.02781	2.1994537169850230	0.1465688350000000	0.0977903650000000
3152	8.02779	2.1980185548811324	0.1630003750000000	0.0984894400000000
3153	8.02779	2.2014607272064834	0.1530941400000000	0.0861980450000000
3154	8.02334	2.2033968437497018	0.1700575300000000	0.0714938300000000
3155	8.02334	2.1976244380922174	0.1446700350000000	0.1028934100000000
3156	8.02310	2.1996157659603495	0.1497229950000000	0.1018287200000000
3157	8.02310	2.1512755865719484	0.1084078900000000	0.0821527600000000
3158	8.01843	2.2308355050098485	0.2008082600000000	0.1205254700000000
3160	8.01725	2.2015012976173125	0.1687565750000000	0.1016087000000000
3162	8.01282	2.2004762178012505	0.1282205250000000	0.0944197050000000
3163	8.01282	2.2057392645319021	0.1512877750000000	0.0978397900000000
3166	8.01092	2.2005934418541115	0.1294503900000000	0.1258994000000000
3169	8.01082	2.1976703106081272	0.1136515800000000	0.0532247150000000
3170	8.01077	2.1995597098955342	0.1575718850000000	0.1008477700000000
3171	8.01077	2.2004558764695430	0.1408890700000000	0.0878029500000000
3172	8.01076	2.1985416001358491	0.1333955050000000	0.1089176800000000
3174	8.01072	2.2855386723217359	0.2330477300000000	0.1421833200000000
3176	8.01068	2.2018699967670639	0.1305119900000000	0.1030339900000000
3179	8.01058	1.9674366582571563	0.1858818950000000	0.3168902150000000
3184	8.01041	2.1788752029166560	0.1271978650000000	0.0732888000000000
3186	8.01038	2.2014796845401130	0.1591841850000000	0.0585824450000000
312	15.02260	2.2017131640073146	0.1453020300000000	0.1101405850000000
313	15.02260	2.1992319556891538	0.1458574900000000	0.0997914000000000
314	15.01960	2.1983445943898854	0.1545369750000000	0.1046494900000000
315	15.01960	2.2057648673116605	0.1580507950000000	0.0839819850000000
318	14.98660	2.2168340619270550	0.1516689550000000	0.0390533800000000
319	14.98660	2.1993947056790839	0.1435217300000000	0.0892793450000000
24	94.60730	2.2003922307413517	0.1583229500000000	0.0879836500000000
25	94.60730	2.1994740670063826	0.1450181300000000	0.0934745750000000
26	87.04670	2.1994332438407045	0.1487630850000000	0.0870770150000000
29	80.53700	2.2011519756546378	0.1242239250000000	0.0868974100000000
30	76.54120	2.3771722135037145	0.2620584850000000	0.0778416750000000
321	14.98120	2.2001257301393404	0.1400396850000000	0.0863926450000000
322	14.93200	2.1963173818663311	0.1438558700000000	0.0917246500000000
324	14.87310	2.1983989084247457	0.1591272500000000	0.0991877350000000
325	14.87310	2.1986362628551901	0.1553336000000000	0.0936079150000000
326	14.79800	2.2006272300201055	0.1497779700000000	0.0726498950000000
331	14.71390	2.2001798379623754	0.1421847300000000	0.0772970250000000
333	14.68190	2.1656547029860254	0.1576196550000000	0.1382933900000000
336	14.66130	2.2390611933025952	0.2101394250000000	0.1222907750000000
338	14.65620	2.1954337681801106	0.1468762750000000	0.0885085800000000
340	14.65040	2.1671673478727613	0.0964958250000000	0.0489459350000000
343	14.64570	2.1993183946751671	0.1371316600000000	0.0872297200000000
346	14.61920	2.2060582619519269	0.1521669500000000	0.0959560950000000
348	14.61380	2.1999687311504679	0.1513344150000000	0.0812818700000000
349	14.61380	2.1980188061723669	0.1384917250000000	0.0951137150000000
351	14.57300	2.2002701941614808	0.1456980950000000	0.1047666100000000
352	14.56770	2.1984865569344971	0.1726288600000000	0.1162409200000000
353	14.56770	2.2982808925096156	0.2219843900000000	0.1298455000000000
355	14.55770	2.1980323327604112	0.1560679150000000	0.1011567000000000
361	14.54000	2.1993765696676104	0.1445522950000000	0.1000600500000000
362	14.53350	2.1968483511323229	0.1501184200000000	0.0920566300000000
363	14.53350	2.1976052576996588	0.1442049250000000	0.0963434000000000
364	14.51810	2.1969358779565709	0.1507839300000000	0.0762645300000000
365	14.51810	2.1994187737180293	0.1448989700000000	0.0974938150000000
369	14.49040	2.1999563639717561	0.1270779850000000	0.1009762150000000
370	14.46400	2.1964942348982603	0.1453579750000000	0.1060227450000000
371	14.46400	2.1996995001359037	0.1189374450000000	0.0657344750000000
372	14.42060	2.1974639718096620	0.1509669350000000	0.0936372150000000
379	14.38140	2.1849509639020925	0.1361549900000000	0.0852560600000000
384	14.28480	2.1996006159488291	0.1530207500000000	0.0974505050000000
387	14.18730	2.1998845308985806	0.1406265450000000	0.1052764850000000
390	14.17370	2.2005490121051836	0.1468721500000000	0.1071362650000000
391	14.17370	2.2040349225324913	0.1629493150000000	0.1057910150000000
394	14.07540	2.2001699892911200	0.1537293800000000	0.1073220550000000
395	14.07540	2.3555169036081374	0.2876227300000000	0.1606488100000000
396	14.06080	2.2014348260266425	0.1473642750000000	0.0974587700000000
397	14.06080	2.1985296584204810	0.1486837800000000	0.1002404000000000
399	14.05760	2.1985751405206591	0.1598566250000000	0.1078408250000000
32	70.71640	2.2004767623904105	0.1355497750000000	0.0852275550000000
33	70.71640	2.1906993647016400	0.1413396550000000	0.0666225800000000
34	68.84570	2.2494086476018569	0.2072975850000000	0.0918597950000000
35	68.84570	2.2001425211070722	0.1416669200000000	0.0845256200000000
37	67.20040	2.1981780509087550	0.1633269850000000	0.0782481900000000
38	61.69190	2.2001413074960596	0.1601510450000000	0.0965113000000000
39	61.69190	2.2126155573702597	0.1743699100000000	0.1366788900000000
401	14.01960	2.1998992395030315	0.1406385850000000	0.0454046250000000
407	13.94830	2.2006152175007441	0.1381650500000000	0.0888982750000000
408	13.91000	2.1975127158813090	0.1798765800000000	0.1145334250000000
410	13.90950	2.1809608458216099	0.1383640600000000	0.1050892050000000
411	13.90950	2.2004059377394509	0.1376691850000000	0.0892026200000000
414	13.85370	2.2002969223701481	0.1385969600000000	0.0860672950000000
418	13.68290	2.2001586747920965	0.1311458300000000	0.0937996100000000
419	13.68290	2.2057427287810505	0.1594985750000000	0.1051063550000000
422	13.54540	2.2000789149867965	0.1411409300000000	0.0894706750000000
423	13.54540	2.2317644903798111	0.1913311200000000	0.0939021200000000
425	13.54440	2.2014798353989646	0.1540028300000000	0.0867975700000000
427	13.50120	2.2278623270007274	0.1706793150000000	0.1271657050000000
432	13.40180	2.1992667855830721	0.1489988400000000	0.0927719400000000
436	13.38880	2.2001347327648233	0.1524309800000000	0.1052210600000000
438	13.38340	2.2006402302265355	0.1516728750000000	0.0936527000000000
439	13.38340	2.2015352601296203	0.1634012050000000	0.0686172500000000
444	13.36750	2.1998433663385351	0.1549286050000000	0.0950194300000000
445	13.36750	2.2359681879048181	0.1937365650000000	0.0571556250000000
447	13.34220	2.2001138575758366	0.1187144050000000	0.0675687500000000
450	13.33800	2.1943607127711924	0.1572979500000000	0.1015066250000000
452	13.33780	2.3488677147303396	0.2359151900000000	0.0879517800000000
454	13.33650	2.1999577309978329	0.1412707650000000	0.0942757150000000
456	13.33480	2.2028580322851892	0.1590025150000000	0.0364992350000000
459	13.32660	2.1990854899120418	0.1368262650000000	0.1013396800000000
460	13.31720	2.2024485881032687	0.1617571000000000	0.0771001200000000
463	13.31140	2.1998508213358772	0.1385753000000000	0.0893885500000000
465	13.29930	2.2002516838167954	0.1511011650000000	0.0997107450000000
468	13.28160	2.2020515285918205	0.1420027800000000	0.1012766600000000
471	13.28050	2.3776348285244038	0.2390842650000000	0.1103824000000000
472	13.26610	2.1984878822400806	0.1282463400000000	0.0782304800000000
473	13.26610	2.2413510842527873	0.1899590900000000	0.1118963200000000
474	13.26380	2.2003844870982667	0.1543403100000000	0.0942892200000000
477	13.25220	2.1985621421227810	0.1542312000000000	0.0981033950000000
479	13.23430	2.2003698457333245	0.1273126350000000	0.0885761600000000
43	59.26770	2.1993318040463663	0.1207491750000000	0.0606429200000000
46	53.66980	2.1998882100789277	0.1522543200000000	0.0749851200000000
480	13.21680	2.2002501974269499	0.1384770400000000	0.0976991400000000
482	13.21390	2.1994485269277582	0.1424818550000000	0.0925595900000000
485	13.21000	2.1978780555301562	0.1303546250000000	0.0865578750000000
489	13.21000	2.1999902649686680	0.1381144550000000	0.0884023350000000
490	13.21000	2.2014540898273558	0.1491482100000000	0.1081455300000000
491	13.21000	2.1978288186277934	0.1675513600000000	0.0943586700000000
496	13.21000	2.1994624239918337	0.1453190500000000	0.0979816750000000
501	13.21000	2.1977691403473116	0.1552411450000000	0.1059433850000000
502	13.20940	2.1984366216518869	0.1378684800000000	0.1092907500000000
503	13.20940	2.2005431427275610	0.1454097900000000	0.0933938250000000
505	13.20780	2.2006889760241375	0.1191922150000000	0.0735460200000000
507	13.20770	2.1976884294620467	0.1525469600000000	0.0730930050000000
508	13.20740	2.2000369061170262	0.1587181450000000	0.0971562050000000
509	13.20740	2.1850381430688657	0.1527932850000000	0.1179352350000000
510	13.20650	2.1999817928396936	0.1448633500000000	0.0986943800000000
513	13.20600	2.1989428773732946	0.1269598650000000	0.0882890350000000
514	13.20600	2.2008732039650480	0.1601551500000000	0.0699956450000000
515	13.20600	2.1985353285292693	0.1441450400000000	0.0934974300000000
516	13.20490	2.1974984045941959	0.1432033550000000	0.0962852150000000
517	13.20490	2.2000058251499857	0.1561841550000000	0.0790382050000000
518	13.20380	2.1988344457106543	0.1259454900000000	0.1138806850000000
523	13.19800	2.2002435580128110	0.1467973400000000	0.0908720350000000
526	13.19720	2.1944953231267372	0.1322537050000000	0.0850824800000000
531	13.19420	2.2022973020606389	0.1506355000000000	0.0871805500000000
532	13.19230	2.2009553535523625	0.1336341100000000	0.0919483900000000
533	13.19230	2.2738382806249664	0.2162023350000000	0.1282791650000000
535	13.19200	2.2006802743342333	0.1647810250000000	0.0822363900000000
536	13.19110	2.1986800772845627	0.0853670250000000	0.0938253550000000
537	13.19110	2.1995462447069598	0.1437575500000000	0.0865451550000000
540	13.16820	2.3052058685854009	0.2206226850000000	0.1085338900000000
544	13.10570	2.1998171815622269	0.1520213600000000	0.1042421150000000
547	13.09850	2.1959874053831099	0.1217086650000000	0.0501786800000000
549	13.08220	2.1985811847347905	0.1592793100000000	0.0745157300000000
551	13.07680	2.1987625062782756	0.1617880150000000	0.1093167000000000
554	13.06620	2.1985110847602169	0.1393179100000000	0.1025015600000000
49	53.59700	2.1920403473737857	0.1580650600000000	0.1235643400000000
50	47.21450	2.1991812358414080	0.1693711150000000	0.0908190550000000
51	47.21450	2.2001528967988748	0.1631686650000000	0.0852833900000000
54	46.41530	2.1971021770216219	0.1500368150000000	0.0990943900000000
55	46.41530	2.1949670510182862	0.1708501500000000	0.1011849850000000
561	13.04230	2.2020602425444435	0.1379970800000000	0.1083891850000000
565	13.01880	2.1970321510842643	0.1627033150000000	0.0740375550000000
566	13.01160	2.2002478901088600	0.1258727450000000	0.0697683650000000
567	13.01160	2.2018669127516932	0.1368368250000000	0.1019231750000000
568	12.98580	2.1567996186479097	0.1096435050000000	0.0954448950000000
574	12.90550	2.1996211843942430	0.1579055900000000	0.0957303200000000
575	12.90550	2.2015116299485595	0.1635790050000000	0.0904695400000000
577	12.87870	2.3730983405344750	0.2551129150000000	0.0845139700000000
581	12.80710	2.1784307965423895	0.0930315150000000	0.0815193650000000
582	12.78530	2.2021126487725691	0.1381922400000000	0.0962963250000000
586	12.70350	2.1971040882967912	0.1442862900000000	0.1009682900000000
588	12.67040	2.2014105338226173	0.1438827300000000	0.0877336000000000
589	12.67040	2.2005462739037394	0.1411894100000000	0.0792868800000000
592	12.65950	2.2004520217152246	0.1517380150000000	0.0920882650000000
593	12.65950	2.2027468003271555	0.1545051150000000	0.0959587850000000
598	12.62770	2.1995909486236127	0.1128723850000000	0.0473943750000000
599	12.62770	2.2012965522302226	0.1522396800000000	0.0646332900000000
606	12.57920	2.2014385746767919	0.1329362900000000	0.0853812700000000
607	12.57920	2.1991837010217878	0.1496495850000000	0.1042523600000000
610	12.56820	2.1985146453122950	0.1623630350000000	0.0791160700000000
613	12.56160	2.1984843858426997	0.1252618150000000	0.0891356200000000
615	12.55630	2.1810999122151005	0.1432630750000000	0.1195094650000000
618	12.53700	2.2008695324644543	0.1575102000000000	0.0985238150000000
619	12.53700	2.4546864799642396	0.2827739350000000	0.1158694200000000
621	12.52900	2.2012229800806487	0.1650088150000000	0.0814696850000000
622	12.52010	2.2022133460742892	0.1596831850000000	0.0898741750000000
623	12.52010	2.2035839343159451	0.1635714700000000	0.0711045700000000
624	12.48940	2.2015522556764084	0.1515527000000000	0.0885462800000000
625	12.48940	2.1997958979919665	0.1460974400000000	0.0927931550000000
628	12.44730	2.2007023794315947	0.1551644550000000	0.0890812650000000
629	12.44730	2.1996440037422293	0.1546209750000000	0.0692135450000000
630	12.43320	2.2006268662176249	0.1338934100000000	0.1009339050000000
631	12.43320	2.2013955895119524	0.1714779700000000	0.0642984550000000
634	12.41290	2.1997246221909892	0.1328932100000000	0.1061172900000000
637	12.39640	2.1970947121808004	0.1410144800000000	0.0768868150000000
57	45.89990	2.1997708605180946	0.1483311850000000	0.0910842700000000
60	42.09350	2.1992027171153552	0.1342232600000000	0.0948185650000000
61	42.09350	2.1985130229700376	0.1640492950000000	0.0761932950000000
63	41.41560	2.1974091711638728	0.1485425300000000	0.0473447400000000
640	12.36280	2.2033961477925650	0.1681991700000000	0.1045067550000000
641	12.36280	2.2928083960045753	0.2365883550000000	0.0480114300000000
642	12.35490	2.3047264596074917	0.2539891100000000	0.1107408600000000
643	12.35490	2.1992809348428204	0.1388701450000000	0.1055773450000000
646	12.33170	2.1998275252992912	0.1513171400000000	0.0969098100000000
647	12.33170	2.2043213169863689	0.1570379650000000	0.0888944600000000
650	12.31590	2.2018506605273807	0.1439543600000000	0.0949398650000000
652	12.30530	2.2387548366574133	0.1933373000000000	0.1070628150000000
653	12.30530	2.1949794252800450	0.1533048900000000	0.0702548150000000
656	12.29600	2.2001126590977220	0.1526300350000000	0.0531454150000000
659	12.29460	2.2011048854827084	0.1529116550000000	0.0954686800000000
663	12.27620	2.1990680925945405	0.1343663600000000	0.0930959650000000
666	12.27310	2.2015380135581060	0.1401964450000000	0.0940708500000000
668	12.27160	2.2020124322817973	0.1686173550000000	0.0599160450000000
669	12.27160	2.4185476805421691	0.3062048600000000	0.1254841000000000
670	12.26760	2.1999039002279983	0.1140271200000000	0.0639102150000000
671	12.26760	2.1993082660871401	0.1359440850000000	0.1010388950000000
673	12.26710	2.1993672195014100	0.1468359450000000	0.0964276550000000
677	12.25110	2.2000737373645403	0.1371028950000000	0.1085210650000000
681	12.24980	2.2224701285926693	0.1734429000000000	0.1049227900000000
683	12.24970	2.1983842775216056	0.1624486350000000	0.1325234850000000
688	12.24830	2.2266012070736054	0.1909427150000000	0.0732624350000000
690	12.24820	2.1988152898562010	0.1026005550000000	0.0803371050000000
691	12.24820	2.2013264893932716	0.1606324750000000	0.0973653550000000
694	12.24330	2.2009460431608558	0.1465529700000000	0.1036699350000000
695	12.24330	2.2317307662202555	0.1833379450000000	0.0986701650000000
696	12.24270	2.2020114898048555	0.1473263900000000	0.1019480850000000
700	12.23890	2.2005119897944336	0.1492988600000000	0.0725015600000000
703	12.23870	2.1987537554449696	0.1589175500000000	0.0973594200000000
715	12.23160	2.2081776099576871	0.1728634700000000	0.0970189900000000
716	12.23140	2.1998416142384913	0.1383155500000000	0.0854599700000000
718	12.22970	2.1742392240008117	0.1580097450000000	0.1226399650000000
719	12.22970	2.1994370714431035	0.1141498550000000	0.0677304550000000
68	34.70490	2.2015149632047279	0.1386867150000000	0.1031029400000000
69	34.70490	2.2000214623113585	0.1368129300000000	0.1093564600000000
70	34.34650	2.2025617249669724	0.1575159300000000	0.0829533050000000
71	34.34650	2.1996869382597555	0.1480809200000000	0.0915432500000000
721	12.20990	2.2021181263419223	0.1514111200000000	0.0673703400000000
724	12.19220	2.1752499113678709	0.1154228050000000	0.0968800700000000
725	12.19220	2.2022077740636634	0.1537045800000000	0.1048009850000000
726	12.19070	2.2007369037139104	0.1540526900000000	0.0836548450000000
727	12.19070	2.1985059940296403	0.1491273400000000	0.0783617150000000
728	12.18790	2.2004619457763672	0.1447402000000000	0.0896807750000000
729	12.18790	2.2072005425252810	0.1638773700000000	0.1189817050000000
730	12.18420	2.1888866844195021	0.1701362650000000	0.1381239050000000
732	12.18330	2.1944435447117345	0.1560970200000000	0.0670462500000000
734	12.18250	2.2000446206133826	0.1673999250000000	0.0782876400000000
735	12.18250	2.2004406047655842	0.1326772050000000	0.0880070800000000
736	12.18220	2.2003521000121298	0.1308440900000000	0.0995732200000000
737	12.18220	2.2008830120560208	0.1298416400000000	0.0380651900000000
743	12.16830	2.2045732459577785	0.1620007500000000	0.1002827600000000
744	12.16780	2.2010022472816226	0.1351001500000000	0.0910466750000000
749	12.16000	2.1973648904165302	0.1545106450000000	0.1247118050000000
750	12.14600	2.1979680457775768	0.1471444100000000	0.0604859400000000
751	12.14600	2.2014913951127837	0.1625493300000000	0.0954907050000000
752	12.11910	2.2942706634671604	0.2187352700000000	0.1346600900000000
754	12.06250	2.2045582829255332	0.1551944400000000	0.1055507250000000
759	12.04560	2.2002915216439818	0.1345632700000000	0.1050556450000000
762	11.98980	2.1995518654708599	0.1398990600000000	0.1062074150000000
764	11.96210	2.1985699498463669	0.1327704350000000	0.1058838700000000
766	11.96070	2.1992176190282042	0.1357589700000000	0.1035749300000000
771	11.91480	2.2006382143346039	0.1319552700000000	0.0849480350000000
772	11.90250	2.1655164777480436	0.1006114500000000	0.1036229050000000
778	11.86530	2.1989920530402620	0.1486927200000000	0.0929122950000000
780	11.85060	2.2006200301775660	0.1511700550000000	0.0979145350000000
781	11.85060	2.2395310084214235	0.1984875450000000	0.1116941800000000
785	11.83300	2.2005846926615447	0.1300678700000000	0.0988651150000000
790	11.79730	2.2004175136986532	0.1427539350000000	0.0885425850000000
791	11.79730	2.2033557413431235	0.1599777400000000	0.0785469050000000
792	11.78360	2.1931759748808060	0.1729551350000000	0.1133392400000000
793	11.78360	2.2005356441897046	0.1434522750000000	0.0939850400000000
794	11.77660	2.1997742605338741	0.1379370000000000	0.0947684600000000
798	11.74940	2.2002664137777859	0.1424413850000000	0.0818006250000000
799	11.74940	2.1980810841505964	0.1321311000000000	0.0960880500000000
73	32.34910	2.1999177317768965	0.1017899150000000	0.0701514600000000
75	32.32140	2.1935792029537535	0.1651325150000000	0.0681689550000000
