802	11.74220	2.1984266628385001	0.1421568600000000	0.0899483300000000
803	11.74220	2.2010882385102892	0.1551813750000000	0.0601882800000000
806	11.73810	2.5701329866527605	0.3160650600000000	0.1358980050000000
808	11.73530	2.2013151356143088	0.1593268950000000	0.0900491150000000
811	11.73020	2.2070898036107121	0.1576727500000000	0.1188787350000000
815	11.72630	2.2154679093207714	0.1546664500000000	0.0384111850000000
818	11.72290	2.1949755429811399	0.1702742250000000	0.0901629400000000
819	11.72290	2.3098280841488075	0.2325626200000000	0.0921333500000000
821	11.72220	2.2019292966257056	0.1430525750000000	0.1008024600000000
822	11.72100	2.1999698829020011	0.1313852150000000	0.0982420900000000
824	11.71910	2.1731946395982771	0.0768319050000000	0.0667026200000000
825	11.71910	2.2426607516065662	0.1807667650000000	0.1001424450000000
827	11.71440	2.1970202742088571	0.1282480900000000	0.0875746050000000
829	11.71240	2.2015199003985759	0.1507123950000000	0.0811435750000000
832	11.71070	2.1972895411011257	0.1406725150000000	0.1021856950000000
833	11.71070	2.1935976633535526	0.1091437800000000	0.1113832950000000
836	11.70160	2.1961065158924815	0.1583778650000000	0.0748257600000000
837	11.70160	2.2014650061180023	0.1600701950000000	0.0691149300000000
840	11.70000	2.1995620500567372	0.1258150200000000	0.1109504850000000
843	11.70000	2.2011160844442257	0.1526038250000000	0.1064200250000000
845	11.70000	2.1961668347135670	0.1473548700000000	0.0929961550000000
849	11.70000	2.2026913941007722	0.1603118750000000	0.0996463350000000
852	11.70000	2.2015850323191222	0.1344489700000000	0.0735039900000000
857	11.70000	2.1997429815754312	0.1595255000000000	0.0925294600000000
860	11.70000	2.2007770158848490	0.1533879200000000	0.0600775700000000
861	11.70000	2.1982707634326513	0.1420562700000000	0.1096464400000000
862	11.70000	2.1996357474743795	0.1456244750000000	0.0862748450000000
863	11.70000	2.2028640533470556	0.1598622400000000	0.0896292600000000
864	11.70000	2.2003814808409849	0.1415849150000000	0.1101330500000000
865	11.70000	2.2001673416135805	0.1278311800000000	0.0372103950000000
871	11.70000	2.1994003036125438	0.1407052600000000	0.0509782550000000
874	11.70000	2.1978951204243340	0.1460400550000000	0.0862174300000000
878	11.70000	2.2084007364404274	0.1589169400000000	0.0611794100000000
879	11.70000	1.9825287470123161	0.1185298900000000	0.3465251400000000
81	26.68980	2.2004239531348433	0.1562954200000000	0.0731291100000000
82	26.48190	2.1769929198692215	0.1618229950000000	0.1371366700000000
880	11.70000	2.1997936431883738	0.1366757600000000	0.0949133700000000
881	11.70000	2.2015338772213160	0.1549642850000000	0.0603027400000000
884	11.69410	2.2013524775849711	0.1512434950000000	0.0344375950000000
888	11.68810	2.1964392385491638	0.1696378850000000	0.0373639100000000
889	11.68810	2.2003549188624518	0.1391399550000000	0.1078178850000000
890	11.68000	2.1992366991191625	0.1394487750000000	0.0888893050000000
891	11.68000	2.1999558837618061	0.1324850450000000	0.0766537850000000
894	11.67530	2.1982272576605872	0.1431328800000000	0.1016371750000000
896	11.67300	2.1872713792626084	0.1277057550000000	0.0850005200000000
897	11.67300	2.1994371275751141	0.1362919150000000	0.0878388300000000
899	11.67240	2.2018673977881051	0.1378181650000000	0.0875301950000000
900	11.67020	2.1986727244814892	0.1501933600000000	0.0890925900000000
902	11.66630	2.2007223490185579	0.1298365900000000	0.0992795750000000
903	11.66630	2.2009658962633125	0.1393599750000000	0.0920429800000000
904	11.64920	2.1999279493550148	0.1385168000000000	0.0896209400000000
906	11.63960	2.1994279673714958	0.1418104950000000	0.0942056500000000
907	11.63960	2.2016015216927478	0.1625941550000000	0.0847553800000000
908	11.63210	2.2001868044675348	0.1498326200000000	0.0826816000000000
910	11.62890	2.2009650234716664	0.1497195400000000	0.0795191050000000
912	11.62220	2.1728499004002586	0.1426071250000000	0.0859365950000000
914	11.61880	2.1963705861055192	0.1359490600000000	0.0884211400000000
918	11.59460	2.1983441781222277	0.1491037600000000	0.0931424550000000
921	11.59250	2.2013567569536270	0.1564847600000000	0.1066109150000000
922	11.58810	2.2017262474893866	0.1424158200000000	0.0435639900000000
923	11.58810	2.2000552126233801	0.1558426100000000	0.0704347650000000
926	11.57940	2.1811151599603460	0.0971875250000000	0.1014086400000000
929	11.55440	2.1902983334941442	0.1351587450000000	0.0777588550000000
932	11.52700	2.1996085872703577	0.1664739300000000	0.1176902300000000
933	11.52700	2.2072143205270325	0.1519613350000000	0.0775055800000000
940	11.51810	2.2039746849515987	0.1638693950000000	0.0980028700000000
941	11.51810	2.2004079852297935	0.1307020500000000	0.0746954250000000
942	11.51670	2.1788144133254854	0.1650468950000000	0.1036732300000000
945	11.51160	2.2014644195069635	0.1513271000000000	0.0677225000000000
951	11.50240	2.1996907822683518	0.1487785250000000	0.0910349250000000
958	11.47560	2.2003619328558086	0.1532873750000000	0.0737463200000000
959	11.47560	2.2020415191025742	0.1457209900000000	0.1031519300000000
88	26.22460	2.2007741097580600	0.1366024850000000	0.0756272000000000
89	26.22460	2.2014425804634064	0.1407067900000000	0.0996243750000000
91	25.99150	2.2014989756197147	0.1593830200000000	0.0755914750000000
93	25.98940	2.2022270762174112	0.1700892700000000	0.0715008500000000
95	25.96410	2.2002559178960830	0.1412604850000000	0.0984846350000000
966	11.44680	2.2014572540838020	0.1651291400000000	0.0970212450000000
969	11.43880	2.3292559986129731	0.2114959850000000	0.1321742250000000
975	11.42220	2.2454968720924002	0.2289589400000000	0.1252288600000000
978	11.41090	2.2005649137109522	0.1528848750000000	0.1021912500000000
980	11.39810	2.2008665980569870	0.1425946000000000	0.1002992250000000
984	11.38880	2.1997745658238448	0.1331438150000000	0.0898218400000000
986	11.38710	2.2001483912062292	0.1368398100000000	0.1033777950000000
987	11.38710	2.1842563478132631	0.1492536500000000	0.1054501500000000
988	11.38180	2.2010132761828967	0.1315761900000000	0.0882762850000000
989	11.38180	2.2004369168995375	0.1288261200000000	0.1000118900000000
991	11.37920	2.1995943587499149	0.1314864450000000	0.0925925000000000
992	11.36850	2.2986020285461488	0.2041959250000000	0.1399040500000000
993	11.36850	2.2008126321519099	0.1523286250000000	0.0862886400000000
994	11.36520	2.3801646799305467	0.2523178750000000	0.0905957300000000
998	11.35330	2.2000200587996099	0.1306640550000000	0.0910914650000000
1004	11.32070	2.2158162691026821	0.1816058400000000	0.0883211300000000
1008	11.30470	2.1990788454282657	0.1279542700000000	0.0971072750000000
1009	11.30470	2.1995059969371624	0.1376800300000000	0.1047779900000000
1010	11.30350	2.2005724702796652	0.1427708850000000	0.1102718550000000
1014	11.28320	2.2004972082876928	0.1516597300000000	0.0978972200000000
1016	11.27850	2.1984960241769120	0.1542356400000000	0.0850050700000000
1017	11.27850	2.1976695235939379	0.1554955350000000	0.0537865300000000
1019	11.27530	2.1985257339494733	0.1433067400000000	0.0964393700000000
1023	11.27230	2.1989540092983497	0.1290772800000000	0.0864148450000000
1024	11.27010	2.1984085921801313	0.1252248900000000	0.0817297550000000
1027	11.26720	2.1996200414061131	0.1407145550000000	0.0925502200000000
1029	11.26650	2.2002051242801195	0.1494303000000000	0.0928223300000000
1030	11.25340	2.1949787246881844	0.1543558800000000	0.1295091450000000
1031	11.25340	2.2019003104915242	0.1367661450000000	0.0542801200000000
1035	11.23650	2.2006610001148230	0.1559583650000000	0.1057004000000000
1036	11.23560	2.1947542976250203	0.1490020350000000	0.1157345200000000
1039	11.23230	2.2004730176592919	0.1463386850000000	0.1038014450000000
96	25.06110	2.1960665638130905	0.1395478000000000	0.1032814100000000
99	24.92170	2.1980107582697244	0.1381083450000000	0.1003356450000000
101	24.61260	2.2019405964253904	0.1693090650000000	0.0685793750000000
102	24.57650	2.1869535967482028	0.1595946200000000	0.1106050200000000
1040	11.22350	2.1989443947892657	0.1424717700000000	0.0877721850000000
1041	11.22350	2.1997310112873736	0.1497728950000000	0.1024630800000000
1043	11.20750	2.3806888089506031	0.2507138150000000	0.0953719400000000
1049	11.18260	2.1998692634585146	0.1373340800000000	0.0842476850000000
1053	11.18230	2.1914917229123434	0.1220734600000000	0.1047947200000000
1054	11.17720	2.1985501112928798	0.1435110350000000	0.0810826150000000
1055	11.17720	2.2001383320561003	0.1343528650000000	0.0911234400000000
1057	11.17510	2.2008572995346563	0.1556161750000000	0.0784787900000000
1060	11.14950	2.2018275633138611	0.1446296600000000	0.0995350000000000
1065	11.13930	2.2065572878457558	0.1613027550000000	0.0962780950000000
1069	11.11960	2.1980374466116634	0.1485306950000000	0.1102813500000000
1071	11.11750	2.1995262532831412	0.1335751800000000	0.0891993050000000
1072	11.09650	2.1998224656441874	0.1336985300000000	0.0954232100000000
1078	11.07420	2.2319987218775399	0.1955314250000000	0.1077787350000000
1079	11.07420	2.1768029544416518	0.1639069950000000	0.1189899050000000
1080	11.06540	2.1966412739145511	0.1456929100000000	0.0790343200000000
1082	11.06380	2.2012097211075652	0.1338891450000000	0.0761366350000000
1083	11.06380	2.2004226417270285	0.1459612450000000	0.0801822750000000
1087	11.05860	2.2010394844697529	0.1497141600000000	0.1067030000000000
1093	11.03460	2.2003880743762325	0.1527790600000000	0.0544616700000000
1098	11.02590	2.2001330098041638	0.1580559950000000	0.0733991050000000
1102	10.99100	2.2015005777003713	0.1470301400000000	0.1069912200000000
1103	10.99100	2.2010079230352910	0.1061025700000000	0.0832993000000000
1105	10.97710	2.2005695432057730	0.1353354250000000	0.0877398850000000
1107	10.97450	2.2014734054756966	0.1588961050000000	0.0344350900000000
1109	10.96460	2.1984076767975873	0.1375367800000000	0.1110807000000000
1112	10.96150	2.1993946541004226	0.1117034350000000	0.0720235200000000
1114	10.95360	2.2005408213338922	0.1401143300000000	0.0796208650000000
1118	10.92980	2.1997523314488285	0.1561314650000000	0.0680798900000000
1119	10.92980	2.1995026567246856	0.1433190150000000	0.1026408600000000
104	24.51240	2.1996507191459593	0.1290711300000000	0.0962471550000000
109	24.08970	2.1979727174299653	0.1508790450000000	0.0747388400000000
111	23.82210	2.1994167859354103	0.1443517550000000	0.0920725300000000
1128	10.92790	2.1992948380983930	0.1266183700000000	0.0981801550000000
1133	10.92640	2.1997541611023763	0.1519661250000000	0.0491362450000000
1136	10.92380	2.2022264805859142	0.1442773850000000	0.0729655500000000
1139	10.92350	2.2114572845708502	0.1246000600000000	0.0758726100000000
1140	10.92290	2.2009940175333296	0.1482875450000000	0.0727300350000000
1141	10.92290	2.1963898449598704	0.1466509650000000	0.0356495200000000
1143	10.92270	2.2004526782233285	0.1083134850000000	0.0512614450000000
1144	10.92230	2.1979809759237434	0.1468053350000000	0.0898895900000000
1145	10.92230	2.2014305432875649	0.1506965200000000	0.0544463050000000
1146	10.92210	2.1997054594549548	0.1503600700000000	0.0993001550000000
1147	10.92210	2.2025743622646297	0.1357473300000000	0.0899371950000000
1151	10.92080	2.1995404282114683	0.1472984900000000	0.1048802100000000
1154	10.91650	2.1902338651962361	0.1398329200000000	0.1155188500000000
1155	10.91650	2.1998175578496979	0.1317481050000000	0.0998427850000000
1156	10.90910	2.2007851312057056	0.1499764400000000	0.1041251800000000
1157	10.90910	2.2002632051503963	0.1468849300000000	0.0792197800000000
1158	10.90520	2.1978313676885719	0.1311513950000000	0.0983664950000000
1159	10.90520	2.2009802959680225	0.1578108850000000	0.0868373900000000
1161	10.90250	2.1984363142205430	0.1586415900000000	0.0682819200000000
1164	10.89690	2.1996244280978425	0.1400174900000000	0.1115515350000000
1165	10.89690	2.2026505066500897	0.1639885800000000	0.0605021300000000
1166	10.89630	2.2560756442016547	0.1651564000000000	0.0831728000000000
1168	10.88480	2.2089922899825116	0.1396397500000000	0.1187475600000000
1169	10.88480	2.2125497251809505	0.2053293850000000	0.0753357000000000
1173	10.88410	2.1996278760511396	0.1609927450000000	0.1104252500000000
1177	10.88150	2.2005456024923213	0.1401446800000000	0.1144913100000000
1180	10.83340	2.1991960077926378	0.1520727050000000	0.1000849350000000
1181	10.83340	2.1967403644262959	0.1604907200000000	0.0594744900000000
1182	10.82110	2.2014909351454421	0.1604322000000000	0.1208118600000000
1185	10.76010	2.2015417543526019	0.1575664650000000	0.0794697350000000
1186	10.74210	2.1942939902402876	0.1615525350000000	0.0880835700000000
1189	10.67070	2.2070925694754018	0.1662278450000000	0.0829158800000000
1192	10.61910	2.2002377616457478	0.1435689350000000	0.0847397800000000
1198	10.61770	2.2266437058903881	0.1873485500000000	0.0509911650000000
113	23.57600	2.1971592748494047	0.1485077450000000	0.0970418750000000
114	22.99620	2.1999677652098821	0.1396310150000000	0.0989536050000000
115	22.99620	2.1999112183436815	0.1486746900000000	0.0920599750000000
119	22.53360	2.2004918156410951	0.1382359400000000	0.1114141400000000
1200	10.61750	2.2004848114743019	0.1402588800000000	0.1029632100000000
1202	10.61680	2.1993779732308933	0.1390357000000000	0.0913483450000000
1203	10.61680	2.2001238783344452	0.1397825750000000	0.1070144000000000
1206	10.61610	2.2027870042825284	0.1714262200000000	0.1156505800000000
1209	10.61600	2.1985327990737789	0.1399414000000000	0.0393866450000000
1210	10.61570	2.3310057100718597	0.2246801150000000	0.1077334600000000
1216	10.61210	2.1983641238378433	0.1266902950000000	0.0894911500000000
1228	10.58910	2.2001085905070492	0.1563796100000000	0.0761490300000000
1229	10.58910	2.1958937151969580	0.1454090550000000	0.0819288400000000
1230	10.58300	2.1997992325575395	0.1487626600000000	0.0915978000000000
1237	10.51650	2.1984980311240685	0.1595943400000000	0.1088825700000000
1239	10.49100	2.2006185350510266	0.1498958450000000	0.0964309400000000
1240	10.47010	2.2044651240567723	0.1668528000000000	0.0411388500000000
1241	10.47010	2.1991035370093672	0.1513045050000000	0.0995513100000000
1242	10.46930	2.1991950224957466	0.1496280650000000	0.1088811400000000
1243	10.46930	2.1960364727887458	0.1513714050000000	0.1226057000000000
1244	10.46380	2.1963682306614372	0.1434683950000000	0.0837365350000000
1247	10.46160	2.2210014322559335	0.1904797950000000	0.0518402600000000
1258	10.39810	2.2008867706393009	0.1300300300000000	0.0908985100000000
1261	10.39550	2.2014749592455409	0.1557010500000000	0.0608768200000000
1262	10.37670	2.2013126758251844	0.1610674800000000	0.1046653300000000
1264	10.36310	2.2537617784419686	0.2038546150000000	0.1134188500000000
1276	10.33880	2.1997042430977793	0.1455629950000000	0.0952981450000000
1277	10.33880	2.2003503261967206	0.1404165750000000	0.0933489100000000
1279	10.33740	2.1995950573694332	0.1388710200000000	0.0771174950000000
121	22.50900	2.2185105582156122	0.1876865850000000	0.1134494200000000
123	21.95780	2.2019862710528266	0.1500318950000000	0.0473892000000000
125	21.84630	2.2002527882830836	0.1460305200000000	0.1021011200000000
1280	10.32880	2.1994949515296538	0.1586537150000000	0.1052374700000000
1293	10.29770	2.2312787867397756	0.1879320000000000	0.1146691600000000
1297	10.29030	2.2001284802328334	0.1453477000000000	0.0872570500000000
1299	10.28670	2.2010346304311299	0.1537960250000000	0.0932107000000000
1302	10.28570	2.2023001214681113	0.1637869650000000	0.0869893450000000
1306	10.27900	2.2000436324791783	0.1487155500000000	0.0890260700000000
1308	10.27860	2.1985127769974455	0.1474083700000000	0.0817344500000000
1320	10.26090	2.2015546045860250	0.1602073850000000	0.0905041400000000
1327	10.23910	2.2063302649326269	0.1681254050000000	0.0403292550000000
1328	10.23050	2.1986173801634754	0.1407121900000000	0.0966869700000000
1329	10.23050	2.2006329355839735	0.1434797500000000	0.0787495350000000
1334	10.20380	2.2020737229577541	0.1665714650000000	0.1073238050000000
1337	10.20310	2.2013232845260915	0.1550810000000000	0.1080030100000000
1338	10.19020	2.1980285661253776	0.1522746350000000	0.0617876400000000
1342	10.18510	2.2020709916322332	0.1477663300000000	0.0944077550000000
1344	10.18490	2.1992208742365689	0.1436126300000000	0.0918705800000000
1347	10.18350	2.1967829801428462	0.1547710000000000	0.0967459800000000
1348	10.18190	2.1997773667063933	0.1389473800000000	0.0809727300000000
1352	10.16430	2.1971171164135685	0.1493706900000000	0.0491371850000000
1353	10.16430	2.2001155729518111	0.1407664200000000	0.0834544150000000
1355	10.16150	2.1998960136785048	0.1555193300000000	0.0860697200000000
1359	10.16060	2.2024075526031415	0.1622468150000000	0.1001175700000000
131	21.40930	2.2002196348233354	0.1356949000000000	0.1061407750000000
132	21.29740	2.2001986217442395	0.1446777300000000	0.0641857300000000
134	21.21890	2.1977191760909327	0.1456437850000000	0.0823108450000000
135	21.21890	2.2178863500662409	0.1813983500000000	0.1206481650000000
1360	10.15810	2.2002277635569909	0.1482484950000000	0.0903783950000000
1361	10.15810	2.2636093632667831	0.2210032350000000	0.1046967550000000
1362	10.15700	2.2014531756769387	0.1418669700000000	0.0998396300000000
1365	10.15050	2.2001350331567084	0.1355347850000000	0.1056396550000000
1373	10.14310	2.2012018181764414	0.1380661050000000	0.0850535250000000
1375	10.14090	2.2019713200466864	0.1272745950000000	0.0767826400000000
1378	10.13950	2.1983849939074442	0.1515968950000000	0.0801235600000000
1380	10.12850	2.2008638051591811	0.1432908200000000	0.1034786450000000
1381	10.12850	2.1975602372629268	0.1241946950000000	0.1199066500000000
1382	10.12620	2.2001599508896694	0.1560794350000000	0.0760116400000000
1383	10.12620	2.1997017083479111	0.1350682050000000	0.1135096300000000
1385	10.12620	2.1990142527271801	0.1439991700000000	0.0976931750000000
1386	10.12610	2.1982348724798304	0.1228218650000000	0.0978485500000000
1388	10.12550	2.1985090212357088	0.1750986650000000	0.1155654750000000
1390	10.12470	2.1977199503548062	0.1594978550000000	0.0903663550000000
1392	10.12400	2.1997858786274778	0.1601723800000000	0.0830944850000000
1393	10.12400	2.2008696253185058	0.1490642050000000	0.0903086050000000
1395	10.12330	2.2007508401182405	0.1369081600000000	0.0972421550000000
1396	10.12260	2.1995785725600854	0.1503735850000000	0.0869164900000000
1397	10.12260	2.2008346462178592	0.1395838500000000	0.0806786850000000
1398	10.11830	2.1857310811189561	0.1278604000000000	0.1113044550000000
1402	10.10800	2.2001657460974751	0.1252336700000000	0.0954782400000000
1405	10.10280	2.2050125804662808	0.1612126100000000	0.1305775500000000
1409	10.07350	2.2008757247329180	0.1397264650000000	0.0797342150000000
1418	10.04880	2.1998269701684912	0.1490449400000000	0.0973081500000000
1419	10.04880	2.2005753393154275	0.1427101350000000	0.0897639250000000
1420	10.04870	2.1990298158632609	0.1415468700000000	0.1093184400000000
1425	10.04410	2.2013123447678749	0.1537449800000000	0.0704703300000000
1426	10.01780	2.1997806810617710	0.1343939350000000	0.0908683750000000
1428	10.01460	2.2155497772261192	0.1774836300000000	0.0398421350000000
1431	10.00540	2.1996420879866050	0.1379493450000000	0.1004034050000000
1435	9.95261	2.2020988288406884	0.1663436200000000	0.0958970500000000
1436	9.94991	2.2026532680138859	0.1482643750000000	0.0982664250000000
1439	9.93271	2.1978900625482720	0.1612488900000000	0.0796469450000000
137	21.14770	2.1998030450176524	0.1422201150000000	0.0735140950000000
138	20.82900	2.2096209957271764	0.1694752850000000	0.0945154250000000
143	20.48610	2.2019293899446386	0.1496050650000000	0.1112859700000000
1440	9.90524	2.2001505062565201	0.1135686400000000	0.0784159250000000
1443	9.82061	2.1994666519769721	0.1470742600000000	0.0842071500000000
1445	9.80216	2.2001129443338328	0.1611400200000000	0.0911996600000000
1447	9.79928	2.2001096700313703	0.1392937800000000	0.0891826750000000
1449	9.79831	2.2008807830344148	0.1479898200000000	0.0963329850000000
1451	9.79801	2.1973082699537954	0.1437007850000000	0.0883607250000000
1456	9.79729	2.1796694585917584	0.1433733950000000	0.0955111250000000
1461	9.79620	2.2012290652644873	0.1632334150000000	0.0710565850000000
1464	9.79515	2.1993715267150051	0.1506935700000000	0.1026933400000000
1467	9.79475	2.1997010164706996	0.1474363450000000	0.1030141600000000
1469	9.79345	2.2014894933595448	0.1638567650000000	0.0873343350000000
1471	9.79320	2.2001526229199113	0.1371599800000000	0.0864772250000000
1475	9.79288	2.3133300375727979	0.2207749400000000	0.0930627200000000
1477	9.79273	2.2026151646024132	0.1422970100000000	0.1179986200000000
1479	9.79166	2.2129161985367549	0.1914154100000000	0.0961223200000000
1483	9.79075	2.2019814428129543	0.1511485550000000	0.1019961600000000
1484	9.79041	2.1993384927904072	0.1375597950000000	0.1091721400000000
1485	9.79041	2.1999766617680092	0.1401222400000000	0.0821091100000000
1486	9.76395	2.2005094131756491	0.1418863750000000	0.0794535650000000
1490	9.72880	2.2004820223423454	0.1633768900000000	0.0552613800000000
1492	9.72526	2.1945875436768292	0.1490576200000000	0.0967474550000000
1493	9.72526	2.1993161878882992	0.1402475500000000	0.0840155900000000
1495	9.71729	2.2005144699666133	0.1426077400000000	0.1108227200000000
1497	9.70935	2.2000119406613710	0.1496307050000000	0.0583220550000000
1498	9.69595	2.2012479432700802	0.1592800100000000	0.1058595550000000
1503	9.67000	2.1985229076964052	0.1427888500000000	0.1052200650000000
1504	9.67000	2.1991236610692191	0.1402352350000000	0.1118859650000000
1505	9.67000	2.2003397705272802	0.1385920800000000	0.0951924500000000
1506	9.67000	2.2054383526040682	0.1568498950000000	0.0509960950000000
1507	9.67000	2.1995252991312459	0.1271479650000000	0.0968375500000000
1510	9.67000	2.1993305730289432	0.1431372700000000	0.0971757400000000
1511	9.67000	2.2003495746002306	0.1377827400000000	0.1198968550000000
1515	9.66336	2.2010941363275527	0.1245382050000000	0.0969038800000000
1516	9.66178	2.1971373551458542	0.1557201050000000	0.0516958450000000
1518	9.66145	2.1984714589242511	0.1311736800000000	0.0940194400000000
1519	9.66145	2.2022436168747874	0.1501470000000000	0.0701605450000000
145	20.48180	2.2009128319948772	0.1464816450000000	0.1089480350000000
149	20.14810	2.1999371375851489	0.1321138950000000	0.0868378250000000
150	19.99580	2.1978875566302851	0.1362528450000000	0.0914224050000000
1523	9.66126	2.1992295266760951	0.1108185150000000	0.0447554000000000
1529	9.66080	2.1789940022357039	0.1418191650000000	0.1197286850000000
1530	9.65958	2.1984909703479296	0.1574278600000000	0.0908619900000000
1533	9.65920	2.2122361651952032	0.1877970800000000	0.0737189500000000
1534	9.65573	2.1931286484551369	0.1672932900000000	0.1079677150000000
1535	9.65573	2.1996452353092688	0.1339137000000000	0.0955436650000000
1536	9.65484	2.2049798887117955	0.1766956900000000	0.0398500400000000
1538	9.65423	2.1985208994150311	0.1203503600000000	0.0734697750000000
1542	9.65411	2.2018230342176932	0.1428980450000000	0.0907171500000000
1543	9.65411	2.1984968237953497	0.1506667800000000	0.1028756600000000
1544	9.65409	2.2007862222875292	0.1559686700000000	0.0992429400000000
1552	9.63620	2.1981566148629756	0.1439492200000000	0.0833799150000000
1554	9.62796	2.2075747814205346	0.1639539750000000	0.0984471800000000
1560	9.61624	2.2034442400717480	0.1719823700000000	0.1172223150000000
1561	9.61624	2.2006432568938799	0.1483969850000000	0.0974746950000000
1562	9.61583	2.2715588481107343	0.2228437000000000	0.0708446500000000
1565	9.61424	2.2026498901534031	0.1485335050000000	0.1066312950000000
1566	9.61418	2.1962601285682624	0.1515762400000000	0.0861621600000000
1567	9.61418	2.2000248736957007	0.1404916000000000	0.0983033900000000
1571	9.60886	2.1982007572640878	0.1434083350000000	0.0874664600000000
1574	9.60673	2.2002139660432420	0.1498588750000000	0.0959644550000000
1575	9.60673	2.1985771248339572	0.1457742100000000	0.0938144150000000
1582	9.59930	2.1985595984996023	0.1552179050000000	0.0697557750000000
1586	9.59731	2.2015280744291403	0.1463780150000000	0.0883233550000000
1587	9.59731	2.2014722606379880	0.1675107000000000	0.0961216050000000
1588	9.59695	2.2091223030757829	0.1788842900000000	0.0498851700000000
1589	9.59695	2.2012577513535105	0.1463773050000000	0.0943230150000000
1592	9.59581	2.1995384377515550	0.1305075300000000	0.0974609500000000
1593	9.59581	2.1999316443569241	0.1386112600000000	0.0921581650000000
1594	9.59103	2.2008126614316752	0.1566790350000000	0.0746580650000000
1595	9.59103	2.1919980748278043	0.1756244350000000	0.1105661700000000
1599	9.58949	2.2050960497996006	0.1565153400000000	0.0923116550000000
153	19.67710	2.1991661301545293	0.1487388350000000	0.0537986500000000
154	19.56700	2.1959811049758291	0.1408858850000000	0.0801719650000000
156	19.42160	2.2021893192111457	0.1509946150000000	0.0994702300000000
1603	9.58931	2.1933449953743334	0.1589365300000000	0.0833234650000000
1605	9.58891	2.1962716454073825	0.1448849300000000	0.1036908500000000
1606	9.58877	2.1989742328049724	0.1545385650000000	0.0914297250000000
1610	9.58849	2.2011022932022790	0.1533236550000000	0.1034039350000000
1612	9.58849	2.2005244333318577	0.1383541550000000	0.0840898950000000
1614	9.58828	2.1977153836253498	0.1446825400000000	0.1086778950000000
1615	9.58828	2.2008601973612243	0.1556127950000000	0.0790514850000000
1621	9.58734	2.1981043230165143	0.1434645450000000	0.0785296050000000
1622	9.58663	2.2014070259674603	0.1396164400000000	0.1069604850000000
1625	9.58434	2.1984270289706540	0.1502349700000000	0.1000959750000000
1626	9.58386	2.2002787040574971	0.1432466900000000	0.0847519600000000
1635	9.58290	2.2001956540072674	0.1459798100000000	0.1007228850000000
1636	9.58269	2.2005288294607444	0.1536855750000000	0.0787343350000000
1638	9.58265	2.2014837623774501	0.1470495800000000	0.1048970850000000
1639	9.58265	2.2047738221353961	0.1628333600000000	0.0927106850000000
1642	9.58167	2.2019213455867508	0.1479508050000000	0.0998904450000000
1645	9.58133	2.3071232934567223	0.2354519950000000	0.1020576250000000
1648	9.58048	2.1999490682649183	0.1457704900000000	0.0859081000000000
1651	9.57473	2.2064429114289257	0.1712526800000000	0.1542183950000000
1653	9.57470	2.2011391423063205	0.1369484700000000	0.1031564750000000
1656	9.57149	2.1945860525018399	0.1588715150000000	0.0675052350000000
1659	9.57127	2.2014701963277834	0.1648302500000000	0.0975170500000000
1661	9.57124	2.1968409737170673	0.2069056500000000	0.1326329300000000
1663	9.57023	2.1967809770415703	0.1365748650000000	0.0978235050000000
1669	9.56294	2.2071414869974602	0.1566497300000000	0.0489775550000000
1670	9.56051	2.2018847324563531	0.1484847450000000	0.1011869950000000
1674	9.55679	2.2014925769094282	0.1410887900000000	0.0962177550000000
1676	9.55202	2.1997024684747091	0.1591964950000000	0.0730874300000000
162	18.89830	2.1996207108086123	0.1209057050000000	0.0604967400000000
1680	9.54781	2.1995844715946635	0.1232030900000000	0.0886449200000000
1681	9.54781	2.2001861686350144	0.1480843850000000	0.0639667850000000
1682	9.54713	2.2009368606078237	0.1483721700000000	0.0716098050000000
1684	9.54687	2.1984785703369600	0.1554511200000000	0.0608728000000000
1687	9.53122	2.2006375313847126	0.1465323450000000	0.1034156950000000
1689	9.53021	2.1943193263136935	0.1534161100000000	0.0879201400000000
1691	9.52965	2.1999684413296876	0.1334460000000000	0.1010610400000000
1692	9.52252	2.2009640533266048	0.1310095900000000	0.1004111100000000
1698	9.51319	2.2003086985564964	0.1542592000000000	0.1084130350000000
1700	9.51255	2.1999629410839843	0.1344271900000000	0.0988189350000000
1703	9.51053	2.1997551992810234	0.1139420100000000	0.0696430500000000
1705	9.50834	2.1974002997151838	0.1488810300000000	0.0790157250000000
1707	9.50603	2.2008536211428309	0.1447732650000000	0.1028871650000000
1711	9.50323	2.3060452897225314	0.2274308800000000	0.1066306700000000
1712	9.50220	2.2006695286411708	0.1319888750000000	0.0856120650000000
1717	9.49425	2.2000883427956719	0.1562758050000000	0.0803561150000000
1718	9.48606	2.2014966612119062	0.1458067550000000	0.1004940400000000
1719	9.48606	2.2029087462832284	0.1531743900000000	0.0960129850000000
1720	9.48442	2.1630854055378754	0.1361195900000000	0.0562033350000000
1721	9.48442	2.2012512869659147	0.1281127250000000	0.0496439500000000
1722	9.48286	2.2011090328639096	0.1401993950000000	0.0652457650000000
1726	9.47771	2.3462909642047731	0.2511633050000001	0.1138511700000000
1728	9.47319	2.2014655550036792	0.1445734350000000	0.0814361550000000
1729	9.47319	2.2028522354643019	0.1693517200000000	0.0696854650000000
1731	9.46280	2.2017334981813428	0.1455053700000000	0.0929612500000000
1734	9.45239	2.2001425385934090	0.1454030700000000	0.1123019400000000
1736	9.45130	2.1984869074206754	0.1370191100000000	0.0841913300000000
1739	9.43735	2.1991812774260278	0.1558777550000000	0.0961463750000000
1744	9.36392	2.1990915385821546	0.0902429500000000	0.0766845150000000
1747	9.36075	2.1985886931332126	0.1310105000000000	0.1011828000000000
1749	9.33968	2.1993114031300873	0.1406227450000000	0.0901361900000000
1750	9.32657	2.2022179685463641	0.1403962750000000	0.0665615150000000
1754	9.30364	2.3411284902043330	0.2433047650000000	0.1384909400000000
1757	9.30095	2.1954374955739016	0.1594760000000000	0.0484279850000000
1758	9.29419	2.2001893988106906	0.1429335050000000	0.0813547050000000
168	18.56780	2.1995503049485117	0.1716933300000000	0.0689608900000000
169	18.56780	2.1994864513053445	0.1424553400000000	0.0854084400000000
170	18.56620	2.1998240218800462	0.1374252600000000	0.0950230450000000
171	18.56620	2.1965137996625588	0.1644671600000000	0.0800830750000000
175	18.33440	2.2007665738065256	0.1357349750000000	0.0698597000000000
1760	9.29040	2.1918441392451702	0.1561180850000000	0.0893133500000000
1761	9.29040	2.2018909452852862	0.1370129650000000	0.1109802850000000
1764	9.28328	2.1997384359232246	0.1343112900000000	0.1065397200000000
1767	9.27618	2.2005720296282738	0.1484358650000000	0.0806459250000000
1769	9.27601	2.2029970794370577	0.1504905900000000	0.0968490900000000
1771	9.27552	2.3159048956193158	0.2394046300000000	0.1051900900000000
1773	9.27202	2.1991971833418034	0.1289464750000000	0.0990965300000000
1775	9.27078	2.2006114102903802	0.1657578250000000	0.0517671100000000
1776	9.26812	2.2021933824750821	0.1603235100000000	0.0835697150000000
1781	9.26310	2.2988835088159325	0.2413328850000000	0.1255317400000000
1782	9.25991	2.2001327764960759	0.1274617450000000	0.0965776400000000
1786	9.25823	2.1994873012160872	0.1459077450000000	0.0952808450000000
1788	9.25791	2.2013644723640149	0.1417664700000000	0.1083038000000000
1796	9.25601	2.2001215133371224	0.1483567750000000	0.0986259350000000
1798	9.25564	2.1997415567872332	0.1267760000000000	0.0670693000000000
1803	9.25402	2.1999526432611556	0.1387911600000000	0.0947031300000000
1804	9.25320	2.2003060011574185	0.1364774950000000	0.1051012400000000
1805	9.25320	2.1998700885931894	0.1446210250000000	0.0759974700000000
1806	9.25229	2.1933975215586696	0.1607496100000000	0.0835944450000000
1808	9.25199	2.1998780432506377	0.1194743800000000	0.0871722550000000
1814	9.24858	2.1998896854078356	0.1324959050000000	0.0743366300000000
1819	9.24519	2.1991014862907643	0.1346516750000000	0.1042583550000000
1823	9.24404	2.1985922528047137	0.1299304400000000	0.0915830700000000
1826	9.24000	2.1996562353085984	0.1552346650000000	0.0839848500000000
1827	9.24000	2.2014910410548842	0.1583845800000000	0.0577462800000000
1832	9.24000	2.2241060272161164	0.1780463400000000	0.0766588050000000
1833	9.24000	2.1992942163012636	0.1462807550000000	0.0860132450000000
1835	9.24000	2.2009303766046475	0.1358711200000000	0.0964036100000000
1836	9.24000	2.2014584338907643	0.1714538250000000	0.1077003650000000
176	18.28240	2.2000197017226157	0.1324749050000000	0.1041392300000000
177	18.28240	2.1996194986184525	0.1559127350000000	0.0924503850000000
181	17.96190	2.1987198500315492	0.1215391200000000	0.0966466650000000
183	17.81420	2.2008932927777094	0.1428324700000000	0.1076994050000000
1840	9.24000	2.2021043480081786	0.1647847750000000	0.0841168150000000
1846	9.24000	2.1992480683219595	0.1435107200000000	0.0981782650000000
1850	9.24000	2.1985113864381249	0.1166188600000000	0.0910522300000000
1853	9.24000	2.2015861402064010	0.1456666900000000	0.0968660100000000
1854	9.24000	2.2566456834391952	0.1915856850000000	0.1021132300000000
1856	9.24000	2.2005692780781132	0.1641487700000000	0.0777067900000000
1865	9.23790	2.1992981695059628	0.1491749950000000	0.0742088800000000
1870	9.23551	2.2003995280339703	0.1447565950000000	0.1150344400000000
1871	9.23551	2.1996787404704485	0.1479764350000000	0.1018749450000000
1872	9.23523	2.2004083884977552	0.1400962500000000	0.0976448400000000
1874	9.23490	2.1985720422854236	0.1452347700000000	0.1120272350000000
1875	9.23490	2.1984986984550434	0.1092087400000000	0.0683752250000000
1877	9.23438	2.1931231236547304	0.1551915250000000	0.0890223900000000
1878	9.23309	2.2029200355347882	0.1556812050000000	0.0893653400000000
1879	9.23309	2.1997523965688446	0.1436952000000000	0.0851382950000000
1880	9.23250	2.1977144227834704	0.1458285550000000	0.0960635000000000
1881	9.23250	2.1999073041373434	0.1498103500000000	0.0768162000000000
1882	9.23219	2.2003085314087252	0.1383200400000000	0.1014625150000000
1883	9.23219	2.1984599406184184	0.1478436100000000	0.1072152350000000
1885	9.23106	2.2018034254892380	0.1291417950000000	0.0782326300000000
1886	9.23095	2.1995850211740922	0.1321388100000000	0.0832504150000000
1890	9.22622	2.1911111243379207	0.1449353250000000	0.0913494400000000
1893	9.22493	2.1968615100775830	0.1488794450000000	0.0684341150000000
1900	9.21053	2.1984796618311031	0.1062436300000000	0.0741828900000000
1901	9.21053	2.1970362075825594	0.1407783850000000	0.0874782800000000
1906	9.18684	2.1990377713756732	0.1490734300000000	0.0952903650000000
1908	9.18574	2.2287524687533073	0.1908172450000000	0.1283804900000000
1910	9.18173	2.2017479079477433	0.1167616750000000	0.0626719650000000
1911	9.18173	2.1999969638754999	0.1324776000000000	0.1008912400000000
1914	9.18130	2.2001245354395049	0.1416596150000000	0.1092479500000000
1916	9.18058	2.2382689701471716	0.1946649300000000	0.0764081900000000
184	17.79570	2.1982751509693128	0.1589647000000000	0.0867719600000000
185	17.79570	2.1998859207141743	0.1436817150000000	0.0898197200000000
189	17.79230	2.2005149278551639	0.1216359350000000	0.0946163000000000
190	17.77460	2.2000915452783927	0.1369289650000000	0.0936526750000000
191	17.77460	2.1985992425052912	0.1163126500000000	0.0774131200000000
1922	9.17791	2.1995447069495127	0.1110061650000000	0.0750699200000000
1923	9.17791	2.1977046167255505	0.1549396800000000	0.1062232150000000
1924	9.17773	2.1996923094195191	0.1402622350000000	0.0923943600000000
1925	9.17773	2.2011680514462220	0.1322639800000000	0.0891221500000000
1926	9.17739	2.1995795478322657	0.1499357150000000	0.0966132500000000
1931	9.17523	2.1999916264794721	0.1429997300000000	0.0856057800000000
1932	9.17417	2.2188699697756564	0.1854570800000000	0.0806625200000000
1933	9.17417	2.2003662415048044	0.1376851550000000	0.1056181450000000
1934	9.17355	2.2001232415407235	0.1438683550000000	0.0956872150000000
1937	9.17238	2.2013062693437182	0.1679162750000000	0.1333839250000000
1939	9.17204	2.2003910704230982	0.1405298800000000	0.0779193250000000
1944	9.16674	2.2029046448874845	0.1621711250000000	0.0681844000000000
1946	9.16072	2.1986354172334810	0.1311480850000000	0.0801388850000000
1949	9.15790	2.1999069058998297	0.1481489500000000	0.0934304050000000
1950	9.15340	2.2008157772419357	0.1547732850000000	0.0901349700000000
1953	9.15240	2.2003761217996374	0.1405685050000000	0.0981084500000000
1955	9.15182	2.1923090153248252	0.1651684150000000	0.0786443250000000
1962	9.14000	2.1872930335812151	0.1278757350000000	0.1217002650000000
1964	9.14000	2.1999732126026155	0.1330391050000000	0.0929610250000000
1968	9.14000	2.2018687911025903	0.1390242400000000	0.1153581750000000
1970	9.14000	2.1997178084262905	0.1013997950000000	0.0600617350000000
1979	9.14000	2.2004207386239107	0.1397041550000000	0.1070947850000000
1983	9.14000	2.2015855774268176	0.1543059200000000	0.0859997900000000
1984	9.14000	2.2392038225846682	0.2137793250000000	0.1160996250000000
1989	9.14000	2.2014493857146684	0.1438773850000000	0.0929942600000000
1990	9.14000	2.1996282623776739	0.1453700700000000	0.0862104000000000
1991	9.14000	2.2001866292195849	0.1508917450000000	0.1037975350000000
1992	9.14000	2.1962861632131387	0.1564113900000000	0.1078953350000000
1993	9.14000	2.2040182411142162	0.1388178500000000	0.0928991750000000
1996	9.14000	2.1994365421846220	0.1212976100000000	0.0666626500000000
1997	9.14000	2.1996366711033812	0.1457478750000000	0.1112669450000000
1999	9.14000	2.2025621594438189	0.1666185450000000	0.1065241450000000
192	17.71340	2.2016357918269307	0.1567230550000000	0.0891433950000000
193	17.71340	2.1998994064335733	0.1457420700000000	0.0838045450000000
194	17.70800	2.2001242848448808	0.1364581500000000	0.0821745700000000
196	17.66620	2.2013388734966872	0.1582325800000000	0.0597013850000000
198	17.62660	2.2020060528635512	0.1433627650000000	0.0872863950000000
199	17.62660	2.2004618902498390	0.1392097050000000	0.0882047250000000
2003	9.14000	2.1979571370268141	0.1336183150000000	0.0877658650000000
2009	9.13770	2.1985022780771768	0.1636785400000000	0.0778408850000000
2013	9.13558	2.2013982346337202	0.1482253700000000	0.0947188900000000
2017	9.13453	2.2006475642156551	0.1531948800000000	0.1058841850000000
2020	9.13287	2.2009781613954718	0.1220221800000000	0.0645776300000000
2021	9.13287	2.1977977254632242	0.1286255850000000	0.1116330300000000
2022	9.13245	2.1994940534243486	0.1523119150000000	0.0946532900000000
2024	9.13204	2.1984939894730999	0.1289879950000000	0.0861110200000000
2025	9.13204	2.1984758039848771	0.1516569550000000	0.0928035850000000
2026	9.13189	2.2015052506217874	0.1722910000000000	0.0669765850000000
2030	9.11916	2.1995873524740470	0.1551435300000000	0.0367272400000000
2036	9.10508	2.2021148586898360	0.1376641300000000	0.1080483600000000
2038	9.10369	2.1960636170034067	0.1493760950000000	0.0760743700000000
2046	9.05605	2.1979165045461984	0.1434048700000000	0.0924606650000000
2048	9.04366	2.1999328246638759	0.1432264300000000	0.0918938850000000
2055	9.03638	2.2009140533912914	0.1432800450000000	0.1058962800000000
2056	9.03142	2.2000427721061153	0.1620104300000000	0.0615012200000000
2060	9.02477	2.2014824952547656	0.1374674200000000	0.0974319900000000
2061	9.02477	2.1971101335648515	0.1345825700000000	0.0895004000000000
2064	9.02211	2.1993796269602806	0.1371455350000000	0.0682231600000000
2068	9.02041	2.2014877902893826	0.1421346350000000	0.0989180050000000
2069	9.02041	2.2226299308382602	0.1740889850000000	0.0846196800000000
2070	9.02039	2.2012099823823599	0.1333938650000000	0.0733331900000000
2073	9.02018	2.1994236402262821	0.1573595850000000	0.0925920350000000
2075	9.02017	2.1981815533291904	0.1713186900000000	0.0912979200000000
2076	9.01653	2.2013742037253352	0.1224645650000000	0.0886789900000000
2078	9.01625	2.1992515739704634	0.1497960950000000	0.0723236250000000
2079	9.01625	2.1994779085944698	0.1423734250000000	0.0885202400000000
200	17.62620	2.2007282552700271	0.1456425400000000	0.0904606750000000
2080	9.01619	2.2022100910999827	0.1639606700000000	0.1094384650000000
2082	9.01556	2.2028812129865210	0.1579762150000000	0.0869635400000000
2083	9.01556	2.2009687312291772	0.1570191050000000	0.0635441250000000
2087	9.01160	2.1976824936219317	0.1432092550000000	0.1002801800000000
2088	9.01098	2.3583678233030740	0.2506765200000000	0.1033394500000000
2093	9.00907	2.1934471988418482	0.1234943000000000	0.1310412650000000
2096	9.00734	2.2001690366755198	0.1472422800000000	0.0989216550000000
2104	9.00246	2.1958813474409613	0.1415541400000000	0.0931131800000000
2107	9.00214	2.1985563992074186	0.1436579650000000	0.0774930700000000
2108	9.00062	2.1996120546155074	0.1523196550000000	0.0937947200000000
2111	9.00011	2.2000790382274946	0.1489557050000000	0.1038287300000000
2113	8.99981	2.1962181236286971	0.1412198950000000	0.0992635500000000
2116	8.99874	2.1998662077003961	0.1465060050000000	0.1095258900000000
2119	8.99850	2.1998763255454117	0.1582953950000000	0.0968092550000000
2121	8.99556	2.2009509845334514	0.1307345400000000	0.0893305550000000
2123	8.99535	2.2020221971520582	0.1578347300000000	0.0872087850000000
2124	8.99371	2.2002196326568901	0.1383814650000000	0.0746950350000000
2127	8.99142	2.1866778309873025	0.1129880550000000	0.1043074750000000
2129	8.99078	2.2012318205761106	0.1560898800000000	0.0988659900000000
2130	8.98943	2.2007549773171760	0.1356574200000000	0.0794055550000000
2133	8.98853	2.2014999435838916	0.1358314450000000	0.1161070750000000
2136	8.98743	2.2013501175545165	0.1592964650000000	0.1048468950000000
2141	8.98605	2.2014567158596257	0.1507198050000000	0.0908813300000000
2145	8.98373	2.1944610012232464	0.1427161950000000	0.1002866800000000
2146	8.98340	2.1840714262724719	0.1195167150000000	0.1248093450000000
2149	8.98311	2.2007517501564937	0.1256132550000000	0.1084447450000000
2151	8.98274	2.1998920618049249	0.1819807300000000	0.1328641650000000
2152	8.98141	2.1985840739442439	0.1684577050000000	0.0875431700000000
2157	8.98000	2.1985255280250424	0.1316860450000000	0.0974067850000000
208	17.18240	2.2008310462512566	0.1476529750000000	0.0895330600000000
209	17.18240	2.2005284252224020	0.1299886400000000	0.1062108800000000
211	17.07690	2.2001095154028887	0.1354786100000000	0.1147570600000000
212	17.05300	2.2028673580430240	0.1552942350000000	0.1008973150000000
213	17.05300	2.1984908204801301	0.1192932250000000	0.0773835000000000
215	17.02200	2.1972349127924939	0.1346772550000000	0.0970549300000000
2162	8.98000	2.1994276735577682	0.1552746050000000	0.0872186950000000
2163	8.98000	2.1983884365592039	0.1371737450000000	0.0645662600000000
2169	8.98000	2.2009814588485788	0.1627691900000000	0.0590998950000000
2170	8.98000	2.2006628910924828	0.1556253200000000	0.0642075800000000
2173	8.98000	2.1992866966188021	0.1359625350000000	0.0774067350000000
2174	8.97946	2.2003663985899835	0.1141426600000000	0.0520290200000000
2178	8.97489	2.1999207782969332	0.1439804750000000	0.0778141750000000
2179	8.97489	2.1983873664781481	0.1348898000000000	0.1062468350000000
2184	8.97257	2.2002467674914299	0.1512872300000000	0.0870585200000000
2185	8.97257	2.2002538391026203	0.1492281850000000	0.0799496500000000
2187	8.97180	2.1985204623524086	0.1258787250000000	0.1016392950000000
2188	8.96911	2.1985257792203252	0.1282306450000000	0.0935771800000000
2189	8.96911	2.2014647162481222	0.1351293900000000	0.0454172100000000
2191	8.96742	2.2007605174850675	0.1441683050000000	0.0931859350000000
2198	8.95967	2.2008265518774324	0.1407952750000000	0.0985939900000000
2201	8.95899	2.1981531114691246	0.1571136000000000	0.1019290700000000
2202	8.95854	2.2009353295385856	0.1652875800000000	0.1216035550000000
2204	8.95765	2.1985824090761055	0.1493204150000000	0.0945769350000000
2205	8.95765	2.2024223487963028	0.1638471350000000	0.0775217900000000
2207	8.95637	2.2017504778575545	0.1308345600000000	0.1022003150000000
2210	8.95605	2.2007311881514107	0.1494747450000000	0.0750976250000000
2211	8.95605	2.2163178525572209	0.1769152750000000	0.0933631000000000
2220	8.95361	2.1977171181793027	0.1430347200000000	0.0914081000000000
2221	8.95361	2.2127864970837074	0.1635916450000000	0.0793446800000000
2224	8.95254	2.2019868781520882	0.1498350600000000	0.0643762650000000
2225	8.95254	2.2019384028674933	0.1357225450000000	0.1106333200000000
2226	8.95171	2.1998987573206139	0.1353390950000000	0.0952939900000000
2230	8.95019	2.3776771594950077	0.2452351250000000	0.0809500500000000
2232	8.95018	2.2034049877551900	0.1509649550000000	0.1137938550000000
2236	8.94681	2.1977646815195184	0.1473881450000000	0.1023359900000000
218	16.98050	2.1996177394305816	0.1539031500000000	0.0665943600000000
221	16.93270	2.1881503690053656	0.1542694000000000	0.1148607700000000
2243	8.93885	2.2011041347971925	0.1491248500000000	0.0686626200000000
2244	8.93734	2.2016096629317254	0.1161550400000000	0.0655776150000000
2246	8.93637	2.2017842840402517	0.1360210050000000	0.0977824800000000
2247	8.93637	2.2042830353989609	0.1571974800000000	0.0989416150000000
2248	8.93547	2.2002955451011164	0.1564648100000000	0.1085703450000000
2249	8.93547	2.1998387178477938	0.1566545000000000	0.0962166800000000
2250	8.93344	2.2239903521409761	0.1766933050000000	0.1068928650000000
2251	8.93344	2.2392328616048354	0.1822194250000000	0.1174986400000000
2253	8.93060	2.2006226207933821	0.1340454350000000	0.0970827050000000
2255	8.92967	2.1993133107253358	0.1528721250000000	0.0658357650000000
2256	8.92952	2.2048087238314240	0.1484085500000000	0.0933579750000000
2263	8.92661	2.1977989176827095	0.1601600350000000	0.0754027050000000
2265	8.92659	2.2021614652791821	0.1435313800000000	0.0882907150000000
2266	8.92619	2.1959844695598685	0.1577228450000000	0.0614004500000000
2268	8.92463	2.2077991219008082	0.1558922150000000	0.0974555200000000
2270	8.92413	2.1909408316809751	0.1519415250000000	0.0794528850000000
2271	8.92413	2.2022175114380098	0.1432647850000000	0.1087640250000000
2273	8.92381	2.2015010688704977	0.1193684100000000	0.0527790600000000
2274	8.92358	2.1948922754259681	0.1522746000000000	0.0938320550000000
2275	8.92358	2.1978759608873317	0.1459797450000000	0.0777268100000000
2278	8.92315	2.2002040451676925	0.1395060400000000	0.0922087850000000
2281	8.92279	2.1985366940318989	0.1402490400000000	0.0966561100000000
2288	8.91786	2.2021920225595251	0.1451125650000000	0.0919463900000000
2289	8.91786	2.1995579712131503	0.1428601450000000	0.0665125600000000
2291	8.91596	2.1996519619235624	0.1323366750000000	0.0590648050000000
2293	8.91512	2.2020158494664313	0.1444191800000000	0.0931301850000000
2295	8.91384	2.2007180988891166	0.1548706600000000	0.0824423950000000
2296	8.91245	2.1914147243449915	0.1390501050000000	0.1028402450000000
2299	8.90797	2.2052502096543356	0.1631898650000000	0.1086500750000000
2300	8.90250	2.1822188569043810	0.1368839900000000	0.1269562200000000
2304	8.89888	2.2015141031742691	0.1286755250000000	0.0630678150000000
2306	8.89326	2.2027148451799050	0.1501944550000000	0.0915378550000000
2307	8.89326	2.2014482465003979	0.1443947600000000	0.1051310400000000
2312	8.87436	2.1999800080986534	0.1351702350000000	0.1026448700000000
2313	8.87436	2.2004880057376996	0.1330383100000000	0.1049460000000000
2315	8.87192	2.2000490200974689	0.1341620150000000	0.1020452650000000
2317	8.87173	2.2019728960407470	0.1339283600000000	0.1080780650000000
2319	8.86814	2.1980160007363847	0.1047938500000000	0.0693689200000000
227	16.88770	2.2004664640897360	0.1601974350000000	0.0971807150000000
228	16.88760	2.1996721383790461	0.1472772300000000	0.0749647400000000
230	16.86680	2.2015302027615355	0.1614232250000000	0.0741197400000000
2324	8.86133	2.1915301151916968	0.1494017200000000	0.1178154450000000
2330	8.85054	2.1994105233177188	0.1306240250000000	0.0622040150000000
2343	8.83638	2.1954434331778749	0.1639277350000000	0.1021534450000000
2348	8.82689	2.2018597551078112	0.1430563700000000	0.1042906750000000
2349	8.82689	2.2005029327447052	0.1407711350000000	0.0848638250000000
2350	8.82364	2.2002091968008881	0.1496606000000000	0.0677478400000000
2351	8.82364	2.2232984885336555	0.1822724100000000	0.0724392950000000
2353	8.81628	2.1986162029603085	0.1246653100000000	0.0556249000000000
2354	8.81623	2.2014781335289610	0.1619636400000000	0.0679702150000000
2356	8.81004	2.1994934513082796	0.1369039700000000	0.0839266100000000
2362	8.80658	2.2020234395029910	0.1528633750000000	0.0669891600000000
2363	8.80658	2.2003303082488284	0.1309468000000000	0.0991729050000000
2367	8.80448	2.2147369391759049	0.1746233800000000	0.1000352300000000
2368	8.79150	2.2000230035442483	0.1575410400000000	0.1015025500000000
2370	8.78437	2.1984987765819950	0.1586615450000000	0.0856362500000000
2371	8.78437	2.1994388105157703	0.1211777200000000	0.1041822150000000
2374	8.77878	2.2001094971564266	0.1433132150000000	0.0917174200000000
2375	8.77878	2.1999048900248712	0.1503882700000000	0.0940045600000000
2376	8.77192	2.1996205929221886	0.1409997550000000	0.0872926850000000
2378	8.75648	2.1985392854376884	0.1219244450000000	0.0589092600000000
2381	8.75301	2.2020719384612857	0.1417945150000000	0.0984699200000000
2383	8.74242	2.1991674984365845	0.1356821950000000	0.1078363450000000
2384	8.74216	2.1994841892233841	0.1702299550000000	0.0374564400000000
2391	8.73721	2.2005216126967442	0.1610955450000000	0.0929397700000000
2392	8.73275	2.1999357772983084	0.1490000250000000	0.0785148800000000
2393	8.73275	2.1984952651460037	0.1723554150000000	0.0799142900000000
2394	8.72981	2.1984536387101894	0.1449210200000000	0.0867301400000000
2397	8.72279	2.2330119014805918	0.1959813000000000	0.1222964000000000
2399	8.71645	2.2015161938783074	0.1514020100000000	0.0992085100000000
233	16.86620	2.2059446310729149	0.1928799450000000	0.1068269250000000
235	16.86370	2.2025873039234352	0.1544978700000000	0.0996086900000000
237	16.81790	2.1995023596878567	0.1318279850000000	0.1036271550000000
238	16.79440	2.1911958554270918	0.1603359700000000	0.1177359100000000
239	16.79440	2.1998858512897370	0.1496314550000000	0.0502590800000000
22	98.06700	2.2019565257765406	0.1583297300000000	0.0818623700000000
2402	8.70886	2.1975539601629910	0.1405179250000000	0.0881319500000000
2404	8.70243	2.2007876813163998	0.1479726800000000	0.0711306500000000
2405	8.70243	2.1954581412172467	0.1485635200000000	0.0955171350000000
2406	8.69579	2.1946210734501523	0.1587641350000000	0.1054594350000000
2408	8.69451	2.2006233501919912	0.1528045150000000	0.0687701650000000
2409	8.69451	2.2001714952449292	0.1496558900000000	0.1077464050000000
2415	8.67928	2.1999211162374350	0.1617076100000000	0.0831920550000000
2416	8.66682	2.2013470933169730	0.1174323150000000	0.1145971850000000
2418	8.66452	2.2014760324427254	0.1549323400000000	0.0961810850000000
2425	8.64481	2.2011456364456685	0.1393085800000000	0.0976975600000000
2427	8.64296	2.1873385673190699	0.1511072750000000	0.0817025700000000
2429	8.64137	2.1977130114963908	0.1531695750000000	0.0741978150000000
2431	8.62991	2.2001654810450462	0.1591550500000000	0.0885253750000000
2432	8.62916	2.2006564387876555	0.1489763300000000	0.0961366600000000
2433	8.62916	2.2001699219072468	0.1348860350000000	0.1086621800000000
2434	8.62915	2.1997865404023242	0.1411000150000000	0.0917943500000000
2438	8.62822	2.2562223439465576	0.2107260150000000	0.1452420000000000
2440	8.62799	2.2017468479317936	0.1404303350000000	0.0929380200000000
2441	8.62799	2.2015986797460725	0.1490348750000000	0.1084981600000000
2449	8.62562	2.1888270454537904	0.1757638650000000	0.0687834200000000
2451	8.62547	2.2014822674267669	0.1544991950000000	0.0921682950000000
2452	8.62537	2.1976356083737763	0.1556858150000000	0.0378064500000000
2454	8.62494	2.2042987456224266	0.1396176400000000	0.1149632550000000
2460	8.62151	2.2008038884305563	0.1243068350000000	0.0701246450000000
2463	8.62143	2.2015222853346592	0.1427447700000000	0.0855644150000000
2464	8.62139	2.1997807181526459	0.1406016700000000	0.1048566400000000
2465	8.62139	2.2001611576945410	0.1455936500000000	0.1080890850000000
2468	8.61871	2.1976914251099160	0.1540233350000000	0.0889394000000000
2469	8.61871	2.2006948389479910	0.1391692600000000	0.0946766500000000
2472	8.59504	2.1996626275796274	0.1477038000000000	0.1012098100000000
2477	8.58354	2.2026384560024601	0.1516564800000000	0.0971435450000000
2478	8.57884	2.1997236003514504	0.1413605700000000	0.0728269700000000
2479	8.57884	2.1804755165916085	0.0971498950000000	0.1073491650000000
245	16.67950	2.2076970026685081	0.1598824650000000	0.0633669450000000
2485	8.55654	2.2004561922044452	0.1390077250000000	0.0853227350000000
2488	8.54109	2.2005334650034758	0.1411929050000000	0.0984377850000000
2489	8.54109	2.1996952096392359	0.1439546850000000	0.1011725750000000
2492	8.53909	2.2005967401583897	0.1518280000000000	0.1068891550000000
2498	8.53773	2.2022328934871522	0.1467072200000000	0.0873609700000000
2506	8.53691	2.2021568747466760	0.1281530500000000	0.0689485650000000
2511	8.53659	2.2014875928166462	0.1416211200000000	0.0816573500000000
2513	8.53601	2.1990500505431965	0.1581282750000000	0.0811016000000000
2515	8.53595	2.1985995896181882	0.1605972600000000	0.0661278700000000
2520	8.53184	2.1983942633386802	0.1546572750000000	0.1039509150000000
2522	8.53153	2.1974943496486046	0.1499684450000000	0.1006100300000000
2527	8.52658	2.1972959526968348	0.1447521000000000	0.0882902250000000
2529	8.52617	2.1780227930825817	0.1567488650000000	0.0678078000000000
2533	8.51847	2.1996709972797208	0.1263784250000000	0.0961156600000000
2536	8.51130	2.2016685877286424	0.1438753150000000	0.0863744800000000
2537	8.51130	2.2005190189861956	0.1194950900000000	0.0624075100000000
2542	8.49075	2.2007555725027310	0.1352631400000000	0.0804016600000000
2543	8.49075	2.2010842652615095	0.1390121200000000	0.0757987200000000
2544	8.48967	2.2010774407432829	0.1432664300000000	0.0870729700000000
2550	8.48000	2.2014769694037346	0.1477310750000000	0.0915629250000000
2551	8.48000	2.2072228611400351	0.1659651550000000	0.0744130150000000
2558	8.48000	2.1997963163392455	0.1542944800000000	0.0619581550000000
248	16.57590	2.2033616145878359	0.1662630900000000	0.0455457600000000
249	16.57590	2.1984755756327736	0.1444956800000000	0.0849710100000000
250	16.51990	2.2005236600952385	0.1464287900000000	0.0882043350000000
251	16.51990	2.1990142935560582	0.1380983500000000	0.0643817150000000
252	16.50140	2.2032135834543856	0.1650063650000000	0.0743098750000000
253	16.50140	2.1989679608295818	0.1399734450000000	0.0872985150000000
2560	8.48000	2.2025585899556064	0.1497853850000000	0.0841274100000000
2561	8.48000	2.2013087681122308	0.1431246400000000	0.0948481550000000
2567	8.48000	2.1986467966615342	0.1278575200000000	0.0964376500000000
2569	8.48000	2.2019989499167800	0.1574653750000000	0.1207109850000000
2570	8.47797	2.1924927859045895	0.1587096500000000	0.0626271050000000
2578	8.46680	2.2021186969006301	0.1403487400000000	0.0923650500000000
2580	8.46656	2.1985761991327224	0.1413119300000000	0.1162696700000000
2584	8.46055	2.3978634310121860	0.2917348050000000	0.0913491150000000
2586	8.46000	2.2007312694785766	0.1660522350000000	0.0777179150000000
2587	8.46000	2.1985392489538520	0.1451516900000000	0.0798739450000000
2589	8.44800	2.2014772213589042	0.1268059400000000	0.0936617400000000
2597	8.43458	2.1980355391915034	0.1325763550000000	0.1025128200000000
2598	8.43092	2.2601492970242187	0.1814029200000000	0.0968981250000000
2601	8.42770	2.2015284983999277	0.1477346200000000	0.0898815100000000
2603	8.42299	2.2014982679755755	0.1387244050000000	0.0981558000000000
2609	8.41614	2.2014448388363528	0.1463267600000000	0.0607029750000000
2614	8.40334	2.2003014869051460	0.1541600400000000	0.0812036600000000
2615	8.40334	2.1985141270916126	0.1358008550000000	0.1065464400000000
2617	8.40227	2.1980771000442392	0.1390143000000000	0.1125720000000000
2619	8.39487	2.2019504027933916	0.1502801650000000	0.0956564400000000
2620	8.39137	2.2017055823939109	0.1361544750000000	0.0797375600000000
2623	8.38740	2.2227372921395578	0.1718408500000000	0.0812837450000000
2624	8.38712	2.2004923987149212	0.1593136550000000	0.0998827200000000
2625	8.38712	2.2015130687897253	0.1433624900000000	0.0933625400000000
2627	8.38446	2.2310301354104576	0.1730178200000000	0.0775927850000000
2629	8.37889	2.1994230078952750	0.1547766700000000	0.1039599150000000
2630	8.37462	2.1966970339144072	0.1558729800000000	0.1052792050000000
2633	8.37012	2.1977372012445540	0.1521029650000000	0.0904981600000000
2634	8.36918	2.2021772112251368	0.1443410450000000	0.1144622100000000
2635	8.36918	2.2607290795822275	0.2066408250000000	0.0741980550000000
2638	8.36731	2.2001353957626977	0.1328224800000000	0.1051816450000000
257	16.45850	2.2006829153833332	0.1572273550000000	0.0816822400000000
258	16.44450	2.2414452593405518	0.1934512050000000	0.0396895850000000
2640	8.36730	2.1984924651642062	0.1188857200000000	0.1114321500000000
2642	8.36655	2.1997795291364897	0.1575005650000000	0.1073039700000000
2643	8.36655	2.2005027671760242	0.1426239900000000	0.0946261050000000
2647	8.36622	2.2021799210435637	0.1396034900000000	0.0718255000000000
2650	8.36541	2.1997865166938921	0.1437124200000000	0.0923295950000000
2655	8.36483	2.1983135029638627	0.0872236650000000	0.0811110450000000
2656	8.36471	2.1998129162658855	0.1326122500000000	0.1126554250000000
2666	8.35941	2.1998713573304900	0.1483195500000000	0.0841478150000000
2667	8.35941	2.2014504030863158	0.1482392250000000	0.0870460350000000
2672	8.35329	2.1969629960038062	0.1674059900000000	0.0966306300000000
2673	8.35329	2.2007524906369249	0.1457602900000000	0.0992549550000000
2674	8.35100	2.1861146599855594	0.1446576650000000	0.1163643350000000
2675	8.35100	2.1987064381274788	0.1459491250000000	0.0822885750000000
2676	8.34964	2.2074133383052024	0.1889362450000000	0.1164835850000000
2677	8.34964	2.1993237866879642	0.1346253400000000	0.0879349600000000
2680	8.34857	2.2041559787631693	0.1555192550000000	0.0401724300000000
2681	8.34857	2.2014592337513110	0.1407008250000000	0.0947023000000000
2682	8.34790	2.2006362257385113	0.1392042750000000	0.0704972950000000
2683	8.34790	2.2002216358319369	0.1596628800000000	0.0991650300000000
2684	8.34776	2.2021494177979353	0.1411162250000000	0.1068304000000000
2686	8.34726	2.2100110992436313	0.1639838600000000	0.1026369200000000
2687	8.34726	2.2009799238233816	0.1346097350000000	0.0921337600000000
2693	8.34483	2.2058403477531430	0.1661000350000000	0.1117451650000000
2696	8.34384	2.1984863809238915	0.1567711450000000	0.0702831900000000
2697	8.34384	2.1971679321362254	0.1595982850000000	0.0641082350000000
2702	8.34188	2.2127177973042600	0.1899610800000000	0.1219674700000000
2705	8.34054	2.1980723861234979	0.1255885700000000	0.0890208600000000
2706	8.33796	2.1952184082912418	0.1441956000000000	0.1002505300000000
2707	8.33796	2.2018546567863786	0.1216466050000000	0.1145581900000000
2709	8.33427	2.2013925909014884	0.1483349200000000	0.0856931400000000
2712	8.32388	2.2015593432499192	0.1471547950000000	0.1029451750000000
2717	8.31924	2.2020733681503182	0.1457996400000000	0.0859100100000000
2718	8.31015	2.1984799809169338	0.1555097200000000	0.1238227000000000
264	16.21370	2.3180980458172922	0.2572905300000000	0.1264834050000000
265	16.21370	2.2425218450960651	0.1886898350000000	0.1166031450000000
268	16.15410	2.1992400084632533	0.1474884750000000	0.0886162200000000
270	16.15400	2.2002103678519180	0.1563794700000000	0.0988179600000000
271	16.15400	2.2001537385951146	0.1421817400000000	0.1066501100000000
2720	8.30884	2.2011304117450945	0.1456446150000000	0.0976744750000000
2722	8.30872	2.2003024037325387	0.1435608750000000	0.0807484550000000
2723	8.30872	2.2001914492315517	0.1604111600000000	0.0911940750000000
2724	8.30642	2.1998557108084325	0.1421760100000000	0.0831569350000000
2725	8.30642	2.3427536496840258	0.2401026200000000	0.0658054150000000
2727	8.30497	2.2002863222029712	0.1580527550000000	0.0582769300000000
2728	8.30123	2.2001520018083602	0.1453590850000000	0.0918653150000000
2734	8.27979	2.2000218902048077	0.1398569150000000	0.1011786100000000
2736	8.27930	2.1969628183748000	0.1650952600000000	0.0917652200000000
2751	8.27016	2.2005499655241190	0.1578096550000000	0.0793767900000000
2758	8.26374	2.2007236843549056	0.1492347300000000	0.0972536150000000
2762	8.26118	2.3439342937371213	0.2740213800000000	0.1132414200000000
2764	8.25435	2.2055542235827699	0.1687904400000000	0.0934636100000000
2765	8.25435	2.2009365571838870	0.1519725450000000	0.0680756950000000
2766	8.24826	2.1978676060719438	0.1312315100000000	0.0932418800000000
2767	8.24826	2.2374969089930357	0.1883381550000000	0.1117358350000000
2771	8.24336	2.2004213312829188	0.1349771700000000	0.1063985450000000
2772	8.23918	2.1913353639554218	0.1463059450000000	0.0814694450000000
2773	8.23918	2.2003932540488287	0.1554983950000000	0.1024381700000000
2774	8.23870	2.1947020867927138	0.1484065600000000	0.0962669400000000
2778	8.23466	2.1998693474143782	0.1454816750000000	0.1118575000000000
2779	8.23466	2.2019982411743184	0.1635413600000000	0.0788881450000000
2781	8.23239	2.1989596108915079	0.1199225100000000	0.1005369550000000
2782	8.22956	2.1973816168557305	0.1344783800000000	0.1030154600000000
2783	8.22956	2.2018351506582108	0.1420878450000000	0.0984600650000000
2786	8.22882	2.2019820370838517	0.1499611250000000	0.1008016850000000
2787	8.22882	2.2005223324524934	0.1593323950000000	0.0570203750000000
2788	8.22517	2.1999181471359837	0.1398993150000000	0.0732784050000000
2792	8.22157	2.2010661298571628	0.1621828950000000	0.0948834100000000
2793	8.22157	2.2007160948398869	0.1609606200000000	0.0969232350000000
2795	8.21916	2.2011548309085365	0.1199555450000000	0.1151227900000000
2796	8.21880	2.1985659643657827	0.1650178650000000	0.0955771900000000
274	16.00470	2.2020253782152999	0.1514054500000000	0.1007175100000000
275	16.00470	2.2004947869582590	0.1417879250000000	0.0608104350000000
276	15.97560	2.2217356985613597	0.2165525250000000	0.0923102450000000
278	15.81910	2.1990327306518611	0.1413407200000000	0.1052391950000000
279	15.81910	2.2001901867679998	0.1309337050000000	0.1130898550000000
2800	8.21535	2.2627649926514755	0.2005460650000000	0.1217365200000000
2802	8.21484	2.2003817440049684	0.1393284700000000	0.1067108800000000
2803	8.21484	2.1995225038120236	0.1403292650000000	0.0835416800000000
2806	8.20236	2.2000378668911433	0.1233612150000000	0.0897510400000000
2807	8.20236	2.2009667940077264	0.1403631400000000	0.0973594900000000
2808	8.20000	2.2021128677453001	0.1336906650000000	0.0795690250000000
2813	8.20000	2.2014308006663308	0.1612125350000000	0.0928832650000000
2815	8.20000	2.1978979549156499	0.1304963550000000	0.0843550200000000
2816	8.20000	2.2023072485299391	0.1530098950000000	0.0686885100000000
2818	8.20000	2.2008382397349764	0.1290550350000000	0.0930216400000000
2819	8.20000	2.1978771682363472	0.1370054200000000	0.1065595300000000
2820	8.20000	2.1995198068081039	0.1560063800000000	0.0777772200000000
2822	8.20000	2.4178618935224661	0.2603132900000000	0.0969447400000000
2823	8.20000	2.1981530905211888	0.1178698750000000	0.0545233450000000
2827	8.20000	2.1954604196498431	0.1561997450000000	0.0766010550000000
2830	8.20000	2.2015094445228085	0.1578780700000000	0.0587614600000000
2832	8.20000	2.2014807399590106	0.1376698050000000	0.0992195900000000
2836	8.20000	2.2014615405064633	0.1503030300000000	0.0767475650000000
2837	8.20000	2.1985372259133134	0.1451866700000000	0.0891491600000000
2841	8.19420	2.2017926270310668	0.1593385800000000	0.0994745000000000
2842	8.19382	2.1972061507786922	0.1525095350000000	0.0960974700000000
2843	8.19382	2.2010952070300061	0.1210644250000000	0.0753836900000000
2844	8.19066	2.2024361914551260	0.1534763400000000	0.0962969200000000
2848	8.18384	2.1985066752384324	0.1433834700000000	0.0790619600000000
2854	8.17129	2.1872341995522566	0.1512847900000000	0.1127502350000000
2855	8.17129	2.1991020859200181	0.1579895600000000	0.1043269850000000
2858	8.16935	2.1967212678858088	0.1362243000000000	0.0870996200000000
2860	8.16836	2.2005340523993397	0.1516341600000000	0.0949539050000000
2861	8.16836	2.1954021743458578	0.1495666300000000	0.0866493400000000
2862	8.16758	2.2014358899654956	0.1382284350000000	0.0912265850000000
2863	8.16758	2.2014840352186478	0.0999870050000000	0.0766023150000000
2864	8.16645	2.1999800789365405	0.1527326400000000	0.0903674450000000
2867	8.16450	2.4296365249620275	0.2240574750000000	0.2017856400000000
2868	8.16181	2.1998249361346200	0.1383178350000000	0.1028629150000000
2869	8.16181	2.2010798395465985	0.1561081750000000	0.0529804150000000
2870	8.15953	2.1954443277028215	0.1063402100000000	0.0563987900000000
2872	8.15888	2.1966617748585988	0.1429449150000000	0.0952557550000000
2877	8.14937	2.1977971027358620	0.1386015100000000	0.0693622950000000
2878	8.14594	2.1996682671761123	0.1426840000000000	0.1236785550000000
280	15.79130	2.1646141776350962	0.1333449750000000	0.0613963950000000
285	15.59030	2.1992248061531834	0.1569699600000000	0.1073579550000000
286	15.37460	2.3548903473989169	0.2550206500000000	0.1096739950000000
2886	8.13966	2.2015632129416809	0.1529411950000000	0.1018560200000000
2887	8.13966	2.2002962930481531	0.1143126600000000	0.0656052600000000
2889	8.13955	2.2105326990290428	0.1628424450000000	0.1164546450000000
2891	8.13890	2.2018691764878087	0.1338066950000000	0.0997898500000000
2892	8.13840	2.2014443682214466	0.1401177000000000	0.0349690750000000
2893	8.13840	2.1987173893053633	0.1655705200000000	0.1018104950000000
2899	8.13645	2.1997413164832307	0.1286943650000000	0.0932610050000000
2901	8.13578	2.1980340560816600	0.1380247350000000	0.0930557200000000
2906	8.13301	2.1977193028674167	0.1660224000000000	0.0691136050000000
2907	8.13301	2.1972686514832485	0.1365988200000000	0.0792312950000000
2908	8.13284	2.1994974740229156	0.1562822900000000	0.0835565500000000
2909	8.13284	2.3748206149535478	0.2503817350000000	0.1190076850000000
2913	8.12955	2.2007164954979133	0.1533760250000000	0.0695662750000000
2919	8.12592	2.1823770022603801	0.1976084650000000	0.1183504200000000
2925	8.12265	2.1996736366406342	0.1352260900000000	0.1062905700000000
2927	8.12189	2.2024823220222403	0.1576022250000000	0.0823294200000000
2932	8.11972	2.2020951465099512	0.1541268450000000	0.0862080350000000
2933	8.11972	2.1953774185365567	0.1572402950000000	0.0913176650000000
2934	8.11876	2.1995052979524683	0.1469125300000000	0.0965669600000000
2938	8.11091	2.1978628931095590	0.1516169650000000	0.0961492900000000
2940	8.11078	2.1989713875342138	0.1462421250000000	0.0930870250000000
2941	8.11078	2.2008083261959315	0.1565242650000000	0.0756143200000000
2944	8.10951	2.1980512446763614	0.1533402850000000	0.0908493350000000
2948	8.10659	2.1886526842264593	0.1653864600000000	0.0903673900000000
2949	8.10659	2.2017827010282600	0.1397980050000000	0.0573507150000000
2951	8.10431	2.2016805030246576	0.1395461250000000	0.1017558650000000
2952	8.09909	2.2027624512582791	0.1473373250000000	0.1176757800000000
2955	8.09854	2.2020821313716716	0.1534677800000000	0.0701628650000000
2959	8.09785	2.1945168373087380	0.1625020650000000	0.0939267650000000
289	15.35480	2.2006810741257596	0.1529026650000000	0.0885778750000000
290	15.33460	2.2013327966911613	0.1408252550000000	0.0888616750000000
293	15.33040	2.2007443552073851	0.1556798800000000	0.1003552100000000
294	15.28500	2.1979442961623845	0.1306878250000000	0.0818590500000000
295	15.28500	2.1996813918359743	0.1336222500000000	0.0979184550000000
2961	8.09740	2.1985566379786512	0.0989763750000000	0.0750574400000000
2962	8.09702	2.2021324933565487	0.1441902100000000	0.0676798300000000
2963	8.09702	2.1975807501015843	0.1287687100000000	0.1249021600000000
2964	8.09688	2.1807843823934268	0.1472104050000000	0.1096097750000000
2966	8.09614	2.2002000663841756	0.1198569150000000	0.1123946700000000
2968	8.09578	2.1973439737841844	0.1635207950000000	0.1017897150000000
2969	8.09578	2.2315722528682707	0.1833363200000000	0.0883373200000000
2970	8.09432	2.2019670562072458	0.1440027250000000	0.0982605250000000
2971	8.09432	2.1977782203324598	0.1188905800000000	0.0656781500000000
2972	8.09383	2.2014788899430635	0.1602942450000000	0.0915176150000000
2973	8.09383	2.2033503076675927	0.1513741250000000	0.0694656950000000
2976	8.09157	2.1991677620108723	0.1457863350000000	0.0421375800000000
2977	8.09157	2.2591649146252077	0.1746334850000000	0.1012814150000000
2978	8.09141	2.2005229913802880	0.1498051700000000	0.1079196750000000
2985	8.09051	2.2024328285581976	0.1501426350000000	0.0968026850000000
2987	8.09000	2.2043057929042487	0.1668924300000000	0.0690160350000000
2988	8.09000	2.2133327554407867	0.1792944900000000	0.0516716950000000
2993	8.09000	2.1998239547106975	0.1474632550000000	0.0482521000000000
2994	8.09000	2.1978903558874645	0.1299537200000000	0.0717502100000000
2995	8.09000	2.1987183832291177	0.1425928700000000	0.1131391200000000
2998	8.09000	2.2019823519082178	0.1297185700000000	0.1081953100000000
3003	8.09000	2.1985713007938870	0.1584840500000000	0.0903420450000000
3007	8.09000	2.1957074736954851	0.1350121100000000	0.0383024050000000
3008	8.09000	2.1985044966714526	0.1588701850000000	0.1037052300000000
3010	8.09000	2.2023797268613032	0.1629468800000000	0.1031825750000000
3011	8.09000	2.2015669910947029	0.1445687950000000	0.1028745300000000
3012	8.09000	2.1972359917003428	0.1599943050000000	0.0777005400000000
3013	8.09000	2.1989358449323073	0.1379938100000000	0.1126589450000000
3014	8.09000	2.2005920247491830	0.1232906850000000	0.1007834500000000
3017	8.09000	2.2015026156838995	0.1591604150000000	0.0998420800000000
3018	8.09000	2.2159934931943739	0.1765113650000000	0.0983083850000000
3020	8.09000	2.1984563363766174	0.1558503650000000	0.0942412500000000
3021	8.09000	2.2007836438881636	0.1569949000000000	0.0943023800000000
3022	8.09000	2.1903578480273125	0.1397001600000000	0.1044783300000000
3023	8.09000	2.2001328482443729	0.1382275700000000	0.0731146550000000
3024	8.08933	2.1972619972855965	0.1171487900000000	0.1080356550000000
3026	8.08870	2.2035981843073702	0.1735262550000000	0.0691610300000000
3027	8.08870	2.1982669904195342	0.1505778100000000	0.1096553850000000
3029	8.08834	2.2406556684221433	0.2417083800000000	0.0904406300000000
3031	8.08665	2.2015890079430749	0.1661128650000000	0.1025694050000000
3035	8.08582	2.1984851455364600	0.1752391550000000	0.1132436250000000
3036	8.08477	2.2001902953569807	0.1342944550000000	0.0812121650000000
3037	8.08477	2.2014851663592370	0.1504012550000000	0.0878152800000000
3039	8.08469	2.2015169044422982	0.1622304600000000	0.0461821400000000
300	15.20500	2.1993048899333090	0.1485742350000000	0.0918890350000000
302	15.16550	2.1996215387214471	0.1444033650000000	0.1055821150000000
303	15.16550	2.2006475042764881	0.1552353950000000	0.1064384700000000
3042	8.08148	2.4351376846265955	0.2660632100000000	0.1099774200000000
3043	8.08148	2.2255523960259431	0.1738631650000000	0.1383237300000000
3044	8.08006	2.1986512809208523	0.1572264550000000	0.0936849100000000
3045	8.08006	2.2021156627814151	0.1600891550000000	0.0438322350000000
3046	8.07997	2.1986993992250854	0.1480066300000000	0.0789647900000000
3050	8.07978	2.2006447030482277	0.1491562400000000	0.0663304200000000
3052	8.07878	2.1949413231573187	0.1381597350000000	0.0964373700000000
3055	8.07877	2.2018098336866281	0.1505706750000000	0.0594323200000000
3058	8.07629	2.2005505240219980	0.1403975750000000	0.0895754500000000
3061	8.07613	2.1921829730726872	0.1332164050000000	0.1090140850000000
3062	8.07519	2.1977259987801649	0.1613515750000000	0.0794287300000000
3063	8.07519	2.2007630124615205	0.1367611400000000	0.0993757100000000
3064	8.07504	2.2018447865146951	0.1309798750000000	0.1000166900000000
3066	8.07475	2.2025361425911520	0.1562850850000000	0.0830384800000000
3068	8.07404	2.1862523384036847	0.1807331250000000	0.1113093450000000
3075	8.07165	2.1933112766934597	0.1628897850000000	0.1021643200000000
3076	8.07056	2.2371312866669566	0.1898620100000000	0.0835333050000000
3077	8.07056	2.1994762015902443	0.1430684650000000	0.1019169700000000
3080	8.06908	2.1986318694643812	0.1414604400000000	0.0980116200000000
3085	8.06592	2.1994297644581717	0.1332651850000000	0.0729462850000000
3088	8.06143	2.1982595420649904	0.1478576050000000	0.1001278950000000
3090	8.05591	2.1985128072145588	0.1286020900000000	0.0657808550000000
3091	8.05591	2.1967508656456394	0.1392770300000000	0.0858940350000000
3094	8.05502	2.2003301967366067	0.1477446200000000	0.1006013000000000
3096	8.05430	2.1999726077636090	0.1235999450000000	0.0974309100000000
3097	8.05430	2.1547344776456159	0.2109966450000000	0.0647423250000000
3098	8.05418	2.2018609399066449	0.1494147850000000	0.1039516800000000
3099	8.05418	2.2001487028133893	0.1549808650000000	0.1016490500000000
3101	8.05284	2.2001569747818013	0.1215065500000000	0.0592977350000000
3103	8.05240	2.1977875419388075	0.1609924350000000	0.1024323500000000
3104	8.05108	2.2001607422847513	0.1463785000000000	0.0820684500000000
3106	8.05001	2.1974736069458105	0.1580948000000000	0.0874094550000000
3107	8.05001	2.1988443686369017	0.1597039400000000	0.1088962450000000
3109	8.04961	2.1925654571621376	0.1330897000000000	0.0946981100000000
3110	8.04777	2.2169275828199666	0.1420315650000000	0.1216877500000000
3111	8.04777	2.2011201626843921	0.1421658200000000	0.0856459200000000
3113	8.04733	2.1997151289118739	0.1419730700000000	0.0824251000000000
3116	8.04640	2.1996230470317992	0.1548757600000000	0.1082372250000000
3117	8.04640	2.2001684522464764	0.1457467750000000	0.1029951350000000
3119	8.04453	2.1978714359058573	0.1504213900000000	0.0854876950000000
304	15.13640	2.1998776726634084	0.1262984000000000	0.0384852250000000
305	15.13640	2.2008894295014634	0.1457241550000000	0.0841228600000000
306	15.11510	2.1985215016049779	0.1448030800000000	0.0865506400000000
311	15.04170	2.1997949294339199	0.1409044550000000	0.1000612450000000
3123	8.04340	2.2001545240344749	0.1329837750000000	0.1047548900000000
3126	8.04223	2.2178268501840108	0.1965448650000000	0.1181547900000000
3128	8.04112	2.2177374287255565	0.1889077050000000	0.1185494000000000
3129	8.04112	2.1952861035238040	0.1543425650000000	0.0826574700000000
3131	8.04084	2.1971493850626969	0.1433411650000000	0.0929175600000000
3135	8.04006	2.2844704611820852	0.2088045000000000	0.0733599300000000
3136	8.03868	2.2002965773964402	0.1557057400000000	0.1078518750000000
3141	8.03554	2.3130974061528433	0.2147113150000000	0.1036839100000000
3142	8.03299	2.2014291136097626	0.1584650100000000	0.0742898300000000
3148	8.02785	2.2058158553558123	0.1706793500000000	0.0515876750000000
3150	8.02781	2.1994470709313418	0.1489495700000000	0.0977691750000000
3152	8.02779	2.1972784166815580	0.1636625350000000	0.1043855000000000
3153	8.02779	2.2014807154583282	0.1541622850000000	0.0870328800000000
3154	8.02334	2.2027451430045693	0.1732096150000000	0.0638552300000000
3155	8.02334	2.1977465859165917	0.1448557700000000	0.1012874650000000
3156	8.02310	2.1996705905488758	0.1458465100000000	0.1007396900000000
3157	8.02310	2.1512835813624065	0.1161291650000000	0.0871018550000000
3158	8.01843	2.2188721360416497	0.1843840800000000	0.1184618700000000
3160	8.01725	2.2014442326507133	0.1802348650000000	0.1051317500000000
3162	8.01282	2.2005126238463286	0.1243801850000000	0.0956071700000000
3163	8.01282	2.2057921558166593	0.1509189500000000	0.1011625700000000
3166	8.01092	2.2004947193723603	0.1401226850000000	0.1242944150000000
3169	8.01082	2.1977255761423757	0.1138482200000000	0.0540718350000000
3170	8.01077	2.2004840262243985	0.1581147700000000	0.1055251700000000
3171	8.01077	2.2004374554218331	0.1383578300000000	0.0843252250000000
3172	8.01076	2.1985234155576667	0.1224033350000000	0.1062836700000000
3174	8.01072	2.6644571432154782	0.3408071550000000	0.1296588100000000
3176	8.01068	2.2018761908849496	0.1306239050000000	0.0997477300000000
3184	8.01041	2.1788539221510104	0.1216978600000000	0.0692703550000000
3186	8.01038	2.2015021310692853	0.1590994750000000	0.0576966500000000
312	15.02260	2.2017250431541404	0.1498334900000000	0.1099440050000000
313	15.02260	2.1993724966822223	0.1535222500000000	0.0998123900000000
314	15.01960	2.1976542577773697	0.1489464650000000	0.1029808500000000
315	15.01960	2.2055483425796316	0.1550954350000000	0.0835994150000000
318	14.98660	2.2167792102303139	0.1572968750000000	0.0408908300000000
319	14.98660	2.1993082435884745	0.1429664200000000	0.0856735650000000
24	94.60730	2.2007976131361238	0.1597034750000000	0.0876234300000000
25	94.60730	2.1994000092183823	0.1453347400000000	0.0895768950000000
26	87.04670	2.1994318581741248	0.1474010200000000	0.0879892000000000
29	80.53700	2.2010847890685312	0.1252427350000000	0.0860720400000000
30	76.54120	2.4148696995109784	0.2735861099999999	0.0789207700000000
321	14.98120	2.2001582462668123	0.1400111800000000	0.0846903050000000
322	14.93200	2.1965905457693489	0.1382687800000000	0.0882575000000000
324	14.87310	2.1984074568194578	0.1537978600000000	0.0969956850000000
325	14.87310	2.1979553352629480	0.1532764900000000	0.0923865900000000
326	14.79800	2.2004240546209122	0.1489776950000000	0.0705975700000000
331	14.71390	2.2001408517090129	0.1381740550000000	0.0775383500000000
336	14.66130	2.2610160105889912	0.2241320250000000	0.1194371950000000
338	14.65620	2.1955146456205799	0.1394682350000000	0.0897450200000000
340	14.65040	2.1672156754993637	0.1087938750000000	0.0642646600000000
343	14.64570	2.1993875603050408	0.1374174150000000	0.0844160250000000
346	14.61920	2.2061754077543347	0.1517728650000000	0.0943698150000000
348	14.61380	2.1997966517450940	0.1510098100000000	0.0795767750000000
349	14.61380	2.1980896318159577	0.1424791600000000	0.0909176400000000
351	14.57300	2.2002919501432956	0.1444915250000000	0.1025043250000000
352	14.56770	2.2027096334057492	0.1769105150000000	0.1164937650000000
353	14.56770	2.3078713465313525	0.2206281300000000	0.1420074550000000
355	14.55770	2.1991912712682709	0.1622717650000000	0.1091673550000000
361	14.54000	2.1994661039335939	0.1464920400000000	0.0956486850000000
362	14.53350	2.1972888969605373	0.1545468150000000	0.0899927750000000
363	14.53350	2.1977592793449894	0.1476045500000000	0.0956951800000000
364	14.51810	2.1968503776384765	0.1528225850000000	0.0787119400000000
365	14.51810	2.1995196473438359	0.1420885600000000	0.0978853700000000
369	14.49040	2.1999155985027619	0.1341093450000000	0.0996209050000000
370	14.46400	2.1961235698252879	0.1459970900000000	0.1094625750000000
371	14.46400	2.1996812946240762	0.1229325550000000	0.0659996650000000
372	14.42060	2.1974197268902196	0.1530923250000000	0.0950904850000000
379	14.38140	2.1849519725381130	0.1319367850000000	0.0825139100000000
384	14.28480	2.1994348362029377	0.1520467350000000	0.0963290950000000
387	14.18730	2.1998985008497969	0.1376298900000000	0.1057428950000000
390	14.17370	2.2006893804884649	0.1435189350000000	0.1080995300000000
391	14.17370	2.2041346089442451	0.1629470400000000	0.1051861200000000
394	14.07540	2.2002005501539776	0.1523845650000000	0.1074448950000000
395	14.07540	2.4569881497021595	0.3257608450000000	0.1566058200000000
396	14.06080	2.2015657451223678	0.1526809400000000	0.0970316650000000
397	14.06080	2.1984417383736923	0.1508209750000000	0.0985234100000000
399	14.05760	2.1990871433332071	0.1593415450000000	0.1072510950000000
32	70.71640	2.2005092538700719	0.1373810050000000	0.0877838250000000
33	70.71640	2.1909279617768211	0.1432208200000000	0.0705638400000000
34	68.84570	2.2440295760614375	0.2006153600000000	0.0915586100000000
35	68.84570	2.2001737056219017	0.1419858900000000	0.0838932650000000
37	67.20040	2.1976062201051580	0.1640615000000000	0.0771673250000000
38	61.69190	2.2007027015735496	0.1552047700000000	0.0955355100000000
39	61.69190	2.2126260481923694	0.1544020500000000	0.1380195100000000
401	14.01960	2.1998919657815414	0.1415806900000000	0.0463930550000000
407	13.94830	2.2006616503775183	0.1394240150000000	0.0943322050000000
408	13.91000	2.1924142325731566	0.1698350150000000	0.1084382200000000
410	13.90950	2.1808980074495232	0.1287029350000000	0.1114605950000000
411	13.90950	2.2005291487032665	0.1378495050000000	0.0873678850000000
414	13.85370	2.2000458782706356	0.1361829000000000	0.0859491800000000
418	13.68290	2.2001572066626109	0.1276441900000000	0.0914836300000000
419	13.68290	2.2057348771264946	0.1596945000000000	0.1058391200000000
422	13.54540	2.2002415076734079	0.1442365550000000	0.0922178750000000
423	13.54540	2.2334246314129618	0.1915131300000000	0.0949981900000000
425	13.54440	2.2015109113689237	0.1574624450000000	0.0834860750000000
427	13.50120	2.2279181106385075	0.1668105400000000	0.1204125400000000
432	13.40180	2.1992557389769392	0.1456567050000000	0.0917527100000000
436	13.38880	2.2002393465372774	0.1565977850000000	0.1068782800000000
438	13.38340	2.2005441532827259	0.1524604950000000	0.0938044900000000
439	13.38340	2.2015467529370256	0.1670989950000000	0.0771464750000000
444	13.36750	2.2002152673435802	0.1488776850000000	0.0962619150000000
445	13.36750	2.2360246137797675	0.1953875850000000	0.0575475800000000
447	13.34220	2.2001260873769310	0.1241935350000000	0.0756889900000000
450	13.33800	2.1944078029380298	0.1581404800000000	0.0983492950000000
452	13.33780	2.3492642151429033	0.2367692650000000	0.0900314850000000
454	13.33650	2.1999691440111038	0.1399536150000000	0.0926263250000000
456	13.33480	2.2028374031365092	0.1599568900000000	0.0400107000000000
459	13.32660	2.1991588415140448	0.1394843450000000	0.0998492850000000
460	13.31720	2.2024848740757652	0.1571387600000000	0.0723313900000000
463	13.31140	2.1998660243900470	0.1377100300000000	0.0885094000000000
465	13.29930	2.2001915402190027	0.1551312900000000	0.1002242400000000
468	13.28160	2.2020625617135066	0.1415959500000000	0.0991316150000000
471	13.28050	2.3758922532868123	0.2407263800000000	0.1116280000000000
472	13.26610	2.1985228155045191	0.1307438350000000	0.0802179250000000
473	13.26610	2.2375851167323080	0.1857046850000000	0.1159950750000000
474	13.26380	2.2001759922303612	0.1529414800000000	0.0951366900000000
477	13.25220	2.1985766253062065	0.1561190300000000	0.0945887550000000
479	13.23430	2.2001352389364257	0.1254448600000000	0.0865910700000000
43	59.26770	2.1993017085867721	0.1162592650000000	0.0598357800000000
46	53.66980	2.1999249238075231	0.1523487350000000	0.0716043350000000
480	13.21680	2.2001641298402923	0.1378457700000000	0.0983494750000000
482	13.21390	2.1995956620267636	0.1416483500000000	0.0899095150000000
485	13.21000	2.1978993037676124	0.1313281050000000	0.0878776100000000
489	13.21000	2.1999899766165263	0.1378973350000000	0.0888017200000000
490	13.21000	2.2015855999700773	0.1386396750000000	0.1066300550000000
491	13.21000	2.1976626360739115	0.1643777200000000	0.0919383000000000
496	13.21000	2.1995881473301035	0.1405191750000000	0.0979053800000000
501	13.21000	2.1985636020391408	0.1596836850000000	0.1101832600000000
502	13.20940	2.1983277670353889	0.1347788150000000	0.1111058800000000
503	13.20940	2.2004518775641846	0.1441090550000000	0.0909276600000000
505	13.20780	2.2007635095615554	0.1213387400000000	0.0767001700000000
507	13.20770	2.1976904333834342	0.1542622650000000	0.0759809550000000
508	13.20740	2.2000100383043195	0.1568822000000000	0.0978675200000000
509	13.20740	2.1858119859934027	0.1587634150000000	0.1257972150000000
510	13.20650	2.2006282738586496	0.1530091850000000	0.0995548000000000
513	13.20600	2.1989200291873732	0.1269165900000000	0.0891804150000000
514	13.20600	2.2008625075367698	0.1627883900000000	0.0672030850000000
515	13.20600	2.1984971573638799	0.1433834300000000	0.0948735650000000
516	13.20490	2.1975463274328915	0.1471570000000000	0.0986968800000000
517	13.20490	2.1999197456021444	0.1594251700000000	0.0814991050000000
518	13.20380	2.1983114531503962	0.1238683200000000	0.1117906200000000
523	13.19800	2.2001413336137765	0.1498296050000000	0.0911690000000000
526	13.19720	2.1945734666251226	0.1318916850000000	0.0843746050000000
531	13.19420	2.2025987770226965	0.1504174900000000	0.0885045250000000
532	13.19230	2.2009413304102226	0.1306266350000000	0.0908861250000000
533	13.19230	2.2763543831487318	0.2156302650000000	0.1310969050000000
535	13.19200	2.2015127042456726	0.1641579750000000	0.0780017600000000
536	13.19110	2.1986037909388245	0.0866901300000000	0.0975742250000000
537	13.19110	2.1997827390222238	0.1452355950000000	0.0893387050000000
540	13.16820	2.4423268921011370	0.2718035150000000	0.1204942300000000
544	13.10570	2.1998115101869846	0.1498348600000000	0.1028247900000000
547	13.09850	2.1959669095163199	0.1205835400000000	0.0550144900000000
549	13.08220	2.1985166710695085	0.1598301500000000	0.0782379650000000
551	13.07680	2.1665286951399567	0.1536197000000000	0.1316074850000000
554	13.06620	2.1984442231891435	0.1374694550000000	0.1034110200000000
49	53.59700	2.1922583265775728	0.1517105050000000	0.1243405300000000
50	47.21450	2.1991583138110058	0.1730467850000000	0.0852432150000000
51	47.21450	2.2002098993210519	0.1624253550000000	0.0839538750000000
54	46.41530	2.1968827549344856	0.1520548800000000	0.0999506950000000
55	46.41530	2.1954769147381272	0.1671323650000000	0.0984143650000000
561	13.04230	2.2021000597905696	0.1412382550000000	0.1067767300000000
565	13.01880	2.1970710844998496	0.1661200400000000	0.0765661400000000
566	13.01160	2.2001326291004175	0.1215694100000000	0.0671463850000000
567	13.01160	2.2011424228571546	0.1335951450000000	0.0980715900000000
568	12.98580	2.1421131703711978	0.2156489100000000	0.1088915600000000
574	12.90550	2.1997337792339118	0.1632125450000000	0.0983181750000000
575	12.90550	2.2014793755200670	0.1665970700000000	0.0952708950000000
577	12.87870	2.3394653734284701	0.2517588850000000	0.0942812700000000
581	12.80710	2.1784261174751185	0.0896150000000000	0.0775801500000000
582	12.78530	2.2020570001968562	0.1296649050000000	0.0970478050000000
586	12.70350	2.1970699615717817	0.1439771000000000	0.0984198950000000
588	12.67040	2.2014922865181306	0.1436347100000000	0.0847574450000000
589	12.67040	2.2005777123316617	0.1402600450000000	0.0803143750000000
592	12.65950	2.2005397163742644	0.1503510200000000	0.0910062750000000
593	12.65950	2.2026594466911709	0.1607581700000000	0.0983754250000000
598	12.62770	2.1996460404410296	0.1143332000000000	0.0487843100000000
599	12.62770	2.2020466817447493	0.1514932450000000	0.0636306000000000
606	12.57920	2.2014746304094182	0.1355120500000000	0.0846542550000000
607	12.57920	2.1991102830497673	0.1449065800000000	0.1033703800000000
610	12.56820	2.1986289930413045	0.1591141400000000	0.0791755150000000
613	12.56160	2.1984938228549380	0.1251106650000000	0.0895102550000000
615	12.55630	2.1586571547121309	0.1878228600000000	0.1322447800000000
618	12.53700	2.2007945949072054	0.1556526250000000	0.1006268050000000
621	12.52900	2.2011286854011689	0.1646349200000000	0.0779114250000000
622	12.52010	2.2012503376321964	0.1623173850000000	0.0912957500000000
623	12.52010	2.2034065415543345	0.1637085600000000	0.0821554300000000
624	12.48940	2.2014541145643740	0.1531281400000000	0.0884208600000000
625	12.48940	2.1997090577100997	0.1456568600000000	0.0933015500000000
628	12.44730	2.2006472362281335	0.1541313500000000	0.0835384950000000
629	12.44730	2.1995793188997061	0.1589495550000000	0.0729684400000000
630	12.43320	2.2006367883465798	0.1265176600000000	0.0995088700000000
631	12.43320	2.1999032138006251	0.1684968100000000	0.0648706600000000
634	12.41290	2.1996161919963679	0.1332571900000000	0.1056241550000000
637	12.39640	2.1971353373902631	0.1413847650000000	0.0744496700000000
57	45.89990	2.1998294397052622	0.1490516650000000	0.0928269200000000
60	42.09350	2.1992060449792881	0.1320404450000000	0.0970232100000000
61	42.09350	2.1985360067830206	0.1688172950000000	0.0833955750000000
63	41.41560	2.1975252816831046	0.1378493850000000	0.0371114000000000
640	12.36280	2.2001133269121498	0.1748953350000000	0.1145667000000000
641	12.36280	2.2929236214325415	0.2356295500000000	0.0531076750000000
642	12.35490	2.5911737767266070	0.3634825100000000	0.1196001450000000
643	12.35490	2.1993000088480903	0.1338275400000000	0.1053024150000000
646	12.33170	2.1999026746836998	0.1541801900000000	0.0952816450000000
647	12.33170	2.2044588322185175	0.1598581200000000	0.0901469700000000
650	12.31590	2.2018608168811356	0.1441143650000000	0.0955679750000000
652	12.30530	2.2496845005268304	0.1971286150000000	0.1100884950000000
653	12.30530	2.1951271760978357	0.1577565600000000	0.0674404400000000
656	12.29600	2.2001947178317272	0.1543028950000000	0.0619509250000000
659	12.29460	2.2018594828575897	0.1484297200000000	0.0961584650000000
663	12.27620	2.1990810723848981	0.1344894750000000	0.0896592350000000
666	12.27310	2.2016155089008640	0.1376926400000000	0.0904694100000000
668	12.27160	2.1993601495381618	0.1675480250000000	0.0634388350000000
669	12.27160	2.4183490243487515	0.3078669950000000	0.1250917100000000
670	12.26760	2.1999005513065812	0.1139219850000000	0.0671938700000000
671	12.26760	2.1992182300458194	0.1388203400000000	0.0993162400000000
673	12.26710	2.1992427705415820	0.1438220100000000	0.0924900200000000
677	12.25110	2.2002359079999785	0.1413000900000000	0.1084528450000000
681	12.24980	2.2237001326662114	0.1783957600000000	0.1049034800000000
683	12.24970	2.2250645939519291	0.1885706400000000	0.1357110500000000
688	12.24830	2.2253007487282530	0.1900898950000000	0.0736571100000000
690	12.24820	2.1988099927677158	0.0947834150000000	0.0778363850000000
691	12.24820	2.2009608629797226	0.1568865700000000	0.0902391200000000
694	12.24330	2.2008397548771299	0.1456290550000000	0.1046025200000000
695	12.24330	2.2306044386387405	0.1809832350000000	0.0946589100000000
696	12.24270	2.2020007319020118	0.1486669750000000	0.1001030650000000
700	12.23890	2.2002039649423675	0.1484149250000000	0.0719273350000000
703	12.23870	2.1989853699780126	0.1521913250000000	0.0944247600000000
715	12.23160	2.2095415179921729	0.1727831750000000	0.0955087950000000
716	12.23140	2.1998043505699711	0.1373674550000000	0.0858191500000000
718	12.22970	2.2867579492430368	0.2435490800000000	0.0952161650000000
719	12.22970	2.1994318605395282	0.1234023700000000	0.0750632900000000
68	34.70490	2.2014594826603751	0.1407085750000000	0.1029025450000000
69	34.70490	2.2002329451554670	0.1320151050000000	0.1059422800000000
70	34.34650	2.2024795707086651	0.1559830400000000	0.0833483550000000
71	34.34650	2.1997631589080600	0.1519067950000000	0.0931100700000000
721	12.20990	2.2021417850125418	0.1575802450000000	0.0704095450000000
724	12.19220	2.1753403423516309	0.1299277800000000	0.1049359550000000
725	12.19220	2.2022000479745838	0.1546984250000000	0.1061938450000000
726	12.19070	2.2007034176323050	0.1528763750000000	0.0846726200000000
727	12.19070	2.1985202271626467	0.1528305700000000	0.0784933550000000
728	12.18790	2.2005661499613178	0.1468033400000000	0.0921869550000000
729	12.18790	2.2220068348635835	0.1822991350000000	0.1226101750000000
732	12.18330	2.1945708080763877	0.1589942750000000	0.0737616450000000
734	12.18250	2.2041840797969590	0.1706135750000000	0.0817528000000000
735	12.18250	2.2005879971277005	0.1313754850000000	0.0893788050000000
736	12.18220	2.2003585645365562	0.1337358350000000	0.1002008100000000
737	12.18220	2.2008847403693848	0.1337951450000000	0.0420247900000000
743	12.16830	2.2053335710536834	0.1571780250000000	0.1030302500000000
744	12.16780	2.2008983256021009	0.1335155800000000	0.0865154550000000
749	12.16000	2.2002820439601738	0.1527534550000000	0.1262385800000000
750	12.14600	2.1979413400511212	0.1497374000000000	0.0627943800000000
751	12.14600	2.2017910991867655	0.1599666000000000	0.0940122000000000
752	12.11910	2.2895066183444386	0.2167680100000000	0.1404362500000000
754	12.06250	2.2047771276198476	0.1554014100000000	0.1034762500000000
759	12.04560	2.2002750619384286	0.1386033150000000	0.1030285700000000
762	11.98980	2.1995261457379307	0.1404538650000000	0.1065898000000000
764	11.96210	2.1985428019506608	0.1331792550000000	0.1056510350000000
766	11.96070	2.1992202668065923	0.1359914800000000	0.1034144100000000
771	11.91480	2.2006312151816800	0.1319106000000000	0.0837705050000000
772	11.90250	2.1655045726893154	0.1076055100000000	0.1029945300000000
778	11.86530	2.1990568177726946	0.1503583250000000	0.0949877450000000
780	11.85060	2.2006144355021440	0.1518113600000000	0.0978779250000000
781	11.85060	2.2399212560656370	0.1994613800000000	0.1131316400000000
785	11.83300	2.2005816757660979	0.1367860200000000	0.1002744050000000
790	11.79730	2.2004749386724307	0.1467930450000000	0.0900607700000000
791	11.79730	2.2033407621782581	0.1638272350000000	0.0775573400000000
792	11.78360	2.2487447857015019	0.2057636850000000	0.1001625450000000
793	11.78360	2.2006661429094065	0.1408333100000000	0.0934940600000000
794	11.77660	2.1996643641297302	0.1357424100000000	0.0954504150000000
798	11.74940	2.2003259879660111	0.1399232350000000	0.0771574700000000
799	11.74940	2.1979882728577875	0.1357277400000000	0.0947158750000000
73	32.34910	2.1997858549113571	0.1036836550000000	0.0710020250000000
75	32.32140	2.1932822867260855	0.1628262400000000	0.0627827700000000
