802	11.74220	2.1980413711897784	0.1500404800000000	0.0925542650000000
803	11.74220	2.2005461187913360	0.1616122550000000	0.0480250800000000
808	11.73530	2.1978345098907193	0.1627893100000000	0.0934289150000000
811	11.73020	2.1702986765805741	0.1626040250000000	0.1105775600000000
815	11.72630	2.2153876817344993	0.1673464850000000	0.0778652750000000
818	11.72290	2.1951075547060808	0.1613520200000000	0.0861883800000000
819	11.72290	2.2708408519101746	0.2115301600000000	0.1046124750000000
821	11.72220	2.2015709707870723	0.1352080200000000	0.0874877350000000
822	11.72100	2.2002623066699298	0.1319176400000000	0.0777354650000000
824	11.71910	2.1732260521413758	0.0940897200000000	0.0842388950000000
825	11.71910	2.2432646192383738	0.1833346900000000	0.0984290050000000
827	11.71440	2.1971800288406338	0.1311050200000000	0.0818229050000000
829	11.71240	2.2009478507179474	0.1504933100000000	0.0766191250000000
832	11.71070	2.1976623082555347	0.1378537450000000	0.1009245250000000
833	11.71070	2.1931453995338011	0.0938604350000000	0.0984866350000000
836	11.70160	2.1971566854722480	0.1644983150000000	0.0835033700000000
837	11.70160	2.2003820218440775	0.1608699450000000	0.0702578050000000
840	11.70000	2.1996711753606619	0.1412825150000000	0.1118101650000000
843	11.70000	2.2006688481776124	0.1457822450000000	0.1188726700000000
845	11.70000	2.1995680013061825	0.1631127200000000	0.0859224200000000
849	11.70000	2.2040325320338505	0.1712206050000000	0.1042249900000000
852	11.70000	2.2015782147211675	0.1145563650000000	0.0569223150000000
860	11.70000	2.2026857981021877	0.1696391250000000	0.0538345450000000
861	11.70000	2.1986039912676958	0.1387231400000000	0.0955300400000000
862	11.70000	2.1997792851779607	0.1501027800000000	0.0863280850000000
863	11.70000	2.2039063838569963	0.1630225200000000	0.0908024100000000
864	11.70000	2.1999908579995329	0.1480210000000000	0.1150068950000000
865	11.70000	2.2002727513858424	0.1327338700000000	0.0397587300000000
871	11.70000	2.1994793415175407	0.1420851550000000	0.0450601150000000
874	11.70000	2.1978596431486324	0.1462217000000000	0.0873571450000000
878	11.70000	2.2070101334957593	0.1611165200000000	0.0698998350000000
879	11.70000	1.9825425525180380	0.1113388250000000	0.3495266050000000
81	26.68980	2.2007351096037286	0.1531230950000000	0.0863741150000000
880	11.70000	2.1995752335475793	0.1330327400000000	0.0975885650000000
881	11.70000	2.2015488966393182	0.1396288000000000	0.0401550800000000
884	11.69410	2.2015397045969460	0.1553158800000000	0.0397306250000000
888	11.68810	2.1835885882459709	0.1641225400000000	0.0522914050000000
889	11.68810	2.1959706672831092	0.1535238800000000	0.1185376900000000
890	11.68000	2.1980068649273443	0.1379707400000000	0.0794643600000000
891	11.68000	2.1999549300204473	0.1385125750000000	0.0856413800000000
894	11.67530	2.1986261914818925	0.1410627350000000	0.1143546450000000
896	11.67300	2.1871938257159793	0.1133054750000000	0.0806073650000000
897	11.67300	2.1995226212871573	0.1398882650000000	0.0856921600000000
899	11.67240	2.2015250231053609	0.1479511800000000	0.0971842000000000
902	11.66630	2.2007982519744411	0.1294949950000000	0.1020078600000000
903	11.66630	2.2010327915346424	0.1355099600000000	0.0836920900000000
904	11.64920	2.2000376771442478	0.1461956600000000	0.0908580750000000
906	11.63960	2.1995789948595168	0.1472471500000000	0.0934400250000000
907	11.63960	2.2038318772814338	0.1628736800000000	0.0928668950000000
908	11.63210	2.2004829008524958	0.1485112500000000	0.0833850850000000
910	11.62890	2.2020851566519677	0.1497799750000000	0.0868425900000000
912	11.62220	2.1539968417471740	0.1123816500000000	0.0709071350000000
914	11.61880	2.1962198590392945	0.1460077000000000	0.1000824850000000
918	11.59460	2.1985593555818843	0.1642755600000000	0.1169713700000000
921	11.59250	2.1970858538969105	0.1609050950000000	0.1263160250000000
922	11.58810	2.2012134152629139	0.1496496350000000	0.0558786100000000
923	11.58810	2.1999807356796959	0.1513226750000000	0.0933772850000000
926	11.57940	2.1811566637452953	0.1032919000000000	0.1059490050000000
929	11.55440	2.1900535863050581	0.1371432800000000	0.0783664750000000
932	11.52700	2.2487087977923332	0.1956352750000000	0.1150955000000000
933	11.52700	2.2072549299504094	0.1479128650000000	0.0813619900000000
940	11.51810	2.2040422278519882	0.1620124900000000	0.0745142400000000
941	11.51810	2.2004585679215034	0.1307655100000000	0.0738609250000000
945	11.51160	2.2015088073524405	0.1595027300000000	0.0687089850000000
951	11.50240	2.1994613281604880	0.1519489200000000	0.0962352050000000
958	11.47560	2.2001642894790456	0.1455424550000000	0.0753148750000000
959	11.47560	2.2023696746054546	0.1517131150000000	0.1111949450000000
88	26.22460	2.2006817402623158	0.1267289250000000	0.0572219250000000
89	26.22460	2.2015643239165983	0.1456025200000000	0.1072039550000000
91	25.99150	2.2020915401168364	0.1520742650000000	0.0770725550000000
93	25.98940	2.2466368665770666	0.2001509850000000	0.1076992050000000
95	25.96410	2.2002538735440571	0.1384323550000000	0.1008853250000000
966	11.44680	2.2001837517818674	0.1605305400000000	0.0879138200000000
969	11.43880	2.3282089768902678	0.2080937050000000	0.1297419300000000
978	11.41090	2.2019895924453632	0.1612131450000000	0.1054602100000000
980	11.39810	2.2008887692115526	0.1419930900000000	0.1001577450000000
984	11.38880	2.1997054988371234	0.1272775950000000	0.0909756200000000
986	11.38710	2.2001940152372157	0.1352956950000000	0.1046452650000000
987	11.38710	2.1846191529448387	0.1420475650000000	0.0948757950000000
988	11.38180	2.2011148621880605	0.1361401200000000	0.0890182550000000
989	11.38180	2.2004719311444561	0.1325050700000000	0.0972865600000000
991	11.37920	2.1996472367719302	0.1295653350000000	0.0915444850000000
992	11.36850	2.3022117956559134	0.2083882500000000	0.1314729800000000
993	11.36850	2.2011450859391397	0.1498282700000000	0.0864057800000000
998	11.35330	2.1999780401718296	0.1305907750000000	0.0874116500000000
1004	11.32070	2.1874322408987603	0.1694901500000000	0.1088963950000000
1008	11.30470	2.1979593693892192	0.1449346300000000	0.0964243450000000
1009	11.30470	2.1995215793528717	0.1294215250000000	0.1042995200000000
1010	11.30350	2.2006800699506117	0.1379540150000000	0.1125501700000000
1014	11.28320	2.2006547724986323	0.1643014850000000	0.1058537300000000
1016	11.27850	2.1988002014051240	0.1525099750000000	0.0892330550000000
1017	11.27850	2.1993885979167933	0.1533663350000000	0.0563210250000000
1019	11.27530	2.1984827900751549	0.1511276200000000	0.0943540950000000
1023	11.27230	2.1982010793338778	0.1044598900000000	0.0596695750000000
1024	11.27010	2.1981894189465923	0.1043926600000000	0.0657667300000000
1027	11.26720	2.1996607839148470	0.1344234500000000	0.0969160400000000
1029	11.26650	2.1998960244687966	0.1487935550000000	0.0872859600000000
1031	11.25340	2.2009968335761072	0.1372532200000000	0.0450166550000000
1035	11.23650	2.2011139653715723	0.1479188550000000	0.0940658100000000
1039	11.23230	2.2004239315166774	0.1426397900000000	0.0911795650000000
96	25.06110	2.1959852076186022	0.1397301650000000	0.1062615400000000
99	24.92170	2.1985493814358930	0.1381010150000000	0.0998946650000000
101	24.61260	2.2014886717351581	0.1622037250000000	0.0742861300000000
1040	11.22350	2.1986705014139734	0.1290894050000000	0.0935159100000000
1041	11.22350	2.1936672322290209	0.1441577300000000	0.1167385950000000
1043	11.20750	2.3732588690031013	0.2474649250000000	0.0888625000000000
1049	11.18260	2.1998073071016746	0.1260138850000000	0.0697015550000000
1053	11.18230	2.1916378891581463	0.1288951600000000	0.1136670600000000
1054	11.17720	2.1985473514899994	0.1463051550000000	0.0785632300000000
1055	11.17720	2.1999567064170966	0.1292440150000000	0.0991784800000000
1057	11.17510	2.2015670557643605	0.1576659300000000	0.0674255200000000
1060	11.14950	2.2014551909790541	0.1462175000000000	0.0966822700000000
1065	11.13930	2.2056629396384206	0.1597539250000000	0.1000248500000000
1069	11.11960	2.1964144748384293	0.1405469250000000	0.1110308850000000
1071	11.11750	2.1995328969662857	0.1324837400000000	0.0848944650000000
1072	11.09650	2.1998786318766972	0.1387431950000000	0.1071588550000000
1079	11.07420	2.1797218615039955	0.1330861500000000	0.1178893550000000
1080	11.06540	2.1964102491857926	0.1447317150000000	0.0793564300000000
1082	11.06380	2.2013121565248217	0.1109456800000000	0.0517880350000000
1083	11.06380	2.2007004341225427	0.1462739000000000	0.0757023750000000
1087	11.05860	2.2004220909968404	0.1446394150000000	0.0997343700000000
1093	11.03460	2.2003025584608489	0.1508191800000000	0.0538944750000000
1098	11.02590	2.1998723400354301	0.1704928050000000	0.0638315100000000
1102	10.99100	2.2015364577913550	0.1518208250000000	0.1023926950000000
1103	10.99100	2.2009405200618697	0.1034462900000000	0.0832065200000000
1105	10.97710	2.2007548407146897	0.1318359100000000	0.0805860050000000
1107	10.97450	2.2015602935695520	0.1664978850000000	0.0446803550000000
1109	10.96460	2.1974854054482638	0.1430948450000000	0.1346631000000000
1112	10.96150	2.1993708850263287	0.1256929050000000	0.0858934550000000
1114	10.95360	2.2005326721387655	0.1359134150000000	0.0800312150000000
1118	10.92980	2.2005460384401019	0.1535828550000000	0.0605782750000000
1119	10.92980	2.2037323710662085	0.1800524450000000	0.1383745800000000
104	24.51240	2.1997535754725202	0.1348673450000000	0.0943639750000000
109	24.08970	2.1984546361264461	0.1521367550000000	0.0804154850000000
111	23.82210	2.1994318026621400	0.1433589000000000	0.0792071600000000
1128	10.92790	2.1993984069062917	0.1306197950000000	0.0996055400000000
1133	10.92640	2.1994135472851504	0.1457160700000000	0.0381421700000000
1136	10.92380	2.2022065215016746	0.1183071150000000	0.0597157800000000
1139	10.92350	2.2126679324756866	0.1391403700000000	0.0811865900000000
1140	10.92290	2.2009296727403744	0.1495434150000000	0.0698971450000000
1141	10.92290	2.1964319776801200	0.1536151500000000	0.0442549350000000
1143	10.92270	2.2002887353923124	0.1079933200000000	0.0504760450000000
1144	10.92230	2.1992138035972797	0.1512596000000000	0.0813836450000000
1145	10.92230	2.2021040227110946	0.1409372100000000	0.0371965650000000
1146	10.92210	2.2286818942345334	0.1896288400000000	0.1126317550000000
1147	10.92210	2.2024128551318860	0.1367369350000000	0.0887895650000000
1151	10.92080	2.2001209167439590	0.1484554350000000	0.1066160800000000
1154	10.91650	2.3200434931738232	0.2573948500000000	0.1449033950000000
1155	10.91650	2.1998125028811986	0.1235298550000000	0.1000255300000000
1156	10.90910	2.2004916696424779	0.1360591200000000	0.0972476500000000
1157	10.90910	2.2000473530536140	0.1468513700000000	0.0858044950000000
1158	10.90520	2.1977899061331159	0.1349072550000000	0.1047532450000000
1159	10.90520	2.2023869086537151	0.1547106250000000	0.0803617600000000
1161	10.90250	2.1985842826008812	0.1557290450000000	0.0725274050000000
1164	10.89690	2.2002374519242749	0.1518519050000000	0.1205535600000000
1165	10.89690	2.1892026719332844	0.1801335450000000	0.1088774950000000
1166	10.89630	2.2685484524435697	0.2020640550000000	0.0986417350000000
1168	10.88480	2.2070462286408370	0.1521110650000000	0.1337298400000000
1177	10.88150	2.2004848517750695	0.1172657400000000	0.1054829400000000
1180	10.83340	2.1985570222610260	0.1462345250000000	0.0978370300000000
1181	10.83340	2.1963603310312165	0.1563465750000000	0.0775683100000000
1182	10.82110	2.2021400373812692	0.1762204400000000	0.1348274200000000
1185	10.76010	2.2012145598498121	0.1548387350000000	0.0839803900000000
1186	10.74210	2.2070487111737798	0.1760791450000000	0.0969653600000000
1189	10.67070	2.1943157385894212	0.1691479000000000	0.1246910300000000
1192	10.61910	2.2004485016830282	0.1458463550000000	0.0928587650000000
113	23.57600	2.1977997822269053	0.1493181000000000	0.1055604700000000
114	22.99620	2.1999923104303005	0.1391104400000000	0.1148288600000000
115	22.99620	2.2002802321030832	0.1514012600000000	0.0950105350000000
119	22.53360	2.2005164710311207	0.1402934700000000	0.1142646900000000
1200	10.61750	2.1982349370813394	0.1632225200000000	0.1211042750000000
1202	10.61680	2.1991969733968530	0.1412472050000000	0.0897076350000000
1209	10.61600	2.1988169440485104	0.1465981050000000	0.0613925450000000
1210	10.61570	2.2502801923414899	0.1978195350000000	0.1123150700000000
1216	10.61210	2.1985847413948960	0.1472270800000000	0.0890187650000000
1228	10.58910	2.1995293142686467	0.1504161300000000	0.0818986400000000
1229	10.58910	2.1950839171258800	0.1495845400000000	0.0871646350000000
1230	10.58300	2.1997933009010842	0.1442132150000000	0.0876864500000000
1239	10.49100	2.2029463917108973	0.1639452250000000	0.0950835200000000
1240	10.47010	2.2058175776972853	0.1655450750000000	0.0457808400000000
1241	10.47010	2.1990751958578327	0.1509630850000000	0.0894100850000000
1242	10.46930	2.1972710606307850	0.1290745950000000	0.1001734600000000
1244	10.46380	2.1964291757408212	0.1377046000000000	0.0738819650000000
1258	10.39810	2.2009860655744822	0.1341410750000000	0.0815369750000000
1261	10.39550	2.2009799203867635	0.1464924250000000	0.0391503050000000
1262	10.37670	2.1973146252321736	0.1661183150000000	0.1026479000000000
1276	10.33880	2.2000214323491143	0.1422774150000000	0.0975547200000000
1277	10.33880	2.1999066936742824	0.1383161700000000	0.0943463050000000
1279	10.33740	2.1995136043790136	0.1377862950000000	0.0821003800000000
123	21.95780	2.2012191087521167	0.1410885700000000	0.0409480550000000
125	21.84630	2.2000618798711380	0.1509294500000000	0.0964542050000000
1297	10.29030	2.1999778535860322	0.1436002900000000	0.0918124950000000
1299	10.28670	2.1997132905986829	0.1602679850000000	0.1017911900000000
1302	10.28570	2.1861013977801771	0.1605224800000000	0.1070345100000000
1306	10.27900	2.1999964771130966	0.1478501400000000	0.0885629300000000
1308	10.27860	2.1990388625472495	0.1429101400000000	0.0821128400000000
1320	10.26090	2.2035403914207379	0.1645721700000000	0.0912187850000000
1327	10.23910	2.2054168442430284	0.1669349800000000	0.0394192800000000
1328	10.23050	2.1986933092865777	0.1380737200000000	0.0967485800000000
1329	10.23050	2.2007723880881715	0.1389995300000000	0.0772501650000000
1338	10.19020	2.2003472792409768	0.1656079100000000	0.0754585550000000
1342	10.18510	2.2021255920938261	0.1424914950000000	0.0954272550000000
1344	10.18490	2.1993927358883236	0.1438679150000000	0.0902543350000000
1347	10.18350	2.1969356867164955	0.1531755650000000	0.1007666650000000
1348	10.18190	2.1995414702986493	0.1329429750000000	0.0774296450000000
1352	10.16430	2.1970399738606874	0.1518833000000000	0.0770777200000000
1353	10.16430	2.2000754376516980	0.1411043000000000	0.0874904950000000
1355	10.16150	2.2005998798314788	0.1581868500000000	0.0908991300000000
1359	10.16060	2.2041924606508676	0.1742470150000000	0.0810225600000000
131	21.40930	2.2002625814734689	0.1304477300000000	0.1014107300000000
132	21.29740	2.2000284670133219	0.1258436550000000	0.0430966850000000
134	21.21890	2.1977281531292454	0.1456743500000000	0.0832625150000000
1360	10.15810	2.2001112871262758	0.1476499200000000	0.0849947150000000
1362	10.15700	2.2015969461878360	0.1548188250000000	0.0978875750000000
1365	10.15050	2.2000318956856244	0.1395077250000000	0.1078412850000000
1373	10.14310	2.2015424463452486	0.1440974350000000	0.0922486000000000
1375	10.14090	2.2019713679348984	0.1260843650000000	0.0787960600000000
1378	10.13950	2.1991558833227391	0.1508692350000000	0.0578993400000000
1380	10.12850	2.2015330305890446	0.1433563250000000	0.0928246650000000
1381	10.12850	2.1960587509516141	0.1224284900000000	0.1350198850000000
1382	10.12620	2.2000959182303843	0.1478214550000000	0.0658795050000000
1383	10.12620	2.1997793089233295	0.1349895800000000	0.1084614050000000
1385	10.12620	2.1991072905942071	0.1435595550000000	0.1053586650000000
1386	10.12610	2.1986431514872922	0.1271492500000000	0.0990569350000000
1388	10.12550	2.1925138732144895	0.1409748950000000	0.1090274000000000
1390	10.12470	2.2039034913071007	0.1609659700000000	0.0398378500000000
1392	10.12400	2.1994021648166693	0.1555725600000000	0.0643182950000000
1393	10.12400	2.2004945138323717	0.1503909600000000	0.0987539500000000
1395	10.12330	2.2004571385242642	0.1327912250000000	0.0957030200000000
1396	10.12260	2.1997122924839498	0.1458426500000000	0.0893221250000000
1397	10.12260	2.2009919760422059	0.1370387400000000	0.0812492150000000
1398	10.11830	2.3690703594539677	0.2595160150000000	0.1039904800000000
1402	10.10800	2.2001626025007712	0.1257677500000000	0.0917986300000000
1405	10.10280	2.1923590420542656	0.1330622200000000	0.1227917800000000
1409	10.07350	2.2006852180276262	0.1449967350000000	0.0898983050000000
1418	10.04880	2.2002225643428179	0.1457944650000000	0.0964183100000000
1419	10.04880	2.2002628427564677	0.1411155500000000	0.0859851250000000
1420	10.04870	2.1991038771266394	0.1538649700000000	0.1083938500000000
1425	10.04410	2.2017766267034586	0.1430959300000000	0.0792751950000000
1426	10.01780	2.1997926012341016	0.1452898200000000	0.0949046650000000
1428	10.01460	2.2126871035451816	0.2165023200000000	0.0987486550000000
1431	10.00540	2.1994743887206023	0.1439505850000000	0.1010922100000000
1435	9.95261	2.2033940627906374	0.1822604300000000	0.1105406550000000
1436	9.94991	2.2025066517714085	0.1484069350000000	0.0972997550000000
1439	9.93271	2.1970511772673924	0.1652784250000000	0.0750233500000000
137	21.14770	2.1996475859729707	0.1386263750000000	0.0776776600000000
143	20.48610	2.2021797351515806	0.1442853750000000	0.1077103400000000
1440	9.90524	2.2005323325009978	0.1269475900000000	0.0849141750000000
1443	9.82061	2.1993651675522705	0.1425534450000000	0.0823379450000000
1445	9.80216	2.2125317787944421	0.1821245600000000	0.1188603200000000
1447	9.79928	2.1999546130333991	0.1417324850000000	0.0972229300000000
1449	9.79831	2.2000105991954437	0.1561906100000000	0.0985073450000000
1451	9.79801	2.1973237497590365	0.1493164650000000	0.0910411300000000
1456	9.79729	2.1847630515882162	0.1370407100000000	0.1238233900000000
1461	9.79620	2.2020896567285151	0.1479270900000000	0.0652424100000000
1464	9.79515	2.2006374670295226	0.1637545850000000	0.1161235250000000
1467	9.79475	2.1992754625066344	0.1537325550000000	0.1010175050000000
1469	9.79345	2.2034286725673788	0.1652252150000000	0.1037592650000000
1471	9.79320	2.2001480578422274	0.1370799200000000	0.0833554450000000
1475	9.79288	2.3092653821111950	0.2195862850000000	0.0940196500000000
1477	9.79273	2.3228260530897149	0.2577784150000000	0.1267470950000000
1479	9.79166	2.3612335083666167	0.2779701600000000	0.1289584300000000
1483	9.79075	2.2015377534281941	0.1551951850000000	0.1161465000000000
1484	9.79041	2.1992937797224759	0.1323995600000000	0.1030704150000000
1485	9.79041	2.1997375212885806	0.1470759600000000	0.0937092450000000
1486	9.76395	2.2008423301322786	0.1449991050000000	0.0726437500000000
1490	9.72880	2.1998414888390077	0.1685197200000000	0.0694795650000000
1492	9.72526	2.1947340328966116	0.1602700900000000	0.0908753350000000
1493	9.72526	2.1993287046852728	0.1402418200000000	0.0846848950000000
1497	9.70935	2.2002044013842230	0.1550212350000000	0.0572924700000000
1503	9.67000	2.1986468676181379	0.1564784500000000	0.1170238700000000
1504	9.67000	2.2008453315083925	0.1526151150000000	0.1108519950000000
1505	9.67000	2.2001229489266083	0.1542403800000000	0.1002801600000000
1506	9.67000	2.2046136623620094	0.1567314450000000	0.0449568150000000
1507	9.67000	2.1996750918571015	0.1409877800000000	0.0953072900000000
1510	9.67000	2.1992484790669837	0.1469625950000000	0.0934388800000000
1515	9.66336	2.2010084238654244	0.1350215550000000	0.0997318900000000
1516	9.66178	2.1969041501730286	0.1550283000000000	0.0476988500000000
1518	9.66145	2.1985602985253352	0.1424621650000000	0.0918578600000000
1519	9.66145	2.2019427152607096	0.1535354500000000	0.0760746650000000
145	20.48180	2.1893606086503281	0.1480173650000000	0.1104962800000000
149	20.14810	2.1998936812481880	0.1344712650000000	0.0768430650000000
150	19.99580	2.1977862283058154	0.1398883800000000	0.0983515300000000
1523	9.66126	2.1992533555815004	0.1192145700000000	0.0634068800000000
1530	9.65958	2.2016783938995252	0.1605545150000000	0.1102783450000000
1534	9.65573	2.1638404029775775	0.1341972700000000	0.1039504600000000
1535	9.65573	2.1995344807167778	0.1359348500000000	0.0982635350000000
1536	9.65484	2.2010968444015826	0.1701790150000000	0.0358354250000000
1538	9.65423	2.1986641197253256	0.1074013800000000	0.0672344550000000
1542	9.65411	2.2020871811571903	0.1435965650000000	0.0949163100000000
1543	9.65411	2.1986281986778295	0.1433429100000000	0.0847244950000000
1544	9.65409	2.2009464402435635	0.1432203150000000	0.0906691950000000
1552	9.63620	2.1986663907027588	0.1506261550000000	0.0880518700000000
1554	9.62796	2.2094131090748848	0.1603735450000000	0.1032132700000000
1561	9.61624	2.2041082574928419	0.1556518000000000	0.1024337200000000
1565	9.61424	2.2026619226371724	0.1506058250000000	0.1045669150000000
1566	9.61418	2.1951132824884483	0.1534781600000000	0.0890196300000000
1567	9.61418	2.2003772169211713	0.1420855150000000	0.0961340150000000
1571	9.60886	2.1978527805336499	0.1479559900000000	0.0970674200000000
1574	9.60673	2.1999027315536126	0.1504941050000000	0.1001750500000000
1575	9.60673	2.1984257149509054	0.1576449100000000	0.0848334700000000
1582	9.59930	2.1985838621078755	0.1519419100000000	0.0794912100000000
1586	9.59731	2.2016141125219595	0.1446831400000000	0.0914366400000000
1587	9.59731	2.1909211675814904	0.1491291800000000	0.1015110500000000
1588	9.59695	2.2121415401431008	0.1891366600000000	0.1094663650000000
1589	9.59695	2.3138901127788820	0.2653879400000000	0.1443002650000000
1592	9.59581	2.1994945422711658	0.1338887500000000	0.0984986700000000
1593	9.59581	2.1997564256016644	0.1469012450000000	0.1064975100000000
1594	9.59103	2.1999919219650437	0.1527513950000000	0.0731593800000000
1599	9.58949	2.2035744946118592	0.1529070950000000	0.0788969200000000
153	19.67710	2.1980821465713904	0.1467977500000000	0.0500746100000000
154	19.56700	2.1949982261199459	0.1405674000000000	0.0772052650000000
156	19.42160	2.2018893209437747	0.1473255400000000	0.0990114400000000
1603	9.58931	2.1925783858924932	0.1657016700000000	0.0862364100000000
1605	9.58891	2.1961158134099326	0.1462646100000000	0.1028107250000000
1606	9.58877	2.2000616565571107	0.1596563500000000	0.0944504750000000
1610	9.58849	2.1978637749599925	0.1522927000000000	0.1060423600000000
1612	9.58849	2.2008538031935938	0.1388858650000000	0.0788468600000000
1615	9.58828	2.2010482053613596	0.1566877500000000	0.0795770400000000
1621	9.58734	2.1986015905912581	0.1548452850000000	0.0790475200000000
1622	9.58663	2.2015128909710939	0.1420198900000000	0.1083989050000000
1625	9.58434	2.1986238294150091	0.1259670600000000	0.0925082250000000
1626	9.58386	2.2002160484159323	0.1495327700000000	0.0902080750000000
1635	9.58290	2.1993823572278091	0.1537343750000000	0.1019361850000000
1636	9.58269	2.2000416660223343	0.1536906000000000	0.0803207750000000
1639	9.58265	2.2052106060333010	0.1608125200000000	0.0661175200000000
1642	9.58167	2.2227701850968513	0.1967610100000000	0.1268741550000000
1648	9.58048	2.2003708389159202	0.1467500950000000	0.0923858400000000
1653	9.57470	2.2183455804323415	0.1873099250000000	0.1182770800000000
1656	9.57149	2.1947195198331064	0.1487167800000000	0.0788208750000000
1659	9.57127	2.2010922430094308	0.1489099300000000	0.0896137650000000
1663	9.57023	2.1966894058809703	0.1430349500000000	0.1049099850000000
1669	9.56294	2.2066113834070080	0.1570286350000000	0.0414787100000000
1670	9.56051	2.2019258641218777	0.1502901550000000	0.1021399800000000
1674	9.55679	2.2014764900556978	0.1435378700000000	0.0963591350000000
1676	9.55202	2.1998187679855494	0.1544268150000000	0.0700972550000000
162	18.89830	2.1996814042720412	0.1176055750000000	0.0539337600000000
1680	9.54781	2.1997235358553038	0.1118996050000000	0.0841349950000000
1681	9.54781	2.2003923758526787	0.1510037900000000	0.0810987350000000
1682	9.54713	2.2010128110200911	0.1385623200000000	0.0598388200000000
1684	9.54687	2.1994825969004408	0.1517228600000000	0.0522015500000000
1687	9.53122	2.2006627260973683	0.1407595200000000	0.0968456950000000
1689	9.53021	2.1825719115494473	0.1602349450000000	0.0713403850000000
1691	9.52965	2.1999190335675487	0.1276656300000000	0.0985841150000000
1692	9.52252	2.2011302719994075	0.1468203650000000	0.1034440000000000
1698	9.51319	2.2644091612166459	0.2130388250000000	0.1200075200000000
1700	9.51255	2.1998264468273434	0.1474212900000000	0.0976040750000000
1703	9.51053	2.1996398343852883	0.1062134850000000	0.0633730500000000
1705	9.50834	2.1976647261783584	0.1499644100000000	0.0851036400000000
1707	9.50603	2.2003833505017134	0.1475577450000000	0.0957608000000000
1712	9.50220	2.2009963450565895	0.1331996750000000	0.0908557600000000
1717	9.49425	2.2012778217286249	0.1681565950000000	0.0916891750000000
1719	9.48606	2.2026188388868455	0.1475369650000000	0.0879611300000000
1721	9.48442	2.2016250748971560	0.1369734200000000	0.0621458500000000
1722	9.48286	2.2010224901444206	0.1298611300000000	0.0580064350000000
1728	9.47319	2.2018466392667939	0.1389798750000000	0.0718346100000000
1729	9.47319	2.2977031035065272	0.2260483900000000	0.1197861000000000
1731	9.46280	2.2015985992226521	0.1345502850000000	0.0943137000000000
1734	9.45239	2.2004927175660920	0.1416604400000000	0.1032266750000000
1736	9.45130	2.1984697416495429	0.1396384050000000	0.0874888600000000
1739	9.43735	2.1979134906912736	0.1488366050000000	0.0899776400000000
1744	9.36392	2.1991052152451407	0.0935475950000000	0.0748155500000000
1747	9.36075	2.1981436586336258	0.1273145750000000	0.0992768250000000
1749	9.33968	2.1993921317767984	0.1413899850000000	0.0858284750000000
1750	9.32657	2.2023237052869522	0.1237172700000000	0.0329113300000000
1754	9.30364	2.2823454150002060	0.2561176850000000	0.1421376400000000
1757	9.30095	2.2045617249798632	0.1802020600000000	0.0325986950000000
1758	9.29419	2.2003916417727294	0.1443440900000000	0.0751656200000000
168	18.56780	2.2325671874039621	0.1968763850000000	0.0821607000000000
169	18.56780	2.1993869598646363	0.1396234400000000	0.0877901200000000
170	18.56620	2.1996783428350835	0.1412323450000000	0.0798819850000000
171	18.56620	2.1985216764904925	0.1646866200000000	0.0812126550000000
175	18.33440	2.2005427787085310	0.1283166650000000	0.0615307850000000
1760	9.29040	2.1908010171102328	0.1465501100000000	0.1043609950000000
1761	9.29040	2.1877409371251355	0.1477910900000000	0.1247800650000000
1764	9.28328	2.1995295461260458	0.1350056800000000	0.1144776300000000
1767	9.27618	2.2002486263066765	0.1467471150000000	0.0814539150000000
1769	9.27601	2.2030430930583784	0.1583817900000000	0.0913435100000000
1773	9.27202	2.1992949515440738	0.1156428350000000	0.0991919900000000
1775	9.27078	2.2035244674628256	0.1703525150000000	0.0662445900000000
1776	9.26812	2.1933739755739161	0.2083278900000000	0.0896615050000000
1782	9.25991	2.2000614313986517	0.1240884250000000	0.0954531200000000
1786	9.25823	2.1990532119311683	0.1398693200000000	0.0951818050000000
1788	9.25791	2.2333417695141846	0.1880768850000000	0.1113448950000000
1796	9.25601	2.2003211669223091	0.1553632000000000	0.0921379950000000
1798	9.25564	2.1997493922053137	0.1197473700000000	0.0655824750000000
1803	9.25402	2.2000458556208358	0.1404230000000000	0.0923781250000000
1804	9.25320	2.2002401747910709	0.1236726100000000	0.1039329250000000
1805	9.25320	2.1997496321643268	0.1458306150000000	0.0672878450000000
1806	9.25229	2.2008463157310367	0.1721057500000000	0.0513938850000000
1808	9.25199	2.1998935781594740	0.1126236800000000	0.0827326900000000
1814	9.24858	2.1999171065711818	0.1288524500000000	0.0722205400000000
1819	9.24519	2.2226643778101685	0.2038522850000000	0.1148183700000000
1823	9.24404	2.1985829692081009	0.1360550350000000	0.0919871950000000
1826	9.24000	2.1975593852688866	0.1596068300000000	0.0760667950000000
1827	9.24000	2.2015774544612339	0.1563345350000000	0.0520886000000000
1832	9.24000	2.2173373947585215	0.1736383500000000	0.0686727800000000
1833	9.24000	2.1981733176741360	0.1466891550000000	0.0849662750000000
1835	9.24000	2.2008834156840944	0.1393850150000000	0.0992203200000000
1836	9.24000	2.1568486933862023	0.1355860450000000	0.1027793550000000
176	18.28240	2.1965087649211075	0.1401679450000000	0.1165930650000000
181	17.96190	2.1986741029709385	0.1254896150000000	0.0957013350000000
183	17.81420	2.2009457490260513	0.1480489300000000	0.1137872000000000
1840	9.24000	2.2005840352552322	0.1648220800000000	0.0701606700000000
1846	9.24000	2.1992028396836290	0.1385823450000000	0.0808823500000000
1850	9.24000	2.1986223759658583	0.1194671150000000	0.0965009150000000
1853	9.24000	2.2011223566467502	0.1478856800000000	0.0960522950000000
1854	9.24000	2.2598778445734680	0.1860675350000000	0.0961550850000000
1856	9.24000	2.2010167599935069	0.1661578250000000	0.0597464600000000
1865	9.23790	2.1995074952313258	0.1463211650000000	0.0688307950000000
1870	9.23551	2.1926251798562268	0.1391075800000000	0.1237846900000000
1871	9.23551	2.2005911539990000	0.1500667000000000	0.1013599100000000
1872	9.23523	2.1998987125443743	0.1335101650000000	0.0834158050000000
1874	9.23490	2.1986403510255701	0.1280826950000000	0.1050986900000000
1875	9.23490	2.1988968754402292	0.1073637650000000	0.0694668800000000
1878	9.23309	2.2050784131468322	0.1580277300000000	0.0841132700000000
1879	9.23309	2.1998692428502991	0.1450541300000000	0.0866283700000000
1880	9.23250	2.1976084373853060	0.1468843450000000	0.0997767150000000
1881	9.23250	2.2005894783019526	0.1512688500000000	0.0769408600000000
1882	9.23219	2.1959592679522486	0.1423111650000000	0.1138659050000000
1883	9.23219	2.4176682934076643	0.2925114800000000	0.1659200650000000
1885	9.23106	2.2015477304545237	0.1133794350000000	0.0590910950000000
1886	9.23095	2.1996560314759779	0.1354517250000000	0.0823654350000000
1890	9.22622	2.1969060437201873	0.1575448650000000	0.1033617100000000
1893	9.22493	2.1970122759163280	0.1490666050000000	0.0697824700000000
1900	9.21053	2.1985812573300683	0.1197433650000000	0.0843359400000000
1901	9.21053	2.1976287985488629	0.1390759800000000	0.0877376100000000
1906	9.18684	2.1981423372720199	0.1446840450000000	0.1024020600000000
1908	9.18574	2.2822697012653936	0.2214715300000000	0.0988908200000000
1910	9.18173	2.2017310951405693	0.1136952150000000	0.0605040450000000
1911	9.18173	2.1996991294008090	0.1367290850000000	0.1047946200000000
1914	9.18130	2.1949620099551423	0.1666878950000000	0.1168993900000000
1916	9.18058	2.1786954753538383	0.1832069250000000	0.1027120050000000
184	17.79570	2.1955447616770267	0.1574256800000000	0.0721808500000000
185	17.79570	2.1995750066472799	0.1424175950000000	0.0927563950000000
189	17.79230	2.2005955044069214	0.1011509200000000	0.0751849200000000
190	17.77460	2.2004591777901532	0.1452215150000000	0.0995746950000000
191	17.77460	2.1983741655439641	0.1184809950000000	0.0787002450000000
1922	9.17791	2.1997233984436839	0.1186442550000000	0.0787714650000000
1923	9.17791	2.1975798265997510	0.1508786800000000	0.1062826000000000
1924	9.17773	2.1997056569007074	0.1351594250000000	0.0894411850000000
1925	9.17773	2.2012230207834027	0.1328185000000000	0.0849313950000000
1931	9.17523	2.1997045895478240	0.1431666600000000	0.0933998300000000
1933	9.17417	2.2003976007154300	0.1351495100000000	0.0992233550000000
1934	9.17355	2.2000518232148956	0.1372156650000000	0.0959601350000000
1939	9.17204	2.2000663101855826	0.1442824750000000	0.0712401300000000
1944	9.16674	2.3019381347448391	0.2394102350000000	0.0901644700000000
1946	9.16072	2.1986011515350863	0.1181185450000000	0.0784022000000000
1949	9.15790	2.2003496132929219	0.1539601550000000	0.0942343050000000
1950	9.15340	2.2016462824769643	0.1504551050000000	0.0738694650000000
1953	9.15240	2.2001682623580527	0.1341682600000000	0.1002120300000000
1955	9.15182	2.2568128821616558	0.1880940050000000	0.1061118400000000
1962	9.14000	2.2473551415456288	0.2095245200000000	0.1286642300000000
1964	9.14000	2.1998679659918001	0.1321924650000000	0.0944165700000000
1968	9.14000	2.3852911253059230	0.2790282000000000	0.1646978700000000
1970	9.14000	2.1997176176299202	0.0918407650000000	0.0517039050000000
1979	9.14000	2.2002194894060314	0.1369844850000000	0.1009300400000000
1983	9.14000	2.2003832000841599	0.1593407450000000	0.1009598850000000
1984	9.14000	2.2894708076503671	0.2283836300000000	0.1399472900000000
1989	9.14000	2.2014125932470829	0.1381066600000000	0.0845237550000000
1990	9.14000	2.1991800913701587	0.1468513250000000	0.0841611700000000
1991	9.14000	2.2001647698022344	0.1553271600000000	0.1118172400000000
1993	9.14000	2.2040748211478127	0.1400832700000000	0.0948427150000000
1996	9.14000	2.1993881041847683	0.1284428450000000	0.0714126800000000
1997	9.14000	2.2001107304489058	0.1681130750000000	0.1156440600000000
192	17.71340	2.2006397663818555	0.1636211700000000	0.0411737150000000
193	17.71340	2.2006862046387687	0.1478790600000000	0.0850125900000000
194	17.70800	2.2003938451191107	0.1378256800000000	0.0838274700000000
196	17.66620	1.8446694738131866	0.1408025650000000	0.2415182100000000
198	17.62660	2.2012587721949020	0.1458759850000000	0.0855592950000000
199	17.62660	2.2006171706647533	0.1439060650000000	0.0884803950000000
2003	9.14000	2.1978732654581434	0.1352620300000000	0.0866933250000000
2013	9.13558	2.2012206028415884	0.1453820750000000	0.0914757900000000
2020	9.13287	2.2011050504079503	0.1248441900000000	0.0625950950000000
2021	9.13287	2.1978606965713614	0.1271833400000000	0.1129542400000000
2022	9.13245	2.2011617370657719	0.1612463450000000	0.0823757000000000
2024	9.13204	2.1986028257696701	0.1308964600000000	0.0899843350000000
2025	9.13204	2.1985704076037615	0.1666119750000000	0.0782540000000000
2026	9.13189	2.3187082807981487	0.2729374250000000	0.0938421250000000
2030	9.11916	2.1996213461981098	0.1527516700000000	0.0386988000000000
2036	9.10508	2.2021417242050179	0.1380914050000000	0.0998305900000000
2038	9.10369	2.1960774535810428	0.1527056350000000	0.0791603050000000
2046	9.05605	2.1979667522520079	0.1404853200000000	0.1090094050000000
2048	9.04366	2.2000515255935840	0.1506450100000000	0.0871798100000000
2055	9.03638	2.2006170970297734	0.1248263300000000	0.0760823500000000
2056	9.03142	2.1998082500549727	0.1728191150000000	0.0631025250000000
2060	9.02477	2.2015172671440224	0.1310371600000000	0.0944279250000000
2061	9.02477	2.1970863747020362	0.1380942300000000	0.0869980150000000
2064	9.02211	2.1993545479221703	0.1293675250000000	0.0745571850000000
2068	9.02041	2.2015115548221154	0.1338495650000000	0.1041512000000000
2069	9.02041	2.2219655235333864	0.1657697650000000	0.0714369150000000
2070	9.02039	2.2010531476984774	0.1176175250000000	0.0672189750000000
2073	9.02018	2.1997113383587177	0.1541824250000000	0.0725574450000000
2076	9.01653	2.2015438776115377	0.1247850950000000	0.0910369400000000
2078	9.01625	2.1985889862496037	0.1616169300000000	0.0711992350000000
2079	9.01625	2.1996804831370813	0.1460304150000000	0.0771147150000000
200	17.62620	2.2000135619362564	0.1501703950000000	0.0932474300000000
2080	9.01619	2.2764117048214905	0.2196414950000000	0.1009065750000000
2082	9.01556	2.2029673607850482	0.1545350900000000	0.0744156350000000
2083	9.01556	2.2021218232468982	0.1408176150000000	0.0394397750000000
2087	9.01160	2.1978092036730494	0.1514925400000000	0.0878093600000000
2096	9.00734	2.2002769754801581	0.1521655550000000	0.0958163300000000
2104	9.00246	2.1963371286481910	0.1379542450000000	0.0928090900000000
2107	9.00214	2.1991548633628990	0.1383539250000000	0.0617242250000000
2108	9.00062	2.2001892305160649	0.1529287350000000	0.0886869450000000
2111	9.00011	2.2000694699530614	0.1418901250000000	0.1085832350000000
2113	8.99981	2.1963925169436940	0.1486728550000000	0.1018193650000000
2116	8.99874	2.1979053223741918	0.1627725700000000	0.1095996700000000
2119	8.99850	2.2004822053993927	0.1624257150000000	0.0890929600000000
2121	8.99556	2.2011103496284208	0.1331169300000000	0.0893579450000000
2123	8.99535	2.2310269895682713	0.1901135800000000	0.0771558450000000
2124	8.99371	2.2000639643322231	0.1102707850000000	0.0482583750000000
2127	8.99142	2.1908214855571906	0.1528910400000000	0.1216275150000000
2129	8.99078	2.1933911320687245	0.1604046100000000	0.1274538650000000
2130	8.98943	2.2007584788325296	0.1309802400000000	0.0793704650000000
2133	8.98853	2.1964662424255037	0.1529954100000000	0.1195073650000000
2136	8.98743	2.2035070970829098	0.1621796950000000	0.0978320400000000
2141	8.98605	2.2021003652056010	0.1656400350000000	0.0977906100000000
2145	8.98373	2.1943439121364885	0.1312958600000000	0.1040761900000000
2149	8.98311	2.2005858293611213	0.1284298050000000	0.1128255600000000
2151	8.98274	2.2428023342449381	0.2006598150000000	0.1409387250000000
2152	8.98141	2.1986606750785436	0.1708746200000000	0.0826854250000000
2157	8.98000	2.1982043125823587	0.1268630600000000	0.1042856950000000
208	17.18240	2.2008476672750912	0.1461339900000000	0.0858775650000000
209	17.18240	2.2004585490845230	0.1245428700000000	0.1036080700000000
211	17.07690	2.2002710953721811	0.1296959450000000	0.1115195750000000
212	17.05300	2.2034816979895555	0.1550036000000000	0.0902940700000000
213	17.05300	2.1983137553986714	0.1188504350000000	0.0807682700000000
215	17.02200	2.1972336735896945	0.1364089100000000	0.1003632500000000
2162	8.98000	2.2440206282414610	0.2054745950000000	0.0995677300000000
2163	8.98000	2.1985670923732696	0.1361729500000000	0.0660514400000000
2169	8.98000	2.2389819260447039	0.1969425700000000	0.0584202550000000
2170	8.98000	2.2011214121506475	0.1569651000000000	0.0593456700000000
2173	8.98000	2.1987169578893138	0.1359658250000000	0.0766729750000000
2174	8.97946	2.2001429150949074	0.1163853300000000	0.0546397050000000
2178	8.97489	2.1999848551350052	0.1423246100000000	0.0764901450000000
2184	8.97257	2.2003892418694906	0.1429654550000000	0.0728307250000000
2185	8.97257	2.2003877449823155	0.1514169100000000	0.0789096500000000
2187	8.97180	2.1986324379884978	0.1148885200000000	0.0965188250000000
2188	8.96911	2.1983657164472068	0.0984694500000000	0.0713599400000000
2189	8.96911	2.2012544516272392	0.1452061550000000	0.0635265350000000
2191	8.96742	2.2008299069553932	0.1411465100000000	0.0844734500000000
2198	8.95967	2.2008368911975200	0.1415240350000000	0.0928777450000000
2201	8.95899	2.1950833776781931	0.1482390000000000	0.0941550300000000
2205	8.95765	2.2025413580949236	0.1621696450000000	0.0765846800000000
2207	8.95637	2.2016162340577119	0.1387090650000000	0.0932176200000000
2210	8.95605	2.2005585486237704	0.1473342250000000	0.0560543200000000
2220	8.95361	2.1976001818463700	0.1402590100000000	0.0932171050000000
2221	8.95361	2.2129417786394483	0.1375702550000000	0.0657536700000000
2224	8.95254	2.2022718766772309	0.1589121600000000	0.0730126000000000
2225	8.95254	2.2015983438664826	0.1467061000000000	0.1111623300000000
2226	8.95171	2.2000224410443581	0.1468489050000000	0.0924402900000000
2230	8.95019	2.3644484255434519	0.2441996850000000	0.0727123750000000
2232	8.95018	2.2022381622742153	0.1587642800000000	0.1099500700000000
2236	8.94681	2.1974169737957250	0.1456113300000000	0.1009138100000000
218	16.98050	2.1992694802887565	0.1523254900000000	0.0526948650000000
221	16.93270	2.1873249139810627	0.1177924900000000	0.1039889950000000
2243	8.93885	2.2010202909613152	0.1333632300000000	0.0483921750000000
2244	8.93734	2.2015581520911871	0.1172705550000000	0.0686728300000000
2246	8.93637	2.2019590608737958	0.1422876350000000	0.0987718400000000
2247	8.93637	2.2030960489284599	0.1522512100000000	0.0815931850000000
2249	8.93547	2.2001693748405922	0.1520581350000000	0.0819904150000000
2250	8.93344	2.2244597937716666	0.1682040150000000	0.0976355450000000
2251	8.93344	2.2489730352973596	0.1876026500000000	0.1162336600000000
2253	8.93060	2.2004784000557254	0.1418832700000000	0.1082991200000000
2255	8.92967	2.2004778596214645	0.1534739650000000	0.0729552850000000
2256	8.92952	2.2048667882084541	0.1469994800000000	0.0937321200000000
2263	8.92661	2.1964028336104002	0.1613579000000000	0.0822161750000000
2265	8.92659	2.2023352545205408	0.1478432950000000	0.0900822950000000
2266	8.92619	2.1970375829240845	0.1595159400000000	0.0647632100000000
2268	8.92463	2.2068369283579612	0.1526435100000000	0.1024111550000000
2270	8.92413	2.1908173666880160	0.1428012800000000	0.0789131600000000
2271	8.92413	2.2096123717202008	0.1639178000000000	0.1279214050000000
2273	8.92381	2.2015378847520504	0.1173625550000000	0.0501569350000000
2274	8.92358	2.1951864511966450	0.1474424850000000	0.1004222400000000
2275	8.92358	2.1975847057371656	0.1516174550000000	0.0864613950000000
2278	8.92315	2.2007333283927060	0.1397098600000000	0.0950064000000000
2281	8.92279	2.1981419161246727	0.1351892050000000	0.0996112950000000
2288	8.91786	2.2022930595234200	0.1383189650000000	0.0862550950000000
2289	8.91786	2.1994364333903564	0.1412211750000000	0.0582105550000000
2291	8.91596	2.1996702950255003	0.1255125100000000	0.0581992650000000
2293	8.91512	2.2020917958374007	0.1432496600000000	0.0978507100000000
2295	8.91384	2.1969731510893600	0.1590458500000000	0.0795213700000000
2296	8.91245	2.1915957995222239	0.1483514900000000	0.1098136650000000
2299	8.90797	2.2059011483038047	0.1523358050000000	0.1002050500000000
2304	8.89888	2.2015664401073853	0.1334881250000000	0.0687994650000000
2306	8.89326	2.2027857562860906	0.1434645900000000	0.0876606500000000
2307	8.89326	2.2015429371826847	0.1466768050000000	0.1074428550000000
2312	8.87436	2.2009637719451751	0.1471112850000000	0.1039504050000000
2313	8.87436	2.2022129819730818	0.1557887450000000	0.1278706550000000
2315	8.87192	2.2002287018587898	0.1287298450000000	0.1012721350000000
2317	8.87173	2.2020882259697805	0.1339208500000000	0.1040902050000000
2319	8.86814	2.1980367557086606	0.1203110150000000	0.0787891250000000
227	16.88770	2.2008400587255532	0.1500283450000000	0.0968743350000000
228	16.88760	2.1996401715744769	0.1492094000000000	0.0771760150000000
230	16.86680	2.1997084869024026	0.1606576300000000	0.0795871050000000
2324	8.86133	2.2234781650430153	0.2007215400000000	0.1549250000000000
2330	8.85054	2.1993849810557942	0.1062590450000000	0.0449097250000000
2343	8.83638	2.2069700519794835	0.1600814800000000	0.0937758400000000
2348	8.82689	2.2020583349484992	0.1432514800000000	0.1046140100000000
2349	8.82689	2.2004376142183473	0.1399288100000000	0.0810119050000000
2350	8.82364	2.2007936231297003	0.1547871900000000	0.0721910400000000
2351	8.82364	2.2218581006913958	0.1745317950000000	0.0990713050000000
2353	8.81628	2.1985128502389806	0.1394565450000000	0.0772626900000000
2354	8.81623	2.1976221390523087	0.1747099350000000	0.0632114400000000
2356	8.81004	2.1994289810939209	0.1461840450000000	0.0941019100000000
2362	8.80658	2.2020901070091665	0.1513571000000000	0.0633734550000000
2363	8.80658	2.2004191110057536	0.1194299450000000	0.0950072350000000
2367	8.80448	2.2454991774915483	0.1930907050000000	0.1121109150000000
2368	8.79150	2.2212320207066267	0.1866310550000000	0.1266702300000000
2370	8.78437	2.1985982492530662	0.1750737200000000	0.0891172400000000
2371	8.78437	2.1994800053372940	0.1202087800000000	0.0991949700000000
2374	8.77878	2.2002791742875187	0.1474574400000000	0.0990945650000000
2375	8.77878	2.1995545733624695	0.1570054600000000	0.0971315400000000
2376	8.77192	2.1998388947179075	0.1453726500000000	0.0875790550000000
2378	8.75648	2.1985937903547446	0.1354875700000000	0.0691005900000000
2381	8.75301	2.2012433790896671	0.1198217200000000	0.0626033250000000
2383	8.74242	2.2122747680244945	0.1751307500000000	0.1271279800000000
2384	8.74216	2.1986010004686505	0.1677588350000000	0.0339959850000000
2391	8.73721	2.2046516200699200	0.1779873500000000	0.1051030150000000
2392	8.73275	2.2002246858794887	0.1503282200000000	0.0887759850000000
2394	8.72981	2.1986725465613857	0.1396944650000000	0.0793167250000000
2399	8.71645	2.2015192801521120	0.1551969600000000	0.0988386000000000
235	16.86370	2.2014095404104492	0.1542250800000000	0.1028698550000000
237	16.81790	2.1996019965096232	0.1424256450000000	0.1075947800000000
239	16.79440	2.1998773414206458	0.1468340650000000	0.0428851700000000
22	98.06700	2.1993831814223630	0.1611309600000000	0.0937434400000000
2402	8.70886	2.1976624306518802	0.1420051350000000	0.0847840900000000
2404	8.70243	2.2006137548877001	0.1583850700000000	0.0849492900000000
2405	8.70243	2.2013079933856154	0.1725795750000000	0.1010626550000000
2408	8.69451	2.2002255287216341	0.1578292450000000	0.0641866650000000
2409	8.69451	2.2001733010538178	0.1430976900000000	0.1085293050000000
2415	8.67928	2.1998943264363473	0.1569721250000000	0.0668032200000000
2416	8.66682	2.2013988926686179	0.1113632250000000	0.1180744400000000
2418	8.66452	2.2015560716341538	0.1671008100000000	0.1049638000000000
2425	8.64481	2.2019966251359526	0.1497957550000000	0.1075090650000000
2427	8.64296	2.1880883672930009	0.1595763600000000	0.0614651000000000
2429	8.64137	2.1979856663081985	0.1492055400000000	0.0830021350000000
2431	8.62991	2.2014920292639126	0.1580357950000000	0.0903606750000000
2432	8.62916	2.2008115993056392	0.1469973150000000	0.0926732850000000
2433	8.62916	2.2002517125402177	0.1395746150000000	0.1062622150000000
2434	8.62915	2.1998230081236589	0.1390445500000000	0.0856199450000000
2438	8.62822	2.3192788606976893	0.2312213000000000	0.1465991800000000
2440	8.62799	2.2015446647223351	0.1391873850000000	0.0899410100000000
2441	8.62799	2.2012295227157512	0.1350833550000000	0.1108570250000000
2449	8.62562	2.1786425947052588	0.1845808650000000	0.0575461750000000
2451	8.62547	2.2015285728669056	0.1492206250000000	0.0972264000000000
2452	8.62537	2.1966855867894326	0.1605225400000000	0.0521649750000000
2454	8.62494	2.2049148181485156	0.1458308900000000	0.1180285750000000
2460	8.62151	2.2008626006825041	0.1214310250000000	0.0786601200000000
2463	8.62143	2.2015323563575881	0.1433955950000000	0.0880966450000000
2464	8.62139	2.1998714424130168	0.1385068100000000	0.0997745850000000
2465	8.62139	2.2001420413631987	0.1413427900000000	0.1084649850000000
2468	8.61871	2.1986653284489228	0.1587505400000000	0.0993104350000000
2469	8.61871	2.2007261935360871	0.1366950550000000	0.1027133000000000
2472	8.59504	2.1999263016085004	0.1476855450000000	0.1005875100000000
2477	8.58354	2.2023496541650807	0.1553279700000000	0.1026839950000000
2478	8.57884	2.1997367441595945	0.1225708400000000	0.0644937100000000
2479	8.57884	2.1804145807417714	0.1007709450000000	0.1110207900000000
245	16.67950	2.2070250378642351	0.1615198050000000	0.0766141650000000
2485	8.55654	2.2005517041383480	0.1409827300000000	0.0862560950000000
2488	8.54109	2.2007261790120052	0.1476203600000000	0.1037655100000000
2489	8.54109	2.3123805700948181	0.2449241950000000	0.1011242850000000
2492	8.53909	2.1997155303311349	0.1641792900000000	0.1028643950000000
2498	8.53773	2.2023441948142515	0.1453954500000000	0.0882485850000000
2506	8.53691	2.2020932780491962	0.1390791150000000	0.0712312550000000
2511	8.53659	2.2015330148324948	0.1455134600000000	0.0896968100000000
2513	8.53601	2.1983593782234960	0.1602851750000000	0.0829530200000000
2515	8.53595	2.1985559686614868	0.1636774800000000	0.0579043850000000
2522	8.53153	2.1973846646078301	0.1348926650000000	0.1023412100000000
2527	8.52658	2.1973668207482033	0.1439174050000000	0.0958836750000000
2529	8.52617	2.1824371906218145	0.1619548850000000	0.0351004050000000
2533	8.51847	2.1997324455448188	0.1347719800000000	0.0996921450000000
2536	8.51130	2.2011497772372888	0.1467208000000000	0.0885840650000000
2537	8.51130	2.2005198809045172	0.1278950950000000	0.0759022850000000
2542	8.49075	2.2008027088456230	0.1363671700000000	0.0950707950000000
2543	8.49075	2.2008700515058646	0.1420434650000000	0.0743488450000000
2544	8.48967	2.2019737103226595	0.1460780550000000	0.0864472350000000
2551	8.48000	2.2081437967143227	0.1630447100000000	0.0890273500000000
2558	8.48000	2.1993394659253500	0.1574961950000000	0.0490957800000000
248	16.57590	2.2028764500599975	0.1582947600000000	0.0490428300000000
249	16.57590	2.1985922331010310	0.1429080900000000	0.0878203150000000
250	16.51990	2.2006243145056454	0.1481936300000000	0.0893206900000000
251	16.51990	2.1985892674808931	0.1438962150000000	0.0645376300000000
253	16.50140	2.1991860002531212	0.1431633650000000	0.0866089750000000
2560	8.48000	2.2023860038587659	0.1534275300000000	0.0922731000000000
2561	8.48000	2.2019722527767791	0.1370103400000000	0.0896028900000000
2567	8.48000	2.1986023671260297	0.1214746200000000	0.0935979850000000
2569	8.48000	2.1992149172120197	0.1322041000000000	0.1104858150000000
2570	8.47797	2.1902051805326885	0.1600537650000000	0.0841168450000000
2578	8.46680	2.2019372537428774	0.1416700200000000	0.1010393550000000
2580	8.46656	2.1984809870956536	0.1521294550000000	0.1244295800000000
2586	8.46000	2.1912935371008890	0.1674042050000000	0.0754846550000000
2587	8.46000	2.1987541531482448	0.1454368700000000	0.0759827000000000
2589	8.44800	2.2014546136622672	0.1327465800000000	0.0917956900000000
2597	8.43458	2.1981103302266547	0.1257348050000000	0.0980600250000000
2598	8.43092	2.3544771673565252	0.3234007050000000	0.1118805050000000
2601	8.42770	2.2019813991700898	0.1391162000000000	0.0895829000000000
2603	8.42299	2.2018402271881450	0.1336008700000000	0.1116017450000000
2609	8.41614	2.2015159024054718	0.1512168650000000	0.0656565750000000
2614	8.40334	2.2002450958817157	0.1558445700000000	0.0876842300000000
2615	8.40334	2.1984381637237380	0.1384576600000000	0.1065132000000000
2617	8.40227	2.1980002041596860	0.1430388650000000	0.1155360800000000
2619	8.39487	2.2017801418111351	0.1537533300000000	0.0781037050000000
2620	8.39137	2.2014032428605819	0.1181935650000000	0.0537590800000000
2623	8.38740	2.2222756388915181	0.1764834100000000	0.0778898350000000
2624	8.38712	2.2002463948057485	0.1538926450000000	0.0928271250000000
2625	8.38712	2.2012344059256006	0.1397985300000000	0.0937980900000000
2627	8.38446	2.2310336550715602	0.1774141650000000	0.0841006800000000
2629	8.37889	2.2002722330211943	0.1624103000000000	0.1100135150000000
2633	8.37012	2.1979144527245382	0.1525777250000000	0.0959906500000000
2634	8.36918	2.2037778733303139	0.1556192650000000	0.1282453500000000
2635	8.36918	2.2575125091999979	0.2218328150000000	0.0744769500000000
2638	8.36731	2.2001517992970356	0.1344302000000000	0.1120344100000000
257	16.45850	2.2002905231992611	0.1509505200000000	0.0730296000000000
258	16.44450	2.2191613054103660	0.1804388550000000	0.0349907900000000
2640	8.36730	2.1986191501016625	0.1523638650000000	0.1246174200000000
2643	8.36655	2.2008242401537017	0.1429795500000000	0.0937970650000000
2647	8.36622	2.2023985696026527	0.1461306250000000	0.0780173050000000
2650	8.36541	2.2000653788330671	0.1426467000000000	0.0859720700000000
2655	8.36483	2.1982523978820616	0.0741117150000000	0.0672022200000000
2656	8.36471	2.2023577280058477	0.1470204250000000	0.1257058300000000
2666	8.35941	2.2004474647719920	0.1440294000000000	0.0806683000000000
2667	8.35941	2.2015107163911116	0.1447892300000000	0.0838349550000000
2674	8.35100	2.1848676605649486	0.1279188650000000	0.1264296850000000
2675	8.35100	2.1992564673062192	0.1474398050000000	0.0811991600000000
2676	8.34964	2.3950818777214393	0.2748109850000000	0.1049316500000000
2677	8.34964	2.1993855697946598	0.1425033400000000	0.0891469800000000
2680	8.34857	2.2042106422848891	0.1605195100000000	0.0456089850000000
2681	8.34857	2.2020336863273453	0.1410644000000000	0.0965724750000000
2682	8.34790	2.2008489086089336	0.1202873500000000	0.0504443200000000
2683	8.34790	2.2008792436753062	0.1563713050000000	0.0958352550000000
2684	8.34776	2.2020004822187156	0.1307647100000000	0.1038834950000000
2686	8.34726	2.2089262294331355	0.1691588950000000	0.0982005550000000
2687	8.34726	2.2009810737395550	0.1312819950000000	0.0938594600000000
2696	8.34384	2.1985697787202128	0.1502856050000000	0.0673814500000000
2697	8.34384	2.2009279052859756	0.1618944600000000	0.0776841550000000
2705	8.34054	2.1981023446910757	0.1044024850000000	0.0755611700000000
2706	8.33796	2.1953340364490392	0.1465157500000000	0.0871383150000000
2707	8.33796	2.2019337426713883	0.1241458300000000	0.1106545500000000
2709	8.33427	2.2015825871870156	0.1496510450000000	0.0845378100000000
2712	8.32388	2.2012035345811980	0.1328115700000000	0.1153384800000000
2717	8.31924	2.2021325832588698	0.1445069550000000	0.0843154750000000
265	16.21370	2.2515242262348418	0.1886326800000000	0.0994184850000000
268	16.15410	2.1995524127291217	0.1555091000000000	0.0801929000000000
270	16.15400	2.2025197088307285	0.1647567250000000	0.1062803250000000
271	16.15400	2.1918957031526132	0.1494865350000000	0.1209554750000000
2720	8.30884	2.2010766710798246	0.1426962900000000	0.0904603700000000
2722	8.30872	2.2004303728833579	0.1418671700000000	0.0821521500000000
2723	8.30872	2.2040252799647355	0.1605875550000000	0.0466607850000000
2724	8.30642	2.1998911046041618	0.1389877500000000	0.0815879200000000
2725	8.30642	2.3644474711772308	0.2528022200000000	0.0422005600000000
2727	8.30497	2.2000567792057564	0.1548177100000000	0.0551886900000000
2728	8.30123	2.2007936859408077	0.1474039700000000	0.0930076750000000
2734	8.27979	2.1967894676631876	0.1505867250000000	0.1233615200000000
2736	8.27930	2.1948964442643972	0.1708007150000000	0.0937047400000000
2751	8.27016	2.2002564919366918	0.1555223700000000	0.0716889050000000
2758	8.26374	2.2010488214703972	0.1545871000000000	0.1045158550000000
2764	8.25435	2.2331309606411369	0.1922733050000000	0.1125270500000000
2765	8.25435	2.2002342121818379	0.1496203800000000	0.0769344300000000
2766	8.24826	2.1979713963293381	0.1343444700000000	0.0797805850000000
2767	8.24826	2.2894546061973204	0.2180611350000000	0.0983342550000000
2771	8.24336	2.2065988688868790	0.1604594150000000	0.1260477050000000
2772	8.23918	2.1915506227703982	0.1393113050000000	0.0838685700000000
2774	8.23870	2.1946110918881439	0.1505518350000000	0.1029953700000000
2778	8.23466	2.2006438525790775	0.1461042350000000	0.1091431100000000
2779	8.23466	2.2023388904965739	0.1574864800000000	0.0745093650000000
2781	8.23239	2.1989435452996702	0.1163491950000000	0.0941816750000000
2782	8.22956	2.1989187413574989	0.1605354650000000	0.1278195900000000
2783	8.22956	2.2015798935714166	0.1369527650000000	0.0936343500000000
2786	8.22882	2.1999025723980399	0.1610534550000000	0.1222531050000000
2787	8.22882	2.1977833944706018	0.1654840450000000	0.0711615750000000
2788	8.22517	2.1997986578652835	0.1411656550000000	0.0747286250000000
2792	8.22157	2.2005824713950966	0.1616569950000000	0.0912299400000000
2793	8.22157	2.2002623796739473	0.1615799000000000	0.0975409600000000
2795	8.21916	2.2011102393733344	0.1158234100000000	0.1099155100000000
2796	8.21880	2.1733625905240048	0.1468843100000000	0.0926535950000000
274	16.00470	2.2019714222101192	0.1557323100000000	0.1062082050000000
275	16.00470	2.2007542315077431	0.1349053250000000	0.0567721600000000
278	15.81910	2.2077352310799072	0.1540487150000000	0.1176895300000000
279	15.81910	2.2021840759492743	0.1824932750000000	0.1212350100000000
2800	8.21535	2.2930640150818493	0.2125808500000000	0.1123818650000000
2802	8.21484	2.2002277935201313	0.1408636750000000	0.0955528700000000
2803	8.21484	2.1996339254391524	0.1467903450000000	0.0865228950000000
2806	8.20236	2.2000003931658574	0.1113605700000000	0.0778766900000000
2807	8.20236	2.2009325658621353	0.1385877100000000	0.0919998800000000
2808	8.20000	2.2018515377894654	0.1384207450000000	0.0815986500000000
2813	8.20000	2.2016731364883286	0.1558143500000000	0.1010216150000000
2815	8.20000	2.1978723554813424	0.1165772650000000	0.0766426950000000
2816	8.20000	2.2029752491439099	0.1602298850000000	0.0346254000000000
2818	8.20000	2.2007902581618564	0.1312433200000000	0.0934196950000000
2819	8.20000	2.1978816271444042	0.1417476250000000	0.1102453750000000
2820	8.20000	2.2000112851274718	0.1530856200000000	0.0668254800000000
2822	8.20000	2.3855023120008370	0.2432973100000000	0.0942114900000000
2823	8.20000	2.1981020505682123	0.1309430700000000	0.0774356500000000
2827	8.20000	2.1955709017111462	0.1566771900000000	0.0614511900000000
2830	8.20000	2.2020788978339287	0.1557330850000000	0.0499417350000000
2832	8.20000	2.2014918554711342	0.1338885050000000	0.0926072750000000
2836	8.20000	2.2009967680844436	0.1535452650000000	0.0907505650000000
2837	8.20000	2.2057237363380073	0.1746576650000000	0.1160117150000000
2841	8.19420	2.2023712141176111	0.1561192950000000	0.1034102550000000
2842	8.19382	2.2492783687389930	0.2097023950000000	0.1178516400000000
2843	8.19382	2.2011961299102412	0.1316655950000000	0.0819231200000000
2844	8.19066	2.2018946572400142	0.1571351500000000	0.0790858500000000
2848	8.18384	2.1986014514144219	0.1467607550000000	0.0708907150000000
2858	8.16935	2.1969711369890823	0.1468144650000000	0.0914747300000000
2860	8.16836	2.2006687122309070	0.1463578200000000	0.0934514450000000
2861	8.16836	2.1956585294719844	0.1429313400000000	0.0797505450000000
2862	8.16758	2.2017613930433693	0.1428071550000000	0.1036448050000000
2863	8.16758	2.2016846379149770	0.1074028550000000	0.0752913500000000
2864	8.16645	2.1986054043127043	0.1633036550000000	0.0952895700000000
2868	8.16181	2.1996925465832571	0.1341673200000000	0.1000811700000000
2869	8.16181	2.2012469403307513	0.1571651250000000	0.0469894350000000
2870	8.15953	2.1955486407313471	0.1303549150000000	0.0734452700000000
2877	8.14937	2.1977177659210585	0.1076455350000000	0.0450676600000000
2878	8.14594	2.2313108484267858	0.1867609900000000	0.1413762000000000
280	15.79130	2.1628735077167440	0.1236912800000000	0.0650809950000000
285	15.59030	2.2308005670714377	0.2032751950000000	0.1423010600000000
2886	8.13966	2.2012017937056516	0.1421484650000000	0.0954370250000000
2887	8.13966	2.2002513350449084	0.1100242300000000	0.0613007650000000
2891	8.13890	2.2012802883749063	0.1354883450000000	0.0957152850000000
2892	8.13840	2.2016343598507682	0.1378720150000000	0.0358679800000000
2893	8.13840	2.2124671863149032	0.1907471300000000	0.1283510950000000
2899	8.13645	2.1997939403180786	0.1285314500000000	0.0900359100000000
2901	8.13578	2.2022438730377232	0.1804719000000000	0.1095294450000000
2906	8.13301	2.2021332455978322	0.1609522850000000	0.0628972700000000
2907	8.13301	2.1973370525675806	0.1357411000000000	0.0835933500000000
2908	8.13284	2.1947121115180335	0.1622821950000000	0.0741117950000000
2913	8.12955	2.2019740641784735	0.1635046300000000	0.0655942600000000
2925	8.12265	2.1996878968194449	0.1345568000000000	0.1075121900000000
2927	8.12189	2.2026265439198549	0.1533538400000000	0.0802321200000000
2932	8.11972	2.2014363781586224	0.1555315750000000	0.0649566750000000
2933	8.11972	2.1909364314320205	0.1544103450000000	0.1063038050000000
2934	8.11876	2.2005736311976358	0.1529845300000000	0.0941617550000000
2938	8.11091	2.2002628058290497	0.1667638700000000	0.0881242400000000
2940	8.11078	2.1986022913543284	0.1600097550000000	0.0937311500000000
2941	8.11078	2.2007521897652613	0.1490179850000000	0.0626871900000000
2948	8.10659	2.3702769446202447	0.2876813150000000	0.0920459100000000
2949	8.10659	2.2018212525782670	0.1366441050000000	0.0512270850000000
2951	8.10431	2.2020101906150398	0.1365029800000000	0.1076794150000000
2952	8.09909	2.2025478062300126	0.1419834050000000	0.1030836750000000
2955	8.09854	2.2020176880068174	0.1512400550000000	0.0776140200000000
289	15.35480	2.2002416319928577	0.1523861800000000	0.0818369750000000
290	15.33460	2.2015792787744433	0.1379142150000000	0.0905224900000000
293	15.33040	2.2006847842021218	0.1525243550000000	0.0931658800000000
294	15.28500	2.1979754502468438	0.1066854400000000	0.0656351100000000
295	15.28500	2.1994844969223246	0.1331871850000000	0.1026619950000000
2961	8.09740	2.1982963748850111	0.0907409200000000	0.0644679750000000
2962	8.09702	2.2020348816488862	0.1353179350000000	0.0631077750000000
2964	8.09688	2.3305559132844347	0.2312102350000000	0.1128786850000000
2966	8.09614	2.2000487722138660	0.1137502350000000	0.1200716000000000
2969	8.09578	2.2361666546942200	0.1802149450000000	0.0678118900000000
2970	8.09432	2.2017131663107734	0.1485906650000000	0.0939357350000000
2971	8.09432	2.1978055676417871	0.1221913300000000	0.0714053100000000
2972	8.09383	2.2004480822497903	0.1608447900000000	0.0797908450000000
2973	8.09383	2.2030888603725436	0.1374709900000000	0.0570842450000000
2976	8.09157	2.1984941159926001	0.1454582150000000	0.0494379950000000
2977	8.09157	2.2591368540078567	0.1699373750000000	0.1025286400000000
2985	8.09051	2.2024463291175596	0.1676872700000000	0.1154169600000000
2987	8.09000	2.2066080318616228	0.1659840700000000	0.0773673950000000
2993	8.09000	2.2006004254750353	0.1486052700000000	0.0672450800000000
2994	8.09000	2.1979109016266993	0.1282116300000000	0.0660562300000000
2995	8.09000	2.1917593850023485	0.1421242100000000	0.1153916450000000
2998	8.09000	2.2020681242167148	0.1328408700000000	0.1104449700000000
3003	8.09000	2.2312595621849862	0.2125093950000000	0.1065006200000000
3007	8.09000	2.1954992851143391	0.1414828350000000	0.0546525600000000
3008	8.09000	2.2025674910423403	0.1657509250000000	0.0904820750000000
3010	8.09000	2.1996317888228987	0.1501928550000000	0.1015452450000000
3011	8.09000	2.2014856321523060	0.1388735000000000	0.0910468800000000
3012	8.09000	2.1951524313294106	0.1517621350000000	0.0715848600000000
3013	8.09000	2.2021516529109744	0.1608120050000000	0.1128771600000000
3014	8.09000	2.2003938322151795	0.1308697800000000	0.1073002650000000
3017	8.09000	2.2006568317705208	0.1645343550000000	0.0872770400000000
3018	8.09000	2.3019373594821078	0.2385172950000000	0.0958792500000000
3020	8.09000	2.1944879680843137	0.1523544850000000	0.0968189100000000
3021	8.09000	2.2006288901278834	0.1502204700000000	0.0879337050000000
3023	8.09000	2.2006089644032052	0.1467718400000000	0.0850859050000000
3024	8.08933	2.1972016447783149	0.1131556450000000	0.1090464450000000
3026	8.08870	2.1597176050267648	0.1339342500000000	0.1131703250000000
3027	8.08870	2.2059910805253957	0.1721428700000000	0.1169973250000000
3031	8.08665	2.1941875661653136	0.1713748700000000	0.0965725000000000
3035	8.08582	2.2718782300129683	0.2309150750000000	0.1221998200000000
3036	8.08477	2.2002772956019769	0.1401469400000000	0.1007096600000000
3037	8.08477	2.2019371775567578	0.1454473500000000	0.0687180700000000
3039	8.08469	2.2002199061753034	0.1669085500000000	0.0939313350000000
300	15.20500	2.1995651911940661	0.1433048800000000	0.1014669300000000
302	15.16550	2.1979029028918218	0.1518407250000000	0.1213980900000000
303	15.16550	2.1984873846368380	0.1582853550000000	0.0965994150000000
3045	8.08006	2.2021557015257476	0.1611591750000000	0.0622472800000000
3046	8.07997	2.1985773915915980	0.1632470450000000	0.0869205700000000
3050	8.07978	2.2005922520804351	0.1406402300000000	0.0461632000000000
3052	8.07878	2.1955512853826042	0.1451070950000000	0.0908294850000000
3055	8.07877	2.2013412164044972	0.1303342750000000	0.0506581800000000
3058	8.07629	2.1999733669580759	0.1427940450000000	0.0893926250000000
3061	8.07613	2.1961059948475725	0.1590171300000000	0.1229136000000000
3062	8.07519	2.1986921077108827	0.1636553400000000	0.0748940200000000
3063	8.07519	2.2008000533654535	0.1317519000000000	0.0975857400000000
3064	8.07504	2.2019652588707008	0.1266022450000000	0.0983968350000000
3066	8.07475	2.2024886397297441	0.1575127650000000	0.0900294950000000
3076	8.07056	2.2391580250455161	0.1846362050000000	0.0733243250000000
3077	8.07056	2.2025068811467232	0.1639719800000000	0.1158119300000000
3080	8.06908	2.1986025053155176	0.1496766600000000	0.0966590050000000
3085	8.06592	2.1993601170005670	0.1175630000000000	0.0531271200000000
3088	8.06143	2.1980898963392370	0.1473437400000000	0.0935408700000000
3090	8.05591	2.1985797569799064	0.1327992650000000	0.0745105400000000
3091	8.05591	2.1961551699365152	0.1337327500000000	0.0614828950000000
3094	8.05502	2.2002238418799989	0.1344876200000000	0.0997182350000000
3096	8.05430	2.1998861500860176	0.1293244400000000	0.0992076150000000
3098	8.05418	2.2014789916093558	0.1471428300000000	0.0991901950000000
3099	8.05418	2.2001674316453661	0.1581447650000000	0.1000751850000000
3101	8.05284	2.2000585498366201	0.1320696200000000	0.0707138800000000
3103	8.05240	2.1985580224822838	0.1561751700000000	0.0912530900000000
3104	8.05108	2.2002691189435075	0.1469734800000000	0.0751258650000000
3106	8.05001	2.2000423634081310	0.1524861950000000	0.1011518950000000
3107	8.05001	2.2000555448649068	0.1543259750000000	0.0961381000000000
3109	8.04961	2.1925100299429343	0.1329696550000000	0.0929007300000000
3110	8.04777	2.2176767262017503	0.2311323200000000	0.1372824650000000
3111	8.04777	2.2009075462226972	0.1358221050000000	0.0831051450000000
3113	8.04733	2.1996946839652147	0.1382100150000000	0.0855479900000000
3116	8.04640	2.2220305564996754	0.1930440000000000	0.1242942500000000
3117	8.04640	2.2009972162698230	0.1646115300000000	0.1032328450000000
3119	8.04453	2.1976962429625795	0.1473610150000000	0.0905297150000000
304	15.13640	2.1998031937521332	0.1304444100000000	0.0431500850000000
305	15.13640	2.2011123010926612	0.1457345900000000	0.0915367800000000
306	15.11510	2.2114303305111647	0.1861156450000000	0.0920110450000000
311	15.04170	2.1947624265324914	0.1698881700000000	0.1174351800000000
3123	8.04340	2.2000094531949341	0.1414276050000000	0.0941050050000000
3126	8.04223	2.2558921788781103	0.1239162500000000	0.1296563200000000
3129	8.04112	2.1995891462655623	0.1661393100000000	0.0902251250000000
3131	8.04084	2.1969742733606421	0.1484771850000000	0.0876668050000000
3135	8.04006	2.2843567917935466	0.2027188150000000	0.0373310050000000
3141	8.03554	2.3159014148872452	0.2170478150000000	0.1058499300000000
3142	8.03299	2.2015114094931594	0.1596663450000000	0.0704795800000000
3148	8.02785	2.2020425665693639	0.1735468700000000	0.0517538750000000
3150	8.02781	2.2000705373330733	0.1473363050000000	0.1006512900000000
3153	8.02779	2.2020275285844759	0.1518798250000000	0.0878163500000000
3154	8.02334	2.2035371543905442	0.1664271350000000	0.0626220700000000
3155	8.02334	2.1977524717094816	0.1410999250000000	0.0889742950000000
3156	8.02310	2.1997790348905619	0.1424910600000000	0.1053464300000000
3157	8.02310	2.1528613704488828	0.1040138800000000	0.0788904350000000
3158	8.01843	2.3946852606722597	0.2556750050000000	0.1351185800000000
3162	8.01282	2.2004818872734933	0.1260410250000000	0.0942573550000000
3163	8.01282	2.2054262159877145	0.1582925200000000	0.1044670700000000
3166	8.01092	2.2035197172998524	0.1602549900000000	0.1368224550000000
3169	8.01082	2.1978001508049378	0.1222557750000000	0.0584726250000000
3170	8.01077	2.1986017516877485	0.1628836400000000	0.0992119900000000
3171	8.01077	2.2008301914932624	0.1362416450000000	0.0792086300000000
3172	8.01076	2.1985855669698355	0.1158577100000000	0.1054434800000000
3176	8.01068	2.2012841627990976	0.1274302150000000	0.1018398350000000
3184	8.01041	2.1789067239334687	0.1313697550000000	0.0758463200000000
3186	8.01038	2.2016721197996860	0.1622844200000000	0.0611055700000000
312	15.02260	2.2021483741848979	0.1400258900000000	0.1088337850000000
313	15.02260	2.2003384565905026	0.1511376550000000	0.0962344200000000
314	15.01960	2.2003396622953537	0.1541991800000000	0.1135968300000000
315	15.01960	2.2061086251551676	0.1531480700000000	0.0787206650000000
318	14.98660	2.2173735333973204	0.1647859750000000	0.0417707050000000
319	14.98660	2.1992290253141316	0.1432587600000000	0.0881517850000000
24	94.60730	2.2002737591747805	0.1585665550000000	0.0771828500000000
25	94.60730	2.1993172730851112	0.1390747500000000	0.0830828700000000
26	87.04670	2.1998813832406694	0.1500045250000000	0.0945264550000000
29	80.53700	2.2010439311752799	0.1258731000000000	0.0838183350000000
321	14.98120	2.1999577224695206	0.1386352100000000	0.0813289200000000
322	14.93200	2.1961409367696385	0.1337665900000000	0.0653109300000000
324	14.87310	2.1981590513162224	0.1507230450000000	0.0811135500000000
325	14.87310	2.1992965094275165	0.1541642450000000	0.0906580700000000
326	14.79800	2.2008469100080128	0.1539087450000000	0.0642474300000000
331	14.71390	2.2003093832338747	0.1372302750000000	0.0803183850000000
338	14.65620	2.1955629960742735	0.1359303650000000	0.0897933400000000
340	14.65040	2.1673851265932798	0.1073851950000000	0.0643456750000000
343	14.64570	2.1993285486694258	0.1449337500000000	0.1014227900000000
346	14.61920	2.2066034215786621	0.1497434300000000	0.1040899050000000
348	14.61380	2.1998331941310929	0.1480956700000000	0.0809914250000000
349	14.61380	2.1991487751008965	0.1567619750000000	0.0856964650000000
351	14.57300	2.2002715074653172	0.1455282050000000	0.0988909200000000
352	14.56770	1.8835344942607049	0.1076550800000000	0.6310015950000000
355	14.55770	2.2417928053853502	0.2091944000000000	0.1574031200000000
361	14.54000	2.1995600919066489	0.1525021500000000	0.0970067900000000
362	14.53350	2.2005581730065251	0.1723885000000000	0.1034877500000000
363	14.53350	2.1974547252076189	0.1545346400000000	0.0952144100000000
364	14.51810	2.1969158292405599	0.1515262100000000	0.0843204800000000
365	14.51810	2.1994286363007132	0.1450136850000000	0.0945617000000000
369	14.49040	2.1999521153747552	0.1250641100000000	0.1006410450000000
371	14.46400	2.1996716018937046	0.1318882800000000	0.0783811300000000
372	14.42060	2.1979551245205764	0.1532429300000000	0.1000153300000000
379	14.38140	2.1843104929505652	0.1416373300000000	0.0901182600000000
384	14.28480	2.1991585796449971	0.1536383750000000	0.1009503900000000
387	14.18730	2.1997498429220363	0.1402715850000000	0.0979979200000000
390	14.17370	2.2360167501773085	0.1916983300000000	0.1313223450000000
391	14.17370	2.2227718438301109	0.2561963150000000	0.1128575950000000
394	14.07540	2.1972848166358769	0.1611311350000000	0.0993371800000000
396	14.06080	2.2015403537954668	0.1389001200000000	0.0976848650000000
397	14.06080	2.2034060557986579	0.1651201850000000	0.0901097200000000
32	70.71640	2.2007214908798240	0.1371321900000000	0.0870402050000000
33	70.71640	2.1908624088068973	0.1376233450000000	0.0898117250000000
35	68.84570	2.2001983382847334	0.1449245500000000	0.0837676150000000
37	67.20040	2.1947565976546435	0.1602330350000000	0.0810504550000000
38	61.69190	2.2009466045922945	0.1473024450000000	0.0997936400000000
401	14.01960	2.1998794715407106	0.1427520350000000	0.0525349600000000
407	13.94830	2.2005458750330926	0.1354157700000000	0.0866548550000000
411	13.90950	2.2004283345183855	0.1169942400000000	0.0546388900000000
414	13.85370	2.2001554790305153	0.1163986650000000	0.0636463850000000
418	13.68290	2.2002996921224187	0.1320005450000000	0.0922866800000000
419	13.68290	2.2057747976875572	0.1510761200000000	0.1089290150000000
422	13.54540	2.2003878132979247	0.1420848300000000	0.0946078200000000
423	13.54540	2.3643161825487304	0.2750781850000000	0.1512575400000000
425	13.54440	2.2015736698228188	0.1583329300000000	0.0824890150000000
427	13.50120	2.2274231534468862	0.1754187600000000	0.1133372100000000
432	13.40180	2.1993905450665645	0.1529289300000000	0.0970151050000000
436	13.38880	2.1925560235338666	0.1686371900000000	0.1080230750000000
438	13.38340	2.2002476129736581	0.1537594700000000	0.0991600200000000
439	13.38340	2.1998002711458420	0.1692239200000000	0.1197020950000000
444	13.36750	2.1971845366592291	0.1686615950000000	0.0936258750000000
445	13.36750	2.3454859822236629	0.2419389200000000	0.0663723650000000
447	13.34220	2.2000985833112217	0.1238657050000000	0.0755257250000000
450	13.33800	2.1951749563722367	0.1654412700000000	0.0957554500000000
452	13.33780	2.3793848467631662	0.2453957500000000	0.0868314300000000
454	13.33650	2.2004319407847590	0.1509710300000000	0.0920865700000000
456	13.33480	2.2020464993532864	0.1607101650000000	0.0588251000000000
459	13.32660	2.1992837307202340	0.1346938250000000	0.1018121900000000
463	13.31140	2.1999121722760098	0.1331521650000000	0.0747097450000000
465	13.29930	2.2000642617580874	0.1413014050000000	0.1023894050000000
468	13.28160	2.2020301178471797	0.1395248750000000	0.0940941350000000
471	13.28050	2.3777274306599763	0.2382864750000000	0.1062949100000000
472	13.26610	2.1985533163749200	0.1311762300000000	0.0772804700000000
473	13.26610	2.2700919345940025	0.2420099500000000	0.1322365450000000
474	13.26380	2.2000588617283112	0.1549710900000000	0.0743105750000000
477	13.25220	2.1991096717742828	0.1524473900000000	0.0885849850000000
479	13.23430	2.2001940341500688	0.1271497850000000	0.0880062350000000
43	59.26770	2.1992979298043420	0.1154595550000000	0.0525317850000000
46	53.66980	2.1997029062998519	0.1512566150000000	0.0749020650000000
480	13.21680	2.2002070373700171	0.1487119300000000	0.1084979550000000
482	13.21390	2.1994353145665859	0.1374374050000000	0.0924283250000000
485	13.21000	2.1978882729151605	0.1229909150000000	0.0846915200000000
489	13.21000	2.2000666326744622	0.1355682650000000	0.1052071800000000
490	13.21000	2.2022986534454021	0.1514254050000000	0.1102750150000000
491	13.21000	2.1901807794300061	0.1496347450000000	0.0852394750000000
496	13.21000	2.1993556057178738	0.1543774650000000	0.1077568650000000
501	13.21000	2.1923013615516140	0.1636330900000000	0.1224689100000000
502	13.20940	2.1985659435030711	0.1412696400000000	0.1147278200000000
503	13.20940	2.2498752497018346	0.2019664500000000	0.1173367350000000
505	13.20780	2.2006472163272308	0.1376728750000000	0.0769418550000000
507	13.20770	2.2045265640865859	0.1705856050000000	0.0943108050000000
508	13.20740	2.1999936333270917	0.1508342950000000	0.0858701050000000
510	13.20650	2.2002475544085938	0.1482912350000000	0.1027188150000000
513	13.20600	2.1982495914510918	0.1302716850000000	0.0936872600000000
514	13.20600	2.2009931626615149	0.1330555850000000	0.0482500050000000
515	13.20600	2.1981569794781146	0.1468067300000000	0.0998949450000000
516	13.20490	2.1958215391732403	0.1645036450000000	0.1049253350000000
517	13.20490	2.2005849020256760	0.1633836450000000	0.0927861500000000
518	13.20380	2.1982862702838615	0.1169171650000000	0.1059634400000000
523	13.19800	2.2040628991285920	0.1691983200000000	0.1239917800000000
526	13.19720	2.1945773242347912	0.1343545200000000	0.0869469000000000
531	13.19420	2.2024804607280521	0.1488052900000000	0.0846558350000000
532	13.19230	2.2009312039806863	0.1367022850000000	0.0935007150000000
535	13.19200	2.2019404385181822	0.1664677900000000	0.0455158300000000
536	13.19110	2.1988127094815519	0.0981283200000000	0.0958941950000000
537	13.19110	2.1999632558358808	0.1494873450000000	0.0939279950000000
544	13.10570	2.2007068633649980	0.1484653950000000	0.0989647150000000
547	13.09850	2.1959096585138416	0.1273870900000000	0.0599401700000000
549	13.08220	2.1903456947737516	0.1781444000000000	0.1113764950000000
554	13.06620	2.2122022039021130	0.1742655750000000	0.1309470100000000
49	53.59700	2.2035369920008439	0.1350663700000000	0.1233753250000000
51	47.21450	2.2016287400300203	0.1658303550000000	0.0902206250000000
54	46.41530	2.1978546057378456	0.1469162000000000	0.0982636750000000
561	13.04230	2.2009418531950580	0.1403836250000000	0.1076497700000000
565	13.01880	2.1977788368824194	0.1626160300000000	0.0671116100000000
566	13.01160	2.2003661068776221	0.1197671750000000	0.0671665050000000
567	13.01160	2.2011274728763146	0.1311236600000000	0.0946915300000000
581	12.80710	2.1785715821237970	0.0905485650000000	0.0785313800000000
582	12.78530	2.2019123401002387	0.1290914800000000	0.0923021900000000
586	12.70350	2.1966883661090031	0.1433692550000000	0.0984712200000000
588	12.67040	2.2015248280905428	0.1479403300000000	0.0867388300000000
589	12.67040	2.2008351921014278	0.1441953450000000	0.0761879100000000
592	12.65950	2.1980833260834340	0.1557301450000000	0.0889109100000000
593	12.65950	2.2154272957141981	0.1735843450000000	0.1190263450000000
598	12.62770	2.1996416463437054	0.1121647600000000	0.0483814350000000
599	12.62770	2.2021187330259542	0.1468902100000000	0.0718068350000000
606	12.57920	2.2015232802709650	0.1442856500000000	0.1009960500000000
607	12.57920	2.1990843853485109	0.1430002650000000	0.1016413800000000
610	12.56820	2.1859444257510794	0.1938254500000000	0.1026572050000000
613	12.56160	2.1986164807458799	0.1295972550000000	0.0910472050000000
618	12.53700	2.1978241245466332	0.1533502050000000	0.1024310100000000
621	12.52900	2.2031619027956335	0.1870664150000000	0.1122746800000000
622	12.52010	2.1934634879730868	0.1478104000000000	0.0952801300000000
623	12.52010	2.2683037739790741	0.2711115250000000	0.1349913200000000
624	12.48940	2.2019647067052657	0.1455596850000000	0.0772770250000000
625	12.48940	2.2003597644595705	0.1502359850000000	0.0947458200000000
628	12.44730	2.2008012820296039	0.1518308700000000	0.0823299800000000
629	12.44730	2.1999840336516163	0.1671003500000000	0.0744044650000000
630	12.43320	2.2006106146597619	0.1192987150000000	0.0971096000000000
631	12.43320	2.2002046397616066	0.1684085950000000	0.0612538300000000
634	12.41290	2.1999088132546838	0.1315539250000000	0.1107323600000000
637	12.39640	2.1972186268528913	0.1394041250000000	0.0685695950000000
57	45.89990	2.1998824865462860	0.1474199200000000	0.0901329250000000
60	42.09350	2.1992254666006938	0.1428866500000000	0.0924732750000000
61	42.09350	2.2115725258363010	0.2758176500000000	0.1177904000000000
63	41.41560	2.1976133688396327	0.1566766200000000	0.0772742650000000
641	12.36280	2.3999373325849089	0.2626509250000000	0.0600607800000000
643	12.35490	2.1994155179274801	0.1306517400000000	0.0986287600000000
646	12.33170	2.2000263926379127	0.1511457300000000	0.0870089750000000
647	12.33170	2.2039128022998500	0.1717002900000000	0.0971084550000000
650	12.31590	2.2014854768144443	0.1474399700000000	0.0979218850000000
652	12.30530	2.2593792648525506	0.1901202900000000	0.1066720150000000
653	12.30530	2.1947621195917342	0.1536497600000000	0.0530189300000000
656	12.29600	2.2006043196425371	0.1655296300000000	0.0693404150000000
659	12.29460	2.2015360108962732	0.1597296400000000	0.0943844600000000
663	12.27620	2.1990441624901877	0.1224343100000000	0.0645944000000000
666	12.27310	2.2012620254818285	0.1419694950000000	0.0881946250000000
668	12.27160	2.2001703857876143	0.1713466650000000	0.0834900800000000
670	12.26760	2.1998864196069916	0.1234671300000000	0.0658844300000000
671	12.26760	2.2002406888481834	0.1495761900000000	0.1219053700000000
673	12.26710	2.1980701571322019	0.1505783000000000	0.0967244950000000
677	12.25110	2.2003292699126562	0.1283152650000000	0.1068830400000000
681	12.24980	2.2295345335317087	0.1872727250000000	0.0893880750000000
688	12.24830	2.1442834310506953	0.1984509300000000	0.0722437500000000
690	12.24820	2.1983090469199480	0.1099523450000000	0.0862670250000000
691	12.24820	2.2022784662681230	0.1556312850000000	0.0964465800000000
694	12.24330	2.1952017010931417	0.1583488750000000	0.0887957650000000
695	12.24330	2.2209545819499197	0.1768069550000000	0.0917881850000000
696	12.24270	2.2015744957969265	0.1521471100000000	0.1002371250000000
700	12.23890	2.2005154520551762	0.1439744700000000	0.0456182850000000
703	12.23870	2.3020114293975515	0.2087874000000000	0.1091334000000000
716	12.23140	2.1999380935397443	0.1469645100000000	0.0971051000000000
719	12.22970	2.1994283380727588	0.1189799550000000	0.0679326550000000
68	34.70490	2.2015389738828111	0.1350820850000000	0.0947998350000000
69	34.70490	2.2002525663749846	0.1359898200000000	0.1053691800000000
70	34.34650	2.2025960677609571	0.1572803750000000	0.0927453450000000
71	34.34650	2.1998106150839041	0.1530136300000000	0.0944820400000000
721	12.20990	2.2026338772715603	0.1589940600000000	0.0665504350000000
725	12.19220	2.2165836795507179	0.1871859050000000	0.1308375500000000
726	12.19070	2.2007435665016950	0.1497326300000000	0.0773635150000000
727	12.19070	2.1991792123780085	0.1451458400000000	0.0646708300000000
728	12.18790	2.2001935682136442	0.1450141200000000	0.0833052950000000
729	12.18790	2.2171947069165205	0.1852553550000000	0.0817493800000000
732	12.18330	2.1943476033668232	0.1689804100000000	0.0671739250000000
734	12.18250	2.1960004148237502	0.1682891100000000	0.0973483350000000
735	12.18250	2.2005371764489610	0.1278973050000000	0.0873919100000000
736	12.18220	2.2001087539654729	0.1325951200000000	0.1029841650000000
737	12.18220	2.2008622100369144	0.1307537550000000	0.0376511650000000
743	12.16830	2.2055541489827832	0.1570985650000000	0.0935732750000000
744	12.16780	2.2008424818233134	0.1333147750000000	0.0913952550000000
749	12.16000	2.2009498502060083	0.1290916850000000	0.1118606500000000
750	12.14600	2.1977837941513587	0.1423205250000000	0.0467273800000000
754	12.06250	2.2029700731254849	0.1468850750000000	0.1003049900000000
759	12.04560	2.2001743799460902	0.1286349500000000	0.0949484950000000
762	11.98980	2.1994852634012791	0.1427568250000000	0.1082632400000000
764	11.96210	2.1985558010225406	0.1569459200000000	0.1175031650000000
766	11.96070	2.1992036500943803	0.1349832300000000	0.1000383650000000
771	11.91480	2.2008473334464411	0.1334051500000000	0.0969269300000000
772	11.90250	2.1654961609693615	0.1100868500000000	0.1048815100000000
778	11.86530	2.1981276816944084	0.1526940450000000	0.0582497950000000
780	11.85060	2.2009570928329754	0.1527691550000000	0.0989028300000000
781	11.85060	2.2592326693539824	0.1775933050000000	0.1272247200000000
785	11.83300	2.2005020668692552	0.1315354800000000	0.1010806500000000
790	11.79730	2.2007540336433760	0.1391757650000000	0.0914167100000000
791	11.79730	2.2033221452020393	0.1601525200000000	0.0746008900000000
793	11.78360	2.2005937490841490	0.1444297750000000	0.0995535550000000
794	11.77660	2.1995202066402064	0.1338773100000000	0.0937706350000000
798	11.74940	2.2004376353664190	0.1429270400000000	0.0791579550000000
799	11.74940	2.1979736658995193	0.1361674050000000	0.1013220450000000
73	32.34910	2.1998686179229159	0.0982354950000000	0.0650912300000000
75	32.32140	2.1936964714714491	0.1515264300000000	0.0618679950000000
