802	11.74220	2.1980102487837962	0.1515588550000000	0.0925573350000000
803	11.74220	2.1999205134162509	0.1612157950000000	0.0449449350000000
808	11.73530	2.2033448181348723	0.1709022600000000	0.1098968900000000
815	11.72630	2.2156266653764982	0.1654985150000000	0.0647049100000000
818	11.72290	2.1968185212373403	0.1613065000000000	0.0853390950000000
821	11.72220	2.2015716840754180	0.1344511950000000	0.0974262150000000
822	11.72100	2.2001130531850399	0.1221882750000000	0.0616561150000000
824	11.71910	2.1732534754905641	0.0999155700000000	0.0841303350000000
825	11.71910	2.2447375005560719	0.1960597300000000	0.1098026050000000
827	11.71440	2.1972938286080561	0.1299404550000000	0.0819751350000000
829	11.71240	2.2010849243192911	0.1483138600000000	0.0694058250000000
832	11.71070	2.1975736822322225	0.1382546250000000	0.0920066800000000
833	11.71070	2.1937484895134847	0.0881373500000000	0.0947789450000000
836	11.70160	2.1997292998165903	0.1652380950000000	0.0871661700000000
837	11.70160	2.1999984703085822	0.1614566350000000	0.0693200500000000
840	11.70000	2.1990911308056842	0.1650340100000000	0.1228968050000000
843	11.70000	2.2034951955596158	0.1436303600000000	0.1204633400000000
845	11.70000	2.2000601033492702	0.1666182650000000	0.0914896650000000
849	11.70000	2.2038453988239870	0.1608602100000000	0.0886816000000000
852	11.70000	2.2015579562872718	0.1144456700000000	0.0571633700000000
860	11.70000	2.2011213378864389	0.1671689800000000	0.0532584350000000
861	11.70000	2.1985664473321780	0.1438204050000000	0.0941366500000000
862	11.70000	2.1996862264950154	0.1507940800000000	0.0893048000000000
863	11.70000	2.2032780803939134	0.1641860800000000	0.0954193050000000
864	11.70000	2.1998569772714602	0.1409332100000000	0.1122671200000000
865	11.70000	2.2002418828905475	0.1321115300000000	0.0399164800000000
871	11.70000	2.1994425416226697	0.1423061300000000	0.0409840200000000
874	11.70000	2.1977657980152947	0.1453398850000000	0.0845894050000000
878	11.70000	2.2074147374406818	0.1588609200000000	0.0676416900000000
879	11.70000	1.9825512111451109	0.1130385100000000	0.3473064950000000
81	26.68980	2.2008594382784818	0.1538589350000000	0.0886743300000000
880	11.70000	2.1996697102539589	0.1262485250000000	0.1003994200000000
881	11.70000	2.2015424654007134	0.1383061150000000	0.0430341500000000
884	11.69410	2.2017322171607732	0.1544461350000000	0.0416763200000000
888	11.68810	2.1707525273477866	0.1655831700000000	0.0640573550000000
889	11.68810	2.1893287215078918	0.1498477350000000	0.1179667050000000
890	11.68000	2.1980352674916546	0.1370687350000000	0.0817770050000000
891	11.68000	2.1999263033741006	0.1390085800000000	0.0815601200000000
894	11.67530	2.1985288901020157	0.1634552700000000	0.1255318850000000
896	11.67300	2.1872951613790219	0.1131955350000000	0.0837439450000000
897	11.67300	2.1994818012229116	0.1412485350000000	0.0836079950000000
899	11.67240	2.2012054187697903	0.1462240400000000	0.0972782500000000
902	11.66630	2.2008954076264695	0.1311145000000000	0.1016835200000000
903	11.66630	2.2009955601933657	0.1380744100000000	0.0847582150000000
904	11.64920	2.2002126123413137	0.1475315150000000	0.0897784300000000
906	11.63960	2.1995041435095284	0.1423132500000000	0.0881780600000000
907	11.63960	2.2051304976704280	0.1616856650000000	0.0902390750000000
908	11.63210	2.2002307422785763	0.1475211150000000	0.0847880000000000
910	11.62890	2.2019679693605210	0.1508600500000000	0.0851773250000000
912	11.62220	2.1539897196043198	0.1053132500000000	0.0659601550000000
914	11.61880	2.1954058145277768	0.1391944750000000	0.0952745900000000
918	11.59460	2.2039923409181874	0.1692894250000000	0.1121866050000000
921	11.59250	2.2050056749094065	0.1508072350000000	0.1194450550000000
922	11.58810	2.2014905459982450	0.1557424100000000	0.0732547350000000
923	11.58810	2.2001642241913015	0.1512983800000000	0.0975612400000000
926	11.57940	2.1811189585482116	0.1008464500000000	0.1023562300000000
929	11.55440	2.1900272563603691	0.1386941600000000	0.0762744650000000
932	11.52700	2.2426247644532888	0.1954191650000000	0.1101489800000000
933	11.52700	2.2072753669367202	0.1480930500000000	0.0747299100000000
940	11.51810	2.2021968928796851	0.1572687500000000	0.0719750550000000
941	11.51810	2.2005278283363032	0.1281490800000000	0.0708868600000000
945	11.51160	2.2014760322308571	0.1582062400000000	0.0685216100000000
951	11.50240	2.1997013593074111	0.1583847250000000	0.0985218100000000
958	11.47560	2.2000655747862989	0.1452508850000000	0.0724422000000000
959	11.47560	2.2025215204875455	0.1559734250000000	0.1101731050000000
88	26.22460	2.2006801861612848	0.1259085800000000	0.0588510400000000
89	26.22460	2.2015587995197112	0.1373986650000000	0.1033599900000000
91	25.99150	2.2020831218809960	0.1529313050000000	0.0828299200000000
93	25.98940	2.2404946217755919	0.1949336050000000	0.1058753500000000
95	25.96410	2.2001016013989800	0.1312719050000000	0.0968663200000000
966	11.44680	2.2034530646590853	0.1688162400000000	0.0918799650000000
969	11.43880	2.3273795734563119	0.2059243650000000	0.1266266300000000
978	11.41090	2.2015357095197623	0.1636574350000000	0.1039257050000000
980	11.39810	2.2005492779824611	0.1367157800000000	0.0948323200000000
984	11.38880	2.1996558834639126	0.1307843800000000	0.0925254550000000
986	11.38710	2.2002002048692115	0.1394006250000000	0.1045697900000000
987	11.38710	2.1816008400662708	0.1627261750000000	0.1083533700000000
988	11.38180	2.2011972883971884	0.1360744000000000	0.0879770250000000
989	11.38180	2.2005348071016115	0.1308497050000000	0.0963108150000000
991	11.37920	2.1997841957670254	0.1292813950000000	0.0907946000000000
992	11.36850	2.3017094801993552	0.1996993450000000	0.1287877050000000
993	11.36850	2.2009434418644247	0.1504537950000000	0.0877911150000000
998	11.35330	2.1999779954921230	0.1346849300000000	0.0897458200000000
1008	11.30470	2.1979037119126024	0.1431440600000000	0.0950230300000000
1009	11.30470	2.1995626628966649	0.1208049250000000	0.0983862300000000
1010	11.30350	2.2008688605712230	0.1432505600000000	0.1162520750000000
1014	11.28320	2.2013728203270055	0.1595702900000000	0.1044925250000000
1016	11.27850	2.1989332391489036	0.1493745250000000	0.0980705300000000
1017	11.27850	2.1992456055123535	0.1510547850000000	0.0640975750000000
1019	11.27530	2.1990966007657775	0.1531520150000000	0.0909651100000000
1023	11.27230	2.1981389554261557	0.1110068150000000	0.0642407800000000
1024	11.27010	2.1982169828028648	0.1031380500000000	0.0684005050000000
1027	11.26720	2.1997530372363139	0.1314047550000000	0.1013606450000000
1029	11.26650	2.1999309273513372	0.1461586800000000	0.0822929500000000
1031	11.25340	2.2010840705134300	0.1451339000000000	0.0570824950000000
1035	11.23650	2.2021212948468878	0.1491079450000000	0.0933501200000000
1039	11.23230	2.2003918264047506	0.1397658700000000	0.0946757150000000
96	25.06110	2.1965830957979455	0.1404839700000000	0.1029564700000000
99	24.92170	2.1987943680990938	0.1418555400000000	0.1099365750000000
101	24.61260	2.2012577094584707	0.1674878850000000	0.0703187700000000
1040	11.22350	2.1985961643573257	0.1240593400000000	0.0934956800000000
1041	11.22350	2.1928027160511685	0.1550560350000000	0.1188940400000000
1043	11.20750	2.3642662834073436	0.2458158700000000	0.0891114100000000
1049	11.18260	2.1999064745835133	0.1213511050000000	0.0683672250000000
1053	11.18230	2.1915347619125400	0.1224269400000000	0.1134926450000000
1054	11.17720	2.1987454639222621	0.1463491200000000	0.0789892400000000
1055	11.17720	2.1999841152053268	0.1257132650000000	0.0993136900000000
1057	11.17510	2.2016216395326231	0.1580082900000000	0.0649289800000000
1060	11.14950	2.2014242737024157	0.1413652300000000	0.0946576900000000
1065	11.13930	2.2058180092049953	0.1590168850000000	0.1005391750000000
1069	11.11960	2.1966057844130735	0.1332498300000000	0.1087089150000000
1071	11.11750	2.1995681326979093	0.1332008650000000	0.0808336900000000
1072	11.09650	2.1998011730677640	0.1330821950000000	0.1048256600000000
1079	11.07420	2.1781530908918088	0.1354287200000000	0.1137819400000000
1080	11.06540	2.1964014492956392	0.1460409100000000	0.0789664700000000
1082	11.06380	2.2012842342737535	0.1114976600000000	0.0522491200000000
1083	11.06380	2.2007675510604177	0.1516854650000000	0.0763507750000000
1087	11.05860	2.2001633504341815	0.1454890600000000	0.1015819750000000
1093	11.03460	2.2002302735719592	0.1458635950000000	0.0468392700000000
1098	11.02590	2.1994525603542860	0.1676632850000000	0.0517952700000000
1102	10.99100	2.2015666869189459	0.1527424800000000	0.0998376150000000
1103	10.99100	2.2009794175365931	0.1108583050000000	0.0918828850000000
1105	10.97710	2.2007158157777806	0.1173764450000000	0.0666166700000000
1107	10.97450	2.2018399078685764	0.1634609900000000	0.0470996050000000
1112	10.96150	2.1993431007775950	0.1279596900000000	0.0874771000000000
1114	10.95360	2.2005439919489174	0.1375547200000000	0.0820866750000000
1118	10.92980	2.2001531150980007	0.1542598500000000	0.0534814400000000
104	24.51240	2.1996349796945194	0.1347231650000000	0.0965907350000000
109	24.08970	2.1979685857559788	0.1508680100000000	0.0809993850000000
111	23.82210	2.1995156802440117	0.1418294450000000	0.0808344350000000
1128	10.92790	2.1992505900234414	0.1321279150000000	0.0979182350000000
1133	10.92640	2.1994678703630064	0.1447588000000000	0.0372273450000000
1136	10.92380	2.2022019274300155	0.1178937350000000	0.0587515000000000
1139	10.92350	2.2126482512763572	0.1356847050000000	0.0916610000000000
1140	10.92290	2.2011200884060718	0.1410056400000000	0.0680009600000000
1141	10.92290	2.1963821639278818	0.1530922750000000	0.0374199500000000
1143	10.92270	2.2002093915688565	0.1058383700000000	0.0467669100000000
1144	10.92230	2.1992121860113198	0.1512006850000000	0.0876041450000000
1145	10.92230	2.2020501480975403	0.1487974100000000	0.0521710200000000
1146	10.92210	2.2177183443412631	0.1881082950000000	0.0996316050000000
1147	10.92210	2.2024266896606357	0.1369693400000000	0.0880233550000000
1151	10.92080	2.2004208526559261	0.1517224650000000	0.1098807250000000
1154	10.91650	2.3278368634836619	0.2351933200000000	0.1250030050000000
1155	10.91650	2.1997829907210198	0.1173703650000000	0.0965748550000000
1156	10.90910	2.2004840360542586	0.1401940800000000	0.1036036500000000
1157	10.90910	2.2002325113448729	0.1464501000000000	0.0869864750000000
1158	10.90520	2.1977567330070240	0.1323853200000000	0.1028745100000000
1159	10.90520	2.2027255011579676	0.1509331600000000	0.0801783400000000
1161	10.90250	2.1984689173491345	0.1577793050000000	0.0815337100000000
1164	10.89690	2.2000190859360589	0.1473042450000000	0.1253298300000000
1166	10.89630	2.2719257739569132	0.2014219200000000	0.0932624250000000
1168	10.88480	2.2068989473122391	0.1315923500000000	0.1306094950000000
1177	10.88150	2.2004497461733532	0.1166780850000000	0.1047043150000000
1180	10.83340	2.1985426664607504	0.1556705300000000	0.1011750400000000
1181	10.83340	2.1965854076793008	0.1603048500000000	0.0818954000000000
1185	10.76010	2.2018046665511255	0.1540464550000000	0.0791265000000000
1186	10.74210	2.1860262099633112	0.1755335400000000	0.1070841650000000
1189	10.67070	2.3427019236661661	0.2606118550000000	0.1309430550000000
1192	10.61910	2.2006411689350198	0.1481280050000000	0.0914942050000000
113	23.57600	2.1978969386561862	0.1521012450000000	0.1066577950000000
114	22.99620	2.1973356481520181	0.1463018300000000	0.1188359150000000
115	22.99620	2.2002405509485214	0.1544906350000000	0.0981913800000000
119	22.53360	2.2004734386107305	0.1421618750000000	0.1110810700000000
1200	10.61750	2.1944648546991599	0.1547020900000000	0.1227146850000000
1202	10.61680	2.1992163005787981	0.1436980250000000	0.0869996050000000
1209	10.61600	2.1988268312288777	0.1398320200000000	0.0623299000000000
1210	10.61570	2.2377714120315932	0.1974077800000000	0.1100662800000000
1216	10.61210	2.1991129282453663	0.1496965750000000	0.0901815350000000
1228	10.58910	2.1996577413781373	0.1550163450000000	0.0862765250000000
1229	10.58910	2.1951718402192544	0.1479648150000000	0.0880758450000000
1230	10.58300	2.1997889405830700	0.1453269950000000	0.0897440300000000
1239	10.49100	2.2025143615136105	0.1619269000000000	0.0870216700000000
1240	10.47010	2.2057059422441374	0.1678716200000000	0.0414601450000000
1241	10.47010	2.1991931771364368	0.1525149300000000	0.0942148150000000
1242	10.46930	2.1972270955313467	0.1332442150000000	0.1027012400000000
1244	10.46380	2.1966464580250125	0.1399444150000000	0.0771943050000000
1258	10.39810	2.2009241815094871	0.1354668500000000	0.0839264300000000
1261	10.39550	2.2010739064424145	0.1436791800000000	0.0334297950000000
1262	10.37670	2.2048093014860912	0.1820684700000000	0.1049267850000000
1276	10.33880	2.2001542999252917	0.1483403500000000	0.1025644500000000
1277	10.33880	2.2000114467287903	0.1427769200000000	0.0967413800000000
1279	10.33740	2.1995458033285185	0.1384480500000000	0.0834444150000000
123	21.95780	2.2018356555891656	0.1414688700000000	0.0418153600000000
125	21.84630	2.2002474361611530	0.1489088900000000	0.0927549500000000
1297	10.29030	2.1999037825949110	0.1417210400000000	0.0916859150000000
1299	10.28670	2.2003613647391123	0.1652635450000000	0.0963498600000000
1302	10.28570	2.1703613286599150	0.1493562500000000	0.1074765100000000
1306	10.27900	2.2003497582283291	0.1489500100000000	0.0874681350000000
1308	10.27860	2.1991506050133185	0.1456163050000000	0.0837618200000000
1320	10.26090	2.2033916993805964	0.1686145400000000	0.0842370750000000
1327	10.23910	2.2058700449615634	0.1639714300000000	0.0377813200000000
1328	10.23050	2.1982604659288967	0.1346094600000000	0.0804764000000000
1329	10.23050	2.2007656920289489	0.1388991650000000	0.0761034550000000
1338	10.19020	2.1997821673041051	0.1627469200000000	0.0719962250000000
1342	10.18510	2.2022066385950261	0.1382693050000000	0.0913110900000000
1344	10.18490	2.1993498219837209	0.1413363200000000	0.0929061400000000
1347	10.18350	2.1968385653826417	0.1529973200000000	0.1012390550000000
1348	10.18190	2.1995660053521222	0.1248359650000000	0.0673161950000000
1352	10.16430	2.1969266641662202	0.1535263850000000	0.0771294600000000
1353	10.16430	2.2002159584795118	0.1438880400000000	0.0872004000000000
1355	10.16150	2.2020150765634581	0.1646608100000000	0.0786461350000000
1359	10.16060	2.2088441648627617	0.1784392650000000	0.0763848250000000
131	21.40930	2.2001608076127508	0.1337709550000000	0.0972177500000000
132	21.29740	2.2000969553642982	0.1272781350000000	0.0410158550000000
134	21.21890	2.1977142820693301	0.1425231200000000	0.0812026250000000
1360	10.15810	2.2007721874036594	0.1488674200000000	0.0913012200000000
1362	10.15700	2.2016292951452154	0.1523789100000000	0.0952652700000000
1365	10.15050	2.1997943471091053	0.1444369050000000	0.1145638650000000
1373	10.14310	2.2016465102181551	0.1453993900000000	0.0947730000000000
1375	10.14090	2.2019106872091796	0.1205134000000000	0.0772555700000000
1378	10.13950	2.1993507248295487	0.1529826350000000	0.0578588550000000
1380	10.12850	2.2014598636541685	0.1393383350000000	0.0887115250000000
1381	10.12850	2.1961791938552668	0.1268883850000000	0.1373354450000000
1382	10.12620	2.2001421713668967	0.1511575700000000	0.0652429950000000
1383	10.12620	2.1997064914323183	0.1446392650000000	0.1147027800000000
1385	10.12620	2.1985505375884449	0.1424928100000000	0.1000968650000000
1386	10.12610	2.1985106605195082	0.1263921300000000	0.0970605500000000
1388	10.12550	2.1926690693314033	0.1313082900000000	0.1028582750000000
1390	10.12470	2.2033668596275882	0.1646715750000000	0.0371977250000000
1392	10.12400	2.1996184116329793	0.1559761150000000	0.0555149400000000
1393	10.12400	2.2009325781477971	0.1515472500000000	0.1004212500000000
1395	10.12330	2.2003537358781990	0.1375809200000000	0.1040142100000000
1396	10.12260	2.1997934098473584	0.1428056400000000	0.0875863750000000
1397	10.12260	2.2010642247403505	0.1347361450000000	0.0762558100000000
1398	10.11830	2.2987670493700234	0.2260587100000000	0.0888244850000000
1402	10.10800	2.2004332444254402	0.1257369000000000	0.0912869050000000
1405	10.10280	2.1921427844335279	0.1203635700000000	0.1231533750000000
1409	10.07350	2.2006381388723693	0.1447610200000000	0.0885862100000000
1418	10.04880	2.2002761512780715	0.1417981800000000	0.0935444950000000
1419	10.04880	2.2002243132866939	0.1478411850000000	0.0890316750000000
1420	10.04870	2.1985522853167176	0.1839728250000000	0.1243851650000000
1425	10.04410	2.2020571632521633	0.1475622500000000	0.0826590450000000
1426	10.01780	2.1996388222396344	0.1364479900000000	0.0904293600000000
1431	10.00540	2.1994494494208503	0.1391040750000000	0.0988349400000000
1436	9.94991	2.2026572392266774	0.1501053450000000	0.0962221050000000
1439	9.93271	2.1969955869605600	0.1622381550000000	0.0796588600000000
137	21.14770	2.1997998232245055	0.1399580650000000	0.0749041750000000
143	20.48610	2.2022913947397980	0.1458151350000000	0.1115238500000000
1440	9.90524	2.2004972122395006	0.1166045950000000	0.0746322450000000
1443	9.82061	2.1992904473422388	0.1428956550000000	0.0836844950000000
1445	9.80216	2.1744615096048689	0.1465782000000000	0.1036105850000000
1447	9.79928	2.2000501224504254	0.1434566100000000	0.0996103950000000
1449	9.79831	2.1995268981081111	0.1508627000000000	0.0953749250000000
1451	9.79801	2.1971825607571005	0.1462615200000000	0.0938999750000000
1456	9.79729	2.1847748301752512	0.1244754450000000	0.1198364800000000
1461	9.79620	2.2019588731567050	0.1511509250000000	0.0731640350000000
1464	9.79515	2.1597301857651283	0.1295718300000000	0.1139162550000000
1467	9.79475	2.1994129783275347	0.1517925500000000	0.1024632950000000
1469	9.79345	2.2256200696315713	0.2014201800000000	0.1184787250000000
1471	9.79320	2.2003612710693732	0.1359633200000000	0.0864698200000000
1475	9.79288	2.3095068872279816	0.2240768150000000	0.0990613000000000
1477	9.79273	2.3781197930119307	0.2628744950000000	0.1184652050000000
1479	9.79166	2.2571958017269016	0.2484899199999999	0.1350850550000000
1483	9.79075	2.2015566485264908	0.1686420950000000	0.1236415400000000
1484	9.79041	2.1992823060877678	0.1372019350000000	0.1085062400000000
1485	9.79041	2.1996220384378895	0.1416835500000000	0.0951089650000000
1486	9.76395	2.2007586485262784	0.1437638700000000	0.0720678850000000
1490	9.72880	2.1964600227542044	0.1748464800000000	0.0608309850000000
1492	9.72526	2.1958447951925626	0.1579944600000000	0.0846131100000000
1493	9.72526	2.1993157990294043	0.1387480850000000	0.0791543950000000
1497	9.70935	2.2002756086364212	0.1556218050000000	0.0623016000000000
1503	9.67000	2.1985330666799809	0.1484478850000000	0.1103635350000000
1504	9.67000	2.2006312817195530	0.1532983100000000	0.1068468100000000
1505	9.67000	2.1996537091531332	0.1603678850000000	0.1023458050000000
1506	9.67000	2.2044174792052438	0.1589300850000000	0.0565119300000000
1507	9.67000	2.1997405549733671	0.1346390000000000	0.1008084550000000
1510	9.67000	2.1992865746609778	0.1437931050000000	0.0896050350000000
1515	9.66336	2.2011575792766878	0.1377574750000000	0.0986624600000000
1516	9.66178	2.1967005800182187	0.1560953900000000	0.0429990700000000
1518	9.66145	2.1980506470802190	0.1440783550000000	0.1004573000000000
1519	9.66145	2.2022245724818483	0.1564461650000000	0.0729113450000000
145	20.48180	2.1865798872578197	0.1528337300000000	0.1251434450000000
149	20.14810	2.1999678207638018	0.1362441950000000	0.0792572950000000
150	19.99580	2.1978192672165209	0.1312864300000000	0.1004512650000000
1523	9.66126	2.1992502345032725	0.1180112500000000	0.0584907950000000
1530	9.65958	2.2090342940418406	0.1651786250000000	0.1172742750000000
1535	9.65573	2.1994840036386085	0.1345123400000000	0.1015977100000000
1536	9.65484	2.2007092113456266	0.1674023550000000	0.0404603400000000
1538	9.65423	2.1984754213426823	0.1014773400000000	0.0590148200000000
1542	9.65411	2.2019883498292412	0.1394781450000000	0.0939768450000000
1543	9.65411	2.1985794901670079	0.1468039850000000	0.0854841300000000
1544	9.65409	2.2011367433659816	0.1456768750000000	0.0904662350000000
1552	9.63620	2.1983699457147443	0.1472059250000000	0.0867643150000000
1554	9.62796	2.2090184998390900	0.1635467900000000	0.1023257050000000
1561	9.61624	2.2059903980134266	0.1637478550000000	0.1015321750000000
1565	9.61424	2.2028006670563505	0.1452906750000000	0.1030121050000000
1566	9.61418	2.1950478063057388	0.1480385000000000	0.0885214200000000
1567	9.61418	2.2000393278434909	0.1394249300000000	0.0966550100000000
1571	9.60886	2.1990745996043022	0.1516677950000000	0.0991935500000000
1574	9.60673	2.1997143724475867	0.1494445400000000	0.1009633100000000
1575	9.60673	2.1985447585973321	0.1653327500000000	0.0897059950000000
1582	9.59930	2.1983794220804738	0.1491048300000000	0.0766770700000000
1586	9.59731	2.2015842007725670	0.1457195350000000	0.0929121600000000
1587	9.59731	2.1907437939144025	0.1513031200000000	0.0959643650000000
1592	9.59581	2.1994084188705640	0.1220671700000000	0.0976439800000000
1593	9.59581	2.1996258982835846	0.1433520750000000	0.1095940300000000
1594	9.59103	2.2000398173079319	0.1563604350000000	0.0647727250000000
1599	9.58949	2.2034274194541026	0.1561281100000000	0.0737874800000000
153	19.67710	2.1980431743535673	0.1417673250000000	0.0434072800000000
154	19.56700	2.1950591796816243	0.1391241150000000	0.0739619150000000
156	19.42160	2.2020854814965953	0.1414561150000000	0.0971792200000000
1603	9.58931	2.1939926483637588	0.1761065200000000	0.1069490050000000
1605	9.58891	2.1960388851511103	0.1463037950000000	0.1073900950000000
1606	9.58877	2.2002624265841391	0.1564409050000000	0.0957773100000000
1610	9.58849	2.1979521485204598	0.1544622200000000	0.1047899000000000
1612	9.58849	2.2008441257704847	0.1399072700000000	0.0810868600000000
1615	9.58828	2.2016263166068977	0.1585463400000000	0.0894230700000000
1621	9.58734	2.1988692091687292	0.1570740200000000	0.0802386850000000
1622	9.58663	2.2015336979460818	0.1418203800000000	0.1093708450000000
1625	9.58434	2.1986341022496605	0.1301114450000000	0.0914361800000000
1626	9.58386	2.2003183811626497	0.1468700950000000	0.0886073400000000
1635	9.58290	2.1995823851333358	0.1516801150000000	0.1026325450000000
1636	9.58269	2.2002034957592835	0.1503606900000000	0.0789471000000000
1639	9.58265	2.2050700462537169	0.1676503350000000	0.0738144150000000
1648	9.58048	2.2001421839091355	0.1499624550000000	0.0890265650000000
1653	9.57470	2.2327564278914802	0.2064523500000000	0.1273776200000000
1656	9.57149	2.1948674558706158	0.1440961950000000	0.0704220400000000
1659	9.57127	2.2010099015736828	0.1489562850000000	0.0901872700000000
1663	9.57023	2.1965092456814475	0.1575662300000000	0.1155197900000000
1669	9.56294	2.2066609045490133	0.1576571800000000	0.0397407250000000
1670	9.56051	2.2012274346807041	0.1502555400000000	0.1019339900000000
1674	9.55679	2.2016795764403350	0.1513170700000000	0.0960626250000000
1676	9.55202	2.1998873448607852	0.1548321250000000	0.0711903350000000
162	18.89830	2.1996638587662911	0.1258282850000000	0.0616837500000000
1680	9.54781	2.1997141957366266	0.0934721350000000	0.0699448600000000
1681	9.54781	2.2000489755042301	0.1482823650000000	0.0757189800000000
1682	9.54713	2.2010020779235155	0.1458735400000000	0.0653639150000000
1684	9.54687	2.1994671900600862	0.1538407050000000	0.0590857000000000
1687	9.53122	2.2004696238726136	0.1424637900000000	0.0999447050000000
1689	9.53021	2.2378753719777480	0.2315028950000000	0.0881937850000000
1691	9.52965	2.1998926830528123	0.1338059750000000	0.1001138000000000
1692	9.52252	2.2015875431860259	0.1414411200000000	0.1062311450000000
1700	9.51255	2.1997978961532190	0.1463346050000000	0.0959109700000000
1703	9.51053	2.1996277508492037	0.1043901650000000	0.0596664550000000
1705	9.50834	2.1979367638276388	0.1516865400000000	0.0875392700000000
1707	9.50603	2.2011435854656267	0.1571777050000000	0.1002614550000000
1712	9.50220	2.2008958510063774	0.1326517300000000	0.0843623900000000
1717	9.49425	2.2033255351030463	0.1709459050000000	0.0909293950000000
1719	9.48606	2.2025043209827095	0.1476246050000000	0.0883834300000000
1721	9.48442	2.2015703898797629	0.1409228400000000	0.0649661250000000
1722	9.48286	2.2010046764221625	0.1337935100000000	0.0625447400000000
1728	9.47319	2.2018335623204481	0.1349343200000000	0.0653485900000000
1729	9.47319	2.3115038462336410	0.2302924450000000	0.1229689200000000
1731	9.46280	2.2016349396161563	0.1381197750000000	0.0917798900000000
1734	9.45239	2.2003044332446051	0.1484118000000000	0.1054383700000000
1736	9.45130	2.1990397748678268	0.1408370050000000	0.0911541550000000
1739	9.43735	2.1977526673187686	0.1509597350000000	0.0889134600000000
1744	9.36392	2.1990927285330057	0.1165871550000000	0.0891632350000000
1747	9.36075	2.1980538566205543	0.1344740050000000	0.0979873200000000
1749	9.33968	2.1994516660501420	0.1433154400000000	0.0904865150000000
1750	9.32657	2.2023196702077357	0.1247230300000000	0.0379518150000000
1754	9.30364	2.2822817251869574	0.2618935850000000	0.1493899250000000
1757	9.30095	2.2057434954273982	0.1777197700000000	0.0321954800000000
1758	9.29419	2.2004306888114704	0.1432632100000000	0.0761446400000000
168	18.56780	2.2166826784378202	0.1878482750000000	0.0747955550000000
169	18.56780	2.1992894680136490	0.1416545950000000	0.0890463300000000
170	18.56620	2.1997926681925417	0.1406862950000000	0.0776016250000000
171	18.56620	2.1982311254578488	0.1582476250000000	0.0837472300000000
175	18.33440	2.2005227425940665	0.1207592400000000	0.0511440800000000
1760	9.29040	2.1948816363582200	0.1675506350000000	0.1113359750000000
1764	9.28328	2.1994613851829024	0.1452994450000000	0.1203248150000000
1767	9.27618	2.2001742992788205	0.1489557100000000	0.0826400500000000
1769	9.27601	2.2034703387245131	0.1592645400000000	0.0862927100000000
1773	9.27202	2.1993275432849138	0.1156560950000000	0.0989282900000000
1775	9.27078	2.2034594264136551	0.1720536250000000	0.0802607350000000
1782	9.25991	2.2000608705935067	0.1209881650000000	0.0964648250000000
1786	9.25823	2.1981636895118415	0.1396800150000000	0.0964279350000000
1788	9.25791	2.2288486065661091	0.1793612450000000	0.1254952700000000
1796	9.25601	2.2004012396335511	0.1567404500000000	0.0900085100000000
1798	9.25564	2.1997239175708332	0.1183637350000000	0.0650653850000000
1803	9.25402	2.1999557212262770	0.1368233900000000	0.0988611600000000
1804	9.25320	2.2003142038660677	0.1255966050000000	0.1043095450000000
1805	9.25320	2.1998241452900800	0.1410114400000000	0.0659590550000000
1806	9.25229	2.2003513751570054	0.1688555350000000	0.0577254100000000
1808	9.25199	2.1998896111614630	0.1035624850000000	0.0766572400000000
1814	9.24858	2.1999324245536584	0.1269403650000000	0.0737104250000000
1823	9.24404	2.1985557388980426	0.1352552700000000	0.0924421350000000
1826	9.24000	2.1977137276930585	0.1594329000000000	0.0728924900000000
1827	9.24000	2.2015005754276546	0.1548208800000000	0.0528641700000000
1832	9.24000	2.2191847308649142	0.1761406300000000	0.0780592550000000
1833	9.24000	2.1987176713127381	0.1457587900000000	0.0857360950000000
1835	9.24000	2.2008667720695398	0.1348554050000000	0.0940822150000000
176	18.28240	2.1963403652854643	0.1411497950000000	0.1077408900000000
181	17.96190	2.1985190349927097	0.1233877600000000	0.0944601700000000
183	17.81420	2.2020341300946291	0.1495707400000000	0.1171627700000000
1840	9.24000	2.2000455539671395	0.1562610650000000	0.0615165650000000
1846	9.24000	2.1991442692768590	0.1416060250000000	0.0829191500000000
1850	9.24000	2.1985868071172132	0.1175048050000000	0.0996031350000000
1853	9.24000	2.2012034240405729	0.1547892950000000	0.0971978950000000
1854	9.24000	2.2610836795956959	0.1849606050000000	0.0977127250000000
1856	9.24000	2.2012132247088063	0.1661145500000000	0.0642197100000000
1865	9.23790	2.1998052591941972	0.1491963400000000	0.0689891650000000
1870	9.23551	2.1923793783685697	0.1445568500000000	0.1226666850000000
1871	9.23551	2.2007170174588806	0.1526531750000000	0.0989162000000000
1872	9.23523	2.2000644402448084	0.1345115300000000	0.0859599300000000
1874	9.23490	2.1985694826289843	0.1330891000000000	0.1064443100000000
1875	9.23490	2.1988183283275222	0.1233475500000000	0.0810824300000000
1878	9.23309	2.2051673661117013	0.1600923350000000	0.0812535000000000
1879	9.23309	2.2001775368130647	0.1440810300000000	0.0847869400000000
1880	9.23250	2.1980062148649577	0.1480985850000000	0.1010040900000000
1881	9.23250	2.2005044320814688	0.1558934200000000	0.0788507650000000
1882	9.23219	2.1955021133908503	0.1596847250000000	0.1184254150000000
1885	9.23106	2.2016970604396211	0.1112002850000000	0.0538300350000000
1886	9.23095	2.1996432952365135	0.1373783550000000	0.0957967600000000
1890	9.22622	2.1978311411791505	0.1623667000000000	0.1006079950000000
1893	9.22493	2.1969805397879711	0.1545084250000000	0.0708587250000000
1900	9.21053	2.1985991739928554	0.1207195800000000	0.0876682250000000
1901	9.21053	2.1976569044213421	0.1333600100000000	0.0910007650000000
1906	9.18684	2.1984471048190102	0.1514855450000000	0.1016366100000000
1908	9.18574	2.3072873270960605	0.2395542650000000	0.1129418350000000
1910	9.18173	2.2013430153919078	0.1062080450000000	0.0525277800000000
1911	9.18173	2.1998144979884211	0.1380673950000000	0.1061602000000000
1914	9.18130	2.2252236344909981	0.1894520550000000	0.1096062900000000
1916	9.18058	2.1980820899334499	0.1881471800000000	0.0991624450000000
184	17.79570	2.1955139756597668	0.1581107000000000	0.0736001450000000
185	17.79570	2.1995646293813422	0.1385543600000000	0.0908238250000000
189	17.79230	2.2006018686748394	0.1077221600000000	0.0813791750000000
190	17.77460	2.2002581390097555	0.1412482350000000	0.0923230750000000
191	17.77460	2.1986273073590543	0.1230407950000000	0.0808717450000000
1922	9.17791	2.1997367227073497	0.1255222250000000	0.0829584900000000
1923	9.17791	2.1979606488989787	0.1477898500000000	0.1046163200000000
1924	9.17773	2.1995880820875438	0.1374385350000000	0.0841837500000000
1925	9.17773	2.2018971477702811	0.1341764400000000	0.0846253850000000
1931	9.17523	2.1995510342520515	0.1420547750000000	0.0942140400000000
1933	9.17417	2.2002196038975002	0.1288393050000000	0.0994085550000000
1934	9.17355	2.2000506604763532	0.1331174100000000	0.0896911450000000
1939	9.17204	2.2002165232778945	0.1411005750000000	0.0682941850000000
1946	9.16072	2.1985027349568931	0.1211345300000000	0.0802029500000000
1949	9.15790	2.1998287809725774	0.1540540200000000	0.0989587100000000
1950	9.15340	2.2015795583019133	0.1537609800000000	0.0778589850000000
1953	9.15240	2.2000968106991534	0.1312572450000000	0.0992949150000000
1962	9.14000	2.3446797913901731	0.2628100200000000	0.1327522250000000
1964	9.14000	2.1998147494066123	0.1303838150000000	0.0909777250000000
1968	9.14000	2.3730624492968331	0.2858768600000000	0.1578199450000000
1970	9.14000	2.1997804242029457	0.0849812100000000	0.0388243100000000
1979	9.14000	2.2002115434813585	0.1344978500000000	0.0967164450000000
1983	9.14000	2.2002235250781519	0.1523038250000000	0.0986648700000000
1984	9.14000	2.2703568559429006	0.2316193100000000	0.1669811450000000
1989	9.14000	2.2018312307109316	0.1383519350000000	0.0867393550000000
1990	9.14000	2.1992150525762963	0.1467113600000000	0.0873785500000000
1991	9.14000	2.2002309321934104	0.1503830250000000	0.1113391950000000
1993	9.14000	2.2040118794838928	0.1422356600000000	0.0958175800000000
1996	9.14000	2.1993705252797531	0.1227327600000000	0.0691295750000000
192	17.71340	2.2002511330993255	0.1660804150000000	0.0594370950000000
193	17.71340	2.1999974445779880	0.1492764900000000	0.0832823200000000
194	17.70800	2.2002555939618387	0.1393468350000000	0.0822375100000000
198	17.62660	2.2017868281504169	0.1451937250000000	0.0839827200000000
199	17.62660	2.2006168367238819	0.1442554850000000	0.0861582150000000
2003	9.14000	2.1979136402133355	0.1379828100000000	0.0907674450000000
2013	9.13558	2.2015321559553636	0.1492852350000000	0.0919745650000000
2020	9.13287	2.2011557670511128	0.1363006050000000	0.0762994400000000
2021	9.13287	2.1979280628115814	0.1240477550000000	0.1178625500000000
2022	9.13245	2.2016021931087861	0.1614562500000000	0.0805295550000000
2024	9.13204	2.1986254667278788	0.1326252450000000	0.0905887150000000
2025	9.13204	2.1977569699588120	0.1629148850000000	0.0805129800000000
2026	9.13189	2.3741880327983775	0.2967043650000000	0.0780313750000000
2030	9.11916	2.1995852738509019	0.1555807100000000	0.0464897900000000
2036	9.10508	2.2020781832865213	0.1346181950000000	0.0938630600000000
2038	9.10369	2.1959430488675760	0.1469776600000000	0.0705590650000000
2046	9.05605	2.1978681580297801	0.1376040100000000	0.1107938300000000
2048	9.04366	2.2002305067588739	0.1504223900000000	0.0858169250000000
2055	9.03638	2.2006232345249543	0.1118029500000000	0.0638566150000000
2056	9.03142	2.2043324009094705	0.1733588350000000	0.0593038100000000
2060	9.02477	2.2015232260061541	0.1332389350000000	0.0958184100000000
2061	9.02477	2.1971880163510940	0.1385592850000000	0.0898235850000000
2064	9.02211	2.1994042547480239	0.1380950250000000	0.0741627950000000
2068	9.02041	2.2015533736464796	0.1433596550000000	0.1061224700000000
2069	9.02041	2.2220294484228034	0.1638522700000000	0.1001322800000000
2070	9.02039	2.2010066778922197	0.1163453550000000	0.0684903250000000
2073	9.02018	2.1996743299965216	0.1531866900000000	0.0729392050000000
2076	9.01653	2.2015668238786152	0.1242435000000000	0.0923779800000000
2078	9.01625	2.1985421615511123	0.1621591350000000	0.0661341350000000
2079	9.01625	2.1996537569033805	0.1401237400000000	0.0731624950000000
200	17.62620	2.2000678241594809	0.1438810350000000	0.0935284400000000
2080	9.01619	2.2353952162368596	0.2038246500000000	0.0888923250000000
2082	9.01556	2.2029591925305056	0.1547510100000000	0.0794811600000000
2083	9.01556	2.2021053348564048	0.1512615050000000	0.0589679900000000
2087	9.01160	2.1978934032880266	0.1541828000000000	0.0815158900000000
2096	9.00734	2.1996990972070494	0.1530491300000000	0.0974220500000000
2104	9.00246	2.1964200061112127	0.1345513850000000	0.0936959950000000
2107	9.00214	2.1991749953594555	0.1264585950000000	0.0498454100000000
2108	9.00062	2.2005859478512888	0.1576396000000000	0.0967616650000000
2111	9.00011	2.2004455748530107	0.1434004250000000	0.1127592700000000
2113	8.99981	2.1963053803406485	0.1397978550000000	0.0983776650000000
2116	8.99874	2.2074556024604148	0.1674888950000000	0.1158213000000000
2119	8.99850	2.1975579677056474	0.1650247500000000	0.0907043100000000
2121	8.99556	2.2011279495703633	0.1230431000000000	0.0690066250000000
2123	8.99535	2.2093605827767893	0.1827568350000000	0.0739526550000000
2124	8.99371	2.2000463604633871	0.1085429650000000	0.0437050900000000
2127	8.99142	2.2016517296206772	0.1553570350000000	0.1269649600000000
2129	8.99078	2.2559162314787455	0.2124130050000000	0.1195905900000000
2130	8.98943	2.2008189664434679	0.1331907600000000	0.0780305050000000
2133	8.98853	2.2090231287594579	0.1723368750000000	0.1257762450000000
2136	8.98743	2.2036132995371953	0.1624524950000000	0.0907070000000000
2141	8.98605	2.2023344342283724	0.1602085650000000	0.0951924550000000
2145	8.98373	2.1942907943410583	0.1345707100000000	0.1073821900000000
2149	8.98311	2.2006188009661352	0.1228014400000000	0.1102369300000000
2151	8.98274	2.2153225201887889	0.1758596200000000	0.1383233200000000
2152	8.98141	2.1982222949020085	0.1733990650000000	0.0950496450000000
2157	8.98000	2.1990048037238217	0.1263446100000000	0.1010204400000000
208	17.18240	2.2007858335748840	0.1460334000000000	0.0838963600000000
209	17.18240	2.2004459911286158	0.1290663050000000	0.1077376200000000
211	17.07690	2.2003442667430768	0.1366355550000000	0.1134217200000000
212	17.05300	2.2034544054251266	0.1562863500000000	0.0930170050000000
213	17.05300	2.1982289344682968	0.1087286800000000	0.0786488600000000
215	17.02200	2.1971999106075306	0.1323999050000000	0.1010049150000000
2162	8.98000	2.2341105056652082	0.1955040850000000	0.0943274950000000
2163	8.98000	2.1985277588064904	0.1286498750000000	0.0572310100000000
2169	8.98000	2.2287235105490852	0.1914700000000000	0.0578109450000000
2170	8.98000	2.2018486875224106	0.1539823750000000	0.0512216650000000
2173	8.98000	2.1985210256912473	0.1359365550000000	0.0720572300000000
2174	8.97946	2.2002246081485373	0.1213779550000000	0.0614394650000000
2178	8.97489	2.2000337281131510	0.1441817700000000	0.0783287950000000
2184	8.97257	2.2002802531994909	0.1459475950000000	0.0700508650000000
2185	8.97257	2.2003974415329992	0.1531509000000000	0.0827994750000000
2187	8.97180	2.1982717987681597	0.1129434800000000	0.0943736150000000
2188	8.96911	2.1987959567824014	0.0940967950000000	0.0715725750000000
2189	8.96911	2.2018250480608530	0.1433547950000000	0.0635291850000000
2191	8.96742	2.2007817571550961	0.1423446350000000	0.0856868350000000
2198	8.95967	2.2007787589245416	0.1377256800000000	0.0913640250000000
2201	8.95899	2.1948329975820320	0.1552464250000000	0.0871204200000000
2205	8.95765	2.2037477933252112	0.1641122100000000	0.0757840800000000
2207	8.95637	2.2014676020306259	0.1357128400000000	0.0918847450000000
2210	8.95605	2.2006866171417867	0.1514459950000000	0.0550013100000000
2220	8.95361	2.1975550355594935	0.1350730200000000	0.0997752950000000
2221	8.95361	2.2126795490020905	0.1360272650000000	0.0525467400000000
2224	8.95254	2.2023041217125412	0.1614408600000000	0.0719391750000000
2225	8.95254	2.2015173834201560	0.1494844750000000	0.1150514550000000
2226	8.95171	2.2000687042265477	0.1428111300000000	0.0864628100000000
2230	8.95019	2.3606409877773502	0.2344436050000000	0.0636900050000000
2232	8.95018	2.1962369120596765	0.1625899150000000	0.1199541550000000
2236	8.94681	2.1970964090387466	0.1421151600000000	0.1008795550000000
218	16.98050	2.1995620989320996	0.1556881400000000	0.0664787950000000
221	16.93270	2.1875682914593448	0.1171200900000000	0.1054887950000000
2243	8.93885	2.2010168751602102	0.1295375200000000	0.0478655200000000
2244	8.93734	2.2014635812272183	0.1309065550000000	0.0778158650000000
2246	8.93637	2.2019209696789717	0.1384523650000000	0.1016438350000000
2247	8.93637	2.2032415481905869	0.1499785450000000	0.0698066250000000
2249	8.93547	2.2004327326376418	0.1488083050000000	0.0793083100000000
2250	8.93344	2.2255143575399909	0.1677144500000000	0.1012735450000000
2251	8.93344	2.2490689894351283	0.1891114200000000	0.1179598200000000
2253	8.93060	2.2007558063667458	0.1506668450000000	0.1101527550000000
2255	8.92967	2.2007315918055146	0.1500088300000000	0.0755399300000000
2256	8.92952	2.2048474820055959	0.1475715200000000	0.0937156800000000
2263	8.92661	2.1959141261631592	0.1555483850000000	0.0625375300000000
2265	8.92659	2.2022837861729876	0.1480235100000000	0.0913431600000000
2266	8.92619	2.1969744572162426	0.1546971100000000	0.0759897750000000
2268	8.92463	2.2066008549876019	0.1479345250000000	0.1083208750000000
2270	8.92413	2.1907462160156319	0.1445964750000000	0.0758849800000000
2271	8.92413	2.2021683063503170	0.1613347350000000	0.1329454050000000
2273	8.92381	2.2015764311412238	0.1173338750000000	0.0502129950000000
2274	8.92358	2.1950548753924206	0.1457880100000000	0.1039340050000000
2275	8.92358	2.1976581839308129	0.1520770100000000	0.0867980150000000
2278	8.92315	2.2007189655622339	0.1304597250000000	0.0956409650000000
2281	8.92279	2.1981072530434274	0.1439640550000000	0.1050000450000000
2288	8.91786	2.2023357706596411	0.1379114600000000	0.0875916750000000
2289	8.91786	2.1993277829322531	0.1477869550000000	0.0585488900000000
2291	8.91596	2.1996578489609622	0.1305502450000000	0.0708587450000000
2293	8.91512	2.2020395580742691	0.1409409000000000	0.0940556650000000
2295	8.91384	2.1973597160262135	0.1594462350000000	0.0667440100000000
2296	8.91245	2.1915253807293302	0.1440585250000000	0.1032229050000000
2299	8.90797	2.2055862587025810	0.1555541350000000	0.0996020350000000
2304	8.89888	2.2017063666909373	0.1247298050000000	0.0549612950000000
2306	8.89326	2.2027365637829091	0.1428174050000000	0.0855434450000000
2307	8.89326	2.2010757673351224	0.1455645100000000	0.1061770000000000
2312	8.87436	2.2016703647976121	0.1563281500000000	0.1071572900000000
2313	8.87436	2.2029239003788001	0.1436684250000000	0.1271179300000000
2315	8.87192	2.2003399647785966	0.1284633050000000	0.1008275800000000
2317	8.87173	2.2020805039811524	0.1274201100000000	0.0998384300000000
2319	8.86814	2.1980344246917101	0.1118727500000000	0.0785608950000000
227	16.88770	2.2008247321986270	0.1578152350000000	0.1006263850000000
228	16.88760	2.1996253239911558	0.1516994350000000	0.0813263800000000
230	16.86680	2.2007559619739090	0.1574997750000000	0.0760026950000000
2330	8.85054	2.1992909532014289	0.1097236200000000	0.0516518650000000
2343	8.83638	2.2062135844809698	0.1620799750000000	0.0958259800000000
2348	8.82689	2.2021226015791426	0.1474239800000000	0.1031276750000000
2349	8.82689	2.2001659854352384	0.1406611350000000	0.0842422750000000
2350	8.82364	2.2004707300589041	0.1520929050000000	0.0656558350000000
2351	8.82364	2.2207618006883814	0.1751500850000000	0.1110838950000000
2353	8.81628	2.1980938953081499	0.1415540100000000	0.0781292050000000
2354	8.81623	2.1950692633280320	0.1709422500000000	0.0647680650000000
2356	8.81004	2.1994069427117755	0.1422580000000000	0.0904674750000000
2362	8.80658	2.2019941702971204	0.1461919650000000	0.0532599550000000
2363	8.80658	2.2003191503070116	0.1208591050000000	0.0947108750000000
2367	8.80448	2.2476695924291277	0.1942950600000000	0.1153537450000000
2368	8.79150	2.2217175105181095	0.1634045850000000	0.1358386100000000
2370	8.78437	2.2088610644980711	0.1834146100000000	0.1092953850000000
2371	8.78437	2.1995023923635983	0.1207057150000000	0.1019207850000000
2374	8.77878	2.2002221941900100	0.1455907900000000	0.0952817850000000
2375	8.77878	2.1996498389200068	0.1510140100000000	0.0946031450000000
2376	8.77192	2.1995798754065010	0.1456706900000000	0.0862613450000000
2378	8.75648	2.1984970654134113	0.1211599700000000	0.0593860100000000
2381	8.75301	2.2014239769362760	0.1322595200000000	0.0735806300000000
2383	8.74242	2.3034330701357759	0.2441430550000000	0.1267197500000000
2384	8.74216	2.1975349654283995	0.1668964850000000	0.0381935600000000
2391	8.73721	2.2235143029239279	0.1873350150000000	0.0985719750000000
2392	8.73275	2.2002168101205926	0.1486616300000000	0.0924722900000000
2394	8.72981	2.1983570090548525	0.1402520100000000	0.0839258150000000
2399	8.71645	2.2018470580389882	0.1523358600000000	0.0943320750000000
235	16.86370	2.2009055242394924	0.1625592300000000	0.1075598750000000
237	16.81790	2.1997823681753386	0.1436741750000000	0.1052052450000000
239	16.79440	2.1999567777118458	0.1451501250000000	0.0420797300000000
22	98.06700	2.1993376749083433	0.1654817400000000	0.0937995700000000
2402	8.70886	2.1977370235200340	0.1415422600000000	0.0849736950000000
2404	8.70243	2.1999665282584115	0.1573061100000000	0.0947204300000000
2405	8.70243	2.2162432333584783	0.1782136300000000	0.0916750700000000
2408	8.69451	2.2002821398749930	0.1560625050000000	0.0638732850000000
2409	8.69451	2.2001773029155656	0.1461767350000000	0.1109639450000000
2415	8.67928	2.1999681081476630	0.1538282000000000	0.0555518650000000
2416	8.66682	2.2015221073634477	0.1032698750000000	0.1198011250000000
2418	8.66452	2.2015065657816955	0.1962219600000000	0.1222381050000000
2425	8.64481	2.2020991689025591	0.1376354900000000	0.1049535800000000
2427	8.64296	2.1880172468893404	0.1582753600000000	0.0592132300000000
2429	8.64137	2.1991077565532486	0.1508520650000000	0.0815363150000000
2431	8.62991	2.2040253118803852	0.1582738500000000	0.0918913700000000
2432	8.62916	2.2009148255205906	0.1456435000000000	0.0905119200000000
2433	8.62916	2.2001252742427684	0.1469153300000000	0.1051590100000000
2434	8.62915	2.1996333004880690	0.1360228350000000	0.0795146900000000
2438	8.62822	2.3139690603410425	0.2225617600000000	0.1323292850000000
2440	8.62799	2.2014628559510534	0.1381814250000000	0.0893293000000000
2441	8.62799	2.2018622315167886	0.1354497200000000	0.1107515050000000
2451	8.62547	2.2015415725185887	0.1508043550000000	0.0978150400000000
2452	8.62537	2.1963768612549992	0.1569679250000000	0.0610964300000000
2454	8.62494	2.2048253647361435	0.1411412700000000	0.1133382950000000
2460	8.62151	2.2008395499305506	0.1252967600000000	0.0810907450000000
2463	8.62143	2.2015238889031301	0.1488064600000000	0.0924361800000000
2464	8.62139	2.1998216306451059	0.1373842100000000	0.0958920250000000
2465	8.62139	2.2002216271139718	0.1455761150000000	0.1139417500000000
2468	8.61871	2.1984867946168620	0.1607748950000000	0.1030479650000000
2469	8.61871	2.2007838378948001	0.1321460950000000	0.1007759050000000
2472	8.59504	2.1999091410483333	0.1447523250000000	0.0974118100000000
2477	8.58354	2.2022146231608639	0.1611355750000000	0.0976021350000000
2478	8.57884	2.1997041479645247	0.1221631400000000	0.0683303250000000
2479	8.57884	2.1803508643457610	0.1075319850000000	0.1161441450000000
245	16.67950	2.2078310591482833	0.1611440650000000	0.0702583100000000
2485	8.55654	2.2004731731616132	0.1398726450000000	0.0859604050000000
2488	8.54109	2.2009180211558199	0.1538781650000000	0.1096485850000000
2489	8.54109	2.2040514442184120	0.1959352300000000	0.0844676150000000
2492	8.53909	2.2009141988897531	0.1633809550000000	0.1117730900000000
2498	8.53773	2.2022034111972562	0.1446099650000000	0.0862191100000000
2506	8.53691	2.2021576249392871	0.1378712850000000	0.0689099900000000
2511	8.53659	2.2015319902222057	0.1504268000000000	0.0918405200000000
2513	8.53601	2.1986451139637699	0.1652665250000000	0.0814963200000000
2515	8.53595	2.1990806590928771	0.1661277000000000	0.0569929100000000
2522	8.53153	2.1973275903987886	0.1345079100000000	0.0997201000000000
2527	8.52658	2.1970239304678709	0.1549122050000000	0.0966978600000000
2529	8.52617	2.1823922294696105	0.1702678150000000	0.0386790400000000
2533	8.51847	2.1996709930258707	0.1272964650000000	0.0990450000000000
2536	8.51130	2.2011438565127714	0.1456539050000000	0.0865697250000000
2537	8.51130	2.2006303933051021	0.1239169800000000	0.0711437350000000
2542	8.49075	2.2008167812728296	0.1342228100000000	0.0909228050000000
2543	8.49075	2.2008553923162419	0.1353167250000000	0.0706178450000000
2544	8.48967	2.2014139439502407	0.1485951900000000	0.0833499650000000
2551	8.48000	2.2093936338585913	0.1665514700000000	0.0880055500000000
2558	8.48000	2.1994007900850856	0.1570102100000000	0.0576927800000000
248	16.57590	2.2028529547935789	0.1598745300000000	0.0442235350000000
249	16.57590	2.1985774187865839	0.1421267450000000	0.0915488450000000
250	16.51990	2.2008162567365424	0.1468873850000000	0.0828941650000000
251	16.51990	2.1987013866243226	0.1474733700000000	0.0631357950000000
253	16.50140	2.1990264351521933	0.1444534750000000	0.0878376850000000
2560	8.48000	2.2024066154548509	0.1539387950000000	0.0902124650000000
2561	8.48000	2.2012108260795613	0.1384565800000000	0.0874515550000000
2567	8.48000	2.1986011472475533	0.1206080150000000	0.0923942750000000
2569	8.48000	2.1991895535576438	0.1383596750000000	0.1129913150000000
2570	8.47797	2.1912435091409934	0.1668088900000000	0.0908803200000000
2578	8.46680	2.2018684846839456	0.1405068600000000	0.0992603800000000
2580	8.46656	2.1866529384789724	0.1467328750000000	0.1281368800000000
2586	8.46000	2.2044867916479478	0.1763209900000000	0.0637567850000000
2587	8.46000	2.1985845316590673	0.1417635550000000	0.0736526000000000
2589	8.44800	2.2012765980219453	0.1319847050000000	0.0943908500000000
2597	8.43458	2.1981419845921262	0.1203057300000000	0.0943008100000000
2601	8.42770	2.2018979945481809	0.1430063950000000	0.0956409750000000
2603	8.42299	2.2012136144817283	0.1303351250000000	0.1104348300000000
2609	8.41614	2.2015266904469857	0.1493595850000000	0.0563981800000000
2614	8.40334	2.2005960836518068	0.1531974450000000	0.0822149550000000
2615	8.40334	2.1980161187646825	0.1565747350000000	0.1259493750000000
2617	8.40227	2.1881106508741288	0.1485620350000000	0.1191486150000000
2619	8.39487	2.2017741865398888	0.1569307900000000	0.0849294450000000
2620	8.39137	2.2015197524860568	0.1217723950000000	0.0607120550000000
2623	8.38740	2.2232169041284258	0.1733909600000000	0.0646593000000000
2624	8.38712	2.2020590526586257	0.1569680950000000	0.0951847800000000
2625	8.38712	2.2019328900735879	0.1425003250000000	0.0923986000000000
2627	8.38446	2.2317277167923226	0.1790155900000000	0.0848792600000000
2633	8.37012	2.1978299430220947	0.1494261350000000	0.0984474650000000
2634	8.36918	2.2034596077326536	0.1520926600000000	0.1229284900000000
2635	8.36918	2.2625352365877291	0.2256016850000000	0.0882923950000000
2638	8.36731	2.2001641101997071	0.1320097300000000	0.1086664000000000
257	16.45850	2.2003108766962214	0.1532885350000000	0.0756847050000000
258	16.44450	2.2198116234071228	0.1805828750000000	0.0389298350000000
2640	8.36730	2.1982070278415420	0.1484952650000000	0.1225015750000000
2643	8.36655	2.2006570573358770	0.1397819450000000	0.0930504650000000
2647	8.36622	2.2022296009219846	0.1483106650000000	0.0769470800000000
2650	8.36541	2.2003806604608798	0.1419248350000000	0.0814389250000000
2655	8.36483	2.1982411390243382	0.0850972000000000	0.0814920500000000
2656	8.36471	2.2007589590206726	0.1306827800000000	0.1174391850000000
2666	8.35941	2.2005060879016924	0.1442105000000000	0.0817263250000000
2667	8.35941	2.2014245158582901	0.1491377950000000	0.0856156700000000
2674	8.35100	2.1847128043099624	0.1218637650000000	0.1236519650000000
2675	8.35100	2.1991881828993658	0.1467860650000000	0.0817226250000000
2677	8.34964	2.1993339812269772	0.1508939250000000	0.0954824200000000
2680	8.34857	2.2041856921728029	0.1603453950000000	0.0453053950000000
2681	8.34857	2.2014066977625077	0.1384479850000000	0.0948344800000000
2682	8.34790	2.2008459788728936	0.1276683950000000	0.0601335750000000
2683	8.34790	2.2009418943976371	0.1573666700000000	0.0955997900000000
2684	8.34776	2.2019079222927420	0.1274212300000000	0.1061876700000000
2686	8.34726	2.2096574111898755	0.1692494600000000	0.1103714500000000
2687	8.34726	2.2010029889176903	0.1341380500000000	0.0913463000000000
2696	8.34384	2.1985837871721317	0.1497253400000000	0.0659066750000000
2697	8.34384	2.2041152289347368	0.1673395250000000	0.0623682950000000
2705	8.34054	2.1980924162628774	0.1138048500000000	0.0840620850000000
2706	8.33796	2.1955377110880829	0.1441654850000000	0.0902525500000000
2707	8.33796	2.2020440960416794	0.1295799450000000	0.1167424000000000
2709	8.33427	2.2015274547691286	0.1484982850000000	0.0817857750000000
2712	8.32388	2.2012264808691984	0.1224228000000000	0.1122344950000000
2717	8.31924	2.2020963881785485	0.1441633700000000	0.0852182100000000
265	16.21370	2.2520375356202291	0.1886481050000000	0.0935491700000000
268	16.15410	2.1996579852063300	0.1571542050000000	0.0837603650000000
270	16.15400	2.2093627484033527	0.1690049600000000	0.1048929100000000
271	16.15400	2.1919572841917496	0.1582901950000000	0.1211463600000000
2720	8.30884	2.2008936870355686	0.1428106350000000	0.0919277600000000
2722	8.30872	2.2004790778104297	0.1380643550000000	0.0793130900000000
2723	8.30872	2.2039773632153041	0.1606262950000000	0.0428348750000000
2724	8.30642	2.1996173143091644	0.1377610800000000	0.0826190100000000
2725	8.30642	2.3922067954498161	0.2648454300000000	0.0561506050000000
2727	8.30497	2.2002089394522706	0.1591268850000000	0.0585906500000000
2728	8.30123	2.2008618859640645	0.1469160500000000	0.0964251650000000
2734	8.27979	2.1976472845741082	0.1612423800000000	0.1276521200000000
2736	8.27930	2.1803853695306370	0.1541363150000000	0.0857958050000000
2751	8.27016	2.1999739455368390	0.1521464200000000	0.0719227300000000
2758	8.26374	2.2014010279290708	0.1572752650000000	0.0942042200000000
2764	8.25435	2.2073701549296101	0.1825444550000000	0.1167602350000000
2765	8.25435	2.2004558858447889	0.1506576100000000	0.0743878650000000
2766	8.24826	2.1980148976108449	0.1176619350000000	0.0645586650000000
2767	8.24826	2.2212029141320353	0.1955384850000000	0.1238385050000000
2771	8.24336	2.2014706961407762	0.1731588700000000	0.1272135050000000
2772	8.23918	2.1914293201193678	0.1379347200000000	0.0842193100000000
2774	8.23870	2.1945444337130069	0.1537538500000000	0.1047430850000000
2778	8.23466	2.2005674558315098	0.1373175850000000	0.1091966500000000
2779	8.23466	2.2010247727695291	0.1608134250000000	0.0754459450000000
2781	8.23239	2.1989586646568324	0.1207543450000000	0.0952745000000000
2782	8.22956	2.3130783005930797	0.2363778400000000	0.1417997250000000
2783	8.22956	2.2014275526022660	0.1374238950000000	0.0962894200000000
2786	8.22882	2.2059127899135844	0.1539575400000000	0.1229086300000000
2787	8.22882	2.1974236321722276	0.1629703500000000	0.0716623100000000
2788	8.22517	2.1998828272511655	0.1399704650000000	0.0731983450000000
2792	8.22157	2.2105837754374504	0.1736380400000000	0.0887064750000000
2793	8.22157	2.2021580224286468	0.1752172000000000	0.1146081100000000
2795	8.21916	2.2010645177023966	0.1132954350000000	0.1052291850000000
2796	8.21880	2.1918204220771353	0.1970070200000000	0.1270777000000000
274	16.00470	2.2010215162063935	0.1482797950000000	0.1019011450000000
275	16.00470	2.2006601964985721	0.1305872950000000	0.0491449100000000
278	15.81910	2.1771810900252189	0.1484859500000000	0.1329603000000000
279	15.81910	2.3000700984614162	0.2388460900000000	0.1246171400000000
2800	8.21535	2.2965481563582313	0.2132361650000000	0.1163356400000000
2802	8.21484	2.2001922724252974	0.1354227000000000	0.0968740650000000
2803	8.21484	2.1995170958914478	0.1475816350000000	0.0909102800000000
2806	8.20236	2.2000483333305025	0.1189376200000000	0.0842073150000000
2807	8.20236	2.2010140119062207	0.1420610050000000	0.0939112500000000
2808	8.20000	2.2019385888583223	0.1333598700000000	0.0799458800000000
2813	8.20000	2.2015049903670372	0.1479486300000000	0.0980022500000000
2815	8.20000	2.1978532490017186	0.1095834500000000	0.0734549250000000
2816	8.20000	2.2028991629627694	0.1616646250000000	0.0365793500000000
2818	8.20000	2.2007426004153277	0.1320583650000000	0.0933382950000000
2819	8.20000	2.1996469619246271	0.1530120850000000	0.1193744250000000
2820	8.20000	2.1999734464212839	0.1506305050000000	0.0669502800000000
2822	8.20000	2.3878336322991873	0.2520818100000000	0.0919357250000000
2823	8.20000	2.1980364204494598	0.1256327450000000	0.0683957700000000
2827	8.20000	2.1956261947510929	0.1541050750000000	0.0695738700000000
2830	8.20000	2.2020568288164246	0.1555747000000000	0.0482479500000000
2832	8.20000	2.2015681576753208	0.1349229050000000	0.0895285150000000
2836	8.20000	2.2020758472158555	0.1555618400000000	0.0958457850000000
2837	8.20000	2.1908525760917303	0.1623311800000000	0.1200351300000000
2841	8.19420	2.2022874231589569	0.1597180850000000	0.1045073400000000
2842	8.19382	2.2450048885674483	0.2412070350000000	0.1009079900000000
2843	8.19382	2.2011439891391045	0.1193019550000000	0.0632789200000000
2844	8.19066	2.2019101386001720	0.1607707100000000	0.0851755350000000
2848	8.18384	2.1986043193991720	0.1490711700000000	0.0712344100000000
2858	8.16935	2.1972916314831172	0.1488452100000000	0.0911829600000000
2860	8.16836	2.2005922163560143	0.1412896850000000	0.0885210100000000
2861	8.16836	2.1957196965553876	0.1403793800000000	0.0833034650000000
2862	8.16758	2.2012510013145019	0.1496714300000000	0.1048069000000000
2863	8.16758	2.2015130610207647	0.1170432100000000	0.0818804400000000
2864	8.16645	2.1985699360300290	0.1475306700000000	0.0960175750000000
2868	8.16181	2.1997846843517124	0.1324494000000000	0.0956208600000000
2869	8.16181	2.2011013557996466	0.1565162000000000	0.0501079900000000
2870	8.15953	2.1954926644132216	0.1326001400000000	0.0790513650000000
2877	8.14937	2.1977197723065252	0.1100480750000000	0.0477899050000000
2878	8.14594	2.2466699205997513	0.1958203050000000	0.1450560250000000
280	15.79130	2.1628581002666327	0.1157517850000000	0.0616367250000000
2886	8.13966	2.2018478764256750	0.1376669150000000	0.0891526300000000
2887	8.13966	2.2002952833727338	0.1087899250000000	0.0632158750000000
2891	8.13890	2.2011959535070127	0.1329639800000000	0.0941097350000000
2892	8.13840	2.2015511261884013	0.1331114950000000	0.0336909050000000
2899	8.13645	2.1997892651661348	0.1138318150000000	0.0778355850000000
2901	8.13578	2.2425248310272088	0.2061119200000000	0.1032861600000000
2906	8.13301	2.2022018234991756	0.1592813600000000	0.0540119500000000
2907	8.13301	2.1973738528831688	0.1338331450000000	0.0793662400000000
2908	8.13284	2.1964664653822714	0.1663466600000000	0.0741098150000000
2913	8.12955	2.2019053058074038	0.1641962450000000	0.0648048500000000
2925	8.12265	2.1998221661347808	0.1356508900000000	0.1091058350000000
2927	8.12189	2.2023583047218165	0.1556914450000000	0.0734030300000000
2932	8.11972	2.2015459109939832	0.1570634200000000	0.0684788300000000
2933	8.11972	2.2287980462144290	0.2181859400000000	0.1268275850000000
2934	8.11876	2.2006279458898987	0.1525301050000000	0.0863437100000000
2938	8.11091	2.1969010774700743	0.1553209550000000	0.0956484050000000
2940	8.11078	2.1987107861965720	0.1574066900000000	0.0943755750000000
2941	8.11078	2.2006920996853623	0.1524327900000000	0.0665649550000000
2949	8.10659	2.2012457702101287	0.1373671900000000	0.0622177100000000
2951	8.10431	2.2029470673565643	0.1665853900000000	0.1253942300000000
2952	8.09909	2.2027680489711532	0.1389481400000000	0.1021359350000000
2955	8.09854	2.2018727382321530	0.1545425050000000	0.0830366550000000
289	15.35480	2.1994717272361699	0.1579463350000000	0.0792031800000000
290	15.33460	2.2015546643213235	0.1427772150000000	0.0911596150000000
293	15.33040	2.2017217027480678	0.1567358600000000	0.1004812650000000
294	15.28500	2.1978375745634304	0.1078028300000000	0.0658712550000000
295	15.28500	2.1994578222694612	0.1298671000000000	0.1014771950000000
2961	8.09740	2.1982881845766244	0.0895382600000000	0.0618640550000000
2962	8.09702	2.2019968887468915	0.1357712500000000	0.0605255200000000
2964	8.09688	2.3389659921376675	0.2375620500000000	0.1205099150000000
2966	8.09614	2.2000159155990313	0.1192031850000000	0.1180931800000000
2969	8.09578	2.2348790924931969	0.1771771650000000	0.0675340350000000
2970	8.09432	2.2014878049987696	0.1483453150000000	0.0900897450000000
2971	8.09432	2.1978124141023456	0.1265609750000000	0.0734609500000000
2972	8.09383	2.2002652039885890	0.1612143800000000	0.0782302050000000
2973	8.09383	2.2030766195176885	0.1440309850000000	0.0651648800000000
2976	8.09157	2.1980477739902922	0.1480139750000000	0.0468582800000000
2977	8.09157	2.2589443137754817	0.1651260900000000	0.1020076100000000
2985	8.09051	2.2865397324086492	0.2289008100000000	0.1373624800000000
2987	8.09000	2.2002921585590691	0.1643401900000000	0.0911980800000000
2993	8.09000	2.2007194107753092	0.1450490000000000	0.0664148100000000
2994	8.09000	2.1978608649778772	0.1204585650000000	0.0585750400000000
2995	8.09000	2.1949463507589480	0.1407886850000000	0.1156958800000000
2998	8.09000	2.2020708979465851	0.1271115500000000	0.1095606300000000
3007	8.09000	2.1955482387933491	0.1372313000000000	0.0402288700000000
3008	8.09000	2.2011861424945405	0.1642070350000000	0.0937018300000000
3010	8.09000	2.1995540344041093	0.1564043350000000	0.1009722400000000
3011	8.09000	2.2013550108358593	0.1425066450000000	0.0966983700000000
3012	8.09000	2.1952424564817710	0.1493907050000000	0.0646020150000000
3013	8.09000	2.1706690473146169	0.1808295000000000	0.1126375450000000
3014	8.09000	2.2002609335020265	0.1280739950000000	0.1078723200000000
3017	8.09000	2.1864402644247258	0.1607401700000000	0.0914775500000000
3018	8.09000	2.1326815062280078	0.1354447550000000	0.0772837950000000
3020	8.09000	2.1944571661616612	0.1572280150000000	0.0994251850000000
3021	8.09000	2.2005204766621778	0.1484239200000000	0.0871750850000000
3023	8.09000	2.2006584765201067	0.1468152250000000	0.0846266250000000
3024	8.08933	2.1971235888560816	0.1165246350000000	0.1085383100000000
3031	8.08665	2.1953186840515388	0.2100271850000000	0.1210177400000000
3035	8.08582	2.2328692734844626	0.1959415450000000	0.1409001450000000
3036	8.08477	2.2002425056183692	0.1418136600000000	0.1029763450000000
3037	8.08477	2.2018980331070845	0.1518391450000000	0.0653888850000000
3039	8.08469	2.2224684905996623	0.2018953200000000	0.1018036550000000
300	15.20500	2.1994859678623726	0.1454083500000000	0.1016859250000000
302	15.16550	2.2040457909533711	0.1508260900000000	0.1156410950000000
303	15.16550	2.1938138041156461	0.1792496800000000	0.1071624350000000
3045	8.08006	2.2015659583731346	0.1598676500000000	0.0566376600000000
3046	8.07997	2.1985900049625737	0.1578769650000000	0.0778868400000000
3050	8.07978	2.2004625558606219	0.1470121350000000	0.0521021000000000
3052	8.07878	2.1955038047420454	0.1479513100000000	0.0885026250000000
3055	8.07877	2.2012709231809584	0.1284882350000000	0.0438440950000000
3058	8.07629	2.2000084709967940	0.1423471250000000	0.0907827100000000
3061	8.07613	2.1947365590565866	0.1561714950000000	0.1217565150000000
3062	8.07519	2.1987692058987038	0.1597734300000000	0.0703277100000000
3063	8.07519	2.2006280023972451	0.1305794350000000	0.0999393350000000
3064	8.07504	2.2019267913316480	0.1247432300000000	0.1018242050000000
3066	8.07475	2.2026629298380072	0.1598557300000000	0.0869048750000000
3076	8.07056	2.2401102565136828	0.1824422200000000	0.0773484250000000
3077	8.07056	2.2013384021645144	0.1562251550000000	0.1146055750000000
3080	8.06908	2.1983601774473289	0.1491921200000000	0.1013977550000000
3085	8.06592	2.1993298613435068	0.1180869900000000	0.0545125400000000
3088	8.06143	2.1985897763699351	0.1555906500000000	0.0978191300000000
3090	8.05591	2.1987572398030419	0.1229996300000000	0.0643414000000000
3091	8.05591	2.1966475312972951	0.1284957200000000	0.0570058500000000
3094	8.05502	2.2001420327781407	0.1345200850000000	0.1007827750000000
3096	8.05430	2.1998845214341904	0.1312704400000000	0.0998527000000000
3098	8.05418	2.2010716381954190	0.1461378450000000	0.0981899850000000
3099	8.05418	2.1997168012215709	0.1539268250000000	0.1043868150000000
3101	8.05284	2.2001059535030389	0.1309485550000000	0.0699622950000000
3103	8.05240	2.1987561869188590	0.1576248750000000	0.0923342600000000
3104	8.05108	2.2002151088699291	0.1501154100000000	0.0721627100000000
3106	8.05001	2.2000652301712633	0.1589051500000000	0.0985855200000000
3107	8.05001	2.1998401965198227	0.1594670900000000	0.1005396600000000
3109	8.04961	2.1926392021518235	0.1270731150000000	0.0915517000000000
3111	8.04777	2.2010361796846549	0.1341202250000000	0.0890076650000000
3113	8.04733	2.1997465688439211	0.1388270850000000	0.0833683800000000
3116	8.04640	2.2559259489784762	0.2128034650000000	0.1231132250000000
3117	8.04640	2.2000321557697773	0.1674897250000000	0.1040374450000000
3119	8.04453	2.1975654007198435	0.1477522400000000	0.0903685800000000
304	15.13640	2.1998236299161547	0.1307718900000000	0.0434163850000000
305	15.13640	2.2009224318156533	0.1433009050000000	0.0916945950000000
306	15.11510	2.3004287794788238	0.2350861500000000	0.0792510300000000
311	15.04170	2.2055736138966950	0.1810461050000000	0.1143967650000000
3123	8.04340	2.2000400267282911	0.1406559100000000	0.0946992600000000
3126	8.04223	2.2546357254788552	0.1156526450000000	0.1233859100000000
3129	8.04112	2.2026110438783899	0.1640116650000000	0.0986471500000000
3131	8.04084	2.1969203381693223	0.1462823400000000	0.0863070700000000
3135	8.04006	2.2860289833603966	0.2072305800000000	0.0326907100000000
3141	8.03554	2.3169455189667096	0.2124583350000000	0.0986474500000000
3142	8.03299	2.2015427403152623	0.1639996900000000	0.0691808500000000
3148	8.02785	2.2361372893861327	0.2055577200000000	0.0672238850000000
3150	8.02781	2.2001636728038902	0.1467658250000000	0.1053378600000000
3153	8.02779	2.2011301404186470	0.1524629400000000	0.0883229750000000
3154	8.02334	2.2036144485383713	0.1657872100000000	0.0440658600000000
3155	8.02334	2.1979705346943712	0.1455796500000000	0.0911084500000000
3156	8.02310	2.1996728657191680	0.1427883350000000	0.1032712750000000
3157	8.02310	2.1528777805811923	0.1091579150000000	0.0810257750000000
3158	8.01843	2.4053006971287947	0.2610744000000000	0.1176229450000000
3162	8.01282	2.2004600496661784	0.1217646600000000	0.0941097350000000
3163	8.01282	2.2060260705758243	0.1611571300000000	0.1018958550000000
3166	8.01092	2.1724296647424390	0.1517642950000000	0.1276217250000000
3169	8.01082	2.1977024911827425	0.1364681250000000	0.0836305750000000
3170	8.01077	2.1982087612750676	0.1554571450000000	0.0911860850000000
3171	8.01077	2.2008344017164534	0.1380320100000000	0.0746169850000000
3172	8.01076	2.1985625061791971	0.1072356400000000	0.1029035750000000
3176	8.01068	2.2016180916337196	0.1226378600000000	0.1016088200000000
3184	8.01041	2.1788892568384894	0.1288284500000000	0.0799695900000000
3186	8.01038	2.2022248640537008	0.1586177150000000	0.0604183300000000
312	15.02260	2.2020724563636360	0.1461237050000000	0.1124748050000000
313	15.02260	2.2001915532603040	0.1517154750000000	0.0969469750000000
315	15.01960	2.2062456383930855	0.1564662450000000	0.0852543450000000
318	14.98660	2.2173168724534302	0.1698120250000000	0.0411250050000000
319	14.98660	2.1992401095749101	0.1423426600000000	0.0851171800000000
24	94.60730	2.2001601579938699	0.1562500250000000	0.0784178750000000
25	94.60730	2.1992069122746356	0.1404409600000000	0.0821763200000000
26	87.04670	2.1997912080541759	0.1500090200000000	0.0968569400000000
29	80.53700	2.2010682854410972	0.1236165500000000	0.0804175450000000
321	14.98120	2.1999342331624736	0.1392970450000000	0.0829847550000000
322	14.93200	2.1963507246265688	0.1365000050000000	0.0711848550000000
324	14.87310	2.1979763015940921	0.1548360550000000	0.0844753200000000
325	14.87310	2.1994274089622690	0.1530021050000000	0.0897062350000000
326	14.79800	2.2008125995561616	0.1629925150000000	0.0716822000000000
331	14.71390	2.2001387048190764	0.1370068700000000	0.0792823850000000
338	14.65620	2.1955346066260994	0.1410004300000000	0.0962344650000000
340	14.65040	2.1674077464415427	0.0986647050000000	0.0590176850000000
343	14.64570	2.1994648759933941	0.1518582800000000	0.1052265100000000
346	14.61920	2.2071108969901507	0.1553156350000000	0.0966044800000000
348	14.61380	2.1996547448615300	0.1501156100000000	0.0837399400000000
349	14.61380	2.1987034373073766	0.1540812100000000	0.0935219550000000
351	14.57300	2.2000466343592113	0.1518747500000000	0.0981590150000000
352	14.56770	1.9160537186454867	0.1257094600000000	0.6359868650000000
355	14.55770	2.2710938812686825	0.2163524550000000	0.1646813700000000
361	14.54000	2.1995875050736151	0.1437211800000000	0.0991752900000000
362	14.53350	2.1522295054742582	0.1391722100000000	0.1110727350000000
363	14.53350	2.1979578581356312	0.1530276500000000	0.0891858200000000
364	14.51810	2.1967524835984316	0.1498748350000000	0.0798829250000000
365	14.51810	2.1993121186699995	0.1435201100000000	0.0941871250000000
369	14.49040	2.1999658574551506	0.1311636350000000	0.1026728950000000
371	14.46400	2.1996861541458799	0.1290088450000000	0.0790451750000000
372	14.42060	2.1990937903979315	0.1461419350000000	0.0964708850000000
379	14.38140	2.1842934378865544	0.1439733950000000	0.0908605600000000
384	14.28480	2.1983791869859539	0.1481485700000000	0.0998791800000000
387	14.18730	2.1996884764292517	0.1355065350000000	0.0872200700000000
390	14.17370	2.2360202074983060	0.1730155600000000	0.1270531100000000
394	14.07540	2.2012529043651292	0.1661481350000000	0.1074521500000000
396	14.06080	2.2016048539871278	0.1432198650000000	0.0940760150000000
397	14.06080	2.2039934847813414	0.1646678350000000	0.0814298650000000
32	70.71640	2.2006292383557260	0.1376052250000000	0.0887470050000000
33	70.71640	2.1909168606241036	0.1317801700000000	0.0862882500000000
35	68.84570	2.2000539610580239	0.1456023500000000	0.0778640000000000
37	67.20040	2.1956302616432350	0.1627016550000000	0.0829198550000000
38	61.69190	2.2009600680270354	0.1472610000000000	0.0974392100000000
401	14.01960	2.1998968771059526	0.1406466900000000	0.0492131850000000
407	13.94830	2.2006596069051949	0.1351784300000000	0.0867414200000000
411	13.90950	2.2004618243900782	0.1193452150000000	0.0600515450000000
414	13.85370	2.2001116480294303	0.1197619400000000	0.0686524000000000
418	13.68290	2.2001376126730450	0.1326528850000000	0.0944965000000000
419	13.68290	2.2058336453434162	0.1469847450000000	0.1067793900000000
422	13.54540	2.2003697572412486	0.1413673650000000	0.0989576400000000
425	13.54440	2.2015892985661396	0.1588833150000000	0.0905438600000000
427	13.50120	2.2236987384316120	0.1740426550000000	0.1017931450000000
432	13.40180	2.1993736219967155	0.1556857900000000	0.1009993350000000
436	13.38880	2.1805955404548483	0.1541377950000000	0.1121168200000000
438	13.38340	2.2024197565463473	0.1479732800000000	0.0981742950000000
439	13.38340	2.3212207793583266	0.2585025850000000	0.1330187150000000
445	13.36750	2.1852163807805027	0.1777550800000000	0.1267958750000000
447	13.34220	2.2000413660859488	0.1207205800000000	0.0749555550000000
450	13.33800	2.2119486931478951	0.1758797350000000	0.0899628250000000
452	13.33780	2.3764175560477101	0.2410164400000000	0.0865491700000000
454	13.33650	2.2003355228133938	0.1510386950000000	0.0890298500000000
456	13.33480	2.2016783542284597	0.1625971600000000	0.0555113400000000
459	13.32660	2.1993281716405972	0.1421600250000000	0.1050957300000000
463	13.31140	2.1999082783833543	0.1364883150000000	0.0823646550000000
465	13.29930	2.2003352917975976	0.1436191800000000	0.1053206800000000
468	13.28160	2.2020953246704313	0.1431262150000000	0.0932895300000000
471	13.28050	2.3758012647673783	0.2353720850000000	0.1045055450000000
472	13.26610	2.1985693372629784	0.1263502450000000	0.0740222200000000
474	13.26380	2.1998236924419987	0.1561696050000000	0.0679824000000000
477	13.25220	2.1991847251711323	0.1528714950000000	0.0834590600000000
479	13.23430	2.2001750011580690	0.1090234450000000	0.0721730950000000
43	59.26770	2.1993049585158513	0.1216104750000000	0.0605838700000000
46	53.66980	2.1996391787740928	0.1532642350000000	0.0692167850000000
480	13.21680	2.2007989197350852	0.1598499700000000	0.1146096000000000
482	13.21390	2.1994560696492917	0.1331717500000000	0.0817452500000000
485	13.21000	2.1978319134894253	0.1258516800000000	0.0868670950000000
489	13.21000	2.2003601368507835	0.1328479000000000	0.1008595600000000
490	13.21000	2.2020676580457317	0.1556325950000000	0.1103981950000000
491	13.21000	2.1901822309116419	0.1455328250000000	0.0824273350000000
496	13.21000	2.1999377593344809	0.1520760100000000	0.1103879200000000
502	13.20940	2.1985271423175403	0.1399253850000000	0.1120293950000000
503	13.20940	2.2916531305533479	0.2348054950000000	0.1221186200000000
505	13.20780	2.2007262853132765	0.1365208050000000	0.0827847900000000
507	13.20770	2.2011795311635196	0.1649451000000000	0.0841761050000000
508	13.20740	2.2004147055279932	0.1485007000000000	0.0914600250000000
510	13.20650	2.2002789777857226	0.1455290050000000	0.1016299900000000
513	13.20600	2.1987207475053721	0.1405541550000000	0.0951135800000000
514	13.20600	2.2010168944918851	0.1311459350000000	0.0435625100000000
515	13.20600	2.1990217947268333	0.1502076350000000	0.0986113600000000
516	13.20490	2.2528365093339962	0.1904699750000000	0.1226291700000000
517	13.20490	2.2027662230453928	0.1622697750000000	0.0865078000000000
518	13.20380	2.1985063967761884	0.1159557800000000	0.1059695400000000
523	13.19800	2.2153929737299780	0.1769904150000000	0.1101628400000000
526	13.19720	2.1945916068745039	0.1367754650000000	0.0885185600000000
531	13.19420	2.2027231884144314	0.1491247950000000	0.0797638750000000
532	13.19230	2.2009229630183036	0.1297189450000000	0.0994914250000000
535	13.19200	2.2014661583236084	0.1635409600000000	0.0441144900000000
536	13.19110	2.1985294365355799	0.0988964650000000	0.1012692450000000
537	13.19110	2.2002522755682850	0.1491515800000000	0.0970418100000000
544	13.10570	2.2007686840064475	0.1469663650000000	0.0976977950000000
547	13.09850	2.1958834498603439	0.1247941500000000	0.0582046900000000
549	13.08220	2.2990103168191229	0.2359552700000000	0.1620966000000000
554	13.06620	2.3447056287037951	0.2610530000000000	0.1211110600000000
49	53.59700	2.2034555404657095	0.1312573500000000	0.1147372600000000
51	47.21450	2.2015330718051120	0.1632023000000000	0.0864502500000000
54	46.41530	2.1977546649011557	0.1400022100000000	0.0984384450000000
561	13.04230	2.2010909218613226	0.1375544800000000	0.1056214200000000
565	13.01880	2.1978058362152515	0.1582499350000000	0.0643146000000000
566	13.01160	2.2003903299420315	0.1171892050000000	0.0660394350000000
567	13.01160	2.2011486791410615	0.1347582100000000	0.0972134950000000
581	12.80710	2.1785732072967239	0.0996882400000000	0.0789503050000000
582	12.78530	2.2018873502563872	0.1302222200000000	0.0893420450000000
586	12.70350	2.1967572352700855	0.1307865200000000	0.0926730300000000
588	12.67040	2.2015654427429965	0.1432467850000000	0.0808565400000000
589	12.67040	2.2007376330253594	0.1413710600000000	0.0754372950000000
592	12.65950	2.1993973658736055	0.1577927850000000	0.0960059050000000
593	12.65950	2.2872786833084033	0.2403628550000000	0.1309566900000000
598	12.62770	2.1996657915074449	0.1141430650000000	0.0520445400000000
599	12.62770	2.2017449231132833	0.1460648350000000	0.0763484300000000
606	12.57920	2.2014509244475113	0.1366934350000000	0.1007022500000000
607	12.57920	2.1985842746657376	0.1480630150000000	0.0974051850000000
610	12.56820	2.1773737409807894	0.1480230150000000	0.1163815900000000
613	12.56160	2.1985472339585197	0.1263997650000000	0.0912961850000000
618	12.53700	2.1976587897756796	0.1458009150000000	0.1058041300000000
622	12.52010	2.1937025520811355	0.1480019300000000	0.0919231350000000
624	12.48940	2.2018657961275090	0.1446297200000000	0.0779510800000000
625	12.48940	2.2001705731101517	0.1511298800000000	0.0928769300000000
628	12.44730	2.2001904237002106	0.1510395250000000	0.0846741300000000
629	12.44730	2.1996945372007914	0.1650863450000000	0.0760356350000000
630	12.43320	2.2005870635282929	0.1129776150000000	0.0971754250000000
631	12.43320	2.1976045485765439	0.1664570450000000	0.0589648800000000
634	12.41290	2.1999243225585721	0.1342310500000000	0.1083122700000000
637	12.39640	2.1971109498378025	0.1371556150000000	0.0703105400000000
57	45.89990	2.1997495912082385	0.1425102550000000	0.0928694650000000
60	42.09350	2.1992059377573949	0.1436719150000000	0.0922215350000000
63	41.41560	2.1969226483943545	0.1559429400000000	0.0675307000000000
641	12.36280	2.3906769416880431	0.2577266650000000	0.0681792800000000
643	12.35490	2.1995913959563680	0.1393192250000000	0.0929571100000000
646	12.33170	2.2000255131337809	0.1514222100000000	0.0895896450000000
650	12.31590	2.2015423637422149	0.1511322050000000	0.0979359200000000
652	12.30530	2.2585891508984588	0.1804893450000000	0.1083265850000000
653	12.30530	2.1947985066070510	0.1482317500000000	0.0557735900000000
656	12.29600	2.2000500591890724	0.1666317950000000	0.0603799700000000
659	12.29460	2.2016123032025141	0.1600631350000000	0.0940546550000000
663	12.27620	2.1990532310002062	0.1299811900000000	0.0737857100000000
666	12.27310	2.2018050405985150	0.1405944950000000	0.0861007600000000
668	12.27160	2.1850389507605223	0.1595375500000000	0.0833385350000000
670	12.26760	2.1998462583917617	0.1375506950000000	0.0780921650000000
671	12.26760	2.2021705665430682	0.1450058100000000	0.1257924700000000
673	12.26710	2.1985438993648034	0.1606334250000000	0.1060281600000000
677	12.25110	2.2001625442137689	0.1300180300000000	0.1052616600000000
681	12.24980	2.2288785983731989	0.1958142250000000	0.0965475950000000
690	12.24820	2.1988356820998951	0.1056225650000000	0.0848114300000000
691	12.24820	2.1995028933423146	0.1651400650000000	0.1025111250000000
694	12.24330	2.1952723775538829	0.1555428500000000	0.0879760250000000
695	12.24330	2.2154136615170614	0.1821619250000000	0.0835564050000000
696	12.24270	2.2014178713883137	0.1480065350000000	0.0966110850000000
700	12.23890	2.2005840411025783	0.1400704200000000	0.0440360450000000
703	12.23870	2.3018521130827065	0.2258563950000000	0.1232202350000000
716	12.23140	2.1999164940746785	0.1447250050000000	0.0954549150000000
719	12.22970	2.1994009062983118	0.1229567200000000	0.0648208000000000
68	34.70490	2.2016147649925633	0.1346520600000000	0.0958608400000000
69	34.70490	2.2003630535179224	0.1351526250000000	0.1032552000000000
70	34.34650	2.2010978237717085	0.1569452800000000	0.0880405500000000
71	34.34650	2.1994461710713109	0.1606298500000000	0.0947584050000000
721	12.20990	2.2025925065781067	0.1533386750000000	0.0716520050000000
725	12.19220	2.2360006595160700	0.1936360250000000	0.1197800000000000
726	12.19070	2.2009419244810400	0.1520498500000000	0.0808071750000000
727	12.19070	2.1991987891728066	0.1312304650000000	0.0483346600000000
728	12.18790	2.2001808216228644	0.1457780850000000	0.0840823700000000
729	12.18790	2.2022372418915528	0.1857785950000000	0.0917541800000000
732	12.18330	2.2042200754094416	0.1715653350000000	0.0614122550000000
735	12.18250	2.2006021364232478	0.1269029000000000	0.0870916600000000
736	12.18220	2.2002407316228503	0.1369116450000000	0.1006968250000000
737	12.18220	2.2008640764763903	0.1341751900000000	0.0382599100000000
743	12.16830	2.2056289168993346	0.1551235550000000	0.0953009000000000
744	12.16780	2.2007248847161378	0.1311514400000000	0.0985117750000000
749	12.16000	2.2009465238965800	0.1305808700000000	0.1161228750000000
750	12.14600	2.1977921347815812	0.1396252250000000	0.0433446750000000
754	12.06250	2.2027751938157776	0.1590338900000000	0.1025150100000000
759	12.04560	2.2001941926659803	0.1270485750000000	0.0961242750000000
762	11.98980	2.1993900388149021	0.1477765100000000	0.1074168550000000
764	11.96210	2.2014717107476027	0.1703391150000000	0.1200706100000000
766	11.96070	2.1992128647411038	0.1371263850000000	0.1029164450000000
771	11.91480	2.2008558846995108	0.1350680350000000	0.1049091600000000
772	11.90250	2.1656576363990125	0.1051272650000000	0.1042720450000000
778	11.86530	2.1983891418268806	0.1586670900000000	0.0579285650000000
780	11.85060	2.2009146024708528	0.1534814250000000	0.0994913000000000
781	11.85060	2.2594139054876967	0.1785906600000000	0.1252983450000000
785	11.83300	2.2004531453255187	0.1316434150000000	0.1010240100000000
790	11.79730	2.2005652053244757	0.1415214800000000	0.0938104800000000
791	11.79730	2.2037412796563585	0.1573294100000000	0.0766813750000000
793	11.78360	2.2006339486285542	0.1541210900000000	0.1006204200000000
794	11.77660	2.1995941809622153	0.1386871200000000	0.0984204050000000
798	11.74940	2.2005822851255168	0.1433820400000000	0.0773905000000000
799	11.74940	2.1978186154764980	0.1402991250000000	0.1095183400000000
73	32.34910	2.1998879380948502	0.1027367100000000	0.0670007800000000
75	32.32140	2.1934937456800698	0.1675496000000000	0.0690574300000000
