802	11.74220	2.1985857538818956	0.1543790150000000	0.0946100350000000
803	11.74220	2.2000395864862283	0.1632209950000000	0.0481034550000000
808	11.73530	2.2319774033674302	0.1926993000000000	0.1027810500000000
815	11.72630	2.2154602659196989	0.1657804900000000	0.0516769000000000
818	11.72290	2.1967026141040962	0.1611714700000000	0.0799393250000000
821	11.72220	2.2015220628943215	0.1286549700000000	0.0963237050000000
822	11.72100	2.2002244699834823	0.1230823300000000	0.0572103100000000
824	11.71910	2.1732561967934130	0.0824119800000000	0.0743317550000000
825	11.71910	2.2459278391260113	0.1927471950000000	0.1069003700000000
827	11.71440	2.1973032170663189	0.1301546250000000	0.0806235100000000
829	11.71240	2.2010865036863900	0.1417579950000000	0.0693894200000000
832	11.71070	2.1975458784088850	0.1395499150000000	0.0951434600000000
833	11.71070	2.1937562667367234	0.0792745700000000	0.0942317400000000
836	11.70160	2.2001059290962002	0.1642913050000000	0.0886713900000000
837	11.70160	2.2003043944352050	0.1654501800000000	0.0668791650000000
840	11.70000	2.2453324623118545	0.2196481050000000	0.1333282050000000
843	11.70000	2.2035270881348401	0.1461755350000000	0.1227684300000000
845	11.70000	2.2002123592836540	0.1657342650000000	0.0920342600000000
849	11.70000	2.2034515755529487	0.1631683400000000	0.0894046000000000
852	11.70000	2.2015712579272688	0.1185007650000000	0.0631179850000000
860	11.70000	2.2010391337392807	0.1653219600000000	0.0601320200000000
861	11.70000	2.1984775101818670	0.1456445650000000	0.0943002350000000
862	11.70000	2.1996701266633130	0.1520837750000000	0.0885561750000000
863	11.70000	2.2035756780037352	0.1593374050000000	0.0916287950000000
864	11.70000	2.1998902398011313	0.1353120800000000	0.1049517850000000
865	11.70000	2.2003782095375741	0.1325628150000000	0.0406244150000000
871	11.70000	2.1994825093431269	0.1476806650000000	0.0488441750000000
874	11.70000	2.1977735113682964	0.1457551250000000	0.0868300150000000
878	11.70000	2.2074415236422245	0.1603202200000000	0.0694107350000000
879	11.70000	1.9824550201096245	0.1095264550000000	0.3524547800000000
81	26.68980	2.2009279092699932	0.1529749850000000	0.0881518400000000
880	11.70000	2.1998032788105228	0.1273130500000000	0.1018319800000000
881	11.70000	2.2015383502823997	0.1433250700000000	0.0501221250000000
884	11.69410	2.2017281146189331	0.1558035550000000	0.0360544700000000
888	11.68810	2.1812630471899173	0.1701504400000000	0.0654902700000000
889	11.68810	2.1872546959819279	0.1436810950000000	0.1139947250000000
890	11.68000	2.1980306780156700	0.1358515050000000	0.0757303600000000
891	11.68000	2.1999122908114641	0.1407123650000000	0.0819859300000000
894	11.67530	2.1984354434089881	0.1640202450000000	0.1245051600000000
896	11.67300	2.1872223016612260	0.1151597550000000	0.0823104750000000
897	11.67300	2.1993349064401979	0.1420476300000000	0.0840397800000000
899	11.67240	2.2019381236981159	0.1511690700000000	0.0979800450000000
902	11.66630	2.2008071858104707	0.1290474750000000	0.1026173000000000
903	11.66630	2.2010260972376079	0.1385262450000000	0.0865561200000000
904	11.64920	2.2001793393262670	0.1469908200000000	0.0915552850000000
906	11.63960	2.1994521880809463	0.1408570800000000	0.0894025050000000
907	11.63960	2.2048043736799108	0.1651904700000000	0.0889430050000000
908	11.63210	2.2001917325045324	0.1444335550000000	0.0823140500000000
910	11.62890	2.2021442386504742	0.1500084000000000	0.0842366150000000
912	11.62220	2.1540479312478569	0.1069087750000000	0.0665906350000000
914	11.61880	2.1955667244082995	0.1451002500000000	0.0925444850000000
918	11.59460	2.1966078074305972	0.1776218900000000	0.1123229200000000
921	11.59250	2.2046965559694933	0.1665881900000000	0.1269460100000000
922	11.58810	2.2015075953175467	0.1547827100000000	0.0780615200000000
923	11.58810	2.2001885859674832	0.1510858650000000	0.0964303850000000
926	11.57940	2.1811037989114537	0.0928258350000000	0.1015643450000000
929	11.55440	2.1900256585163764	0.1368091500000000	0.0742432200000000
932	11.52700	2.2427322154300726	0.1892128900000000	0.1073460400000000
933	11.52700	2.2072176569466753	0.1509286450000000	0.0756589850000000
940	11.51810	2.2021732600590513	0.1607626900000000	0.0726064900000000
941	11.51810	2.2005271145308218	0.1314984750000000	0.0727022000000000
945	11.51160	2.2014786379757743	0.1614440800000000	0.0690015850000000
951	11.50240	2.1995088791879209	0.1620319300000000	0.0963404400000000
958	11.47560	2.2002191102830864	0.1497113650000000	0.0761669750000000
959	11.47560	2.2025951724702888	0.1548268100000000	0.1095939750000000
88	26.22460	2.2006740629563764	0.1287642650000000	0.0609905150000000
89	26.22460	2.2015223141061790	0.1387785850000000	0.1009297000000000
91	25.99150	2.2020181793277338	0.1530554000000000	0.0840483900000000
93	25.98940	2.2400380925130010	0.1981162500000000	0.1052166450000000
95	25.96410	2.2001292894318287	0.1369143050000000	0.0954413550000000
966	11.44680	2.2040277315407257	0.1691251150000000	0.0915951150000000
969	11.43880	2.3289588772513947	0.2102499900000000	0.1233701950000000
978	11.41090	2.1906961521556241	0.1688310450000000	0.1163455050000000
980	11.39810	2.2006787211810428	0.1345760800000000	0.0998779200000000
984	11.38880	2.1996431000149568	0.1292451150000000	0.0918992250000000
986	11.38710	2.2001948286442317	0.1327057350000000	0.1056857200000000
988	11.38180	2.2011937673836441	0.1366170450000000	0.0889383600000000
989	11.38180	2.2005071747673375	0.1261445000000000	0.0955157250000000
991	11.37920	2.1998035880759659	0.1279364450000000	0.0897434250000000
992	11.36850	2.3023420965137444	0.1967059000000000	0.1288252450000000
993	11.36850	2.2010419130493672	0.1489715850000000	0.0851524800000000
998	11.35330	2.2000306976650226	0.1310248450000000	0.0876316200000000
1008	11.30470	2.1978921453202278	0.1411543050000000	0.0960103850000000
1009	11.30470	2.1995788128899671	0.1258129250000000	0.0988616950000000
1010	11.30350	2.2013594726415691	0.1552882750000000	0.1250994200000000
1014	11.28320	2.2019863977071696	0.1582905900000000	0.1039861450000000
1016	11.27850	2.1990335725867998	0.1503661050000000	0.0991419000000000
1017	11.27850	2.1992922551790874	0.1495213250000000	0.0620954000000000
1019	11.27530	2.1990852764529847	0.1502266900000000	0.0884225250000000
1023	11.27230	2.1981611543463249	0.1050646000000000	0.0641012500000000
1024	11.27010	2.1981402493636186	0.0992654300000000	0.0649328650000000
1027	11.26720	2.1996649868102991	0.1319741200000000	0.1030497350000000
1029	11.26650	2.1999511341265570	0.1446206850000000	0.0775536650000000
1031	11.25340	2.2011002193159861	0.1370662750000000	0.0471581400000000
1035	11.23650	2.2019682125668227	0.1495381200000000	0.0944870750000000
1039	11.23230	2.2001690194675447	0.1395587650000000	0.0917893900000000
96	25.06110	2.1963526326864251	0.1436278000000000	0.1056787600000000
99	24.92170	2.1986473007260745	0.1400812300000000	0.1138681550000000
101	24.61260	2.2012972692527932	0.1621536150000000	0.0730118800000000
1040	11.22350	2.1984388782451694	0.1201305500000000	0.0929197800000000
1041	11.22350	2.1934266016491466	0.1474883750000000	0.1206269900000000
1043	11.20750	2.3732179507916982	0.2533057300000000	0.0961351400000000
1049	11.18260	2.1998894605800094	0.1266811150000000	0.0734142800000000
1053	11.18230	2.1915042270641418	0.1391681250000000	0.1170276800000000
1054	11.17720	2.1985792195502372	0.1450498950000000	0.0759978350000000
1055	11.17720	2.1999341483627077	0.1292596150000000	0.0986720950000000
1057	11.17510	2.2015831842084075	0.1627367650000000	0.0659741450000000
1060	11.14950	2.2015819962647010	0.1426822850000000	0.0933995400000000
1065	11.13930	2.2056636604788671	0.1577153250000000	0.0994682700000000
1069	11.11960	2.1966925929434122	0.1337344700000000	0.1074625700000000
1071	11.11750	2.1996013504264820	0.1341027800000000	0.0857355400000000
1072	11.09650	2.1998839920921980	0.1323144250000000	0.1027919950000000
1079	11.07420	2.1794631458538873	0.1432555400000000	0.1102687550000000
1080	11.06540	2.1963708292768134	0.1477797850000000	0.0825039700000000
1082	11.06380	2.2012937119701395	0.1120431300000000	0.0546275650000000
1083	11.06380	2.2006855192508148	0.1487649750000000	0.0748703500000000
1087	11.05860	2.2002416712169759	0.1423028650000000	0.1020423800000000
1093	11.03460	2.2002010887578280	0.1471847350000000	0.0473221950000000
1098	11.02590	2.1997174414057770	0.1655982700000000	0.0486269150000000
1102	10.99100	2.2015372893791807	0.1503296450000000	0.1018038750000000
1103	10.99100	2.2009423052658974	0.1032682500000000	0.0879337100000000
1105	10.97710	2.2006739009843619	0.1159926450000000	0.0662796300000000
1107	10.97450	2.2014536865734486	0.1635430950000000	0.0433165400000000
1112	10.96150	2.1993518855445706	0.1260657200000000	0.0855505750000000
1114	10.95360	2.2006298901613763	0.1375105200000000	0.0797059750000000
1118	10.92980	2.2000839079037777	0.1553356550000000	0.0520227500000000
104	24.51240	2.1995628542094892	0.1323255150000000	0.0975090600000000
109	24.08970	2.1979278691064312	0.1479760100000000	0.0776147250000000
111	23.82210	2.1995281792988615	0.1427988400000000	0.0812688350000000
1128	10.92790	2.1991848609699485	0.1294468300000000	0.0974797700000000
1133	10.92640	2.1994393228739231	0.1529693150000000	0.0447521550000000
1136	10.92380	2.2022096179582640	0.1162025850000000	0.0547111650000000
1139	10.92350	2.2125109638563405	0.1421767350000000	0.0894580550000000
1140	10.92290	2.2010969508148466	0.1259991250000000	0.0560497750000000
1141	10.92290	2.1964003883896326	0.1540228500000000	0.0414609150000000
1143	10.92270	2.2001922439608381	0.1060350250000000	0.0475912250000000
1144	10.92230	2.1992827779547781	0.1493653950000000	0.0849989750000000
1145	10.92230	2.2020675460223122	0.1466832950000000	0.0497699250000000
1146	10.92210	2.2157413545735745	0.1863427650000000	0.0915407000000000
1147	10.92210	2.2023949604723692	0.1359178550000000	0.0875267150000000
1151	10.92080	2.2000236592295228	0.1506917850000000	0.1091023800000000
1154	10.91650	2.3229004406361637	0.2272500000000000	0.1131854550000000
1155	10.91650	2.1997892478714216	0.1171856450000000	0.0961088400000000
1156	10.90910	2.2006212656800872	0.1444454750000000	0.1054427250000000
1157	10.90910	2.2002739916794920	0.1453203500000000	0.0840039050000000
1158	10.90520	2.1977505905458101	0.1267957600000000	0.1019214650000000
1159	10.90520	2.2027820837108272	0.1493015800000000	0.0764894700000000
1161	10.90250	2.1986413856930942	0.1540328850000000	0.0809703250000000
1164	10.89690	2.2001963801500102	0.1473257850000000	0.1224016650000000
1166	10.89630	2.2701410319015238	0.2029566700000000	0.0973560500000000
1168	10.88480	2.2068979199395624	0.1534459400000000	0.1350790700000000
1177	10.88150	2.2004554530894329	0.1091441600000000	0.1046589600000000
1180	10.83340	2.1985773705405771	0.1511866200000000	0.1043542600000000
1181	10.83340	2.1964774858693112	0.1598129150000000	0.0797175300000000
1185	10.76010	2.2016016139904804	0.1498552400000000	0.0788773700000000
1186	10.74210	2.1926954994131123	0.1655610750000000	0.1015180050000000
1192	10.61910	2.2006665572171089	0.1450991200000000	0.0920910600000000
113	23.57600	2.1994048369143786	0.1602597300000000	0.1162868900000000
114	22.99620	2.1982875665774984	0.1637629550000000	0.1223966300000000
115	22.99620	2.2002558612552532	0.1570432750000000	0.0994948850000000
119	22.53360	2.2006637230370223	0.1419625050000000	0.1122081000000000
1200	10.61750	2.1915355729379620	0.1626547650000000	0.1248957900000000
1202	10.61680	2.1991938773484252	0.1429066850000000	0.0869502100000000
1209	10.61600	2.1987513513142045	0.1354719000000000	0.0583024200000000
1210	10.61570	2.2415678024876677	0.1977339550000000	0.1119864250000000
1216	10.61210	2.1991887095546123	0.1461972200000000	0.0892084900000000
1228	10.58910	2.1996870298843065	0.1557780200000000	0.0868862950000000
1229	10.58910	2.1951864596702721	0.1500810300000000	0.0891271150000000
1230	10.58300	2.1997710094650449	0.1422298850000000	0.0878356000000000
1239	10.49100	2.2025117489472215	0.1597548700000000	0.0890168550000000
1240	10.47010	2.2055968857922275	0.1671777300000000	0.0375614650000000
1241	10.47010	2.1991963312568963	0.1541131300000000	0.0961014000000000
1242	10.46930	2.1971797144497631	0.1341082400000000	0.1034295500000000
1244	10.46380	2.1963305261722281	0.1398825100000000	0.0765223850000000
1258	10.39810	2.2009573160484948	0.1361082300000000	0.0847211550000000
1261	10.39550	2.2011397274568649	0.1443116050000000	0.0336448900000000
1262	10.37670	2.1724383756981855	0.1538705900000000	0.1027064550000000
1276	10.33880	2.2000616000992110	0.1481135200000000	0.1057524300000000
1277	10.33880	2.2000165680075598	0.1387261150000000	0.0967192950000000
1279	10.33740	2.1995321736268556	0.1374163950000000	0.0846581700000000
123	21.95780	2.2012624420004951	0.1390793550000000	0.0384659950000000
125	21.84630	2.2001956529935014	0.1469916550000000	0.0944548200000000
1297	10.29030	2.1999135699595791	0.1418077350000000	0.0917303200000000
1299	10.28670	2.2002016328609830	0.1596426900000000	0.0969755800000000
1302	10.28570	2.2073974597622028	0.2150427850000000	0.1364109400000000
1306	10.27900	2.1999990931556836	0.1497152300000000	0.0877190300000000
1308	10.27860	2.1991031137475980	0.1444742750000000	0.0805507750000000
1320	10.26090	2.2035225098002247	0.1618510950000000	0.0769391050000000
1327	10.23910	2.2057983537916876	0.1651698850000000	0.0396705650000000
1328	10.23050	2.1982687994560868	0.1333964650000000	0.0778860700000000
1329	10.23050	2.2007100428016955	0.1408866600000000	0.0749462950000000
1338	10.19020	2.1984171563285098	0.1659164100000000	0.0797379200000000
1342	10.18510	2.2020997656667003	0.1431135950000000	0.0955900000000000
1344	10.18490	2.1993512472346533	0.1402757000000000	0.0921506300000000
1347	10.18350	2.1974428731143774	0.1616961550000000	0.1009733400000000
1348	10.18190	2.1995678338392617	0.1194156650000000	0.0674433300000000
1352	10.16430	2.1970409226839189	0.1524900800000000	0.0754212350000000
1353	10.16430	2.2003661822751832	0.1427979050000000	0.0873339300000000
1355	10.16150	2.2013019113124876	0.1662995000000000	0.0837268500000000
1359	10.16060	2.2080554975810753	0.1796682850000000	0.0764959050000000
131	21.40930	2.2002871245671201	0.1370009550000000	0.0984879200000000
132	21.29740	2.2002622737984847	0.1261023700000000	0.0402169950000000
134	21.21890	2.1977302870897426	0.1430757500000000	0.0830806750000000
1360	10.15810	2.2008653068443618	0.1522404500000000	0.0907937200000000
1362	10.15700	2.2019177609661980	0.1513059250000000	0.0975854850000000
1365	10.15050	2.1998490112911444	0.1398827000000000	0.1120485750000000
1373	10.14310	2.2015668170259342	0.1469523700000000	0.0952043200000000
1375	10.14090	2.2019294814374066	0.1214469750000000	0.0757271650000000
1378	10.13950	2.1992909500346394	0.1529682450000000	0.0608727150000000
1380	10.12850	2.2016302688858498	0.1422749300000000	0.0910573050000000
1381	10.12850	2.1965836267079255	0.1194598950000000	0.1333065000000000
1382	10.12620	2.2002190938158948	0.1524299800000000	0.0606214100000000
1383	10.12620	2.1997546915965942	0.1433007850000000	0.1171044400000000
1385	10.12620	2.1985420087268914	0.1392869850000000	0.0997005550000000
1386	10.12610	2.1986742687714145	0.1192330000000000	0.0954856450000000
1388	10.12550	2.1925608175803424	0.1334047300000000	0.1039720900000000
1390	10.12470	2.2030923360708274	0.1630845350000000	0.0367029350000000
1392	10.12400	2.1995999545953082	0.1543839350000000	0.0565870250000000
1393	10.12400	2.2009522278463560	0.1483787800000000	0.1007257300000000
1395	10.12330	2.2002296583767325	0.1315960350000000	0.1020271250000000
1396	10.12260	2.1998453407626397	0.1448749000000000	0.0911015750000000
1397	10.12260	2.2010892941888405	0.1352818250000000	0.0809168450000000
1398	10.11830	2.2908503780158385	0.2288004350000000	0.1033039850000000
1402	10.10800	2.2004313681575636	0.1276014400000000	0.0907426200000000
1405	10.10280	2.1921331538804738	0.1281108900000000	0.1295531150000000
1409	10.07350	2.2006228528520930	0.1437244750000000	0.0893523350000000
1418	10.04880	2.2002132882464327	0.1436826800000000	0.0928659600000000
1419	10.04880	2.2000624947363199	0.1435852550000000	0.0903712100000000
1420	10.04870	2.2227619265800991	0.2387371250000000	0.1199253250000000
1425	10.04410	2.2019932606930706	0.1500538000000000	0.0853971400000000
1426	10.01780	2.1998053415948422	0.1373199150000000	0.0931745500000000
1431	10.00540	2.1994199034644812	0.1401257400000000	0.1027457150000000
1436	9.94991	2.2026121706048380	0.1537210500000000	0.0988269750000000
1439	9.93271	2.1974663876301817	0.1654013950000000	0.0773864800000000
137	21.14770	2.1996132635108965	0.1358434950000000	0.0761351550000000
143	20.48610	2.2023454681237844	0.1456086700000000	0.1107087150000000
1440	9.90524	2.2004924758575992	0.1084047400000000	0.0695141450000000
1443	9.82061	2.1992917587334433	0.1415813650000000	0.0823778450000000
1445	9.80216	2.1755559926801311	0.1469366650000000	0.1084951800000000
1447	9.79928	2.2002516777478931	0.1445221000000000	0.0972640550000000
1449	9.79831	2.1995584918040842	0.1466353350000000	0.0958501800000000
1451	9.79801	2.1973631025932270	0.1487219800000000	0.0900484500000000
1456	9.79729	2.1840855704620492	0.1400088600000000	0.1168331300000000
1461	9.79620	2.2020780920603005	0.1559123650000000	0.0751200950000000
1467	9.79475	2.1994389057808004	0.1519342900000000	0.1009779600000000
1469	9.79345	2.2286821727124555	0.1999155850000000	0.1159885950000000
1471	9.79320	2.2002480201951591	0.1345185650000000	0.0818084700000000
1475	9.79288	2.3105052913978010	0.2232460650000000	0.0985176400000000
1477	9.79273	2.3749415070553703	0.2616608750000000	0.1178439350000000
1479	9.79166	2.3619648966763274	0.2984714450000000	0.1357172250000000
1483	9.79075	2.2015350293711373	0.1711295300000001	0.1282758650000000
1484	9.79041	2.1992990596136588	0.1348137550000000	0.1054574700000000
1485	9.79041	2.1997803438672054	0.1467899250000000	0.0957050850000000
1486	9.76395	2.2007582229165159	0.1466088950000000	0.0716155750000000
1490	9.72880	2.1968123591840163	0.1667581750000000	0.0551294700000000
1492	9.72526	2.1942601319278832	0.1603294500000000	0.0824433200000000
1493	9.72526	2.1993472676408121	0.1370576050000000	0.0799821250000000
1497	9.70935	2.2002187665041548	0.1588243150000000	0.0631120300000000
1503	9.67000	2.1985538847342512	0.1391973200000000	0.1025738550000000
1504	9.67000	2.2005916668161976	0.1546256500000000	0.1087940500000000
1505	9.67000	2.1997773460110190	0.1682100000000000	0.1067841600000000
1506	9.67000	2.2044155560003276	0.1592157100000000	0.0555796950000000
1507	9.67000	2.1997229407040333	0.1339000550000000	0.1025895150000000
1510	9.67000	2.1992863837028005	0.1406713500000000	0.0878924050000000
1515	9.66336	2.2009740340791959	0.1398742600000000	0.1059627100000000
1516	9.66178	2.1960741597930831	0.1558190600000000	0.0459442900000000
1518	9.66145	2.1990131486818245	0.1463605100000000	0.1008833450000000
1519	9.66145	2.2021210139317930	0.1530712750000000	0.0729825500000000
145	20.48180	2.1847900287815452	0.1418526450000000	0.1114098550000000
149	20.14810	2.1999774875162084	0.1371808650000000	0.0753847700000000
150	19.99580	2.1977400396810562	0.1366733400000000	0.1010681650000000
1523	9.66126	2.1993451495578613	0.1133455750000000	0.0538508000000000
1530	9.65958	2.2082933365489676	0.1577437500000000	0.1192486100000000
1535	9.65573	2.1994927216645066	0.1314353400000000	0.1028827900000000
1536	9.65484	2.2005939251729361	0.1664018300000000	0.0438620100000000
1538	9.65423	2.1983940916376028	0.1011302200000000	0.0620801800000000
1542	9.65411	2.2021118758915432	0.1417078000000000	0.0950795650000000
1543	9.65411	2.1985945420264961	0.1430152350000000	0.0853688350000000
1544	9.65409	2.2010958974655002	0.1462528500000000	0.0882783150000000
1552	9.63620	2.1981325556226121	0.1431541750000000	0.0842643950000000
1554	9.62796	2.2082413783822008	0.1613741800000000	0.1058240050000000
1561	9.61624	2.2059850479481717	0.1578523800000000	0.1054703050000000
1565	9.61424	2.2027057946601749	0.1514309650000000	0.1043720100000000
1566	9.61418	2.1950640033095343	0.1515096050000000	0.0876416950000000
1567	9.61418	2.2002253550993691	0.1423795500000000	0.0968975750000000
1571	9.60886	2.1987451432132086	0.1488276650000000	0.0989462850000000
1574	9.60673	2.1996437881664614	0.1486115300000000	0.0993315950000000
1575	9.60673	2.2004798828148338	0.1655243050000000	0.0847016800000000
1582	9.59930	2.1982449652790383	0.1434809950000000	0.0735417250000000
1586	9.59731	2.2016285894250096	0.1479090400000000	0.0941227100000000
1587	9.59731	2.1905248546592739	0.1497395950000000	0.0947158550000000
1592	9.59581	2.1993979252225890	0.1261845100000000	0.0972625850000000
1593	9.59581	2.1997096165730308	0.1430578000000000	0.1131889100000000
1594	9.59103	2.2005365053808035	0.1574271550000000	0.0662607550000000
1599	9.58949	2.2034586455164176	0.1511712750000000	0.0709479200000000
153	19.67710	2.1981321067773489	0.1393168600000000	0.0413735800000000
154	19.56700	2.1950577896589309	0.1384490250000000	0.0763051850000000
156	19.42160	2.2020558026504822	0.1422135750000000	0.0959984400000000
1603	9.58931	2.1823052296210634	0.1687243150000000	0.0965951600000000
1605	9.58891	2.1963964233008677	0.1430576150000000	0.1095406200000000
1606	9.58877	2.2001832388127216	0.1572700300000000	0.0933108050000000
1610	9.58849	2.1980356423439575	0.1551244600000000	0.1049754150000000
1612	9.58849	2.2008451160549378	0.1386387300000000	0.0797839550000000
1615	9.58828	2.2015438903473865	0.1585741300000000	0.0857715850000000
1621	9.58734	2.1981138989164228	0.1575190650000000	0.0827340300000000
1622	9.58663	2.2015519495824507	0.1392387600000000	0.1071392000000000
1625	9.58434	2.1985681750782575	0.1278991350000000	0.0879403900000000
1626	9.58386	2.2001829400560848	0.1460198750000000	0.0874265800000000
1635	9.58290	2.1997148538922189	0.1565645100000000	0.1046612850000000
1636	9.58269	2.2003326785542594	0.1510618750000000	0.0775579500000000
1639	9.58265	2.2043327149491119	0.1672080450000000	0.0819783200000000
1648	9.58048	2.2002275245867815	0.1513072700000000	0.0901415950000000
1653	9.57470	2.2726563182618666	0.2320756600000000	0.1199848800000000
1656	9.57149	2.1948916539763581	0.1439452800000000	0.0707182200000000
1659	9.57127	2.2011440388603103	0.1491571150000000	0.0907580850000000
1663	9.57023	2.1964223915068177	0.1612697300000000	0.1188529350000000
1669	9.56294	2.2066190675680173	0.1522936450000000	0.0370870450000000
1670	9.56051	2.2014396325594991	0.1459339400000000	0.1008437050000000
1674	9.55679	2.2012164885479799	0.1555996350000000	0.0956545750000000
1676	9.55202	2.1998694952165074	0.1546332250000000	0.0739857650000000
162	18.89830	2.1996527221239632	0.1352578000000000	0.0734895950000000
1680	9.54781	2.1997355799094942	0.0904916200000000	0.0664889100000000
1681	9.54781	2.2002007299113013	0.1497259200000000	0.0744033500000000
1682	9.54713	2.2009291401989031	0.1400739850000000	0.0644815550000000
1684	9.54687	2.1994820134028510	0.1516381350000000	0.0614832050000000
1687	9.53122	2.2004255434461846	0.1405172350000000	0.0968779250000000
1691	9.52965	2.1998883724822318	0.1270447500000000	0.1002374600000000
1692	9.52252	2.2015623885876421	0.1362467200000000	0.1047636400000000
1700	9.51255	2.1997297654759174	0.1505082400000000	0.0957878650000000
1703	9.51053	2.1996221857094449	0.1052122700000000	0.0605812950000000
1705	9.50834	2.1992196882840105	0.1513765300000000	0.0893363450000000
1707	9.50603	2.2014724497779157	0.1576941200000000	0.0993758650000000
1712	9.50220	2.2008795520985518	0.1341322800000000	0.0899527750000000
1717	9.49425	2.2049611340514472	0.1729811700000000	0.0892139650000000
1719	9.48606	2.2025095230482856	0.1485306150000000	0.0891370050000000
1721	9.48442	2.2016698189763013	0.1464847400000000	0.0701269050000000
1722	9.48286	2.2010136569189833	0.1379862150000000	0.0701512300000000
1728	9.47319	2.2018331673067726	0.1359859250000000	0.0678589900000000
1729	9.47319	2.2972337702272743	0.2273506600000000	0.1119627950000000
1731	9.46280	2.2015428702299658	0.1379924500000000	0.0968246100000000
1734	9.45239	2.2002640217004474	0.1397161250000000	0.1042120150000000
1736	9.45130	2.1990850070008667	0.1428872350000000	0.0917220900000000
1739	9.43735	2.1977780734985868	0.1494410800000000	0.0879348150000000
1744	9.36392	2.1990977448577977	0.0991056850000000	0.0769187000000000
1747	9.36075	2.1980568154524693	0.1291406600000000	0.0964255650000000
1749	9.33968	2.1994441942346716	0.1418133450000000	0.0893092800000000
1750	9.32657	2.2023513374067099	0.1234970500000000	0.0375699050000000
1754	9.30364	2.2823415762378203	0.2632994750000000	0.1482052000000000
1757	9.30095	2.2078637744823419	0.1809454400000000	0.0322315900000000
1758	9.29419	2.2004163342398262	0.1426917950000000	0.0777084300000000
168	18.56780	2.2133108147732470	0.1878015150000000	0.0744923950000000
169	18.56780	2.1993030639213353	0.1421816900000000	0.0895884150000000
170	18.56620	2.1997090613841812	0.1399351500000000	0.0759416450000000
171	18.56620	2.1991586528761906	0.1603166900000000	0.0819730400000000
175	18.33440	2.2005277224315161	0.1203088750000000	0.0503164200000000
1760	9.29040	2.2176435570793487	0.2155067600000000	0.1082990900000000
1764	9.28328	2.1998207785324126	0.1642112450000000	0.1293294400000000
1767	9.27618	2.2001132284252041	0.1488260900000000	0.0805054150000000
1769	9.27601	2.2035494104260152	0.1589180400000000	0.0854611500000000
1773	9.27202	2.1991798992941227	0.1086790300000000	0.0968530200000000
1775	9.27078	2.2049726525101336	0.1760871800000000	0.0793715550000000
1782	9.25991	2.2000658090873850	0.1194860750000000	0.0964980300000000
1786	9.25823	2.1981251153042960	0.1357016000000000	0.0961644050000000
1788	9.25791	2.2287873951719965	0.1829476200000000	0.1336510600000000
1796	9.25601	2.2001509799501160	0.1561477400000000	0.0881473100000000
1798	9.25564	2.1996771662416248	0.1240726650000000	0.0678817500000000
1803	9.25402	2.1999529572021173	0.1327325500000000	0.0957091900000000
1804	9.25320	2.2003780970881586	0.1200533850000000	0.1028330250000000
1805	9.25320	2.1998778219921746	0.1446632350000000	0.0665666200000000
1806	9.25229	2.2013679842104854	0.1703379650000000	0.0631586350000000
1808	9.25199	2.1998921385584636	0.1087632050000000	0.0824512700000000
1814	9.24858	2.1999450762006525	0.1207376000000000	0.0696358950000000
1823	9.24404	2.1985495093540517	0.1373340050000000	0.0977178500000000
1826	9.24000	2.1975032473248053	0.1620552750000000	0.0744285400000000
1827	9.24000	2.2015608374638362	0.1530673350000000	0.0517306350000000
1832	9.24000	2.2167806427103796	0.1777018000000000	0.0737273700000000
1833	9.24000	2.1986378034001928	0.1448579400000000	0.0804898950000000
1835	9.24000	2.2008577643760319	0.1352451750000000	0.0931521350000000
176	18.28240	2.1966287852379800	0.1454189350000000	0.1069917000000000
181	17.96190	2.1986316203611946	0.1263123150000000	0.0937040050000000
183	17.81420	2.2562910340006637	0.2171653300000000	0.1288670750000000
1840	9.24000	2.2002547039385014	0.1577427200000000	0.0624895600000000
1846	9.24000	2.1990723344965377	0.1411296900000000	0.0839957400000000
1850	9.24000	2.1986093425529551	0.1180518000000000	0.1006986750000000
1853	9.24000	2.2015012636393996	0.1536634500000000	0.0999369150000000
1854	9.24000	2.2613951535578938	0.1858364650000000	0.0997560350000000
1856	9.24000	2.2005692616558497	0.1681650100000000	0.0644708450000000
1865	9.23790	2.1998125587239845	0.1450826250000000	0.0702656300000000
1870	9.23551	2.1924900324365022	0.1443258150000000	0.1233022650000000
1871	9.23551	2.2006427464347751	0.1542419050000000	0.0971578250000000
1872	9.23523	2.2000568936242737	0.1336777150000000	0.0915896350000000
1874	9.23490	2.1986208482508287	0.1341208950000000	0.1057140600000000
1875	9.23490	2.1986102859523253	0.1235287650000000	0.0812310200000000
1878	9.23309	2.2051746899702418	0.1601248250000000	0.0850261950000000
1879	9.23309	2.2002446325372751	0.1445429650000000	0.0851063100000000
1880	9.23250	2.1981401669668474	0.1474555100000000	0.0994650050000000
1881	9.23250	2.2004315534508745	0.1524694200000000	0.0789821400000000
1882	9.23219	2.1973451895618199	0.1599332350000000	0.1195834850000000
1885	9.23106	2.2016564672813943	0.1114605100000000	0.0559758200000000
1886	9.23095	2.1996953288800212	0.1364549750000000	0.1020133000000000
1890	9.22622	2.1995614383802344	0.1656887700000000	0.1028210500000000
1893	9.22493	2.1970405968878031	0.1496798200000000	0.0695764450000000
1900	9.21053	2.1986087456954215	0.1201958050000000	0.0886755000000000
1901	9.21053	2.1976159869123721	0.1393435050000000	0.0967319100000000
1906	9.18684	2.1983780305931080	0.1495588850000000	0.1020063150000000
1908	9.18574	2.3129386481336698	0.2550706300000000	0.1216250550000000
1910	9.18173	2.2013250738236811	0.1069887200000000	0.0554903100000000
1911	9.18173	2.1998071285757992	0.1385617450000000	0.0981798300000000
1914	9.18130	2.1862165266696412	0.1626160650000000	0.1076973350000000
1916	9.18058	2.3677557715340098	0.2674349850000000	0.1489491550000000
184	17.79570	2.1955133841419849	0.1580898600000000	0.0716768750000000
185	17.79570	2.1995564182436254	0.1384611250000000	0.0908645350000000
189	17.79230	2.2006025873863568	0.1060190150000000	0.0830674250000000
190	17.77460	2.2001933015428676	0.1424729000000000	0.0902926800000000
191	17.77460	2.1985873581476514	0.1153659050000000	0.0743362000000000
1922	9.17791	2.1997443735723992	0.1265486350000000	0.0818558050000000
1923	9.17791	2.1977841605010773	0.1466634800000000	0.1058968450000000
1924	9.17773	2.1997432342547447	0.1374223550000000	0.0845815950000000
1925	9.17773	2.2019798814438878	0.1354912000000000	0.0893286700000000
1931	9.17523	2.1995836895103120	0.1459691150000000	0.0934628250000000
1933	9.17417	2.2003877051687897	0.1361400700000000	0.0995720200000000
1934	9.17355	2.2002114325387172	0.1352791600000000	0.0903912350000000
1939	9.17204	2.2002346835084512	0.1414692600000000	0.0656874050000000
1946	9.16072	2.1985803309335976	0.1147013350000000	0.0729214800000000
1949	9.15790	2.1996709405983572	0.1530133850000000	0.1010846050000000
1950	9.15340	2.2014185856558499	0.1536168200000000	0.0765364450000000
1953	9.15240	2.2004069428203579	0.1339112300000000	0.0994534800000000
1962	9.14000	2.3606177670098640	0.2704478700000000	0.1335507000000000
1964	9.14000	2.1999613006715037	0.1309229150000000	0.0898550750000000
1968	9.14000	2.4815646795473065	0.2310912800000000	0.1376343500000000
1970	9.14000	2.1997463091847433	0.0910089700000000	0.0508229150000000
1979	9.14000	2.2003885620174017	0.1363573650000000	0.0976668150000000
1983	9.14000	2.2002037983596825	0.1517080350000000	0.0968439850000000
1984	9.14000	2.3053973870702005	0.2801536750000000	0.1775418650000000
1989	9.14000	2.2015071213611108	0.1386634200000000	0.0851562550000000
1990	9.14000	2.1991370483267993	0.1434486850000000	0.0810174150000000
1991	9.14000	2.2003655754736240	0.1542429150000000	0.1147952000000000
1993	9.14000	2.2040265271381334	0.1385685650000000	0.0939107050000000
1996	9.14000	2.1993641919923341	0.1285933400000000	0.0735625600000000
192	17.71340	2.2001857967381366	0.1679982350000000	0.0599607850000000
193	17.71340	2.1999789508827106	0.1477269350000000	0.0816531850000000
194	17.70800	2.2001803009085252	0.1384659100000000	0.0824986550000000
198	17.62660	2.2015488642275454	0.1453597550000000	0.0826723600000000
199	17.62660	2.2006719174461153	0.1451780250000000	0.0882531600000000
2003	9.14000	2.1979067559535963	0.1363450650000000	0.0880442050000000
2013	9.13558	2.2015244441213944	0.1487867150000000	0.0895188900000000
2020	9.13287	2.2012093824672623	0.1237937450000000	0.0699256450000000
2021	9.13287	2.1979747172747954	0.1336749550000000	0.1163215350000000
2022	9.13245	2.2015877539642452	0.1605839650000000	0.0794163550000000
2024	9.13204	2.1985089211030115	0.1283396600000000	0.0897678650000000
2025	9.13204	2.1976583088764614	0.1630690100000000	0.0731812250000000
2026	9.13189	2.4380497107269354	0.3251414750000000	0.1007105550000000
2030	9.11916	2.1997321362009612	0.1538564050000000	0.0384324600000000
2036	9.10508	2.2020634721831214	0.1354542300000000	0.0961984100000000
2038	9.10369	2.1959580083718255	0.1440503550000000	0.0692622600000000
2046	9.05605	2.1977877048193397	0.1354479650000000	0.1129385850000000
2048	9.04366	2.2002702367003821	0.1486662500000000	0.0855373700000000
2055	9.03638	2.2006288119897217	0.1326090200000000	0.0787283100000000
2056	9.03142	2.2066181616500335	0.1775204500000000	0.0546053600000000
2060	9.02477	2.2015085433356707	0.1294657800000000	0.0947230150000000
2061	9.02477	2.1971029329896661	0.1378821350000000	0.0849093800000000
2064	9.02211	2.1994284455638713	0.1314691500000000	0.0738965700000000
2068	9.02041	2.2014893401365114	0.1467103900000000	0.1054996800000000
2069	9.02041	2.2220010362013727	0.1664676550000000	0.1002500000000000
2070	9.02039	2.2010158880084072	0.1170036350000000	0.0652990200000000
2073	9.02018	2.1998073825551270	0.1535649750000000	0.0717929250000000
2076	9.01653	2.2016808886418371	0.1262303100000000	0.0914376350000000
2078	9.01625	2.1985890290495376	0.1612756150000000	0.0647585850000000
2079	9.01625	2.1997346399636819	0.1409466500000000	0.0730422350000000
200	17.62620	2.2002699780288189	0.1444981400000000	0.0920631750000000
2080	9.01619	2.2390363047749364	0.2003793750000000	0.0923301000000000
2082	9.01556	2.2029173349259858	0.1519078600000000	0.0796136000000000
2083	9.01556	2.2020459093480160	0.1479424650000000	0.0503571800000000
2087	9.01160	2.1990914079997981	0.1565779950000000	0.0843344800000000
2096	9.00734	2.1995209238204554	0.1587488950000000	0.1007177200000000
2104	9.00246	2.1962919147776736	0.1330036100000000	0.0950440100000000
2107	9.00214	2.1991762881139367	0.1259791350000000	0.0471904300000000
2108	9.00062	2.2004970263274166	0.1518164550000000	0.0976101000000000
2111	9.00011	2.1996718563216366	0.1472565350000000	0.1167623000000000
2113	8.99981	2.1961609781510507	0.1363369950000000	0.1028495400000000
2116	8.99874	2.1971567792929427	0.1639705100000000	0.1164150700000000
2119	8.99850	2.1972845941842283	0.1613185150000000	0.0839981900000000
2121	8.99556	2.2010976171347245	0.1276026300000000	0.0700350650000000
2123	8.99535	2.2124249718660609	0.1802632650000000	0.0740141400000000
2124	8.99371	2.2000515156269289	0.1079848450000000	0.0442676900000000
2127	8.99142	2.2020751945306380	0.1615823100000000	0.1255099350000000
2129	8.99078	2.2650180848901553	0.2151102600000000	0.1206927900000000
2130	8.98943	2.2007937810551206	0.1217390950000000	0.0694891750000000
2133	8.98853	2.2187608117787319	0.1892237200000000	0.1337823600000000
2136	8.98743	2.2030239457218221	0.1634080800000000	0.0897923100000000
2141	8.98605	2.2021732026585621	0.1596371200000000	0.0892313750000000
2145	8.98373	2.1943092355365206	0.1351565850000000	0.1076963600000000
2149	8.98311	2.2006154920758561	0.1245005100000000	0.1121435800000000
2151	8.98274	2.2240156394443495	0.1819813250000000	0.1385556400000000
2152	8.98141	2.1833213898704655	0.1753320800000000	0.0987142650000000
2157	8.98000	2.1990287679300513	0.1247022850000000	0.0994256300000000
208	17.18240	2.2007235837211714	0.1434531000000000	0.0792311600000000
209	17.18240	2.2004612870416591	0.1313647750000000	0.1077988000000000
211	17.07690	2.2002674387025776	0.1404160800000000	0.1124213950000000
212	17.05300	2.2035895502639598	0.1551709550000000	0.0955565600000000
213	17.05300	2.1982335319534232	0.1176752000000000	0.0827947050000000
215	17.02200	2.1971901319762770	0.1407003650000000	0.1047090550000000
2162	8.98000	2.2825102682658187	0.2185132850000000	0.0936256050000000
2163	8.98000	2.1985680358847959	0.1313519800000000	0.0633186600000000
2169	8.98000	2.2286998665269877	0.1919275800000000	0.0597680250000000
2170	8.98000	2.2012827442054648	0.1545256750000000	0.0513589700000000
2173	8.98000	2.1986153263309487	0.1250265150000000	0.0608812700000000
2174	8.97946	2.2001726468631624	0.1173963200000000	0.0607602700000000
2178	8.97489	2.2000225107975813	0.1471976000000000	0.0783205700000000
2184	8.97257	2.2002898108661735	0.1400179600000000	0.0701880350000000
2185	8.97257	2.2002675786789716	0.1547265950000000	0.0835210450000000
2187	8.97180	2.1982380595675122	0.1112643850000000	0.0916927000000000
2188	8.96911	2.1988096639688544	0.0947567850000000	0.0736180200000000
2189	8.96911	2.2012333175777070	0.1321303400000000	0.0489137100000000
2191	8.96742	2.2007625847869146	0.1432265300000000	0.0864003900000000
2198	8.95967	2.2007856701942834	0.1401288700000000	0.0939620850000000
2201	8.95899	2.1950815481314292	0.1525655650000000	0.0878990200000000
2205	8.95765	2.2005847727104961	0.1647231650000000	0.0768783050000000
2207	8.95637	2.2015152825697162	0.1342287900000000	0.0984738400000000
2210	8.95605	2.2008003133892502	0.1507752800000000	0.0566511600000000
2220	8.95361	2.1975231288690633	0.1400965100000000	0.1001247000000000
2221	8.95361	2.2128066957347192	0.1388339000000000	0.0515639850000000
2224	8.95254	2.2022955537863309	0.1566483350000000	0.0719525400000000
2225	8.95254	2.2015896982865946	0.1490553600000000	0.1137478900000000
2226	8.95171	2.2002626293110148	0.1471305750000000	0.0912110050000000
2230	8.95019	2.3600748666478308	0.2387798450000000	0.0667610700000000
2232	8.95018	2.1863747924085475	0.1533876150000000	0.1201578900000000
2236	8.94681	2.1971666235688923	0.1462819100000000	0.0998829100000000
218	16.98050	2.1995418198389816	0.1496242850000000	0.0694186900000000
221	16.93270	2.1875507034712407	0.1147246250000000	0.1069246900000000
2243	8.93885	2.2010008129788905	0.1308323450000000	0.0481968300000000
2244	8.93734	2.2014130157427636	0.1308215400000000	0.0803477250000000
2246	8.93637	2.2012078462161289	0.1361341850000000	0.1035637250000000
2247	8.93637	2.2034493496909655	0.1491571700000000	0.0692044600000000
2249	8.93547	2.2004141644771429	0.1503036450000000	0.0809473200000000
2250	8.93344	2.2251037366180286	0.1674070000000000	0.0984109450000000
2251	8.93344	2.2497430922405286	0.1866160600000000	0.1168666250000000
2253	8.93060	2.2005714099471265	0.1511689450000000	0.1138887900000000
2255	8.92967	2.2005688079998627	0.1492526400000000	0.0760683450000000
2256	8.92952	2.2048682414100047	0.1471530850000000	0.0945159150000000
2263	8.92661	2.1963245053392098	0.1628151100000000	0.0597107750000000
2265	8.92659	2.2022624492543548	0.1479872450000000	0.0922914550000000
2266	8.92619	2.1967868772573782	0.1559801550000000	0.0746717100000000
2268	8.92463	2.2065994416146304	0.1529462650000000	0.1079281750000000
2270	8.92413	2.1908345287595146	0.1483066800000000	0.0830551350000000
2271	8.92413	2.2081256357771850	0.1583132900000000	0.1319040800000000
2273	8.92381	2.2014998022485388	0.1178885750000000	0.0504093750000000
2274	8.92358	2.1949762650545575	0.1434134100000000	0.1048317050000000
2275	8.92358	2.1975620508466442	0.1526291600000000	0.0851483750000000
2278	8.92315	2.2006410956056670	0.1299448200000000	0.0951214750000000
2281	8.92279	2.1982477410427044	0.1414964350000000	0.1066853350000000
2288	8.91786	2.2022761945980687	0.1370718950000000	0.0876162400000000
2289	8.91786	2.1993457096118791	0.1357245300000000	0.0450274950000000
2291	8.91596	2.1996424385922464	0.1313020150000000	0.0725077600000000
2293	8.91512	2.2021315028387329	0.1405987700000000	0.0934480650000000
2295	8.91384	2.1972460730167076	0.1534018300000000	0.0597579600000000
2296	8.91245	2.1916038589728273	0.1442054300000000	0.1003484450000000
2299	8.90797	2.2060692609353310	0.1572338000000000	0.0997882400000000
2304	8.89888	2.2015406923630616	0.1231433950000000	0.0515536600000000
2306	8.89326	2.2027724785451177	0.1426334550000000	0.0818958600000000
2307	8.89326	2.2011030368542852	0.1409256550000000	0.1072046950000000
2312	8.87436	2.2014241344913277	0.1598995850000000	0.1072492950000000
2313	8.87436	2.2014512932573496	0.1572083150000000	0.1270474650000000
2315	8.87192	2.2002153549196009	0.1257216900000000	0.1002480400000000
2317	8.87173	2.2020956821767776	0.1289753500000000	0.1007770100000000
2319	8.86814	2.1980312562162592	0.1232601750000000	0.0844351350000000
227	16.88770	2.2008840116793889	0.1574815150000000	0.0992306850000000
228	16.88760	2.1996916707398566	0.1532119800000000	0.0842243250000000
230	16.86680	2.2005428778938212	0.1565511350000000	0.0745978050000000
2330	8.85054	2.1993663836892328	0.1092406750000000	0.0506518500000000
2343	8.83638	2.2066854381876619	0.1601358400000000	0.0955538700000000
2348	8.82689	2.2020364185126993	0.1473309550000000	0.1045273100000000
2349	8.82689	2.2003550766005673	0.1394827800000000	0.0845425500000000
2350	8.82364	2.2005478015662701	0.1534805400000000	0.0670513450000000
2351	8.82364	2.2207691596018266	0.1760250850000000	0.1090513500000000
2353	8.81628	2.1981927774576597	0.1417257800000000	0.0777840200000000
2354	8.81623	2.1956222358466118	0.1696185100000000	0.0678087900000000
2356	8.81004	2.1993012216331445	0.1420080450000000	0.0921680450000000
2362	8.80658	2.2021564517230532	0.1418957300000000	0.0463916800000000
2363	8.80658	2.2003596287163889	0.1221569050000000	0.0957103900000000
2367	8.80448	2.2475038370847540	0.1983818700000000	0.1168950750000000
2368	8.79150	2.2225512108137062	0.1579326900000000	0.1325067100000000
2370	8.78437	2.2003131070833843	0.1865755000000000	0.1303771000000000
2371	8.78437	2.1995410151511723	0.1279744050000000	0.1036720100000000
2374	8.77878	2.2000874805604322	0.1494127150000000	0.0937363650000000
2375	8.77878	2.1997600454293749	0.1474487200000000	0.0968366700000000
2376	8.77192	2.1995834688572100	0.1444341600000000	0.0868512650000000
2378	8.75648	2.1986665840990032	0.1299147350000000	0.0610941850000000
2381	8.75301	2.2015945234063397	0.1235294100000000	0.0692818500000000
2383	8.74242	2.3592627388547704	0.2714927850000000	0.1232715850000000
2384	8.74216	2.1970848566252954	0.1677720300000000	0.0413648350000000
2391	8.73721	2.2245898585106199	0.1887302750000000	0.0939336000000000
2392	8.73275	2.2001105213229333	0.1499789350000000	0.0915760250000000
2394	8.72981	2.1987145779430617	0.1423956900000000	0.0831097050000000
2399	8.71645	2.2014429472725330	0.1513005200000000	0.0948792050000000
235	16.86370	2.2014212640461106	0.1567252100000000	0.1081295400000000
237	16.81790	2.1997627109151594	0.1459205250000000	0.1092888650000000
239	16.79440	2.1999618090504178	0.1444165100000000	0.0426267200000000
22	98.06700	2.1996442273141446	0.1629034750000000	0.0901533850000000
2402	8.70886	2.1978347423476192	0.1445248400000000	0.0899863400000000
2404	8.70243	2.2004724905358874	0.1544098450000000	0.0921710900000000
2405	8.70243	2.2125685900051453	0.1767068650000000	0.0819968800000000
2408	8.69451	2.2003266261141761	0.1583341750000000	0.0642353450000000
2409	8.69451	2.2003033470772779	0.1397100350000000	0.1104781100000000
2415	8.67928	2.1999814127283650	0.1549114150000000	0.0594257650000000
2416	8.66682	2.2015665417143482	0.1103613050000000	0.1183255350000000
2418	8.66452	2.1569011441936343	0.2388326400000000	0.1154453500000000
2425	8.64481	2.2020777682089072	0.1402178800000000	0.1054626300000000
2427	8.64296	2.1875579503071205	0.1583338350000000	0.0575001500000000
2429	8.64137	2.1992023366027538	0.1518978950000000	0.0854532350000000
2431	8.62991	2.2039002201301781	0.1574167350000000	0.0869793900000000
2432	8.62916	2.2009117664560214	0.1443167450000000	0.0913160350000000
2433	8.62916	2.2001168298014235	0.1507262500000000	0.1034337500000000
2434	8.62915	2.1996461250801786	0.1370633150000000	0.0784814650000000
2438	8.62822	2.3132700002052902	0.2210525350000000	0.1313452200000000
2440	8.62799	2.2015026338270203	0.1380435750000000	0.0854365850000000
2441	8.62799	2.2019899836187262	0.1365746250000000	0.1098753450000000
2451	8.62547	2.2013789185601897	0.1545151000000000	0.0963841550000000
2452	8.62537	2.1964192096496240	0.1485616600000000	0.0585327950000000
2454	8.62494	2.2047849503787633	0.1380245250000000	0.1120205200000000
2460	8.62151	2.2008657092074708	0.1113060550000000	0.0753361800000000
2463	8.62143	2.2015507671202497	0.1468812550000000	0.0919945050000000
2464	8.62139	2.1996568043875113	0.1364883800000000	0.0925299000000000
2465	8.62139	2.2000980064224320	0.1470924250000000	0.1143318200000000
2468	8.61871	2.1984902362737917	0.1606500800000000	0.1063872650000000
2469	8.61871	2.2008110941180723	0.1334443450000000	0.1009876650000000
2472	8.59504	2.1999297694883548	0.1430028500000000	0.0966049250000000
2477	8.58354	2.2021708550667944	0.1570131250000000	0.0994996550000000
2478	8.57884	2.1997751333887603	0.1237757650000000	0.0712266050000000
2479	8.57884	2.1803490820759537	0.1053894250000000	0.1151107300000000
245	16.67950	2.2077456870524443	0.1587712300000000	0.0687103600000000
2485	8.55654	2.2005086669514644	0.1393113500000000	0.0842637950000000
2488	8.54109	2.2009603957173889	0.1562750800000000	0.1073124150000000
2489	8.54109	2.1887759003089813	0.2065403300000000	0.0964697200000000
2492	8.53909	2.1925235569737271	0.1631600400000000	0.1187785800000000
2498	8.53773	2.2021900428267118	0.1454753300000000	0.0845265350000000
2506	8.53691	2.2021555955253946	0.1307920000000000	0.0662590850000000
2511	8.53659	2.2015540397743512	0.1487734300000000	0.0926130700000000
2513	8.53601	2.1988411902193232	0.1619313800000000	0.0791960400000000
2515	8.53595	2.1984269459564469	0.1659778250000000	0.0563536500000000
2522	8.53153	2.1973287977881721	0.1324555900000000	0.0980103100000000
2527	8.52658	2.1969995909140749	0.1477486850000000	0.0960736300000000
2529	8.52617	2.1824137721515986	0.1758380450000000	0.0380820450000000
2533	8.51847	2.1998056371019854	0.1284689850000000	0.1019272650000000
2536	8.51130	2.2012328369128253	0.1488153100000000	0.0905323300000000
2537	8.51130	2.2006290269651139	0.1272625300000000	0.0746498050000000
2542	8.49075	2.2008057530384497	0.1352465150000000	0.0924728650000000
2543	8.49075	2.2008656948554508	0.1395193400000000	0.0711584300000000
2544	8.48967	2.2013504941368458	0.1490961350000000	0.0826388350000000
2551	8.48000	2.2092925816834401	0.1650834900000000	0.0871618600000000
2558	8.48000	2.1994443891679953	0.1581358550000000	0.0561320400000000
248	16.57590	2.2027832462999681	0.1617071450000000	0.0422920000000000
249	16.57590	2.1985965457755325	0.1397522700000000	0.0903439200000000
250	16.51990	2.2007707827848337	0.1485585700000000	0.0830601250000000
251	16.51990	2.1985787975134432	0.1506293450000000	0.0640597950000000
253	16.50140	2.1990819525140761	0.1435717400000000	0.0843709250000000
2560	8.48000	2.2029367862409956	0.1532775300000000	0.0890053350000000
2561	8.48000	2.2011760944844720	0.1382403000000000	0.0877853300000000
2567	8.48000	2.1985985719529411	0.1176302300000000	0.0910960900000000
2569	8.48000	2.1992093734776117	0.1414204150000000	0.1154567700000000
2570	8.47797	2.1886267494819132	0.1646155450000000	0.0886714650000000
2578	8.46680	2.2019108322344438	0.1433583100000000	0.1009667450000000
2580	8.46656	2.1792246908384048	0.1427931700000000	0.1338245450000000
2586	8.46000	2.2042241731989853	0.1724153400000000	0.0533351850000000
2587	8.46000	2.1985446611034525	0.1443796150000000	0.0716261300000000
2589	8.44800	2.2017742789187911	0.1334434650000000	0.0962821950000000
2597	8.43458	2.1981379355315931	0.1183788600000000	0.0942386150000000
2601	8.42770	2.2018863711705339	0.1425938350000000	0.0949136250000000
2603	8.42299	2.2019380722973763	0.1366499600000000	0.1111080750000000
2609	8.41614	2.2015208055046749	0.1479430600000000	0.0578020650000000
2614	8.40334	2.2005187531936796	0.1530443900000000	0.0834228850000000
2615	8.40334	2.1986422376713799	0.1443035800000000	0.1217263150000000
2617	8.40227	2.1916445699543083	0.1548947000000000	0.1274659200000000
2619	8.39487	2.2020429254512486	0.1569322300000000	0.0887447850000000
2620	8.39137	2.2015372657163388	0.1217964950000000	0.0605346650000000
2623	8.38740	2.2231225966010308	0.1747764500000000	0.0743660800000000
2624	8.38712	2.2022802618767141	0.1576003800000000	0.0945212100000000
2625	8.38712	2.2019244276339385	0.1390471050000000	0.0913864250000000
2627	8.38446	2.2306373037703708	0.1730216600000000	0.0838684800000000
2633	8.37012	2.1978597169980612	0.1476427350000000	0.0963539050000000
2634	8.36918	2.2075812210267403	0.1622131250000000	0.1297985900000000
2635	8.36918	2.2488170269975596	0.2138776950000000	0.0753778500000000
2638	8.36731	2.2001351182645212	0.1299773600000000	0.1093631150000000
257	16.45850	2.2002774552574955	0.1507866350000000	0.0759294850000000
258	16.44450	2.2197654553427921	0.1817003550000000	0.0377221500000000
2640	8.36730	2.1960017754299619	0.1482890550000000	0.1170403250000000
2643	8.36655	2.2006462757922129	0.1370815650000000	0.0951020300000000
2647	8.36622	2.2022730182591093	0.1490669400000000	0.0743526300000000
2650	8.36541	2.2002629165523917	0.1418280500000000	0.0799325150000000
2655	8.36483	2.1982382777579339	0.0842513500000000	0.0830019400000000
2656	8.36471	2.2010359715380390	0.1590360500000000	0.1275695650000000
2666	8.35941	2.2005579417161814	0.1427473750000000	0.0812045550000000
2667	8.35941	2.2016993215865819	0.1492735250000000	0.0844863500000000
2674	8.35100	2.1847676488809133	0.1187187150000000	0.1233618800000000
2675	8.35100	2.1991895549194176	0.1429682050000000	0.0760162600000000
2677	8.34964	2.1993052144371181	0.1434875600000000	0.0940121700000000
2680	8.34857	2.2040968065057482	0.1639144750000000	0.0506329500000000
2681	8.34857	2.2016216546567353	0.1409820150000000	0.0934247100000000
2682	8.34790	2.2008455960578384	0.1307933400000000	0.0642382300000000
2683	8.34790	2.2010347582847856	0.1556869150000000	0.0942270150000000
2684	8.34776	2.2019737410657458	0.1267932250000000	0.1032298250000000
2686	8.34726	2.2129805948011110	0.1746968350000000	0.1099450900000000
2687	8.34726	2.2010065103084879	0.1313678200000000	0.0870490900000000
2696	8.34384	2.1986902391755390	0.1532407050000000	0.0657833050000000
2697	8.34384	2.2053564110328536	0.1687078200000000	0.0701340300000000
2705	8.34054	2.1981777812987833	0.1068357100000000	0.0794652650000000
2706	8.33796	2.1953432086065843	0.1417322650000000	0.0899045350000000
2707	8.33796	2.2020451715689213	0.1290683250000000	0.1175314250000000
2709	8.33427	2.2015587296081018	0.1479184700000000	0.0828106350000000
2712	8.32388	2.2012196684790410	0.1221204200000000	0.1104510650000000
2717	8.31924	2.2021205167473155	0.1414097350000000	0.0816138300000000
265	16.21370	2.2515445944184629	0.1897437500000000	0.0944803100000000
268	16.15410	2.1999150563023324	0.1576615550000000	0.0879149050000000
270	16.15400	2.2105434921824139	0.1704094700000000	0.1078925200000000
271	16.15400	2.1914521816308379	0.1503916250000000	0.1154958050000000
2720	8.30884	2.2009149668635688	0.1408996050000000	0.0932602600000000
2722	8.30872	2.2005316498335525	0.1401537050000000	0.0791036150000000
2723	8.30872	2.2038665921134135	0.1595778850000000	0.0421317150000000
2724	8.30642	2.1996584912730062	0.1367853600000000	0.0843759750000000
2725	8.30642	2.4259389872232395	0.2724268100000000	0.0568222550000000
2727	8.30497	2.2002195422627020	0.1600934100000000	0.0607200150000000
2728	8.30123	2.2008522066816960	0.1485726550000000	0.0955141850000000
2734	8.27979	2.1887652356581881	0.1617171550000000	0.1320438650000000
2736	8.27930	2.1823188148215484	0.1540917900000000	0.0859967500000000
2751	8.27016	2.1999555881173931	0.1514865150000000	0.0712247350000000
2758	8.26374	2.2015416366565255	0.1581165700000000	0.0975280550000000
2764	8.25435	2.2244585970639443	0.1930292050000000	0.1103041750000000
2765	8.25435	2.2002102231279896	0.1524222600000000	0.0752655250000000
2766	8.24826	2.1980221690060437	0.1199540150000000	0.0646244800000000
2771	8.24336	2.1709391165234710	0.1872319800000000	0.1409041450000000
2772	8.23918	2.1916519337395277	0.1392036000000000	0.0871239350000000
2774	8.23870	2.1948011930503704	0.1647739450000000	0.1157581450000000
2778	8.23466	2.2005427704781724	0.1381984950000000	0.1101383600000000
2779	8.23466	2.2018722763105392	0.1606530650000000	0.0740374300000000
2781	8.23239	2.1989501401977520	0.1226192950000000	0.0956074700000000
2782	8.22956	2.3580169749696833	0.2550349050000000	0.1442116600000000
2783	8.22956	2.2016947829724174	0.1334307400000000	0.0985651350000000
2786	8.22882	2.2059029265458805	0.1610284750000000	0.1250021500000000
2787	8.22882	2.1975027899205806	0.1586274400000000	0.0701307350000000
2788	8.22517	2.1998923601619826	0.1427541200000000	0.0730827200000000
2792	8.22157	2.2107729571138179	0.1682435100000000	0.0866081700000000
2793	8.22157	2.2148146724300615	0.1844117850000000	0.1105174400000000
2795	8.21916	2.2010683391478691	0.1070672500000000	0.1057830550000000
274	16.00470	2.2011353799319275	0.1433673300000000	0.1019796450000000
275	16.00470	2.2007113948026302	0.1384721700000000	0.0629107400000000
278	15.81910	2.1926743241288604	0.2950340500000000	0.1372312350000000
279	15.81910	2.2771149921447780	0.2447843100000000	0.1462213300000000
2800	8.21535	2.2973188567258269	0.2095263100000000	0.1039533350000000
2802	8.21484	2.2003722347635528	0.1383524150000000	0.0930372600000000
2803	8.21484	2.1995086200207976	0.1496358050000000	0.0896017150000000
2806	8.20236	2.2000534604539399	0.1136288000000000	0.0781439550000000
2807	8.20236	2.2009265881454767	0.1429064800000000	0.0920699400000000
2808	8.20000	2.2019557512498165	0.1369477900000000	0.0780605900000000
2813	8.20000	2.2014932623091958	0.1503182250000000	0.0969442950000000
2815	8.20000	2.1978590869402703	0.1064121300000000	0.0722729850000000
2816	8.20000	2.2028968226443895	0.1612507150000000	0.0333398850000000
2818	8.20000	2.2006893997668473	0.1333878600000000	0.0891579750000000
2819	8.20000	2.1977454987883149	0.1577071900000000	0.1210767300000000
2820	8.20000	2.2002469594458471	0.1534404150000000	0.0675870900000000
2822	8.20000	2.3904885709331611	0.2499774550000000	0.0924903350000000
2823	8.20000	2.1980741983560379	0.1337907500000000	0.0777256550000000
2827	8.20000	2.1955036693466088	0.1584040350000000	0.0694450700000000
2830	8.20000	2.2018702126298551	0.1573693750000000	0.0490936050000000
2832	8.20000	2.2015462841403783	0.1385271500000000	0.0907551950000000
2836	8.20000	2.2020687908346965	0.1546054150000000	0.0940117350000000
2837	8.20000	2.1899217256915553	0.1535132400000000	0.1182694500000000
2841	8.19420	2.2025231718464005	0.1622380900000000	0.1062885300000000
2842	8.19382	1.8132070928083177	0.1710488000000000	0.2411009850000000
2843	8.19382	2.2011084969786969	0.1322570450000000	0.0757250850000000
2844	8.19066	2.2015258528506143	0.1609205000000000	0.0849074100000000
2848	8.18384	2.1985504398011462	0.1454025150000000	0.0705133200000000
2858	8.16935	2.1971948141474926	0.1514464100000000	0.0907675250000000
2860	8.16836	2.2006154204873698	0.1421006850000000	0.0896370300000000
2861	8.16836	2.1957321552843103	0.1426130350000000	0.0848285250000000
2862	8.16758	2.2015387011661747	0.1521401450000000	0.1057041750000000
2863	8.16758	2.2015984243350721	0.1213994400000000	0.0839753850000000
2864	8.16645	2.1985643708187794	0.1606290650000000	0.1007812400000000
2868	8.16181	2.1996662436446761	0.1320677350000000	0.0983166050000000
2869	8.16181	2.2010610169616922	0.1556806150000000	0.0530975050000000
2870	8.15953	2.1955023255169679	0.1322843500000000	0.0773998800000000
2877	8.14937	2.1977240681775179	0.1109617700000000	0.0500433450000000
2878	8.14594	2.2524623996622899	0.1873527900000000	0.1390140650000000
280	15.79130	2.1628610473049137	0.1157740150000000	0.0595956350000000
2886	8.13966	2.2015315773590154	0.1369529500000000	0.0919650650000000
2887	8.13966	2.2002847687141553	0.1077720450000000	0.0619901000000000
2891	8.13890	2.2011886458134291	0.1353502100000000	0.0935715450000000
2892	8.13840	2.2015961896644156	0.1373254300000000	0.0339455200000000
2899	8.13645	2.1997097314369261	0.1030250650000000	0.0704026900000000
2901	8.13578	2.1665999585629461	0.1555111500000000	0.0881919950000000
2906	8.13301	2.2021675208533882	0.1587699700000000	0.0521127700000000
2907	8.13301	2.1973772345183349	0.1327531650000000	0.0781026350000000
2908	8.13284	2.1963783942866941	0.1641147000000000	0.0758354200000000
2913	8.12955	2.2020378734379484	0.1643447400000000	0.0649848350000000
2925	8.12265	2.1999472519366816	0.1382787650000000	0.1074955800000000
2927	8.12189	2.2024719260018544	0.1569111250000000	0.0707503950000000
2932	8.11972	2.2015358248411667	0.1556109700000000	0.0662321150000000
2933	8.11972	2.2851172794957160	0.2760099050000000	0.0983747750000000
2934	8.11876	2.2006110961124787	0.1528358600000000	0.0864143400000000
2938	8.11091	2.1968255016942106	0.1543849050000000	0.0963852200000000
2940	8.11078	2.1986890779876540	0.1574897300000000	0.0899436000000000
2941	8.11078	2.2006017432543170	0.1544044100000000	0.0701486200000000
2949	8.10659	2.2014587117411413	0.1322406700000000	0.0549001950000000
2951	8.10431	2.2054056158806326	0.1572109750000000	0.1268412250000000
2952	8.09909	2.2027691910021785	0.1403282000000000	0.1037686150000000
2955	8.09854	2.2015584729655364	0.1542768700000000	0.0802874100000000
289	15.35480	2.1995392170833825	0.1593774650000000	0.0815008200000000
290	15.33460	2.2015659256431812	0.1427798650000000	0.0897864950000000
293	15.33040	2.2016951002716563	0.1566976750000000	0.0986791450000000
294	15.28500	2.1979065199460628	0.1250564650000000	0.0798829850000000
295	15.28500	2.1994562354900440	0.1286569500000000	0.1022894350000000
2961	8.09740	2.1982856874200398	0.0875008450000000	0.0560490600000000
2962	8.09702	2.2020293790044914	0.1350362750000000	0.0573591800000000
2964	8.09688	2.3462020183722618	0.2384870250000000	0.1215894650000000
2966	8.09614	2.2000756329412758	0.1183563200000000	0.1151325600000000
2969	8.09578	2.2370091814623669	0.1804615200000000	0.0738202950000000
2970	8.09432	2.2014977699628013	0.1489939000000000	0.0913639150000000
2971	8.09432	2.1977559550321621	0.1242762950000000	0.0685044350000000
2972	8.09383	2.2003405425385676	0.1595514400000000	0.0754403400000000
2973	8.09383	2.2030396337889098	0.1329799900000000	0.0506949600000000
2976	8.09157	2.1980887655780892	0.1467317750000000	0.0445080650000000
2977	8.09157	2.2586936507503514	0.1615308300000000	0.1021098050000000
2985	8.09051	2.2622075818701539	0.2241193400000000	0.1438449000000000
2987	8.09000	2.2005176766495831	0.1625420750000000	0.0895475850000000
2993	8.09000	2.2004904581125011	0.1423857350000000	0.0670537650000000
2994	8.09000	2.1978677026860112	0.1145654050000000	0.0577678700000000
2995	8.09000	2.1949815294583654	0.1414340750000000	0.1115891950000000
2998	8.09000	2.2020141401424764	0.1287198400000000	0.1092735150000000
3007	8.09000	2.1955996375063345	0.1328677650000000	0.0395030000000000
3008	8.09000	2.2020749950751939	0.1645424150000000	0.0923644400000000
3010	8.09000	2.1995246469927814	0.1568285900000000	0.1003931950000000
3011	8.09000	2.2014578619956144	0.1374183100000000	0.0963777550000000
3012	8.09000	2.1952876421282581	0.1529410450000000	0.0670232100000000
3014	8.09000	2.2004129706829691	0.1261855450000000	0.1082511850000000
3017	8.09000	2.1862189593599499	0.1584764400000000	0.0945344650000000
3020	8.09000	2.1944906807866968	0.1560238800000000	0.1005836850000000
3021	8.09000	2.2006129075697656	0.1480870450000000	0.0867666850000000
3023	8.09000	2.2005701268455078	0.1503665500000000	0.0851719900000000
3024	8.08933	2.1970841712547897	0.1130593400000000	0.1086869550000000
3031	8.08665	2.2574949189825841	0.2038949400000000	0.1385584500000000
3035	8.08582	2.3304211990074979	0.2498925700000000	0.1462613200000000
3036	8.08477	2.2002357220101287	0.1402342500000000	0.1027460600000000
3037	8.08477	2.2019361083658260	0.1504507350000000	0.0698462850000000
3039	8.08469	2.2126812458728584	0.1909559950000000	0.0985877950000000
300	15.20500	2.1994407869249009	0.1443781350000000	0.1000949750000000
302	15.16550	2.2037489454042336	0.1648069150000000	0.1254911200000000
303	15.16550	2.1920477036718178	0.1779929400000000	0.1122922600000000
3045	8.08006	2.2014528983662744	0.1606724500000000	0.0558656600000000
3046	8.07997	2.1985817911160908	0.1638889450000000	0.0817739050000000
3050	8.07978	2.2004740724789436	0.1377288950000000	0.0418719350000000
3052	8.07878	2.1955226663244845	0.1443447050000000	0.0861609950000000
3055	8.07877	2.2012420541545086	0.1309855800000000	0.0442153200000000
3058	8.07629	2.2000048619100432	0.1415992800000000	0.0897741900000000
3061	8.07613	2.1921920874429173	0.1526324350000000	0.1219239450000000
3062	8.07519	2.1991847924168892	0.1598356600000000	0.0664052750000000
3063	8.07519	2.2005897981393145	0.1310248050000000	0.0968850400000000
3064	8.07504	2.2018573569603652	0.1296805150000000	0.1058172300000000
3066	8.07475	2.2028030136238548	0.1579271250000000	0.0900491500000000
3076	8.07056	2.2395860115253536	0.1818577200000000	0.0751168350000000
3077	8.07056	2.2015316088355514	0.1691289000000000	0.1171841350000000
3080	8.06908	2.1985854601428159	0.1481323200000000	0.0976698650000000
3085	8.06592	2.1993348460624604	0.1174251800000000	0.0525632600000000
3088	8.06143	2.1985336391383132	0.1600511850000000	0.1013089900000000
3090	8.05591	2.1982590662825698	0.1212468000000000	0.0628574400000000
3091	8.05591	2.1963809846666287	0.1295865850000000	0.0675321600000000
3094	8.05502	2.2001082434718815	0.1350272800000000	0.0961990950000000
3096	8.05430	2.1999619671025301	0.1355059900000000	0.1000253250000000
3098	8.05418	2.2011299593552121	0.1490662600000000	0.0985287600000000
3099	8.05418	2.1995830141861887	0.1496236500000000	0.1023424550000000
3101	8.05284	2.2000960438954964	0.1340021700000000	0.0736264000000000
3103	8.05240	2.1985082716584081	0.1552543250000000	0.0896075950000000
3104	8.05108	2.2003939888201844	0.1492041000000000	0.0737784200000000
3106	8.05001	2.1997369833832101	0.1592446200000000	0.0995703150000000
3107	8.05001	2.2006923887263992	0.1586161200000000	0.1016195850000000
3109	8.04961	2.1927134611263162	0.1274417800000000	0.0918153250000000
3111	8.04777	2.2009751267484932	0.1357595550000000	0.0910320700000000
3113	8.04733	2.1996756024400081	0.1375750200000000	0.0817453850000000
3116	8.04640	2.2552037016358528	0.1556805700000000	0.1248695500000000
3117	8.04640	2.2020648556837252	0.1686728100000000	0.1027311500000000
3119	8.04453	2.1976359270304502	0.1428639850000000	0.0894931250000000
304	15.13640	2.1997791007705869	0.1280224050000000	0.0393476050000000
305	15.13640	2.2009438889371893	0.1416145500000000	0.0864810700000000
306	15.11510	2.3021678509468044	0.2329408750000000	0.0692281300000000
311	15.04170	2.2060563187363438	0.1832153750000000	0.1094071200000000
3123	8.04340	2.2000195858914484	0.1371503350000000	0.0946405400000000
3126	8.04223	2.2545187705832048	0.1123138800000000	0.1153872650000000
3129	8.04112	2.2004638407451615	0.1698098850000000	0.0986206750000000
3131	8.04084	2.1969506630805777	0.1475210950000000	0.0869487550000000
3135	8.04006	2.2858663227479461	0.2090440450000000	0.0363167850000000
3141	8.03554	2.3166549603700068	0.2137610750000000	0.0988342500000000
3142	8.03299	2.2014945691504901	0.1662938300000000	0.0681165600000000
3148	8.02785	2.2359391628445859	0.1973318450000000	0.0648430950000000
3150	8.02781	2.2003323359439304	0.1483073000000000	0.1067087850000000
3153	8.02779	2.2012105570387583	0.1515745000000000	0.0867376800000000
3154	8.02334	2.2034551555693458	0.1677869550000000	0.0439266450000000
3155	8.02334	2.1979904498519631	0.1452451500000000	0.0884944250000000
3156	8.02310	2.1996859037512126	0.1449689000000000	0.1041047500000000
3157	8.02310	2.1528951012688493	0.1095185900000000	0.0818533150000000
3158	8.01843	2.3963229623762952	0.2550611000000000	0.1167529250000000
3162	8.01282	2.2005046793549354	0.1247374800000000	0.0935924000000000
3163	8.01282	2.2057776220138510	0.1563921550000000	0.0953084250000000
3166	8.01092	2.1694006456665789	0.1476737900000000	0.1298364200000000
3169	8.01082	2.1977856519131520	0.1368925700000000	0.0868951550000000
3170	8.01077	2.1986062028169395	0.1600132350000000	0.0927808850000000
3171	8.01077	2.2007603180985273	0.1381883850000000	0.0735160250000000
3172	8.01076	2.1985924081127486	0.1137829000000000	0.1001521150000000
3176	8.01068	2.2015419055406409	0.1271377950000000	0.1009631550000000
3184	8.01041	2.1789029472641483	0.1252087250000000	0.0789883850000000
3186	8.01038	2.2022151230761686	0.1592965850000000	0.0586931650000000
312	15.02260	2.2020285811326019	0.1517116600000000	0.1152094350000000
313	15.02260	2.2002448086770436	0.1550659250000000	0.0948305500000000
315	15.01960	2.2062746224383041	0.1581984250000000	0.0862805800000000
318	14.98660	2.2171959154165797	0.1692098950000000	0.0430439400000000
319	14.98660	2.1992115795055689	0.1402815200000000	0.0847036500000000
24	94.60730	2.2002738779964908	0.1608608000000000	0.0759894350000000
25	94.60730	2.1991978098332505	0.1416867650000000	0.0831762250000000
26	87.04670	2.1996676409740830	0.1501861000000000	0.0976105300000000
29	80.53700	2.2010443905636432	0.1154213250000000	0.0800282450000000
321	14.98120	2.1999091493433838	0.1403248750000000	0.0837705750000000
322	14.93200	2.1965010178787128	0.1392210400000000	0.0749511550000000
324	14.87310	2.1979103252269634	0.1539945750000000	0.0856867500000000
325	14.87310	2.1993652307649421	0.1500393450000000	0.0859248900000000
326	14.79800	2.2007021860511116	0.1638806300000000	0.0724118400000000
331	14.71390	2.2000568837478873	0.1344862050000000	0.0774157150000000
338	14.65620	2.1954293646518179	0.1470477800000000	0.1046271150000000
340	14.65040	2.1673788713747633	0.1014936300000000	0.0621693950000000
343	14.64570	2.1994124047895696	0.1486358750000000	0.1066964450000000
346	14.61920	2.2071527512362632	0.1545967600000000	0.0920103450000000
348	14.61380	2.1997646133330919	0.1502079550000000	0.0845354050000000
349	14.61380	2.1977835065149129	0.1614094150000000	0.0926589900000000
351	14.57300	2.2001630805091543	0.1546702800000000	0.0988855150000000
352	14.56770	1.9160302708430139	0.0829954350000000	0.5681582700000000
355	14.55770	2.3283570854402220	0.2378786900000000	0.1623177700000000
361	14.54000	2.1995754037261137	0.1493006400000000	0.0985616600000000
362	14.53350	2.2999463679096519	0.3394709500000000	0.1259747350000000
363	14.53350	2.1979504321098644	0.1497979300000000	0.0859001200000000
364	14.51810	2.1968382756283962	0.1511397200000000	0.0814611450000000
365	14.51810	2.1993140334068451	0.1462793700000000	0.0935742300000000
369	14.49040	2.1999953097867402	0.1296784850000000	0.1015421500000000
371	14.46400	2.1995361541038734	0.1217524700000000	0.0712882150000000
372	14.42060	2.1991102998001049	0.1448892850000000	0.0984586450000000
379	14.38140	2.1842534369859701	0.1419773350000000	0.0896102250000000
384	14.28480	2.1985071835251859	0.1547889150000000	0.0992375250000000
387	14.18730	2.1996555674782474	0.1355975400000000	0.0921508150000000
390	14.17370	2.2358581587673290	0.1703735600000000	0.1265622050000000
394	14.07540	2.2004051026008451	0.1682676500000000	0.1055278100000000
396	14.06080	2.2015640596570329	0.1420910800000000	0.0941348400000000
397	14.06080	2.2031384285218718	0.1585377750000000	0.0812904150000000
32	70.71640	2.2006682575896668	0.1376298300000000	0.0851436450000000
33	70.71640	2.1907846238473656	0.1353824500000000	0.0874569150000000
35	68.84570	2.2000679408608876	0.1451731050000000	0.0794924800000000
37	67.20040	2.1925950592236561	0.1640513900000000	0.0857779600000000
38	61.69190	2.2008939492111588	0.1467652300000000	0.0984224100000000
401	14.01960	2.1999005889885135	0.1406959150000000	0.0484673100000000
407	13.94830	2.2006984658901896	0.1349354450000000	0.0831035000000000
411	13.90950	2.2004401753011384	0.1177923350000000	0.0548096150000000
414	13.85370	2.2001815518190275	0.1259220050000000	0.0759603350000000
418	13.68290	2.2001238603550171	0.1275336500000000	0.0951708950000000
419	13.68290	2.2056525738338375	0.1487310650000000	0.1057848150000000
422	13.54540	2.2002812811433983	0.1426912650000000	0.0982427550000000
425	13.54440	2.2016571382300962	0.1583536050000000	0.0847760200000000
427	13.50120	2.2255222420695193	0.1769695250000000	0.1055837700000000
432	13.40180	2.1997982092775907	0.1564106800000000	0.1022788900000000
436	13.38880	2.1820149436946261	0.1598577850000000	0.1090309200000000
438	13.38340	2.2024967647253879	0.1492291300000000	0.0963192100000000
439	13.38340	2.4073167230528028	0.2921351950000000	0.1419354500000000
445	13.36750	2.2464369155712416	0.1993058250000000	0.1456220150000000
447	13.34220	2.2000986501285631	0.1174720900000000	0.0729538550000000
450	13.33800	2.2127515139463534	0.1765326800000000	0.0846743200000000
452	13.33780	2.3771088213059008	0.2436210700000000	0.0880511150000000
454	13.33650	2.1999303946354698	0.1499546350000000	0.0904931700000000
456	13.33480	2.2014824344211608	0.1631034550000000	0.0498848450000000
459	13.32660	2.1993621234207779	0.1414868750000000	0.1009617400000000
463	13.31140	2.1999047943805858	0.1365333200000000	0.0783756850000000
465	13.29930	2.2004353346402152	0.1396767800000000	0.1048108100000000
468	13.28160	2.2021507689164683	0.1446368050000000	0.0950224900000000
471	13.28050	2.3772969076731498	0.2369559400000000	0.1063797700000000
472	13.26610	2.1985725704220518	0.1183906500000000	0.0666490700000000
474	13.26380	2.1998013211523397	0.1531410050000000	0.0727426750000000
477	13.25220	2.1991981218732373	0.1530638300000000	0.0846722550000000
479	13.23430	2.2002318898586934	0.1214505100000000	0.0805820300000000
43	59.26770	2.1993016107449210	0.1215394350000000	0.0577609950000000
46	53.66980	2.1997343853439397	0.1469549700000000	0.0685049550000000
480	13.21680	2.1949826483804733	0.1541140300000000	0.1193605900000000
482	13.21390	2.1994730628723076	0.1338551150000000	0.0788481850000000
485	13.21000	2.1977915164853856	0.1251962150000000	0.0850853950000000
489	13.21000	2.2003906775000286	0.1373094950000000	0.1053933550000000
490	13.21000	2.2022032618459306	0.1527820400000000	0.1079696550000000
491	13.21000	2.1901254571156046	0.1446780100000000	0.0847158050000000
496	13.21000	2.1884109822137408	0.1623196600000000	0.1204608100000000
502	13.20940	2.1985643466528471	0.1382897750000000	0.1071365850000000
503	13.20940	2.3277573399709586	0.2525194800000000	0.1215498700000000
505	13.20780	2.2006807395369523	0.1368365700000000	0.0818317550000000
507	13.20770	2.2015677985240587	0.1643267100000000	0.0802129000000000
508	13.20740	2.2001969966661430	0.1497188850000000	0.0918200650000000
510	13.20650	2.2002177634896967	0.1430533350000000	0.0985261350000000
513	13.20600	2.1985577361509039	0.1354676700000000	0.0894968650000000
514	13.20600	2.2010281727288654	0.1319411800000000	0.0421845500000000
515	13.20600	2.1983761661779049	0.1454319000000000	0.0982359800000000
516	13.20490	2.2526834645438440	0.1900657500000000	0.1209414400000000
517	13.20490	2.2026134639758070	0.1637710200000000	0.0844847650000000
518	13.20380	2.1985420793075026	0.1205361450000000	0.1075969600000000
523	13.19800	2.2154416126884904	0.1735077100000000	0.1072613550000000
526	13.19720	2.1945852127188359	0.1347746050000000	0.0902398450000000
531	13.19420	2.2023684304401967	0.1478423100000000	0.0820746400000000
532	13.19230	2.2009256626109708	0.1300747100000000	0.1009744050000000
535	13.19200	2.2016107199571158	0.1613716500000000	0.0415225600000000
536	13.19110	2.1985829706166702	0.0985487400000000	0.1000029350000000
537	13.19110	2.2002800904020767	0.1496288050000000	0.0969222100000000
544	13.10570	2.2007419472336482	0.1485010500000000	0.0981434050000000
547	13.09850	2.1958759166553774	0.1326372700000000	0.0666852700000000
554	13.06620	2.3843299487583045	0.2876004150000000	0.1511629250000000
49	53.59700	2.2034836650800877	0.1338742750000000	0.1161971550000000
51	47.21450	2.2013993873710120	0.1623948950000000	0.0856249100000000
54	46.41530	2.1977601583020570	0.1454633400000000	0.0970719400000000
561	13.04230	2.2010638024843767	0.1453585650000000	0.1062557650000000
565	13.01880	2.1978057163010045	0.1603775300000000	0.0604434500000000
566	13.01160	2.2003981732421627	0.1329806800000000	0.0774536250000000
567	13.01160	2.2011502695218290	0.1289912200000000	0.0975836650000000
581	12.80710	2.1784989368406760	0.0943357150000000	0.0787450100000000
582	12.78530	2.2019551702290423	0.1288565350000000	0.0880871800000000
586	12.70350	2.1967942728191439	0.1302681400000000	0.0946811550000000
588	12.67040	2.2015596652774390	0.1426147600000000	0.0819176650000000
589	12.67040	2.2006628905897259	0.1443866650000000	0.0751342350000000
592	12.65950	2.1998310655813986	0.1604768050000000	0.0987825400000000
598	12.62770	2.1996224156353095	0.1182779900000000	0.0571401500000000
599	12.62770	2.2014417055111557	0.1443758850000000	0.0753061650000000
606	12.57920	2.2015172213601581	0.1402964050000000	0.1031900200000000
607	12.57920	2.1985676267658429	0.1450127750000000	0.0980223100000000
610	12.56820	2.1881426082147679	0.1711424700000000	0.1192559850000000
613	12.56160	2.1986122164160933	0.1244422800000000	0.0886467450000000
618	12.53700	2.1976607620233932	0.1454222550000000	0.1079493800000000
622	12.52010	2.1934800458378390	0.1570828400000000	0.0906754350000000
624	12.48940	2.2018859550872185	0.1437081500000000	0.0772703450000000
625	12.48940	2.2001526296130001	0.1471075950000000	0.0945677250000000
628	12.44730	2.2003432732378383	0.1492385850000000	0.0815520200000000
629	12.44730	2.1986228343058851	0.1649667600000000	0.0755076250000000
630	12.43320	2.2005926255415154	0.1122924900000000	0.0977548400000000
631	12.43320	2.1985988922011743	0.1656449600000000	0.0502090050000000
634	12.41290	2.1997230285250211	0.1346719450000000	0.1075278200000000
637	12.39640	2.1970685205739811	0.1415515300000000	0.0703890500000000
57	45.89990	2.1997169873396647	0.1446693350000000	0.0934529600000000
60	42.09350	2.1991291145316563	0.1420309150000000	0.0894250700000000
63	41.41560	2.1969160834328871	0.1584191650000000	0.0686944600000000
641	12.36280	2.3908377927430813	0.2563431400000000	0.0724900750000000
643	12.35490	2.1995187262696345	0.1367718550000000	0.0925178000000000
646	12.33170	2.1999756007410913	0.1494569900000000	0.0865239150000000
650	12.31590	2.2015004824364426	0.1606191900000000	0.1005306350000000
652	12.30530	2.2590785275360838	0.1765098850000000	0.1085589100000000
653	12.30530	2.1947664073678141	0.1479138700000000	0.0560094450000000
656	12.29600	2.2000384411592147	0.1667916150000000	0.0598678250000000
659	12.29460	2.2015866427963258	0.1571421200000000	0.0990004500000000
663	12.27620	2.1990546247063021	0.1252603500000000	0.0744193450000000
666	12.27310	2.2016925565217234	0.1381339350000000	0.0856098600000000
668	12.27160	2.1843443186394853	0.1558960950000000	0.0840092950000000
670	12.26760	2.1998698482596222	0.1358768050000000	0.0770174650000000
671	12.26760	2.2022385637735695	0.1508044850000000	0.1264217800000000
673	12.26710	2.1985217255874030	0.1464760650000000	0.0975573200000000
677	12.25110	2.2003761235833177	0.1314964700000000	0.1040276850000000
681	12.24980	2.2274098453457909	0.1950320650000000	0.0957956400000000
690	12.24820	2.1985397592973683	0.1104795700000000	0.0894450400000000
691	12.24820	2.2026435867306713	0.1718139250000000	0.1017107750000000
694	12.24330	2.1953096631147697	0.1606362300000000	0.0906052850000000
695	12.24330	2.2184442197028327	0.1906631700000000	0.0992614400000000
696	12.24270	2.2014797261714234	0.1438780900000000	0.0980508900000000
700	12.23890	2.2005376992323993	0.1481538300000000	0.0541679250000000
703	12.23870	2.3038371225329253	0.2241718200000000	0.1184994800000000
716	12.23140	2.1998679775680094	0.1432718500000000	0.0968090100000000
719	12.22970	2.1994014118496246	0.1354493850000000	0.0737874400000000
68	34.70490	2.2015575204358511	0.1383872150000000	0.1004024450000000
69	34.70490	2.2003908196923776	0.1351201650000000	0.1035218100000000
70	34.34650	2.2011227736910346	0.1546917250000000	0.0935773600000000
71	34.34650	2.1994186082507885	0.1577028550000000	0.0968626250000000
721	12.20990	2.2024410196117592	0.1568965750000000	0.0754906750000000
725	12.19220	2.2360221157225268	0.1968646300000000	0.1191693900000000
726	12.19070	2.2009287440405969	0.1517053550000000	0.0811264750000000
727	12.19070	2.1991863904459916	0.1410405800000000	0.0617921650000000
728	12.18790	2.2002290450808184	0.1455010000000000	0.0839799000000000
729	12.18790	2.1829770272137474	0.1799547550000000	0.1073628900000000
732	12.18330	2.2052345508110212	0.1709092450000000	0.0661833450000000
735	12.18250	2.2006195115267788	0.1235018000000000	0.0842087050000000
736	12.18220	2.2001783013064897	0.1401661250000000	0.1007578750000000
737	12.18220	2.2008400997285817	0.1346166400000000	0.0393296500000000
743	12.16830	2.2057268722494161	0.1551401600000000	0.0980911100000000
744	12.16780	2.2006382495198102	0.1294125900000000	0.0977045450000000
749	12.16000	2.2009302437191618	0.1285671200000000	0.1165163950000000
750	12.14600	2.1978017128462328	0.1407866100000000	0.0443707650000000
754	12.06250	2.2026051119259225	0.1551318750000000	0.0990628050000000
759	12.04560	2.2003903654923103	0.1303182800000000	0.0947229100000000
762	11.98980	2.1994338191632519	0.1470696950000000	0.1097653100000000
764	11.96210	2.2039578028495654	0.1683650650000000	0.1234598950000000
766	11.96070	2.1992295962573283	0.1367462700000000	0.1039740950000000
771	11.91480	2.2007986989208357	0.1345816250000000	0.1016813350000000
772	11.90250	2.1656505706992628	0.1055835550000000	0.1045639550000000
778	11.86530	2.1986028526339929	0.1562010750000000	0.0544378950000000
780	11.85060	2.2008368228594972	0.1468604250000000	0.1003026550000000
781	11.85060	2.2590168157891353	0.1754071200000000	0.1256693600000000
785	11.83300	2.2004491928994838	0.1308541900000000	0.1018208900000000
790	11.79730	2.2007967655506153	0.1457536600000000	0.0951247050000000
791	11.79730	2.2035354078492855	0.1629801850000000	0.0760320550000000
793	11.78360	2.2005618551291692	0.1523005800000000	0.0991953450000000
794	11.77660	2.1995599239465822	0.1377547650000000	0.1008657850000000
798	11.74940	2.2005824152866493	0.1417825450000000	0.0775204250000000
799	11.74940	2.1977538300827506	0.1387218600000000	0.1057238000000000
73	32.34910	2.1998884948472983	0.0958440850000000	0.0626052500000000
75	32.32140	2.1972074176573813	0.1755218450000000	0.0807567950000000
