802	11.74220	2.1997188984226343	0.1604161850000000	0.0904612050000000
803	11.74220	2.2003037285391964	0.1619896750000000	0.0360588700000000
808	11.73530	2.2588041487202832	0.2002710800000000	0.1067811400000000
815	11.72630	2.2154472834300178	0.1648792650000000	0.0542614600000000
818	11.72290	2.1959806921146932	0.1600972100000000	0.0757458400000000
821	11.72220	2.2015446625883923	0.1258516000000000	0.0959436100000000
822	11.72100	2.2004326321795422	0.1236372100000000	0.0724592250000000
824	11.71910	2.1732450436597843	0.0885919750000000	0.0772236800000000
825	11.71910	2.2627405600640573	0.2035816800000000	0.1044071850000000
827	11.71440	2.1971061470667563	0.1297474600000000	0.0818653050000000
829	11.71240	2.2011151211147904	0.1284472700000000	0.0533269150000000
832	11.71070	2.1973795620724643	0.1412957750000000	0.0990072550000000
833	11.71070	2.1931291291270956	0.0715364750000000	0.0870666900000000
836	11.70160	2.1952136260791719	0.1627060200000000	0.0973513450000000
837	11.70160	2.2001819798669877	0.1647043050000000	0.0773562150000000
843	11.70000	2.2031966930844797	0.1394639400000000	0.1317048150000000
845	11.70000	2.1996409841867153	0.1613093800000000	0.0836761000000000
849	11.70000	2.2052787312192796	0.1661005950000000	0.0972545800000000
852	11.70000	2.2014914689470202	0.1176464250000000	0.0608529000000000
860	11.70000	2.2012571140241812	0.1698037450000000	0.0668147000000000
861	11.70000	2.1980853594506522	0.1455497800000000	0.0936085150000000
862	11.70000	2.1998828650235658	0.1508721650000000	0.0872311900000000
863	11.70000	2.2048635984460296	0.1646829100000000	0.0973457950000000
864	11.70000	2.2002764846843412	0.1482001750000000	0.1126307700000000
865	11.70000	2.2001817427477697	0.1323539550000000	0.0420967750000000
871	11.70000	2.1995327226157455	0.1468882400000000	0.0524170450000000
874	11.70000	2.1977806768324055	0.1405876550000000	0.0865291000000000
878	11.70000	2.2072189795491322	0.1604491150000000	0.0673608000000000
879	11.70000	1.9823933103913756	0.1056153050000000	0.3566260500000000
81	26.68980	2.2016932786419781	0.1530064850000000	0.0968233750000000
880	11.70000	2.1998111263960869	0.1257584100000000	0.1006661900000000
881	11.70000	2.2013180681267892	0.1444481900000000	0.0515342950000000
884	11.69410	2.2013149311626026	0.1521526450000000	0.0348728300000000
889	11.68810	2.1886330857721639	0.1431879650000000	0.1269337150000000
890	11.68000	2.1980511630319239	0.1365760450000000	0.0751654700000000
891	11.68000	2.1999393684417279	0.1413801450000000	0.0807459550000000
894	11.67530	2.1985137968084287	0.1467212500000000	0.1232268250000000
896	11.67300	2.1872181814261005	0.1095834950000000	0.0816440800000000
897	11.67300	2.1993757673215515	0.1392568000000000	0.0810333750000000
899	11.67240	2.2020069952871002	0.1553935000000000	0.0989638700000000
902	11.66630	2.2007110654588389	0.1432018500000000	0.1037648250000000
903	11.66630	2.2011483293117995	0.1381317500000000	0.0824550300000000
904	11.64920	2.2003509489239113	0.1499161500000000	0.0922352650000000
906	11.63960	2.1994146284000702	0.1440618450000000	0.0865358200000000
907	11.63960	2.2047721594637131	0.1669000250000000	0.0848830650000000
908	11.63210	2.2000543846144445	0.1458675800000000	0.0828091450000000
910	11.62890	2.2020374162025460	0.1496042800000000	0.0825987950000000
912	11.62220	2.1539567485051956	0.1075813650000000	0.0634995050000000
914	11.61880	2.1954114512495613	0.1472174100000000	0.1058461900000000
918	11.59460	2.2544774498318780	0.2330510800000000	0.0955091800000000
921	11.59250	2.2154414409020116	0.1672448200000000	0.1353234450000000
922	11.58810	2.2009614913939157	0.1655950450000000	0.0936718000000000
923	11.58810	2.2004019538694997	0.1533449850000000	0.0987683650000000
926	11.57940	2.1810804527977790	0.0942738350000000	0.0985206100000000
929	11.55440	2.1899596640865360	0.1350704750000000	0.0713619450000000
932	11.52700	2.2347136751167298	0.1929731250000000	0.0999827050000000
933	11.52700	2.2073826040241773	0.1511540950000000	0.0847472450000000
940	11.51810	2.2033794168026022	0.1684637650000000	0.0796690200000000
941	11.51810	2.2005898847374996	0.1286702550000000	0.0730876950000000
945	11.51160	2.2015357543742788	0.1681411350000000	0.0683013850000000
951	11.50240	2.1956890190808651	0.1612230450000000	0.0948410450000000
958	11.47560	2.2003249492585115	0.1504246350000000	0.0809629400000000
959	11.47560	2.2131198356251924	0.2095603300000000	0.0966514050000000
88	26.22460	2.2006553115831697	0.1361535450000000	0.0688320150000000
89	26.22460	2.2016693016864859	0.1319041750000000	0.1025886550000000
91	25.99150	2.2013219697374717	0.1494498550000000	0.0836661400000000
95	25.96410	2.2000618330742236	0.1331320900000000	0.1043824700000000
966	11.44680	2.2001991246485191	0.1671611400000000	0.0715361350000000
969	11.43880	2.3281884519207949	0.2065518650000000	0.1192285550000000
980	11.39810	2.2006038324328676	0.1378643850000000	0.1049288550000000
984	11.38880	2.1997829020852246	0.1306060400000000	0.0934742600000000
986	11.38710	2.2004053510434112	0.1382452400000000	0.1044808350000000
988	11.38180	2.2018041543605102	0.1413030900000000	0.0928884150000000
989	11.38180	2.2004556844397096	0.1255019650000000	0.0976408250000000
991	11.37920	2.1996969465470451	0.1318821750000000	0.0912910750000000
992	11.36850	2.3020852572388191	0.2078671450000000	0.1398842650000000
993	11.36850	2.2009830075469323	0.1505277750000000	0.0892227300000000
998	11.35330	2.2000482892680107	0.1311626100000000	0.0861280550000000
1008	11.30470	2.1979488991420930	0.1395677800000000	0.0905760450000000
1009	11.30470	2.1995747852016869	0.1130633300000000	0.0976737900000000
1010	11.30350	2.2057054998687176	0.1544581950000000	0.1254536550000000
1014	11.28320	2.2001439081411744	0.1684686800000000	0.1031733350000000
1016	11.27850	2.1990182030193290	0.1547644950000000	0.0901640650000000
1017	11.27850	2.1994488305331688	0.1492664500000000	0.0617946400000000
1019	11.27530	2.1991584694477546	0.1443939950000000	0.0878656850000000
1023	11.27230	2.1980774520567490	0.1054023600000000	0.0593986200000000
1024	11.27010	2.1981206838843859	0.1084064350000000	0.0729210850000000
1027	11.26720	2.1996679196468287	0.1302297650000000	0.1017807050000000
1029	11.26650	2.1999137303023049	0.1420504800000000	0.0810051250000000
1031	11.25340	2.2012095121326727	0.1378793250000000	0.0495781500000000
1035	11.23650	2.2020172026355747	0.1496146150000000	0.0859737400000000
1039	11.23230	2.2001588607525884	0.1387501300000000	0.0895426550000000
96	25.06110	2.1964869954803028	0.1438569000000000	0.1062723100000000
99	24.92170	2.1953487114976133	0.1412947600000000	0.1168649750000000
101	24.61260	2.2035290882733207	0.1744304700000000	0.0870098200000000
1040	11.22350	2.1985351372291477	0.1310811700000000	0.0897223950000000
1041	11.22350	2.1934973239804378	0.1458456800000000	0.1154247350000000
1043	11.20750	2.3582605539513621	0.2434573400000000	0.0924215300000000
1049	11.18260	2.1998680321971000	0.1268525550000000	0.0697554700000000
1053	11.18230	2.1911322670926001	0.1359417800000000	0.1103251600000000
1054	11.17720	2.1986424634428223	0.1378565900000000	0.0739391250000000
1055	11.17720	2.1999784056699458	0.1259983350000000	0.0962954750000000
1057	11.17510	2.2014659271718671	0.1583583650000000	0.0620467750000000
1060	11.14950	2.2018855255476519	0.1427490000000000	0.0951339600000000
1065	11.13930	2.2048257658703165	0.1634337550000000	0.0945818350000000
1069	11.11960	2.1966664368505291	0.1275736650000000	0.1050302250000000
1071	11.11750	2.1995376617916609	0.1332479700000000	0.0923220850000000
1072	11.09650	2.1998175452677069	0.1289728600000000	0.1028161900000000
1079	11.07420	2.1758679942279993	0.1342389950000000	0.1037813600000000
1080	11.06540	2.1963683291552427	0.1476925800000000	0.0879084600000000
1082	11.06380	2.2012910488654622	0.1108874500000000	0.0501523350000000
1083	11.06380	2.2006357470651898	0.1488781900000000	0.0767845150000000
1087	11.05860	2.2002618075021401	0.1403349950000000	0.0986109300000000
1093	11.03460	2.2003869877763673	0.1487354950000000	0.0489786900000000
1098	11.02590	2.2004199673209932	0.1670961600000000	0.0463863700000000
1102	10.99100	2.2016969760473204	0.1612046200000000	0.1082702250000000
1103	10.99100	2.2010429587300622	0.1180244600000000	0.0921955150000000
1105	10.97710	2.2006261915697496	0.1165243050000000	0.0656204550000000
1107	10.97450	2.2014648263680852	0.1613815850000000	0.0526658250000000
1112	10.96150	2.1993954740832606	0.1093983600000000	0.0715198600000000
1114	10.95360	2.2006585772267986	0.1365878100000000	0.0766390200000000
1118	10.92980	2.2004437768311216	0.1576139050000000	0.0473785250000000
104	24.51240	2.1996641507361332	0.1389302300000000	0.0980511550000000
109	24.08970	2.1977187717863003	0.1500888600000000	0.0795673850000000
111	23.82210	2.1997787211193542	0.1415897200000000	0.0822837950000000
1128	10.92790	2.1993869435906581	0.1336670300000000	0.0946465300000000
1133	10.92640	2.1993903469842313	0.1439052800000000	0.0342845250000000
1136	10.92380	2.2022066544840082	0.1161073750000000	0.0570393650000000
1139	10.92350	2.2125189741413176	0.1848451300000000	0.1183160300000000
1140	10.92290	2.2011478912498910	0.1265358050000000	0.0559274300000000
1141	10.92290	2.1968024363768390	0.1577357950000000	0.0451874800000000
1143	10.92270	2.2001943178497103	0.1102120050000000	0.0589763500000000
1144	10.92230	2.1990889204522799	0.1486100550000000	0.0866480250000000
1145	10.92230	2.2019771667040344	0.1469184850000000	0.0482843600000000
1146	10.92210	2.1907377819202645	0.1724891450000000	0.0860033750000000
1147	10.92210	2.2023810387010898	0.1370511350000000	0.0869549750000000
1151	10.92080	2.1909359700003823	0.1675088750000000	0.1218966050000000
1154	10.91650	2.3263978899310120	0.2296606500000000	0.1092363150000000
1155	10.91650	2.1997944648746532	0.1182816500000000	0.0953054300000000
1156	10.90910	2.2005219094036148	0.1412348050000000	0.1132755700000000
1157	10.90910	2.2004378842736791	0.1457974900000000	0.0824540300000000
1158	10.90520	2.1977002186716543	0.1314721100000000	0.0986336400000000
1159	10.90520	2.2029897656840367	0.1523854450000000	0.0764000700000000
1161	10.90250	2.1985258686067466	0.1562080750000000	0.0847596900000000
1164	10.89690	2.2022233610630471	0.1488580200000000	0.1205334900000000
1166	10.89630	2.2688759753660057	0.1992610000000000	0.0894234150000000
1168	10.88480	2.2058753628845515	0.1527478100000000	0.1384372050000000
1177	10.88150	2.2004592987302440	0.1160198550000000	0.1048868550000000
1180	10.83340	2.1985375320748890	0.1680832650000000	0.1153357750000000
1181	10.83340	2.1964742255183691	0.1614421750000000	0.0854691050000000
1185	10.76010	2.2015036074030965	0.1550578200000000	0.0773600250000000
1186	10.74210	2.1902876059479062	0.1647568500000000	0.1073489000000000
1192	10.61910	2.1999910890449597	0.1500961950000000	0.1055728150000000
114	22.99620	2.2720001505792893	0.2246207900000000	0.1089636650000000
115	22.99620	2.1988779320938510	0.1625389450000000	0.1044887700000000
119	22.53360	2.2006188339657675	0.1421633200000000	0.1107749450000000
1200	10.61750	2.1926129145756157	0.1385222600000000	0.1109766200000000
1202	10.61680	2.1992205875029289	0.1468859050000000	0.0900321700000000
1209	10.61600	2.1989131710109655	0.1305966650000000	0.0477322600000000
1216	10.61210	2.1992922227104108	0.1515377800000000	0.0902003650000000
1228	10.58910	2.1994095527098891	0.1561076050000000	0.0909931900000000
1229	10.58910	2.1951011863230905	0.1518002400000000	0.0910490900000000
1230	10.58300	2.1996915325066526	0.1412970950000000	0.0896440000000000
1239	10.49100	2.2037286556376281	0.1611603900000000	0.0870674800000000
1240	10.47010	2.2061420667356622	0.1715605600000000	0.0486481600000000
1241	10.47010	2.1993501169778349	0.1531199600000000	0.0977787050000000
1242	10.46930	2.1971046953319084	0.1286143550000000	0.1026458150000000
1244	10.46380	2.1963963403731595	0.1388806000000000	0.0722411750000000
1258	10.39810	2.2009108221208353	0.1343052800000000	0.0879963600000000
1261	10.39550	2.2019415551460622	0.1570008700000000	0.0525682400000000
1262	10.37670	2.1992248491371984	0.2081601800000000	0.1296550800000000
1276	10.33880	2.2006875639241330	0.1570572150000000	0.1034063350000000
1277	10.33880	2.1998925245000756	0.1448668200000000	0.0978790950000000
1279	10.33740	2.1995743775169236	0.1390320700000000	0.0875636700000000
123	21.95780	2.2018220850583328	0.1422622650000000	0.0410459350000000
125	21.84630	2.2002967785175249	0.1490747250000000	0.0920897150000000
1297	10.29030	2.1999852044772936	0.1416175950000000	0.0898001650000000
1299	10.28670	2.2007255656721356	0.1631882600000000	0.0978737700000000
1306	10.27900	2.2001547860226895	0.1477872750000000	0.0893829450000000
1308	10.27860	2.1983089983788076	0.1456735950000000	0.0870415000000000
1320	10.26090	2.2034733779474975	0.1643254750000000	0.0784985500000000
1327	10.23910	2.2058068538589692	0.1649050350000000	0.0364494850000000
1328	10.23050	2.1985544169947664	0.1201456050000000	0.0573949900000000
1329	10.23050	2.2005978233982515	0.1434790300000000	0.0733435500000000
1338	10.19020	2.2025556284497334	0.1702802800000000	0.0778749000000000
1342	10.18510	2.2019759990713363	0.1359775300000000	0.0920230050000000
1344	10.18490	2.1994537324102814	0.1371535450000000	0.0905253350000000
1347	10.18350	2.1974400027385479	0.1655856250000000	0.1039846650000000
1348	10.18190	2.1995866879717156	0.1298935950000000	0.0738749450000000
1352	10.16430	2.1971360742406594	0.1535808250000000	0.0770690850000000
1353	10.16430	2.2001717398641674	0.1458266900000000	0.0878255600000000
1355	10.16150	2.1788772045492033	0.1582542950000000	0.0827955150000000
1359	10.16060	2.2086441536060328	0.1772426600000000	0.0577724750000000
131	21.40930	2.2002778080847349	0.1316606450000000	0.0982156750000000
132	21.29740	2.2000660978017224	0.1251634300000000	0.0411401950000000
134	21.21890	2.1978276736469358	0.1444239600000000	0.0839950100000000
1360	10.15810	2.2008650875860334	0.1506584300000000	0.0901742650000000
1362	10.15700	2.2011197673257863	0.1504103600000000	0.0938471300000000
1365	10.15050	2.1996813055229834	0.1433984000000000	0.1175902100000000
1373	10.14310	2.2015587241699319	0.1608953950000000	0.0979734450000000
1375	10.14090	2.2019132202301264	0.1246355650000000	0.0817025450000000
1378	10.13950	2.1996986030116710	0.1627763500000000	0.0699765900000000
1380	10.12850	2.2014092874522868	0.1415203300000000	0.0911022550000000
1381	10.12850	2.1958789941900188	0.1330883950000000	0.1373706800000000
1382	10.12620	2.2002010743111615	0.1575801300000000	0.0605843200000000
1383	10.12620	2.2040905424366808	0.1940197250000000	0.1417717600000000
1385	10.12620	2.1984853895015459	0.1347080900000000	0.1031303500000000
1386	10.12610	2.1984747180474233	0.1172990750000000	0.0935497300000000
1388	10.12550	2.1925722979818354	0.1389944150000000	0.1086017700000000
1390	10.12470	2.2037513606507511	0.1650146100000000	0.0422979050000000
1392	10.12400	2.1995680145991461	0.1540399250000000	0.0505817650000000
1393	10.12400	2.2016378532515173	0.1519893850000000	0.1008393200000000
1395	10.12330	2.2002196386784894	0.1331463700000000	0.1015988100000000
1396	10.12260	2.1996393165125521	0.1427567000000000	0.0882354150000000
1397	10.12260	2.2009942711230948	0.1329652450000000	0.0788895550000000
1402	10.10800	2.2003575547194960	0.1233227550000000	0.0890710000000000
1405	10.10280	2.1918350203107551	0.1440574550000000	0.1186412450000000
1409	10.07350	2.2004615916008889	0.1456150100000000	0.0937417200000000
1418	10.04880	2.2002719479110913	0.1440730100000000	0.0940858600000000
1419	10.04880	2.2007280915173091	0.1417955700000000	0.0863770200000000
1425	10.04410	2.2014540759355126	0.1514239550000000	0.0808792900000000
1426	10.01780	2.1997199315384930	0.1343556550000000	0.0809752900000000
1431	10.00540	2.1993851282774903	0.1276558950000000	0.0982676250000000
1436	9.94991	2.2026988703746886	0.1519588850000000	0.0992403350000000
1439	9.93271	2.1986202640972383	0.1638347450000000	0.0766214750000000
137	21.14770	2.1997822912246026	0.1372757450000000	0.0738284000000000
143	20.48610	2.2023455834049419	0.1386587750000000	0.1090953400000000
1440	9.90524	2.2005247584001908	0.1041072950000000	0.0608316350000000
1443	9.82061	2.1991827953880834	0.1425596800000000	0.0837631200000000
1445	9.80216	1.9553337461044935	0.2085793300000000	0.1092877600000000
1447	9.79928	2.2003194629943450	0.1501042950000000	0.0981500400000000
1449	9.79831	2.1996563277839765	0.1460139700000000	0.0978726050000000
1451	9.79801	2.1968078181858974	0.1499666150000000	0.0943011200000000
1456	9.79729	2.1919065932698443	0.1456053650000000	0.1295645050000000
1461	9.79620	2.2016548780081084	0.1521533650000000	0.0793022700000000
1467	9.79475	2.1990860794242972	0.1576356250000000	0.1011920800000000
1471	9.79320	2.2003564093073877	0.1377460250000000	0.0841163050000000
1475	9.79288	2.3122648913239940	0.2167394700000000	0.0935905300000000
1477	9.79273	2.4048315897692292	0.2647432300000000	0.1039646700000000
1483	9.79075	2.3476776951481297	0.2499578450000000	0.1433029650000000
1484	9.79041	2.1992946469294754	0.1336862200000000	0.1026533550000000
1485	9.79041	2.1996327587981184	0.1427863400000000	0.0943796950000000
1486	9.76395	2.2006203830341531	0.1490178000000000	0.0699928400000000
1490	9.72880	2.1960083368183447	0.1662485800000000	0.0617787250000000
1492	9.72526	2.1924351057429661	0.1666401550000000	0.0838066950000000
1493	9.72526	2.1993302537941952	0.1323971650000000	0.0764770250000000
1497	9.70935	2.2008760899237640	0.1656391700000000	0.0665395250000000
1503	9.67000	2.1985012950129201	0.1412872300000000	0.1054668800000000
1504	9.67000	2.1996711823696717	0.1529783050000000	0.1019446500000000
1505	9.67000	2.2005630886813097	0.1667578150000000	0.1044427900000000
1506	9.67000	2.2041388306975551	0.1586316300000000	0.0589473150000000
1507	9.67000	2.1997529833342364	0.1414281150000000	0.1107755000000000
1510	9.67000	2.1992280310741115	0.1470550950000000	0.0965106300000000
1515	9.66336	2.2009620695039502	0.1300005200000000	0.1055633700000000
1516	9.66178	2.1962600105503838	0.1559600100000000	0.0619140700000000
1518	9.66145	2.1978753523861596	0.1483233300000000	0.0946290850000000
1519	9.66145	2.2020494645851389	0.1571476100000000	0.0685597450000000
145	20.48180	2.3822320483237283	0.3208375650000000	0.1299688100000000
149	20.14810	2.1999839195954176	0.1220930050000000	0.0647897100000000
150	19.99580	2.1978049987672503	0.1325124750000000	0.1010665800000000
1523	9.66126	2.1992604385328960	0.1169245950000000	0.0605602050000000
1530	9.65958	2.2159958985501187	0.1876337450000000	0.1252880900000000
1535	9.65573	2.1995475153332413	0.1313673750000000	0.0993873150000000
1536	9.65484	2.2010801157329616	0.1661442800000000	0.0435672200000000
1538	9.65423	2.1987412022961368	0.1027334250000000	0.0605553600000000
1542	9.65411	2.2019786341237615	0.1379920700000000	0.0950481200000000
1543	9.65411	2.1986937861893843	0.1467909350000000	0.0871470350000000
1544	9.65409	2.2009850669574837	0.1418148700000000	0.0879947700000000
1552	9.63620	2.1986993128170140	0.1385909700000000	0.0893715350000000
1554	9.62796	2.2093716578418272	0.1649293650000000	0.0951067100000000
1561	9.61624	2.2060488431423422	0.1645589900000000	0.1048665250000000
1565	9.61424	2.2029212031444421	0.1514126350000000	0.1072948750000000
1566	9.61418	2.1951865996445603	0.1459073850000000	0.0839576100000000
1567	9.61418	2.2000534983351949	0.1407978850000000	0.0964549450000000
1571	9.60886	2.1986000520472002	0.1581808100000000	0.1006415500000000
1574	9.60673	2.1997239384866774	0.1494970350000000	0.1009400800000000
1575	9.60673	2.2007351814532092	0.1610292200000000	0.0759360950000000
1582	9.59930	2.1987643535359314	0.1472653950000000	0.0755549500000000
1586	9.59731	2.2014111296650603	0.1461799400000000	0.0921243600000000
1587	9.59731	2.1910979317330388	0.1475855700000000	0.0880978350000000
1592	9.59581	2.1993166003416804	0.1194087650000000	0.0978652750000000
1593	9.59581	2.2036734259412611	0.1657090500000000	0.1219560650000000
1594	9.59103	2.2006665174046542	0.1522610300000000	0.0736767000000000
1599	9.58949	2.2035038830321576	0.1472400800000000	0.0705275300000000
153	19.67710	2.1980929670358798	0.1453168600000000	0.0566458700000000
154	19.56700	2.1950923223058401	0.1349471350000000	0.0760561650000000
156	19.42160	2.2020524844598168	0.1378703950000000	0.0964193000000000
1603	9.58931	2.2936088700608064	0.2611585450000000	0.0977375700000000
1605	9.58891	2.1964314474708155	0.1405469000000000	0.1060858550000000
1606	9.58877	2.2005237877512900	0.1608395400000000	0.0870539850000000
1610	9.58849	2.2006512834129968	0.1496832950000000	0.1045158500000000
1612	9.58849	2.2006045179646980	0.1404277200000000	0.0827513000000000
1615	9.58828	2.2016821121738457	0.1600078850000000	0.0860998500000000
1621	9.58734	2.1990095153896676	0.1555653250000000	0.0774493350000000
1622	9.58663	2.2015022723305302	0.1270400350000000	0.1044202700000000
1625	9.58434	2.1982284136119001	0.1243852100000000	0.0854321900000000
1626	9.58386	2.2002402800580012	0.1436885250000000	0.0927713800000000
1635	9.58290	2.3076013124851573	0.2274484100000000	0.1131790450000000
1636	9.58269	2.1999589314589758	0.1554317150000000	0.0756745700000000
1639	9.58265	2.1973604285173685	0.1655247600000000	0.0936411600000000
1648	9.58048	2.2002713756138137	0.1490584700000000	0.0884680700000000
1653	9.57470	2.6083289765070496	0.3276267700000000	0.1087032700000000
1656	9.57149	2.1947616788008064	0.1459631200000000	0.0704116550000000
1659	9.57127	2.2013005455227264	0.1437785750000000	0.0852375050000000
1663	9.57023	2.0848633066516458	0.2065664250000000	0.1486617550000000
1669	9.56294	2.2066833625520434	0.1488552100000000	0.0360529950000000
1670	9.56051	2.2012476113307149	0.1586283450000000	0.1003134300000000
1674	9.55679	2.2009983478754416	0.1521578150000000	0.0910391600000000
1676	9.55202	2.2002889690453813	0.1517961500000000	0.0736562450000000
162	18.89830	2.1997655646876417	0.1193573800000000	0.0601212100000000
1680	9.54781	2.1997016882112743	0.0944754550000000	0.0693744150000000
1681	9.54781	2.2002084426458883	0.1491526750000000	0.0747497950000000
1682	9.54713	2.2009880050418240	0.1300308250000000	0.0625468750000000
1684	9.54687	2.1994252335546975	0.1674704250000000	0.0572758450000000
1687	9.53122	2.2005119476027559	0.1382379600000000	0.0830498400000000
1691	9.52965	2.1998983195356305	0.1253967750000000	0.1001619200000000
1692	9.52252	2.2013953352226037	0.1503185650000000	0.1130139300000000
1700	9.51255	2.1996829249308369	0.1484016150000000	0.0906268450000000
1703	9.51053	2.1996327165677387	0.1006736400000000	0.0560855650000000
1705	9.50834	2.1994195799661367	0.1463843200000000	0.0895768400000000
1707	9.50603	2.2020786811172055	0.1558697900000000	0.1007206800000000
1712	9.50220	2.2008501716521067	0.1356941650000000	0.0938904800000000
1717	9.49425	2.1804056055418641	0.1598721900000000	0.0924236250000000
1719	9.48606	2.2024640624281373	0.1450551850000000	0.0884337400000000
1721	9.48442	2.2016963261035918	0.1368751450000000	0.0684086900000000
1722	9.48286	2.2019076587746977	0.1488864000000000	0.0734359400000000
1728	9.47319	2.2013052538882572	0.1396127550000000	0.0693860150000000
1729	9.47319	2.2491081945084033	0.2055473250000000	0.1095334700000000
1731	9.46280	2.2014547986100856	0.1375496500000000	0.0920694350000000
1734	9.45239	2.2002080490709996	0.1409427650000000	0.1022878300000000
1736	9.45130	2.1984971909938413	0.1436965400000000	0.0905390800000000
1739	9.43735	2.1976255490625367	0.1470462800000000	0.0875932950000000
1744	9.36392	2.1990996170796677	0.0902623750000000	0.0694531200000000
1747	9.36075	2.1989137902585369	0.1394511950000000	0.0969407350000000
1749	9.33968	2.1992861425033028	0.1436271150000000	0.0911920350000000
1750	9.32657	2.2023453602965133	0.1221488850000000	0.0331816400000000
1754	9.30364	2.2822564322978343	0.2527928500000000	0.1418367700000000
1757	9.30095	2.2116113447802093	0.1762613000000000	0.0330534050000000
1758	9.29419	2.2003526244656313	0.1451882650000000	0.0796800300000000
168	18.56780	2.2459596297215958	0.2074505700000000	0.0600243600000000
169	18.56780	2.1993204282013434	0.1428972150000000	0.0880595550000000
170	18.56620	2.1996315185759046	0.1373753950000000	0.0788253300000000
171	18.56620	2.1968973783408661	0.1556710950000000	0.0748772200000000
175	18.33440	2.2005445577586693	0.1222337700000000	0.0513461900000000
1764	9.28328	2.2038094768639875	0.1457041400000000	0.1211708100000000
1767	9.27618	2.2003760795413947	0.1474160800000000	0.0763091800000000
1769	9.27601	2.2036018624123881	0.1576959250000000	0.0820146400000000
1773	9.27202	2.1992474161569717	0.0958132450000000	0.0914641100000000
1775	9.27078	2.2070811572793692	0.1758633800000000	0.0655295300000000
1782	9.25991	2.2000574617483406	0.1278835450000000	0.1001438450000000
1786	9.25823	2.1980598953515167	0.1312805000000000	0.0935576100000000
1788	9.25791	2.3012433667774999	0.2315245750000000	0.1519703300000000
1796	9.25601	2.1987773535180613	0.1618414650000000	0.0957051300000000
1798	9.25564	2.1997856474291022	0.1253552800000000	0.0733004150000000
1803	9.25402	2.2000452305435512	0.1402178850000000	0.0917100200000000
1804	9.25320	2.2004396874333612	0.1256818200000000	0.1054763150000000
1805	9.25320	2.1998804856960490	0.1468390900000000	0.0665010400000000
1806	9.25229	2.1907587324618225	0.1730774750000000	0.0894095800000000
1808	9.25199	2.1999123721640239	0.1115332250000000	0.0865026100000000
1814	9.24858	2.1999196267300420	0.1247777850000000	0.0697176550000000
1823	9.24404	2.1984013943895140	0.1369808950000000	0.0923464150000000
1826	9.24000	2.1975085556636662	0.1601787150000000	0.0636514850000000
1827	9.24000	2.2015150484347483	0.1537134600000000	0.0448345550000000
1832	9.24000	2.2180723530943012	0.1826804400000000	0.0813471050000000
1833	9.24000	2.1989898853363630	0.1459808300000000	0.0779830950000000
1835	9.24000	2.2008470562766314	0.1385987300000000	0.1030493350000000
176	18.28240	2.1964171167456081	0.1361875650000000	0.1020199600000000
181	17.96190	2.1988270759458093	0.1279868250000000	0.0927197250000000
1840	9.24000	2.2006571540111777	0.1537549200000000	0.0653925200000000
1846	9.24000	2.1991734777022232	0.1394597200000000	0.0820518650000000
1850	9.24000	2.1986808698143023	0.1179290350000000	0.1006389000000000
1853	9.24000	2.2009472857344781	0.1573184200000000	0.1055057050000000
1854	9.24000	2.2608113933512555	0.1866287950000000	0.1014474800000000
1856	9.24000	2.2001690864877985	0.1603455950000000	0.0623050850000000
1865	9.23790	2.1997794462779514	0.1505451450000000	0.0685251650000000
1870	9.23551	2.1926116221044367	0.1491939550000000	0.1215045500000000
1871	9.23551	2.2005218757866345	0.1541098150000000	0.0921365700000000
1872	9.23523	2.2001201862931858	0.1346052250000000	0.0879453250000000
1874	9.23490	2.1985279811982439	0.1403597100000000	0.1096841200000000
1875	9.23490	2.1989712857390695	0.1145229650000000	0.0735402500000000
1878	9.23309	2.2052695608624688	0.1608856500000000	0.0838046150000000
1879	9.23309	2.2000587182627660	0.1494627450000000	0.0861705700000000
1880	9.23250	2.1990151272052532	0.1437334000000000	0.0987993550000000
1881	9.23250	2.2007869258888011	0.1485272800000000	0.0779075600000000
1882	9.23219	2.2099070491240069	0.1754372300000000	0.1218794100000000
1885	9.23106	2.2016698301326110	0.1095287000000000	0.0521581550000000
1886	9.23095	2.1996565295676955	0.1453360500000000	0.1001840000000000
1890	9.22622	2.2025574734308870	0.1619546000000000	0.0979846000000000
1893	9.22493	2.1975722395502002	0.1551276950000000	0.0663058650000000
1900	9.21053	2.1985761994934028	0.1002967200000000	0.0729773250000000
1901	9.21053	2.1972368075990083	0.1445991900000000	0.1016993150000000
1906	9.18684	2.1985507331003098	0.1502443750000000	0.1050385700000000
1910	9.18173	2.2013413944675606	0.1062935200000000	0.0575564000000000
1911	9.18173	2.1997609098358444	0.1369487150000000	0.0872372250000000
1914	9.18130	2.1795127272373498	0.1630433150000000	0.1026815250000000
1916	9.18058	2.2560925376921612	0.1224033750000000	0.1486548350000000
184	17.79570	2.1952116433877991	0.1551206100000000	0.0718959800000000
185	17.79570	2.1994529468836492	0.1465796950000000	0.0952234100000000
189	17.79230	2.2005743002937583	0.1075897700000000	0.0833824700000000
190	17.77460	2.2000355280949999	0.1431914200000000	0.0895109950000000
191	17.77460	2.1987040688814554	0.1159578650000000	0.0771906650000000
1922	9.17791	2.1996637155896259	0.1187517400000000	0.0789136050000000
1923	9.17791	2.1978674549520933	0.1444020800000000	0.1026621450000000
1924	9.17773	2.1996010617520110	0.1363094250000000	0.0848822250000000
1925	9.17773	2.2019025020051339	0.1342501750000000	0.0965482850000000
1931	9.17523	2.1996989328288810	0.1487669550000000	0.0984902250000000
1933	9.17417	2.2003059933716198	0.1363074400000000	0.0982795500000000
1934	9.17355	2.2001103529220520	0.1398143950000000	0.1048604650000000
1939	9.17204	2.2002359755114602	0.1384785300000000	0.0585286450000000
1946	9.16072	2.1984845748910655	0.1244975500000000	0.0810280850000000
1949	9.15790	2.1996566968716587	0.1591559900000000	0.1069091150000000
1950	9.15340	2.2016691250579203	0.1616277900000000	0.0780626050000000
1953	9.15240	2.2002515599110923	0.1413234300000000	0.1098522950000000
1964	9.14000	2.1997903281089370	0.1316358900000000	0.0895796400000000
1970	9.14000	2.1997610505328655	0.0929420550000000	0.0534232150000000
1979	9.14000	2.2001181401050380	0.1277967900000000	0.0977679550000000
1983	9.14000	2.2007235137511021	0.1561666150000000	0.0886247800000000
1989	9.14000	2.2017953214337385	0.1369026600000000	0.0838779600000000
1990	9.14000	2.1991856953739872	0.1444816450000000	0.0832615900000000
1991	9.14000	2.2004217018057446	0.1493512850000000	0.1131321600000000
1993	9.14000	2.2040794953214617	0.1369252750000000	0.0952097650000000
1996	9.14000	2.1993444171870205	0.1233242300000000	0.0672064950000000
192	17.71340	2.2013981283478308	0.1751074100000000	0.0653702700000000
193	17.71340	2.1998888434482593	0.1489373350000000	0.0859248900000000
194	17.70800	2.2003678220145448	0.1415642150000000	0.0858231950000000
198	17.62660	2.2014853279328914	0.1439542600000000	0.0830899500000000
199	17.62660	2.2008284216392875	0.1438448850000000	0.0890121200000000
2003	9.14000	2.1979945596615327	0.1373298350000000	0.0822572050000000
2013	9.13558	2.2015585082457068	0.1566230400000000	0.0939571800000000
2020	9.13287	2.2011350722582317	0.1306101100000000	0.0813243150000000
2021	9.13287	2.1979608450462527	0.1148059450000000	0.1108033450000000
2022	9.13245	2.2020947815830807	0.1590654300000000	0.0781545850000000
2024	9.13204	2.1982115019066408	0.1246794000000000	0.0898579500000000
2025	9.13204	2.1964994230213701	0.1612616550000000	0.0900896400000000
2030	9.11916	2.1997532740486236	0.1522000850000000	0.0407437100000000
2036	9.10508	2.2020469503057205	0.1365083800000000	0.0913702750000000
2038	9.10369	2.1958944087405849	0.1433548700000000	0.0680117000000000
2046	9.05605	2.1977886681995056	0.1419245000000000	0.1062991600000000
2048	9.04366	2.2002013865275862	0.1490576000000000	0.0775118350000000
2055	9.03638	2.2006109380914634	0.1316675400000000	0.0773857500000000
2056	9.03142	2.1970264478745705	0.1757281800000000	0.0459022400000000
2060	9.02477	2.2014451136135809	0.1453347200000000	0.1073633400000000
2061	9.02477	2.1970674276320046	0.1400690000000000	0.0918297650000000
2064	9.02211	2.1994237104359460	0.1365917050000000	0.0746572400000000
2068	9.02041	2.2012724726999928	0.1359567250000000	0.1022442650000000
2069	9.02041	2.2223431287756896	0.1673910150000000	0.1055420700000000
2070	9.02039	2.2009990955689367	0.1303094700000000	0.0777622050000000
2073	9.02018	2.1997691207500574	0.1536468800000000	0.0645764150000000
2076	9.01653	2.2016879094951194	0.1263971250000000	0.0930635200000000
2078	9.01625	2.1919677239100341	0.1729033950000000	0.0715455050000000
2079	9.01625	2.1996772439945200	0.1412977250000000	0.0791963150000000
200	17.62620	2.2003413471226709	0.1452199750000000	0.0916956050000000
2080	9.01619	2.2095139344761274	0.1898620600000000	0.0687777150000000
2082	9.01556	2.2028997720330374	0.1542522150000000	0.0708328400000000
2083	9.01556	2.2020314368816303	0.1505950500000000	0.0599430600000000
2087	9.01160	2.1985892959184428	0.1594309950000000	0.0835742300000000
2096	9.00734	2.1996565111342421	0.1568535650000000	0.1113872100000000
2104	9.00246	2.1961783991591530	0.1341938750000000	0.0954940500000000
2107	9.00214	2.1991810121863877	0.1338094450000000	0.0529999300000000
2108	9.00062	2.2007295763050982	0.1512308400000000	0.0955927900000000
2111	9.00011	2.2088064970307952	0.1606003400000000	0.1184741400000000
2113	8.99981	2.1963052904449412	0.1280003800000000	0.0993634950000000
2119	8.99850	2.1991130039092597	0.1622500550000000	0.0860990100000000
2121	8.99556	2.2011196974880578	0.1252734400000000	0.0710758900000000
2123	8.99535	2.1889687319792626	0.1726590500000000	0.0891710100000000
2124	8.99371	2.2000475583349890	0.1146349900000000	0.0563351000000000
2127	8.99142	2.2033530825902194	0.1664681400000000	0.1283187350000000
2130	8.98943	2.2008339722116990	0.1314962750000000	0.0782282950000000
2136	8.98743	2.2024970263895023	0.1611889150000000	0.0906984950000000
2141	8.98605	2.1997426721940156	0.1581721150000000	0.0928882150000000
2145	8.98373	2.1943939329063920	0.1490779500000000	0.1138110850000000
2149	8.98311	2.2004673837027862	0.1245565000000000	0.1117532550000000
2151	8.98274	2.1915520545705385	0.1644388450000000	0.1292236300000000
2152	8.98141	2.1271433011375387	0.1440226250000000	0.0933685850000000
2157	8.98000	2.1981284197859439	0.1289404150000000	0.1018897300000000
208	17.18240	2.2006453787275353	0.1445248000000000	0.0821255600000000
209	17.18240	2.2004690695282858	0.1249135650000000	0.1060411350000000
211	17.07690	2.1844074560584272	0.1545629300000000	0.1154586300000000
212	17.05300	2.2039497462380502	0.1563201900000000	0.1007084950000000
213	17.05300	2.1982540387223017	0.1153984450000000	0.0807752900000000
215	17.02200	2.1970603584499844	0.1360516450000000	0.0980328050000000
2162	8.98000	2.2822118767543640	0.2176508700000000	0.0943689500000000
2163	8.98000	2.1982433287970835	0.1244628300000000	0.0625503800000000
2169	8.98000	2.1793012476109257	0.1685975500000000	0.0763626400000000
2170	8.98000	2.2016063614135870	0.1500375500000000	0.0463471100000000
2173	8.98000	2.1985437147219127	0.1369721650000000	0.0689352600000000
2174	8.97946	2.2002885209017626	0.1364283200000000	0.0806720950000000
2178	8.97489	2.2001817083849868	0.1481750050000000	0.0798807850000000
2184	8.97257	2.2001895477300804	0.1424308750000000	0.0715746200000000
2185	8.97257	2.2003537641868576	0.1545274250000000	0.0793751950000000
2187	8.97180	2.1982867368935879	0.0971995850000000	0.0854798500000000
2188	8.96911	2.1987598721480319	0.0970461350000000	0.0746539100000000
2189	8.96911	2.2011279190051578	0.1319750600000000	0.0448901900000000
2191	8.96742	2.2005340122021257	0.1396681500000000	0.0890555600000000
2198	8.95967	2.2007772139906536	0.1386617450000000	0.0918605850000000
2201	8.95899	2.1954097568480564	0.1459507600000000	0.0940739700000000
2205	8.95765	2.1968413610000201	0.1638978900000000	0.0899851350000000
2207	8.95637	2.2018469206258926	0.1326598550000000	0.1069082150000000
2210	8.95605	2.2007564320399751	0.1502421950000000	0.0591438500000000
2220	8.95361	2.1975801832274411	0.1384538250000000	0.0986606200000000
2221	8.95361	2.2133819607104241	0.1460520850000000	0.0499342200000000
2224	8.95254	2.2028363198899448	0.1606263150000000	0.0643151050000000
2225	8.95254	2.2015175869883379	0.1584420350000000	0.1228008500000000
2226	8.95171	2.2005147695394722	0.1435312300000000	0.0905034650000000
2230	8.95019	2.3656251383000226	0.2359805800000000	0.0657242550000000
2232	8.95018	2.1855561043415568	0.1366082400000000	0.1087282400000000
2236	8.94681	2.1970583100928458	0.1393137250000000	0.1022863950000000
218	16.98050	2.1994542479719832	0.1568345250000000	0.0716538900000000
221	16.93270	2.1872287399025083	0.1155995500000000	0.1114356450000000
2243	8.93885	2.2010807996205752	0.1278403850000000	0.0422789400000000
2244	8.93734	2.2014785944673196	0.1221047100000000	0.0638035050000000
2246	8.93637	2.2012555976862207	0.1353184850000000	0.0949323700000000
2247	8.93637	2.2037547838367249	0.1562819550000000	0.0703405900000000
2249	8.93547	2.2003123450803699	0.1529483050000000	0.0851366200000000
2250	8.93344	2.2250271693041577	0.1662922150000000	0.0933249650000000
2251	8.93344	2.2522243658336745	0.1921305300000000	0.1201117800000000
2255	8.92967	2.2003955019468413	0.1551525600000000	0.0792117250000000
2256	8.92952	2.2045528016247156	0.1436154700000000	0.0919144650000000
2263	8.92661	2.1963960858920490	0.1582805900000000	0.0564640100000000
2265	8.92659	2.2020820407047874	0.1504044000000000	0.0888409850000000
2266	8.92619	2.1969251210877796	0.1608118800000000	0.0716926000000000
2268	8.92463	2.2065651627628942	0.1514479250000000	0.1101616300000000
2270	8.92413	2.1905789306199699	0.1450214900000000	0.0834054700000000
2273	8.92381	2.2014736282739795	0.1226135150000000	0.0550800100000000
2274	8.92358	2.1951368983475077	0.1468566950000000	0.1119450350000000
2275	8.92358	2.1979306864414312	0.1622345200000000	0.0875759550000000
2278	8.92315	2.2007170941446574	0.1304511500000000	0.0951031400000000
2281	8.92279	2.1989639036593416	0.1445541050000000	0.1129167900000000
2288	8.91786	2.2022793765562576	0.1373555650000000	0.0844530600000000
2289	8.91786	2.1993397185185168	0.1448043900000000	0.0599846500000000
2291	8.91596	2.1995722752154721	0.1258890800000000	0.0698486050000000
2293	8.91512	2.2021520597801043	0.1383208650000000	0.0954429250000000
2295	8.91384	2.1971750903823080	0.1526575950000000	0.0573797750000000
2296	8.91245	2.1915361645106004	0.1482674850000000	0.0953404000000000
2299	8.90797	2.2052278118181019	0.1583797150000000	0.1025489650000000
2304	8.89888	2.2016034526238619	0.1216635200000000	0.0533388000000000
2306	8.89326	2.2026915203570074	0.1417032300000000	0.0802917050000000
2307	8.89326	2.2018393281973223	0.1452954300000000	0.1095861850000000
2312	8.87436	2.2008408947424227	0.1495144950000000	0.1052546500000000
2313	8.87436	2.2006598857239852	0.1544989550000000	0.1234004350000000
2315	8.87192	2.2002720829212383	0.1203406250000000	0.0993921900000000
2317	8.87173	2.2021722604296885	0.1417359600000000	0.1108159650000000
2319	8.86814	2.1980171300502191	0.1072515950000000	0.0728329250000000
227	16.88770	2.2015174704455096	0.1525019350000000	0.1031599150000000
228	16.88760	2.1996712598370092	0.1519556450000000	0.0839193850000000
230	16.86680	2.2007852281408282	0.1574962450000000	0.0678493250000000
2330	8.85054	2.1993635133174227	0.1071342450000000	0.0482968700000000
2343	8.83638	2.2067293696423174	0.1577066750000000	0.0975201100000000
2348	8.82689	2.2018184861246484	0.1504629650000000	0.1056732500000000
2349	8.82689	2.2002270414041689	0.1384919900000000	0.0879632100000000
2350	8.82364	2.2008250595356564	0.1601104000000000	0.0786680350000000
2351	8.82364	2.2183760592913679	0.1711764800000000	0.0994461700000000
2353	8.81628	2.1984856544151055	0.1401826000000000	0.0813048500000000
2354	8.81623	2.1911699683820496	0.1626636850000000	0.0670673150000000
2356	8.81004	2.1994297610821758	0.1424538100000000	0.0894736350000000
2362	8.80658	2.2021507683672170	0.1505013450000000	0.0564548100000000
2363	8.80658	2.2002178111508441	0.1188198150000000	0.0937871900000000
2367	8.80448	2.2554630841008070	0.1898109000000000	0.1104193750000000
2368	8.79150	2.2226095010172542	0.1507477800000000	0.1283987700000000
2370	8.78437	2.3034720279752312	0.2505771000000000	0.1257560600000000
2371	8.78437	2.1995184955876703	0.1284477800000000	0.1008372200000000
2374	8.77878	2.2003913613564596	0.1485640200000000	0.0973708050000000
2375	8.77878	2.1997757277332091	0.1459706350000000	0.0909414950000000
2376	8.77192	2.1995099094628139	0.1431404100000000	0.0824168050000000
2378	8.75648	2.1989429982159487	0.1340797150000000	0.0698376450000000
2381	8.75301	2.2013632955406859	0.1197226950000000	0.0641826600000000
2384	8.74216	2.1969232236043230	0.1675191800000000	0.0462910600000000
2391	8.73721	2.3073516016004616	0.2623769200000000	0.1186394900000000
2392	8.73275	2.2002750217570393	0.1578483800000000	0.0990771550000000
2394	8.72981	2.1985557673475249	0.1413975950000000	0.0859725350000000
2399	8.71645	2.2011355689977945	0.1530642650000000	0.0895634550000000
235	16.86370	2.2024587493307051	0.1615373350000000	0.1135465400000000
237	16.81790	2.1999380258162557	0.1523989200000000	0.1098413300000000
239	16.79440	2.1999578042481698	0.1450214150000000	0.0423486000000000
22	98.06700	2.2006767698118122	0.1626613050000000	0.0739191950000000
2402	8.70886	2.1979219052722292	0.1385475100000000	0.0868928450000000
2404	8.70243	2.2005474788363131	0.1572261450000000	0.1002130700000000
2405	8.70243	2.2064261758821360	0.1802816200000000	0.0822639400000000
2408	8.69451	2.2005063332573740	0.1662025600000000	0.0672899800000000
2409	8.69451	2.2000472749642328	0.1473712100000000	0.1094925950000000
2415	8.67928	2.2000131313382298	0.1525292900000000	0.0518314100000000
2416	8.66682	2.2016183041360202	0.1063775300000000	0.1196032100000000
2425	8.64481	2.2020636339591722	0.1313180650000000	0.1010648650000000
2427	8.64296	2.1880430804255342	0.1580817100000000	0.0573548400000000
2429	8.64137	2.1991016108246213	0.1530068400000000	0.0814770950000000
2431	8.62991	2.2035061465456804	0.1616880550000000	0.0939913350000000
2432	8.62916	2.2010166789298715	0.1422455850000000	0.0866052600000000
2433	8.62916	2.2002102025279462	0.1461744950000000	0.1011450800000000
2434	8.62915	2.1996958081335372	0.1355266700000000	0.0748479700000000
2438	8.62822	2.3166689932095506	0.2269172000000000	0.1252723950000000
2440	8.62799	2.2014781110057315	0.1362095000000000	0.0872247300000000
2441	8.62799	2.2020085277713322	0.1397599700000000	0.1043745250000000
2451	8.62547	2.2034219520127132	0.1662306850000000	0.1087463750000000
2452	8.62537	2.1963735393955806	0.1566870900000000	0.0570623950000000
2454	8.62494	2.2044475575837090	0.1374619650000000	0.1046304550000000
2460	8.62151	2.2008618842966001	0.1136227150000000	0.0761668050000000
2463	8.62143	2.2013663707661846	0.1516597200000000	0.0924727350000000
2464	8.62139	2.1995753006112082	0.1355049300000000	0.0935355750000000
2465	8.62139	2.2007646212308702	0.1584442650000000	0.1247607900000000
2468	8.61871	2.2092838327752022	0.1702287900000000	0.1036522250000000
2469	8.61871	2.2006692246002175	0.1295523650000000	0.0988445950000000
2472	8.59504	2.1999463344572270	0.1401103000000000	0.1040024500000000
2477	8.58354	2.2016987043993126	0.1721234450000000	0.1121227000000000
2478	8.57884	2.1997139371921985	0.1218873250000000	0.0665023500000000
2479	8.57884	2.1803394383013117	0.1041000250000000	0.1139770000000000
245	16.67950	2.2080139371129279	0.1636117200000000	0.0845920900000000
2485	8.55654	2.2005290005522653	0.1380644150000000	0.0835730400000000
2488	8.54109	2.2012562940119542	0.1522547300000000	0.1012832150000000
2492	8.53909	2.1867162923387951	0.1337493200000000	0.1072591600000000
2498	8.53773	2.2020797838250825	0.1435436000000000	0.0841926050000000
2506	8.53691	2.2020794816460381	0.1356401950000000	0.0682127900000000
2511	8.53659	2.2012551022651046	0.1504705250000000	0.0902327650000000
2513	8.53601	2.1972247570422612	0.1649872600000000	0.0888871100000000
2515	8.53595	2.1984435545317691	0.1707528800000000	0.0684974850000000
2522	8.53153	2.1973904397939092	0.1298510400000000	0.0989127350000000
2527	8.52658	2.1970729523911876	0.1523711200000000	0.0959375250000000
2529	8.52617	2.1823816538591014	0.1712371450000000	0.0413346600000000
2533	8.51847	2.1998725119739455	0.1379539200000000	0.1073208600000000
2536	8.51130	2.2018249850038676	0.1499998850000000	0.0846712650000000
2537	8.51130	2.2006271477308004	0.1259822350000000	0.0729223600000000
2542	8.49075	2.2007656852868500	0.1346987650000000	0.0891286700000000
2543	8.49075	2.2009065089445512	0.1377037300000000	0.0678209600000000
2544	8.48967	2.2015154034389610	0.1488755950000000	0.0817542950000000
2551	8.48000	2.2095243028067246	0.1598819450000000	0.0686946750000000
2558	8.48000	2.1993224445767519	0.1525726900000000	0.0523628300000000
248	16.57590	2.2024252641218403	0.1605389850000000	0.0372263050000000
249	16.57590	2.1985117184857357	0.1439056850000000	0.0948269350000000
250	16.51990	2.2008658050821523	0.1475794000000000	0.0864879300000000
251	16.51990	2.1985357459133530	0.1509490850000000	0.0657187050000000
253	16.50140	2.1991938697361402	0.1405962450000000	0.0861017950000000
2560	8.48000	2.2030198817067452	0.1570224200000000	0.0921622850000000
2561	8.48000	2.2016713459945429	0.1376146700000000	0.0841276100000000
2567	8.48000	2.1982697071426998	0.1242343850000000	0.0964157550000000
2569	8.48000	2.1959227285479792	0.1592898000000000	0.1266556600000000
2570	8.47797	2.1902443428942249	0.1588434650000000	0.0849453650000000
2578	8.46680	2.2018383845852978	0.1385010850000000	0.1003488150000000
2586	8.46000	2.2069270961585339	0.1760210350000000	0.0444689850000000
2587	8.46000	2.1984406129995024	0.1421101950000000	0.0722263800000000
2589	8.44800	2.2018143679485025	0.1317462800000000	0.0951033300000000
2597	8.43458	2.1981982435150842	0.1249789800000000	0.0968742450000000
2601	8.42770	2.2011009811123383	0.1396254250000000	0.0970418550000000
2603	8.42299	2.2018196123067573	0.1373380900000000	0.1162547450000000
2609	8.41614	2.2014805970113338	0.1411115750000000	0.0469579300000000
2614	8.40334	2.2006895453345861	0.1518718150000000	0.0762053250000000
2615	8.40334	2.1979619854781030	0.1560013300000000	0.1259915200000000
2619	8.39487	2.2019080569146525	0.1554474900000000	0.0848094300000000
2620	8.39137	2.2015224953709933	0.1176816650000000	0.0527570050000000
2623	8.38740	2.2238641211425794	0.1798695550000000	0.0792155850000000
2624	8.38712	2.2004704735289438	0.1600887050000000	0.0880127650000000
2625	8.38712	2.2012042744144251	0.1411865300000000	0.0985727900000000
2627	8.38446	2.2310471055806116	0.1746327650000000	0.0906032950000000
2633	8.37012	2.1979128717613468	0.1573551400000000	0.0984584900000000
2634	8.36918	2.2056323900966208	0.1607878700000000	0.1188839200000000
2635	8.36918	2.4188681829751322	0.2865820850000000	0.0728437650000000
2638	8.36731	2.2003481673859131	0.1551167000000000	0.1205682250000000
257	16.45850	2.2002926886614498	0.1527402300000000	0.0789430100000000
258	16.44450	2.2190513535443097	0.1802232400000000	0.0332855900000000
2640	8.36730	2.2004568922969336	0.1730200650000000	0.1264689250000000
2643	8.36655	2.2007524297936243	0.1406467450000000	0.0873772450000000
2647	8.36622	2.2022339240791431	0.1461514650000000	0.0767776900000000
2650	8.36541	2.2003202328087030	0.1432243700000000	0.0844715950000000
2655	8.36483	2.1982285934194681	0.0940675350000000	0.0898981300000000
2656	8.36471	2.2009178204039941	0.1397713700000000	0.1113979900000000
2666	8.35941	2.2006618309868142	0.1412172900000000	0.0832193000000000
2667	8.35941	2.2015027709608184	0.1418153250000000	0.0781969550000000
2674	8.35100	2.1846802969667412	0.1132968750000000	0.1246377550000000
2675	8.35100	2.1992168348296879	0.1454428950000000	0.0779972000000000
2677	8.34964	2.1991594009964972	0.1439721700000000	0.0974773450000000
2680	8.34857	2.2042804245335872	0.1625102400000000	0.0657729400000000
2681	8.34857	2.2017942291062940	0.1395189550000000	0.0912051400000000
2682	8.34790	2.2008165866535747	0.1326925750000000	0.0724851900000000
2683	8.34790	2.2018883444257562	0.1559359250000000	0.0872386300000000
2684	8.34776	2.2018395781419087	0.1352316700000000	0.1040693850000000
2686	8.34726	2.2175233562301586	0.1731577100000000	0.0966398250000000
2687	8.34726	2.2010988510745917	0.1276226650000000	0.0865229600000000
2696	8.34384	2.1985321279083387	0.1491543500000000	0.0669649400000000
2697	8.34384	2.2039963079782967	0.1685822100000000	0.0728196650000000
2705	8.34054	2.1982030783982851	0.1044292900000000	0.0786952300000000
2706	8.33796	2.1957766771569380	0.1471229950000000	0.0883962800000000
2707	8.33796	2.2019929316991385	0.1256155400000000	0.1157394700000000
2709	8.33427	2.2016953476353520	0.1455504900000000	0.0798849250000000
2712	8.32388	2.2011324356540025	0.1299355150000000	0.1141041100000000
2717	8.31924	2.2020457547840335	0.1488015600000000	0.0878256850000000
265	16.21370	2.2503267046986801	0.1920993650000000	0.0946930100000000
268	16.15410	2.1996828659142786	0.1607059100000000	0.0900584000000000
270	16.15400	2.2096530363768263	0.1666765750000000	0.0996037400000000
271	16.15400	2.1917701763018669	0.1400014350000000	0.1118646350000000
2720	8.30884	2.2010589995384673	0.1387349750000000	0.0931069050000000
2722	8.30872	2.2005189902921463	0.1411997100000000	0.0808628500000000
2723	8.30872	2.2039531728739759	0.1548027700000000	0.0345045000000000
2724	8.30642	2.1997176158559530	0.1363344050000000	0.0807579650000000
2725	8.30642	2.3772603070384033	0.2591077250000000	0.0560937350000000
2727	8.30497	2.2000452249610123	0.1604625250000000	0.0646619300000000
2728	8.30123	2.2005242651255075	0.1466909500000000	0.0880985800000000
2734	8.27979	2.1785398536440308	0.1365526900000000	0.1135359550000000
2736	8.27930	2.1698055864728993	0.1597458050000000	0.1075602450000000
2751	8.27016	2.1999016410940380	0.1499910300000000	0.0725700950000000
2758	8.26374	2.2015781287316134	0.1648030200000000	0.0981054500000000
2765	8.25435	2.2004008884241357	0.1472942500000000	0.0680078250000000
2766	8.24826	2.1980128445869154	0.1329640200000000	0.0700403250000000
2772	8.23918	2.1916020266044391	0.1353322800000000	0.0867299650000000
2774	8.23870	2.2005225159101482	0.1805181150000000	0.1182698650000000
2778	8.23466	2.2006619679363393	0.1392668000000000	0.1154615350000000
2779	8.23466	2.2010866076713858	0.1518014250000000	0.0766973000000000
2781	8.23239	2.1989469476347909	0.1224792250000000	0.0983331250000000
2782	8.22956	2.3534861784285157	0.2534558600000000	0.1513468150000000
2783	8.22956	2.2015289276044729	0.1252983100000000	0.0988170250000000
2786	8.22882	2.2048209206954685	0.1813453150000000	0.1305927850000000
2787	8.22882	2.1976521850514534	0.1615556400000000	0.0660590200000000
2788	8.22517	2.1999546724931753	0.1421519950000000	0.0772425000000000
2792	8.22157	2.2230633066484358	0.1778602100000000	0.0725978250000000
2795	8.21916	2.2010831748459392	0.1091982250000000	0.1078429000000000
274	16.00470	2.2016773339588371	0.1400771650000000	0.1004664900000000
275	16.00470	2.2006532329207458	0.1342413000000000	0.0558846050000000
2800	8.21535	2.2969592098902387	0.2103207850000000	0.1166508550000000
2802	8.21484	2.1999871123162800	0.1393903200000000	0.1090802300000000
2803	8.21484	2.1994882531908924	0.1488613000000000	0.0869029000000000
2806	8.20236	2.2000616424609194	0.1179604200000000	0.0847131550000000
2807	8.20236	2.2010784191938044	0.1478920350000000	0.0960860050000000
2808	8.20000	2.2018439017674405	0.1312592150000000	0.0803246400000000
2813	8.20000	2.2016235982698564	0.1493622900000000	0.0981475000000000
2815	8.20000	2.1978472366616146	0.1119892600000000	0.0736424050000000
2816	8.20000	2.2026653272891576	0.1626122850000000	0.0414802450000000
2818	8.20000	2.2006662959482317	0.1292158350000000	0.0840193200000000
2819	8.20000	2.1949581884386533	0.1609410750000000	0.1166250550000000
2820	8.20000	2.2002106621990740	0.1633032750000000	0.0655225150000000
2822	8.20000	2.3845855706087353	0.2482440800000000	0.1004887500000000
2823	8.20000	2.1980937259340867	0.1303985200000000	0.0682608950000000
2827	8.20000	2.1952600537392772	0.1591983500000000	0.0709929500000000
2830	8.20000	2.2009422083543302	0.1590693050000000	0.0498369550000000
2832	8.20000	2.2015384323024607	0.1386685700000000	0.0904612650000000
2836	8.20000	2.2018902664803437	0.1609877350000000	0.0953830200000000
2837	8.20000	2.1872821217047056	0.1374754900000000	0.1067495100000000
2841	8.19420	2.2038979955248199	0.1587984750000000	0.1069683800000000
2843	8.19382	2.2017667240989329	0.1310346400000000	0.0747144900000000
2844	8.19066	2.2015038666714450	0.1594094800000000	0.0779725400000000
2848	8.18384	2.1987326877735822	0.1450129450000000	0.0647219150000000
2858	8.16935	2.1973286881893648	0.1475736000000000	0.0836295150000000
2860	8.16836	2.2004735620006692	0.1397967650000000	0.0911110500000000
2861	8.16836	2.1954796779691135	0.1445990000000000	0.0840067350000000
2862	8.16758	2.2014418834213272	0.1363604550000000	0.0987012800000000
2863	8.16758	2.2015762240328698	0.1137975250000000	0.0808933500000000
2864	8.16645	2.2004871121006531	0.1713229750000000	0.1121110100000000
2868	8.16181	2.1996573981115608	0.1357066800000000	0.0992683050000000
2869	8.16181	2.2018289230121213	0.1438169200000000	0.0346330250000000
2870	8.15953	2.1952109887440105	0.1284444800000000	0.0825320650000000
2877	8.14937	2.1976635431048472	0.1160741150000000	0.0554645950000000
2878	8.14594	2.2548906832768743	0.2205912050000000	0.1472744750000000
280	15.79130	2.1628551888115899	0.1167849650000000	0.0685682750000000
2886	8.13966	2.2011847018170916	0.1351895250000000	0.0907648450000000
2887	8.13966	2.2001966718354717	0.1045484100000000	0.0574640350000000
2891	8.13890	2.2011066439090645	0.1312184850000000	0.0805787500000000
2892	8.13840	2.2015082252226961	0.1364065300000000	0.0352923650000000
2899	8.13645	2.1996661376895164	0.1105396950000000	0.0792036150000000
2906	8.13301	2.2023247341498795	0.1554919950000000	0.0488368000000000
2907	8.13301	2.1974609029210264	0.1333768500000000	0.0814128750000000
2908	8.13284	2.1961068864674718	0.1642500650000000	0.0702786200000000
2913	8.12955	2.2013420225835842	0.1593700000000000	0.0698955800000000
2925	8.12265	2.1999261309710718	0.1436909900000000	0.1131587600000000
2927	8.12189	2.2024195397960962	0.1522545450000000	0.0566053750000000
2932	8.11972	2.2014856057235548	0.1574122500000000	0.0690478550000000
2933	8.11972	2.4665660450938232	0.2752015150000000	0.1688832150000000
2934	8.11876	2.2003935070240090	0.1500951300000000	0.0885786950000000
2938	8.11091	2.1871893934145978	0.1652291950000000	0.1217076750000000
2940	8.11078	2.1987378033837981	0.1592859100000000	0.0898452300000000
2941	8.11078	2.2008619748778626	0.1634717850000000	0.0661008050000000
2949	8.10659	2.2017792844855775	0.1356421850000000	0.0614179400000000
2951	8.10431	2.2052875739465061	0.1455930650000000	0.1180640550000000
2952	8.09909	2.2025496923596286	0.1472143500000000	0.1056779050000000
2955	8.09854	2.2015448658830987	0.1509456000000000	0.0649235100000000
289	15.35480	2.2007411550122731	0.1622009750000000	0.0831790650000000
290	15.33460	2.2013343758503483	0.1400263000000000	0.0884294100000000
293	15.33040	2.2016189185637209	0.1578279950000000	0.1047652850000000
294	15.28500	2.1978884397764733	0.1220672350000000	0.0777566250000000
295	15.28500	2.1994609876061122	0.1234648600000000	0.1013075450000000
2961	8.09740	2.1983384530889092	0.0931515500000000	0.0595612700000000
2962	8.09702	2.2021212276797582	0.1349582400000000	0.0514754900000000
2964	8.09688	2.3504214286426350	0.2355229000000000	0.1193435800000000
2966	8.09614	2.2000240958801141	0.1281733150000000	0.1176194600000000
2969	8.09578	2.2367942931256581	0.1779631400000000	0.0546590050000000
2970	8.09432	2.2014707087231722	0.1495030900000000	0.0863841750000000
2971	8.09432	2.1977921715349753	0.1278400700000000	0.0729496150000000
2972	8.09383	2.2005186632945484	0.1582919750000000	0.0781938250000000
2973	8.09383	2.2034192655358003	0.1402818800000000	0.0596358500000000
2976	8.09157	2.1987283616485853	0.1468111450000000	0.0481133450000000
2977	8.09157	2.2589041195504285	0.1613861650000000	0.1017772350000000
2987	8.09000	2.2005636348057243	0.1611763250000000	0.0851673750000000
2993	8.09000	2.2004849316372574	0.1449394550000000	0.0668978150000000
2994	8.09000	2.1979080253818197	0.1205166600000000	0.0538759450000000
2995	8.09000	2.1948220165167056	0.1368475650000000	0.0948938850000000
2998	8.09000	2.2019634137064568	0.1327125050000000	0.1115063950000000
3007	8.09000	2.1954613796336964	0.1483579950000000	0.0569511450000000
3008	8.09000	2.2036890227272132	0.1664400100000000	0.0802279750000000
3010	8.09000	2.1999031094897252	0.1543356950000000	0.1001563000000000
3011	8.09000	2.2011475877759530	0.1353601850000000	0.0976590400000000
3012	8.09000	2.1954653376401554	0.1567646900000000	0.0576049750000000
3014	8.09000	2.2004070471457120	0.1303958750000000	0.1087384700000000
3017	8.09000	2.1900181534604699	0.1761012650000000	0.1101761400000000
3020	8.09000	2.2086495056937592	0.1872399350000000	0.1177217950000000
3021	8.09000	2.2007658770940615	0.1497175600000000	0.0862952350000000
3023	8.09000	2.2005303118026003	0.1491364500000000	0.0861243050000000
3024	8.08933	2.1971257137481004	0.1174127700000000	0.1087681000000000
3035	8.08582	2.2908782510771979	0.2234237700000000	0.1281259700000000
3036	8.08477	2.2003678351562077	0.1277322250000000	0.0965688350000000
3037	8.08477	2.2013740277398588	0.1494090650000000	0.0722500850000000
3039	8.08469	2.1852252421805756	0.1618675250000000	0.0742400100000000
300	15.20500	2.1994358780225598	0.1483717700000000	0.1007482500000000
302	15.16550	2.2983288901377241	0.2384836750000000	0.1334948150000000
303	15.16550	2.2356600565047522	0.2062095750000000	0.1116912400000000
3045	8.08006	2.2015046123484789	0.1579891250000000	0.0572754050000000
3046	8.07997	2.1973820583222938	0.1679531200000000	0.0738468750000000
3050	8.07978	2.2004009553830421	0.1480797650000000	0.0504319900000000
3052	8.07878	2.1955144766900276	0.1446505900000000	0.0870497650000000
3055	8.07877	2.2011336104483394	0.1319544550000000	0.0474240900000000
3058	8.07629	2.1999935883062673	0.1406231800000000	0.0905830000000000
3061	8.07613	2.1918258711904839	0.1485360200000000	0.1202582600000000
3062	8.07519	2.1980914242911505	0.1587544100000000	0.0747333100000000
3063	8.07519	2.2006413898972759	0.1376775950000000	0.1022622850000000
3064	8.07504	2.2019628415083532	0.1229730800000000	0.1006630150000000
3066	8.07475	2.2029685503923067	0.1606272600000000	0.0782710850000000
3076	8.07056	2.2400260908479677	0.1820179250000000	0.0815736850000000
3085	8.06592	2.1993303495804217	0.1169103750000000	0.0565037150000000
3088	8.06143	2.1977944449435194	0.1568761700000000	0.0918281400000000
3090	8.05591	2.1987339835268043	0.1327551900000000	0.0743199000000000
3091	8.05591	2.1965247797532181	0.1320092900000000	0.0645350200000000
3094	8.05502	2.2001416358041790	0.1368040750000000	0.0956483150000000
3096	8.05430	2.2000596204291663	0.1317658250000000	0.0964906300000000
3098	8.05418	2.2010973656191068	0.1435912400000000	0.0989559750000000
3099	8.05418	2.2000485711430726	0.1596570800000000	0.1021710000000000
3101	8.05284	2.2002818989591835	0.1374608050000000	0.0756761800000000
3103	8.05240	2.1983952452194413	0.1512357350000000	0.0860923000000000
3104	8.05108	2.2002666442588787	0.1443754500000000	0.0739782400000000
3106	8.05001	2.2001952333796844	0.1536336550000000	0.0967069800000000
3107	8.05001	2.1995071556410188	0.1586156000000000	0.0971583750000000
3109	8.04961	2.1925526410611198	0.1305990300000000	0.0950510750000000
3111	8.04777	2.2010658350023391	0.1418430200000000	0.0955586550000000
3113	8.04733	2.1996706238430814	0.1366205650000000	0.0825946100000000
3116	8.04640	2.2535620145850515	0.1484642300000000	0.1330718700000000
3117	8.04640	2.1757144897402769	0.1543991100000000	0.0925819800000000
3119	8.04453	2.1974187412608006	0.1382850950000000	0.0870118150000000
304	15.13640	2.1998005576947972	0.1307823500000000	0.0427138550000000
305	15.13640	2.2009536205684550	0.1440863200000000	0.0912633000000000
306	15.11510	2.1852676836364266	0.1597778050000000	0.0974677050000000
3123	8.04340	2.2000334381094904	0.1411867750000000	0.0895320000000000
3126	8.04223	2.2533302372423165	0.1353310400000000	0.1294850850000000
3129	8.04112	2.1947017038894341	0.1637571400000000	0.0887306200000000
3131	8.04084	2.1967987854198121	0.1466604650000000	0.0880244450000000
3135	8.04006	2.2850782318517004	0.2075110400000000	0.0406342300000000
3141	8.03554	2.3167989955159611	0.2119300700000000	0.0960155800000000
3142	8.03299	2.2014904944435871	0.1623158300000000	0.0748978800000000
3148	8.02785	2.2359539243397832	0.2022004050000000	0.0764619350000000
3150	8.02781	2.1998642824943753	0.1458207550000000	0.1078665350000000
3153	8.02779	2.2014318647785736	0.1528791550000000	0.0843871600000000
3154	8.02334	2.2029690622965377	0.1634644900000000	0.0473042550000000
3155	8.02334	2.1977877613073158	0.1450054450000000	0.0856131300000000
3156	8.02310	2.1996847553212486	0.1549260950000000	0.1090873600000000
3157	8.02310	2.1530573063118856	0.1192429500000000	0.0815029700000000
3158	8.01843	2.4057753724655924	0.2595526050000000	0.0999465750000000
3162	8.01282	2.2005156802509278	0.1252342550000000	0.0966195200000000
3163	8.01282	2.2060066781503278	0.1580650200000000	0.0965573850000000
3166	8.01092	2.1712106556482280	0.1352369450000000	0.1325969050000000
3169	8.01082	2.1977941873447153	0.1217171500000000	0.0519467300000000
3170	8.01077	2.1973179565756555	0.1592989800000000	0.0798171000000000
3171	8.01077	2.2008163457083247	0.1358584950000000	0.0664100650000000
3172	8.01076	2.1987228063537159	0.1077249550000000	0.0994023000000000
3176	8.01068	2.2014999667051867	0.1289135200000000	0.1011315600000000
3184	8.01041	2.1788447141981733	0.1309827750000000	0.0856904150000000
3186	8.01038	2.2020664367379217	0.1598569350000000	0.0561278350000000
312	15.02260	2.2502485418569940	0.2079664850000000	0.1316446050000000
313	15.02260	2.2007723056667623	0.1546964750000000	0.0914323850000000
315	15.01960	2.2063743106857312	0.1542143350000000	0.0776242900000000
318	14.98660	2.2177551591951952	0.1676639500000000	0.0463531650000000
319	14.98660	2.1991454676487958	0.1348760400000000	0.0783671600000000
24	94.60730	2.2005630082588179	0.1533314550000000	0.0752924900000000
25	94.60730	2.1991813244855551	0.1397957250000000	0.0806444750000000
26	87.04670	2.2003598159312081	0.1609964250000000	0.1002417750000000
29	80.53700	2.2010044406498444	0.1213094600000000	0.0821982650000000
321	14.98120	2.2000482215245034	0.1412025250000000	0.0849877800000000
322	14.93200	2.1964018623421593	0.1406593150000000	0.0778822000000000
324	14.87310	2.1991035505197760	0.1557201000000000	0.0817827100000000
325	14.87310	2.1992666093756883	0.1506063400000000	0.0864128400000000
326	14.79800	2.2014397284100187	0.1620744800000000	0.0731122000000000
331	14.71390	2.2002840729110704	0.1360186050000000	0.0785847600000000
338	14.65620	2.1949696331047752	0.1538944100000000	0.1045470500000000
340	14.65040	2.1673281651978447	0.0981996750000000	0.0562347400000000
343	14.64570	2.1994804739957261	0.1452817850000000	0.1080255600000000
346	14.61920	2.2074127865406878	0.1538738700000000	0.0947335500000000
348	14.61380	2.1996300652250218	0.1476079750000000	0.0835426600000000
349	14.61380	2.1997674144643868	0.1600670850000000	0.0935418200000000
351	14.57300	2.2001707664408436	0.1493210000000000	0.1000600750000000
355	14.55770	2.3331450683800328	0.2327392350000000	0.1531636850000000
361	14.54000	2.1997856510526623	0.1561033500000000	0.1010313700000000
363	14.53350	2.1976919752375159	0.1459490250000000	0.0872997900000000
364	14.51810	2.1970102570875265	0.1464247650000000	0.0730071200000000
365	14.51810	2.1991275992790689	0.1544883900000000	0.1007229650000000
369	14.49040	2.1999376516003415	0.1273816050000000	0.1015586100000000
371	14.46400	2.1996390007395354	0.1328846850000000	0.0719158950000000
372	14.42060	2.1990924090697050	0.1463703450000000	0.0980358650000000
379	14.38140	2.1842933891788330	0.1418658000000000	0.0800727900000000
384	14.28480	2.1990741064595154	0.1543492850000000	0.1010517250000000
387	14.18730	2.1996143572908124	0.1353926300000000	0.0855609400000000
390	14.17370	2.2359388337689561	0.1758892750000000	0.1354736600000000
394	14.07540	2.2019599294390058	0.1659388500000000	0.0979845050000000
396	14.06080	2.2014767534853186	0.1476317550000000	0.0975368050000000
397	14.06080	2.2034141263561415	0.1599864050000000	0.0747391650000000
32	70.71640	2.2007611317272295	0.1401521500000000	0.0844524800000000
33	70.71640	2.1905771921146044	0.1292498250000000	0.0893012850000000
35	68.84570	2.2002883672246694	0.1504954100000000	0.0835144400000000
37	67.20040	2.2847171681065368	0.2305624050000000	0.1158740950000000
38	61.69190	2.2010977537489205	0.1515358900000000	0.1060171800000000
401	14.01960	2.1999497848997644	0.1420690500000000	0.0477561500000000
407	13.94830	2.2007550743458477	0.1373742600000000	0.0843718650000000
411	13.90950	2.2004059535892040	0.1361507050000000	0.0728434650000000
414	13.85370	2.2003846726052649	0.1279641450000000	0.0736469700000000
418	13.68290	2.2001740086964952	0.1289807200000000	0.0976984050000000
419	13.68290	2.2055747111290671	0.1504743900000000	0.1017343950000000
422	13.54540	2.2001043918562724	0.1461888450000000	0.0987321150000000
425	13.54440	2.2022131641364324	0.1570622800000000	0.0853512800000000
427	13.50120	2.2266305400835917	0.1745870450000000	0.1058595950000000
432	13.40180	2.2001708002759530	0.1639828950000000	0.1011465800000000
436	13.38880	2.2107792654379450	0.1978202300000000	0.1069296950000000
438	13.38340	2.2023846824001310	0.1514840100000000	0.0967428200000000
445	13.36750	2.6492398197978480	0.3280975600000000	0.1274680900000000
447	13.34220	2.1999825918775522	0.1109287400000000	0.0639417650000000
450	13.33800	2.2127376475118123	0.1733664650000000	0.0897009250000000
452	13.33780	2.3708371398131565	0.2432697150000000	0.0863615500000000
454	13.33650	2.2003968398430946	0.1508283250000000	0.0910094900000000
456	13.33480	2.2021611906554628	0.1674280600000000	0.0451539000000000
459	13.32660	2.1992866383395757	0.1430923200000000	0.1007808950000000
463	13.31140	2.1998820117101556	0.1362904700000000	0.0816191100000000
465	13.29930	2.2005424453303553	0.1456513650000000	0.1093315900000000
468	13.28160	2.2020565782036954	0.1439866800000000	0.0905938000000000
471	13.28050	2.3778890274295592	0.2381571250000000	0.1098957950000000
472	13.26610	2.1987609834509354	0.1276114700000000	0.0742769850000000
474	13.26380	2.2004025729458183	0.1595541500000000	0.0767567350000000
477	13.25220	2.1986941911090807	0.1527487650000000	0.0832797550000000
479	13.23430	2.2001993531291233	0.1192760750000000	0.0803232400000000
43	59.26770	2.1994062010879198	0.1351774600000000	0.0820711750000000
46	53.66980	2.1998893950867093	0.1490344850000000	0.0540305050000000
480	13.21680	2.1954897804161515	0.1472216400000000	0.1118423300000000
482	13.21390	2.1994819404287056	0.1181032750000000	0.0641572500000000
485	13.21000	2.1977839441496201	0.1267576300000000	0.0848907450000000
489	13.21000	2.2003184494368329	0.1426289300000000	0.1155791200000000
490	13.21000	2.2007506142891238	0.1592856400000000	0.1038982100000000
491	13.21000	2.1898346162174560	0.1512541250000000	0.0925220350000000
496	13.21000	2.3064040279883988	0.2873251800000000	0.1156419250000000
502	13.20940	2.1986157350040267	0.1361587900000000	0.1097345400000000
503	13.20940	2.3724542325727569	0.2759837550000000	0.1370102350000000
505	13.20780	2.2007901526786240	0.1405735600000000	0.0852883800000000
507	13.20770	2.2005303128489819	0.1626804350000000	0.0851702650000000
508	13.20740	2.2002526311334636	0.1518681850000000	0.0929423600000000
510	13.20650	2.2003114674793314	0.1411498250000000	0.1044524400000000
513	13.20600	2.1990157218510396	0.1375053950000000	0.0740587250000000
514	13.20600	2.2009833209729197	0.1276381250000000	0.0373975450000000
515	13.20600	2.1990320440727897	0.1568049050000000	0.1003576050000000
516	13.20490	2.2554889253458668	0.1912872950000000	0.1126401300000000
517	13.20490	2.2025473607902386	0.1676527200000000	0.0733672800000000
518	13.20380	2.1987684417686486	0.1253545200000000	0.1106222550000000
523	13.19800	2.2176787003531921	0.1681793300000000	0.1044616250000000
526	13.19720	2.1946188544774423	0.1355566250000000	0.0885006000000000
531	13.19420	2.2025872200177492	0.1456671500000000	0.0765576500000000
532	13.19230	2.2009170673896437	0.1300962050000000	0.0992106700000000
535	13.19200	2.2020996772142305	0.1630044300000000	0.0458145950000000
536	13.19110	2.1985531773172471	0.0915825100000000	0.0951870000000000
537	13.19110	2.2001035832480920	0.1513964350000000	0.0957553050000000
544	13.10570	2.2007209178964562	0.1441118250000000	0.0989203100000000
547	13.09850	2.1958617743798872	0.1240334000000000	0.0592296500000000
49	53.59700	2.2034153753089485	0.1396760650000000	0.1195153650000000
51	47.21450	2.1987751683222045	0.1686812500000000	0.1000360950000000
54	46.41530	2.1979633353737564	0.1450258550000000	0.1027074450000000
561	13.04230	2.2010812879600627	0.1340851100000000	0.0954118900000000
565	13.01880	2.1976904656602789	0.1624910800000000	0.0602761700000000
566	13.01160	2.2002705860913427	0.1204161150000000	0.0697542150000000
567	13.01160	2.2011005886743487	0.1302791100000000	0.1006998350000000
581	12.80710	2.1785683785867622	0.0971196700000000	0.0805136050000000
582	12.78530	2.2011669761212911	0.1303780450000000	0.0918280350000000
586	12.70350	2.1968394030122180	0.1380696200000000	0.0935112900000000
588	12.67040	2.2014707212162565	0.1447488450000000	0.0825187500000000
589	12.67040	2.2005352495550423	0.1418362000000000	0.0733668750000000
592	12.65950	2.1997846645122112	0.1619848900000000	0.1060258750000000
598	12.62770	2.1996544591764029	0.1135091950000000	0.0518747900000000
599	12.62770	2.2014759318300978	0.1515695650000000	0.0747802350000000
606	12.57920	2.2015377246256844	0.1455251150000000	0.1043949800000000
607	12.57920	2.1996021253587670	0.1486394200000000	0.0965870150000000
613	12.56160	2.1985176954214580	0.1168198100000000	0.0878945900000000
618	12.53700	2.1975251592605840	0.1444592150000000	0.1085643750000000
622	12.52010	2.1936211498581102	0.1649197150000000	0.1078935850000000
624	12.48940	2.2020670092191157	0.1461107450000000	0.0812304150000000
625	12.48940	2.1998402365234666	0.1492380800000000	0.0984366000000000
628	12.44730	2.2001790038267433	0.1497410050000000	0.0812207000000000
629	12.44730	2.2037254096100978	0.1742620950000000	0.0618742800000000
630	12.43320	2.2006129587111585	0.1163607250000000	0.0980919850000000
631	12.43320	2.1960546207900733	0.1613718450000000	0.0452135350000000
634	12.41290	2.1996463126352457	0.1350988250000000	0.1112797950000000
637	12.39640	2.1972840293746483	0.1413061900000000	0.0692799800000000
57	45.89990	2.1995635842727368	0.1504188900000000	0.0983452500000000
60	42.09350	2.1992806801975537	0.1419201750000000	0.0850548300000000
63	41.41560	2.1977136212277024	0.1588277950000000	0.0824932000000000
641	12.36280	2.4066730840865240	0.2595758550000000	0.0683808100000000
643	12.35490	2.1995020448204143	0.1381756200000000	0.0873943550000000
646	12.33170	2.1999433548444043	0.1479869900000000	0.0876611350000000
650	12.31590	2.2321411505268736	0.1943819250000000	0.1123550700000000
653	12.30530	2.1946548876402558	0.1607977400000000	0.0512176800000000
656	12.29600	2.2002310531191633	0.1687684400000000	0.0540245500000000
659	12.29460	2.2015449360419423	0.1578554600000000	0.1022089900000000
663	12.27620	2.1990243638300182	0.1290433100000000	0.0736660750000000
666	12.27310	2.2018361148465342	0.1356323550000000	0.0823958450000000
668	12.27160	2.1854967524365509	0.1634669950000000	0.0891884800000000
670	12.26760	2.1998616701233153	0.1345295450000000	0.0761503150000000
671	12.26760	2.2088186276025752	0.1587372050000000	0.1246189000000000
673	12.26710	2.1986007656219280	0.1548248350000000	0.0950735900000000
677	12.25110	2.2003620785422666	0.1227051800000000	0.1013428250000000
690	12.24820	2.1988008033642243	0.1052774750000000	0.0849957000000000
691	12.24820	2.3137207307193055	0.2354042100000000	0.1303478200000000
694	12.24330	2.1947948666363577	0.1579294150000000	0.0881058300000000
695	12.24330	2.2129382160935189	0.1838703900000000	0.0489637450000000
696	12.24270	2.2014077171486819	0.1475937700000000	0.1008399050000000
700	12.23890	2.2007940510056119	0.1396408700000000	0.0414165150000000
703	12.23870	2.2741533420981717	0.2113867600000000	0.1335089250000000
716	12.23140	2.1999384309744898	0.1480641650000000	0.0969152800000000
719	12.22970	2.1993848121025903	0.1331667650000000	0.0825695900000000
68	34.70490	2.2013906505525140	0.1374538850000000	0.0994208550000000
69	34.70490	2.2002276904822549	0.1276436700000000	0.1018867700000000
70	34.34650	2.2023196733115094	0.1589127100000000	0.0948315350000000
71	34.34650	2.1982366925561800	0.1578314300000000	0.0888452000000000
721	12.20990	2.2024116334307386	0.1598643700000000	0.0740306450000000
725	12.19220	2.3316584913857290	0.2336737900000000	0.1025084850000000
726	12.19070	2.2012297386439115	0.1529927400000000	0.0787189300000000
727	12.19070	2.1991857281809466	0.1359568750000000	0.0612251650000000
728	12.18790	2.2001452353922302	0.1468736050000000	0.0860280000000000
732	12.18330	2.2046997190327193	0.1715203250000000	0.0691289500000000
735	12.18250	2.2005449556535042	0.1301325500000000	0.0895309850000000
736	12.18220	2.2002796788143644	0.1440242400000000	0.1108111050000000
737	12.18220	2.2008584943227434	0.1339143350000000	0.0423692750000000
743	12.16830	2.2057952783968457	0.1553204450000000	0.1024440850000000
744	12.16780	2.2007268374654041	0.1360372800000000	0.1030657500000000
749	12.16000	2.2009362909917161	0.1251325000000000	0.1129384200000000
750	12.14600	2.1978767728541819	0.1434379050000000	0.0518195650000000
754	12.06250	2.2026811201810039	0.1528598950000000	0.0935605550000000
759	12.04560	2.2000540869732492	0.1285287550000000	0.0925394500000000
762	11.98980	2.1996754021121423	0.1479398900000000	0.1115210050000000
764	11.96210	2.2096607628482858	0.1671284350000000	0.1178417300000000
766	11.96070	2.1991713996260338	0.1427474550000000	0.1070057600000000
771	11.91480	2.2006287607223349	0.1393553100000000	0.1085380750000000
772	11.90250	2.1656633668581797	0.1043306650000000	0.1003405300000000
778	11.86530	2.1985270545120432	0.1626948000000000	0.0588964400000000
780	11.85060	2.2001704387614267	0.1492515650000000	0.1021029450000000
781	11.85060	2.2614055926336776	0.1814595300000000	0.1284465500000000
785	11.83300	2.2005545414159617	0.1308859850000000	0.1013850450000000
790	11.79730	2.2006536412908124	0.1461594900000000	0.0930714050000000
791	11.79730	2.2035623023729523	0.1594965150000000	0.0696984350000000
793	11.78360	2.2007933696351798	0.1477228050000000	0.0999827200000000
794	11.77660	2.1995573016168457	0.1345376750000000	0.0974075800000000
798	11.74940	2.2005141937280039	0.1426154000000000	0.0768110150000000
799	11.74940	2.1977367144200177	0.1350999550000000	0.0881375150000000
73	32.34910	2.1998768095201564	0.1079183700000000	0.0733117200000000
75	32.32140	2.2072203504787109	0.1845560250000000	0.0888690400000000
