802	11.74220	2.1980619982909042	0.1621535150000000	0.0962098650000000
803	11.74220	2.2002874147420433	0.1653617000000000	0.0349672550000000
808	11.73530	2.1665289228039240	0.1547424850000000	0.0970895600000000
815	11.72630	2.2163168387597074	0.1635115100000000	0.0736582650000000
818	11.72290	2.1968165110961033	0.1563007750000000	0.0768789150000000
821	11.72220	2.2015492752965371	0.1275666750000000	0.0965175550000000
822	11.72100	2.2004008011924983	0.1249744150000000	0.0780698000000000
824	11.71910	2.1732283518748243	0.0922782800000000	0.0788345900000000
825	11.71910	2.2727699625453850	0.2075704300000000	0.0936365100000000
827	11.71440	2.1970622483896576	0.1221214050000000	0.0754738350000000
829	11.71240	2.2011341977349930	0.1383092400000000	0.0632621050000000
832	11.71070	2.1972110302534569	0.1406341400000000	0.1023837600000000
833	11.71070	2.1937007303156855	0.0966679050000000	0.0962856500000000
836	11.70160	2.1900386136325429	0.1613688900000000	0.0959152850000000
837	11.70160	2.2053539925253678	0.1709121100000000	0.0828779650000000
843	11.70000	2.2034645139267095	0.1379139000000000	0.1320275700000000
845	11.70000	2.2006684384633832	0.1637356500000000	0.0834472400000000
852	11.70000	2.2014045347391797	0.1102164400000000	0.0507664450000000
860	11.70000	2.2015094358322251	0.1668831600000000	0.0675528950000000
861	11.70000	2.1986221323042874	0.1398158150000000	0.0874672800000000
862	11.70000	2.2001541442178456	0.1478831050000000	0.0891185350000000
863	11.70000	2.2037078661682852	0.1661640350000000	0.1015402700000000
864	11.70000	2.2000857734433770	0.1463840200000000	0.1092864200000000
865	11.70000	2.2001965587068968	0.1356745550000000	0.0493974850000000
871	11.70000	2.1997834563268874	0.1452757750000000	0.0476470850000000
874	11.70000	2.1978912226857079	0.1485206400000000	0.0917168550000000
878	11.70000	2.2071211074274331	0.1603444750000000	0.0721956300000000
879	11.70000	1.9824647498035466	0.1155391550000000	0.3483426600000000
81	26.68980	2.2013647516450927	0.1534276550000000	0.0943917800000000
880	11.70000	2.1998158598813453	0.1259576450000000	0.1005231900000000
881	11.70000	2.2015196173998004	0.1455899000000000	0.0463308100000000
884	11.69410	2.2008796214602433	0.1565190750000000	0.0455229400000000
889	11.68810	2.2673830875974774	0.2122282350000000	0.1275158150000000
890	11.68000	2.1989280524131263	0.1285463100000000	0.0542387000000000
891	11.68000	2.1999661069527150	0.1356808250000000	0.0753005700000000
894	11.67530	2.1985048883040181	0.1394784700000000	0.1204724750000000
896	11.67300	2.1873744971755871	0.0883644300000000	0.0650984650000000
897	11.67300	2.1992839274860834	0.1411641650000000	0.0832908400000000
899	11.67240	2.2010585983930055	0.1491119100000000	0.0996260400000000
902	11.66630	2.2005177841315251	0.1431388000000000	0.0972528750000000
903	11.66630	2.2018633401816703	0.1403571250000000	0.0846775750000000
904	11.64920	2.2001725911566519	0.1487046900000000	0.0952391350000000
906	11.63960	2.1994109089277534	0.1438446150000000	0.0878217900000000
907	11.63960	2.2033898428253762	0.1775361500000000	0.1123090650000000
908	11.63210	2.2004219275576009	0.1446370200000000	0.0803027250000000
910	11.62890	2.2020569354103294	0.1462822600000000	0.0796370800000000
912	11.62220	2.1538390775053013	0.0988600750000000	0.0613021000000000
914	11.61880	2.2172407024598084	0.1800520300000000	0.1036304050000000
921	11.59250	2.2153881927952397	0.1645120000000000	0.1259386450000000
922	11.58810	2.2016644816033955	0.1657271250000000	0.0852484500000000
923	11.58810	2.2003884745281188	0.1521328700000000	0.1025588700000000
926	11.57940	2.1810782891324787	0.0875801600000000	0.0948123950000000
929	11.55440	2.1898737249139999	0.1355140350000000	0.0714373700000000
932	11.52700	2.2287638426016501	0.1914603000000000	0.0933728100000000
933	11.52700	2.2079576844191759	0.1511088950000000	0.0905415650000000
940	11.51810	2.2033491844063544	0.1672704850000000	0.0762716400000000
941	11.51810	2.2004708903510815	0.1317454300000000	0.0730757650000000
945	11.51160	2.2014209392738833	0.1738137500000000	0.0635964050000000
951	11.50240	2.1964069068733383	0.1597191650000000	0.0733519300000000
958	11.47560	2.2001771522325031	0.1486919100000000	0.0822375000000000
88	26.22460	2.2007289115921886	0.1207464000000000	0.0516404850000000
89	26.22460	2.2014961779239237	0.1532955800000000	0.1134144900000000
91	25.99150	2.2014132676349916	0.1538103250000000	0.0881540200000000
95	25.96410	2.1999514986963220	0.1367287100000000	0.1025708200000000
966	11.44680	2.2073535049479349	0.1803952200000000	0.0755374800000000
969	11.43880	2.3281287702694571	0.2108205900000000	0.1164704050000000
980	11.39810	2.2003770943035548	0.1323252150000000	0.1048841950000000
984	11.38880	2.1997697885640721	0.1253127850000000	0.0905262100000000
986	11.38710	2.2005481568095564	0.1343532000000000	0.1062707500000000
988	11.38180	2.2017158365992309	0.1424920700000000	0.0980921100000000
989	11.38180	2.2004318662982860	0.1252374150000000	0.0984266900000000
991	11.37920	2.1997676153090344	0.1321933000000000	0.0916210400000000
992	11.36850	2.3019303753515752	0.2174127700000000	0.1452431200000000
993	11.36850	2.2008846351819069	0.1510705250000000	0.0894928800000000
998	11.35330	2.2000571570053569	0.1305245050000000	0.0895337100000000
1008	11.30470	2.1978521309901278	0.1359145750000000	0.0948898550000000
1009	11.30470	2.1995689490135466	0.0876521150000000	0.0857526450000000
1010	11.30350	2.2069722138817602	0.1665790200000000	0.1273366600000000
1014	11.28320	2.1977119695162828	0.1658953650000000	0.1098562400000000
1016	11.27850	2.1985237247155660	0.1810512500000000	0.1050400300000000
1017	11.27850	2.1994310670583599	0.1468106950000000	0.0644580700000000
1019	11.27530	2.1991820922148335	0.1404860500000000	0.0812838150000000
1023	11.27230	2.1980885645825046	0.1103026050000000	0.0677039900000000
1024	11.27010	2.1981317739076771	0.1231813300000000	0.0806797950000000
1027	11.26720	2.1997584923580358	0.1348435750000000	0.0889130900000000
1029	11.26650	2.1999949476609104	0.1448182100000000	0.0864452900000000
1031	11.25340	2.2011369263227274	0.1399792850000000	0.0578395000000000
1035	11.23650	2.2014874207462900	0.1512777400000000	0.0859444450000000
1039	11.23230	2.2000409228692193	0.1493090900000000	0.0970552850000000
96	25.06110	2.1870553217838165	0.1510702800000000	0.1157738650000000
99	24.92170	2.1957378335011679	0.1250470100000000	0.1191183400000000
101	24.61260	2.2648893562958481	0.2309274450000000	0.0724369000000000
1040	11.22350	2.1984214676352223	0.1273386700000000	0.0877519550000000
1041	11.22350	2.1930639556738574	0.1583736000000000	0.1366575050000000
1043	11.20750	2.3577406403826364	0.2298147400000000	0.0647667450000000
1049	11.18260	2.1998439873183195	0.1259527450000000	0.0734350550000000
1053	11.18230	2.1896741333822880	0.1383421950000000	0.1174745000000000
1054	11.17720	2.1982874803451109	0.1348075150000000	0.0725602600000000
1055	11.17720	2.1999849699732765	0.1239617800000000	0.0922078150000000
1057	11.17510	2.2010989713556350	0.1551102700000000	0.0596385900000000
1060	11.14950	2.2018545770546027	0.1401456900000000	0.0898333850000000
1065	11.13930	2.2046669858810835	0.1628694150000000	0.0864103150000000
1069	11.11960	2.1967619420094553	0.1332147500000000	0.1074868050000000
1071	11.11750	2.1995856228921205	0.1372375600000000	0.0964462700000000
1072	11.09650	2.1998706058192554	0.1312496000000000	0.1056025850000000
1080	11.06540	2.1964515846506685	0.1513777900000000	0.0875686050000000
1082	11.06380	2.2013520064376686	0.1130010950000000	0.0528810400000000
1083	11.06380	2.2008046336373872	0.1462267350000000	0.0737422800000000
1087	11.05860	2.2000344002373788	0.1357330650000000	0.0974307050000000
1093	11.03460	2.2001835581263265	0.1452118800000000	0.0405507950000000
1098	11.02590	2.1996656442710045	0.1642808200000000	0.0481323200000000
1102	10.99100	2.3218065418500671	0.2625465450000000	0.0959344600000000
1103	10.99100	2.2010264035101494	0.1191615200000000	0.0933903000000000
1105	10.97710	2.2006409584932678	0.1279694450000000	0.0757995700000000
1107	10.97450	2.2012672427976034	0.1566094100000000	0.0511975200000000
1112	10.96150	2.1993878518761729	0.1043661750000000	0.0627598550000000
1114	10.95360	2.2006862491566093	0.1297841450000000	0.0717344100000000
1118	10.92980	2.2007112076488040	0.1568609900000000	0.0418852150000000
104	24.51240	2.1996357322392970	0.1370575450000000	0.0981124400000000
109	24.08970	2.1975905169253891	0.1533831000000000	0.0840874000000000
111	23.82210	2.1996967789616644	0.1474117700000000	0.0860434750000000
1128	10.92790	2.1992837620624708	0.1373171900000000	0.1027197300000000
1133	10.92640	2.1994274306549504	0.1475881450000000	0.0458263700000000
1136	10.92380	2.2021710379568820	0.1146044150000000	0.0607166050000000
1140	10.92290	2.2010868971856112	0.1391851200000000	0.0671876100000000
1141	10.92290	2.1960299309024700	0.1543106150000000	0.0367804300000000
1143	10.92270	2.2000956019719671	0.1112117900000000	0.0588723150000000
1144	10.92230	2.1978451294027899	0.1482717050000000	0.0847471750000000
1145	10.92230	2.2009506710614204	0.1424034450000000	0.0380616950000000
1146	10.92210	2.2094167019983177	0.1908690200000000	0.0890035050000000
1147	10.92210	2.2024570441188591	0.1369780450000000	0.0874688150000000
1154	10.91650	2.3506021837650453	0.2434206250000000	0.1238768400000000
1155	10.91650	2.1996762682675648	0.1166648600000000	0.0962454600000000
1156	10.90910	2.2004263507268234	0.1358662600000000	0.1022115650000000
1157	10.90910	2.2002166879109701	0.1476346800000000	0.0846834550000000
1158	10.90520	2.1977493491493361	0.1336349500000000	0.0994703050000000
1159	10.90520	2.2029667352980074	0.1489920550000000	0.0657817550000000
1161	10.90250	2.1985842868906262	0.1551307750000000	0.0765707750000000
1164	10.89690	2.2020035618748266	0.1585603500000000	0.1346582600000000
1166	10.89630	2.2681129214343798	0.2018155350000000	0.0887466700000000
1168	10.88480	2.2309863523731872	0.1797740200000000	0.1412005950000000
1177	10.88150	2.2004940024991333	0.1133706100000000	0.1070078050000000
1180	10.83340	2.1977929181952316	0.1474309000000000	0.1116418150000000
1181	10.83340	2.1961685655222873	0.1661740000000000	0.0935483100000000
1185	10.76010	2.2013230889009137	0.1566980300000000	0.0670849500000000
1192	10.61910	2.2041189604545250	0.1575425450000000	0.1117798700000000
114	22.99620	2.4339822722844349	0.2778855350000000	0.1125043550000000
115	22.99620	2.1917804038080417	0.1877961350000000	0.1197420300000000
119	22.53360	2.2007389088570677	0.1460511350000000	0.1136934500000000
1200	10.61750	2.1923570722999868	0.1465680250000000	0.1148654200000000
1202	10.61680	2.1993431933960608	0.1477307650000000	0.0960779050000000
1209	10.61600	2.1981159647189816	0.1317291450000000	0.0439062000000000
1216	10.61210	2.1978565424960936	0.1526660700000000	0.0898111150000000
1228	10.58910	2.1992809400953424	0.1529467500000000	0.0963149250000000
1229	10.58910	2.1949809243133318	0.1477128550000000	0.0960664250000000
1230	10.58300	2.1997565518286684	0.1404836800000000	0.0956821100000000
1239	10.49100	2.2034480504274394	0.1616546700000000	0.0850956950000000
1240	10.47010	2.2054286856333789	0.1694418750000000	0.0333436550000000
1241	10.47010	2.1991396959756351	0.1553091450000000	0.1050238950000000
1242	10.46930	2.1971163468109673	0.1291664400000000	0.1010203150000000
1244	10.46380	2.1962893156900796	0.1442108500000000	0.0908202600000000
1258	10.39810	2.2009625714890277	0.1388858150000000	0.0969161350000000
1261	10.39550	2.2021425183226144	0.1562495050000000	0.0523016500000000
1277	10.33880	2.1998755811779813	0.1443193900000000	0.1042305550000000
1279	10.33740	2.1997890545811898	0.1374601600000000	0.0934103600000000
123	21.95780	2.2018536972402152	0.1389865350000000	0.0380699550000000
125	21.84630	2.2003697695819606	0.1499289350000000	0.0922545550000000
1297	10.29030	2.1998846409173525	0.1421200300000000	0.0858407150000000
1299	10.28670	2.2004955298906403	0.1607271050000000	0.0978977450000000
1306	10.27900	2.2003527333357868	0.1473867350000000	0.0883453900000000
1308	10.27860	2.1985070701103804	0.1430715250000000	0.0833943650000000
1320	10.26090	2.2054332506686323	0.1659253150000000	0.0772250400000000
1327	10.23910	2.2058211275652120	0.1613822150000000	0.0379809700000000
1328	10.23050	2.1985298985861377	0.1198498200000000	0.0574590650000000
1329	10.23050	2.2005107687911889	0.1422136000000000	0.0683024650000000
1342	10.18510	2.2020136501756364	0.1370166750000000	0.0863517800000000
1344	10.18490	2.1993069785061472	0.1312216950000000	0.0888179550000000
1348	10.18190	2.1995171826332589	0.1338154750000000	0.0757656500000000
1352	10.16430	2.1971031567342827	0.1536234900000000	0.0815728650000000
1353	10.16430	2.2000446665024675	0.1453589050000000	0.0829495050000000
1355	10.16150	2.2032501807314344	0.1710494900000000	0.0928765200000000
1359	10.16060	2.2073186876027564	0.1814753450000000	0.0548610000000000
131	21.40930	2.2003797304598498	0.1316455300000000	0.1028280900000000
132	21.29740	2.2000567180506674	0.1268807200000000	0.0429251850000000
134	21.21890	2.1980754328477459	0.1457214500000000	0.0932743550000000
1360	10.15810	2.2009044501514983	0.1502193000000000	0.0870151450000000
1362	10.15700	2.2014903130647210	0.1493030550000000	0.0886062350000000
1365	10.15050	2.1925257877644828	0.1119003150000000	0.1213735650000000
1373	10.14310	2.1949859290377649	0.1627573650000000	0.1056854600000000
1375	10.14090	2.2019169817842883	0.1199342850000000	0.0786267550000000
1378	10.13950	2.1996979179114011	0.1643320150000000	0.0802589850000000
1380	10.12850	2.2016564240754559	0.1451815900000000	0.0910454750000000
1381	10.12850	2.2044225470928698	0.1610468850000000	0.1269807600000000
1382	10.12620	2.1998661298617614	0.1543418350000000	0.0538674300000000
1385	10.12620	2.1985220102524456	0.1386605900000000	0.1049753500000000
1386	10.12610	2.1986913474646812	0.1098336900000000	0.0866715250000000
1388	10.12550	2.1941405920235604	0.1435225700000000	0.0973441400000000
1390	10.12470	2.2051225409403701	0.1696635650000000	0.0537780000000000
1392	10.12400	2.1996008844164985	0.1534669850000000	0.0456632700000000
1393	10.12400	2.2015171931179913	0.1529102050000000	0.1031715550000000
1395	10.12330	2.2002427723712881	0.1338912950000000	0.0990909300000000
1396	10.12260	2.1998192548934705	0.1405838000000000	0.0854669850000000
1397	10.12260	2.2010312274153714	0.1311085800000000	0.0806913150000000
1402	10.10800	2.2003318295243073	0.1232823350000000	0.0867227600000000
1405	10.10280	2.1912142636397838	0.1260134700000000	0.1295639050000000
1409	10.07350	2.2006114897235567	0.1427881450000000	0.0946868750000000
1418	10.04880	2.1999962703640601	0.1421949200000000	0.0952469450000000
1419	10.04880	2.2005189604414648	0.1429813600000000	0.0935316550000000
1425	10.04410	2.2014791151422615	0.1486734500000000	0.0788113550000000
1426	10.01780	2.1996010636311314	0.1332422800000000	0.0804883750000000
1431	10.00540	2.1994613271606078	0.1254713600000000	0.0956631700000000
1436	9.94991	2.2025842621536555	0.1551238200000000	0.1036928950000000
1439	9.93271	2.1984876309789785	0.1646183750000000	0.0754282400000000
137	21.14770	2.1996758783802801	0.1251416600000000	0.0587773700000000
143	20.48610	2.2023528933371339	0.1382485250000000	0.1048522700000000
1440	9.90524	2.2004965315740166	0.1060051800000000	0.0585728850000000
1443	9.82061	2.1991738382709096	0.1476564850000000	0.0884774450000000
1447	9.79928	2.2000791569923583	0.1499429000000000	0.0992715200000000
1449	9.79831	2.1995815081494654	0.1514590100000000	0.0975094700000000
1451	9.79801	2.1964351687130441	0.1487670700000000	0.0909940150000000
1456	9.79729	2.1949834085337363	0.1448559600000000	0.1242571350000000
1461	9.79620	2.2018233959934110	0.1491138300000000	0.0813819250000000
1471	9.79320	2.2001515652564541	0.1360755750000000	0.0864911900000000
1475	9.79288	2.3049958427092241	0.2148008650000000	0.0958177400000000
1477	9.79273	2.4024122381106863	0.2662152550000000	0.1075583000000000
1483	9.79075	2.3769085059179536	0.2565144150000000	0.1471106750000000
1484	9.79041	2.1993335969831023	0.1390235400000000	0.0921266150000000
1485	9.79041	2.1998160983528736	0.1450533100000000	0.0957126250000000
1486	9.76395	2.2007463190529721	0.1485400350000000	0.0725041600000000
1490	9.72880	2.2087616183073031	0.1869735700000000	0.0522172600000000
1492	9.72526	2.1971654236386051	0.1718680550000000	0.0766330000000000
1493	9.72526	2.1992882324689433	0.1302436900000000	0.0663443250000000
1497	9.70935	2.2002207813678241	0.1658227350000000	0.0672138800000000
1503	9.67000	2.1985896902232089	0.1389871200000000	0.0948718450000000
1504	9.67000	2.2007282810176667	0.1569610750000000	0.0985561400000000
1505	9.67000	2.2015283846109011	0.1484436000000000	0.1043152250000000
1506	9.67000	2.2045783329355162	0.1592252500000000	0.0527903150000000
1507	9.67000	2.1996039018176616	0.1318083750000000	0.1077982850000000
1510	9.67000	2.1992734095368487	0.1435686700000000	0.0976739550000000
1515	9.66336	2.2010867690946347	0.1242567950000000	0.1020358850000000
1516	9.66178	2.1968975303106757	0.1566406450000000	0.0480382200000000
1518	9.66145	2.1978009036059416	0.1544567900000000	0.0921302700000000
1519	9.66145	2.2014392037228290	0.1546180700000000	0.0787661500000000
149	20.14810	2.1999178006693700	0.1304434900000000	0.0747966900000000
150	19.99580	2.1976464540581633	0.1319321400000000	0.0992600700000000
1523	9.66126	2.1992312808065755	0.1204754900000000	0.0606023100000000
1535	9.65573	2.1995565256460750	0.1287624950000000	0.1008082250000000
1536	9.65484	2.2021970819200951	0.1642293350000000	0.0331057200000000
1538	9.65423	2.1984799750509763	0.1004712300000000	0.0598762250000000
1542	9.65411	2.2019563249924081	0.1374407100000000	0.0945161150000000
1543	9.65411	2.1989617495404152	0.1462532600000000	0.0811728600000000
1544	9.65409	2.2008866935384019	0.1436482900000000	0.0935729200000000
1552	9.63620	2.1984372551705289	0.1412902650000000	0.0872536800000000
1554	9.62796	2.2095859078144571	0.1690023800000000	0.1031426200000000
1561	9.61624	2.2081093387186321	0.1660728650000000	0.1044611350000000
1565	9.61424	2.2027424290464839	0.1441506950000000	0.1083928750000000
1566	9.61418	2.1949853531368078	0.1512317450000000	0.0931264100000000
1567	9.61418	2.1999820453160042	0.1424822350000000	0.0943049600000000
1571	9.60886	2.2001774870271196	0.1523559500000000	0.1042336800000000
1574	9.60673	2.1996660758872708	0.1541854900000000	0.1032088100000000
1575	9.60673	2.2028556507161898	0.1674580250000000	0.0893563000000000
1582	9.59930	2.1983167487817887	0.1502261150000000	0.0726209750000000
1586	9.59731	2.2017346051532005	0.1419745600000000	0.0895375600000000
1587	9.59731	2.1983205377264574	0.1682206500000000	0.1138353350000000
1592	9.59581	2.1993782744614454	0.1210353100000000	0.0969614000000000
1594	9.59103	2.2003435999197940	0.1514278300000000	0.0613760700000000
1599	9.58949	2.2037308657950763	0.1510598300000000	0.0785082200000000
153	19.67710	2.1989811340638266	0.1377582450000000	0.0418787400000000
154	19.56700	2.1949851576651613	0.1334798000000000	0.0747747000000000
156	19.42160	2.2021270766546124	0.1299121950000000	0.1002675100000000
1605	9.58891	2.1915662566706464	0.1562899150000000	0.1206400000000000
1606	9.58877	2.2060786828469872	0.1716881100000000	0.0838309700000000
1610	9.58849	2.1971975487164594	0.1548993650000000	0.1070701800000000
1612	9.58849	2.2006035848011303	0.1358837400000000	0.0787234650000000
1615	9.58828	2.2014737718502255	0.1575350300000000	0.0874537500000000
1621	9.58734	2.1986320915149529	0.1553806950000000	0.0685717650000000
1622	9.58663	2.2012229201487830	0.1335360700000000	0.1049393300000000
1625	9.58434	2.1986438202945529	0.1187238350000000	0.0848533050000000
1626	9.58386	2.2001897528575012	0.1487755750000000	0.0966000750000000
1636	9.58269	2.1996591693172021	0.1579393350000000	0.0763923750000000
1639	9.58265	2.2896294822403132	0.2501151550000000	0.1104135950000000
1648	9.58048	2.2001705602323498	0.1479555450000000	0.0855773100000000
1656	9.57149	2.1947908413206774	0.1450097250000000	0.0649638250000000
1659	9.57127	2.2021091638092765	0.1491222900000000	0.0980261750000000
1669	9.56294	2.2065736173887536	0.1593116150000000	0.0422955350000000
1670	9.56051	2.2013741317296498	0.1583679700000000	0.1002825350000000
1674	9.55679	2.2014365420460016	0.1458819700000000	0.0785015000000000
1676	9.55202	2.2004434469400995	0.1554762500000000	0.0853139750000000
162	18.89830	2.1996353575364904	0.1207695100000000	0.0660624400000000
1680	9.54781	2.1996712818181821	0.0946732900000000	0.0723989250000000
1681	9.54781	2.2002431501571116	0.1460167000000000	0.0739704800000000
1682	9.54713	2.2010057308249906	0.1361830650000000	0.0721542800000000
1684	9.54687	2.1990776399305947	0.1566712600000000	0.0683497250000000
1687	9.53122	2.2007894330616269	0.1367022350000000	0.0827780800000000
1691	9.52965	2.1998658533914188	0.1328192650000000	0.1025310550000000
1692	9.52252	2.2015689297218737	0.1631498500000000	0.1248859050000000
1700	9.51255	2.1995682070426983	0.1492014750000000	0.0936514250000000
1703	9.51053	2.1996519644671335	0.1011224050000000	0.0576825050000000
1705	9.50834	2.1993713494430542	0.1442235000000000	0.0841350250000000
1707	9.50603	2.2027070217364315	0.1542061050000000	0.0917128250000000
1712	9.50220	2.2008474341269526	0.1321126550000000	0.0907425650000000
1717	9.49425	2.1911502835316647	0.1692359250000000	0.1080883600000000
1719	9.48606	2.2028402882508566	0.1419776800000000	0.0915854950000000
1721	9.48442	2.2014039330787778	0.1466774000000000	0.0671344900000000
1722	9.48286	2.2011551827886819	0.1468644800000000	0.0811265750000000
1728	9.47319	2.2014295837317115	0.1363293800000000	0.0692294400000000
1731	9.46280	2.2012839502719546	0.1388500300000000	0.0999078350000000
1734	9.45239	2.2002447774216316	0.1410369200000000	0.1015497450000000
1736	9.45130	2.1990261065020653	0.1483027450000000	0.0970474750000000
1739	9.43735	2.1977015818849788	0.1468466900000000	0.0835873750000000
1744	9.36392	2.1990350047806309	0.0831946350000000	0.0613669700000000
1747	9.36075	2.1985303159957166	0.1420698950000000	0.0898589100000000
1749	9.33968	2.1994482162119215	0.1469607050000000	0.0925941550000000
1750	9.32657	2.2023317633643571	0.1248858950000000	0.0361494650000000
1757	9.30095	2.2125711117480806	0.2108459650000000	0.0402426900000000
1758	9.29419	2.2003325432098340	0.1465866800000000	0.0847705200000000
169	18.56780	2.1993172153016856	0.1394780550000000	0.0856556500000000
170	18.56620	2.1996950092878356	0.1428398950000000	0.0845788650000000
171	18.56620	2.1959971514244687	0.1581006650000000	0.0819102500000000
175	18.33440	2.2005040426396185	0.1183026450000000	0.0476215600000000
1764	9.28328	2.2039425388170137	0.1415446100000000	0.1185318950000000
1767	9.27618	2.2001925906422564	0.1451222200000000	0.0709869800000000
1769	9.27601	2.2034362943234949	0.1571152200000000	0.0714726500000000
1773	9.27202	2.1992335228688291	0.0904340900000000	0.0905630050000000
1775	9.27078	2.1995579719917857	0.1756195450000000	0.0749806300000000
1782	9.25991	2.2001776624606486	0.1185521800000000	0.0976127200000000
1786	9.25823	2.1989274196184194	0.1354407650000000	0.0994818700000000
1796	9.25601	2.1993265771347184	0.1571351350000000	0.0874594100000000
1798	9.25564	2.1995840511867502	0.1214917450000000	0.0716382650000000
1803	9.25402	2.2001403694995068	0.1457366100000000	0.1007089800000000
1804	9.25320	2.2004495515045042	0.1258531950000000	0.1036141400000000
1805	9.25320	2.1998825595795983	0.1498481650000000	0.0691227300000000
1806	9.25229	2.2969470591274068	0.2422647750000000	0.1054886250000000
1808	9.25199	2.1999312347143958	0.1005242800000000	0.0745207850000000
1814	9.24858	2.1999572176736386	0.1307273050000000	0.0693401350000000
1823	9.24404	2.1981956342660540	0.1318748650000000	0.0862233150000000
1826	9.24000	2.1973213832532372	0.1450787100000000	0.0613671650000000
1827	9.24000	2.2014798764302701	0.1480707150000000	0.0388979100000000
1832	9.24000	2.1797395053718378	0.1650979650000000	0.0538132250000000
1833	9.24000	2.1981747076267175	0.1351280400000000	0.0711420800000000
1835	9.24000	2.2010599463226521	0.1375352000000000	0.1063478000000000
176	18.28240	2.1962772807349338	0.1319789800000000	0.1018246400000000
181	17.96190	2.1985949594315195	0.1274764900000000	0.0925469200000000
1840	9.24000	2.2004572400761080	0.1512715150000000	0.0727762300000000
1846	9.24000	2.1992448938323208	0.1428760050000000	0.0838908350000000
1850	9.24000	2.1986211956554693	0.1244800600000000	0.1037404700000000
1853	9.24000	2.2047433925594704	0.1602688000000000	0.1082594100000000
1854	9.24000	2.2615259682187832	0.1830144250000000	0.1016845950000000
1856	9.24000	2.2005619225998840	0.1594305850000000	0.0635426050000000
1865	9.23790	2.1996580980457328	0.1498282750000000	0.0706399800000000
1870	9.23551	2.1928391139421848	0.1392879250000000	0.1081299500000000
1871	9.23551	2.2007657881524372	0.1524325550000000	0.0878595750000000
1872	9.23523	2.2003930245659928	0.1331743700000000	0.0881128100000000
1874	9.23490	2.1985191568571927	0.1609812700000000	0.1193397500000000
1875	9.23490	2.1989767847432136	0.1082823550000000	0.0677056500000000
1878	9.23309	2.2054584378593396	0.1584497750000000	0.0795498950000000
1879	9.23309	2.1999412598604389	0.1488269450000000	0.0863627000000000
1880	9.23250	2.1997873220747683	0.1578691750000000	0.0995632650000000
1881	9.23250	2.2008016131536383	0.1508070550000000	0.0758296550000000
1882	9.23219	2.2415210321174737	0.1988173650000000	0.1290302250000000
1885	9.23106	2.2016647101664137	0.1055578250000000	0.0456706850000000
1886	9.23095	2.1997045334946379	0.1486881000000000	0.1026111450000000
1890	9.22622	2.1804055358874348	0.1513014300000000	0.1012010350000000
1893	9.22493	2.1976108983063511	0.1453769250000000	0.0591871550000000
1900	9.21053	2.1985367984287221	0.1114587250000000	0.0835992150000000
1901	9.21053	2.1971467572957000	0.1448390000000000	0.1100158700000000
1906	9.18684	2.1982783499479077	0.1515995500000000	0.1070623550000000
1910	9.18173	2.2017124672130652	0.1036311200000000	0.0501202550000000
1911	9.18173	2.1996286330158226	0.1391883650000000	0.0851031050000000
184	17.79570	2.1949878765106661	0.1530286250000000	0.0760601450000000
185	17.79570	2.1993613680503357	0.1475680550000000	0.0957821050000000
189	17.79230	2.2006211327946938	0.1080773550000000	0.0861513250000000
190	17.77460	2.2000635232994910	0.1430598100000000	0.0905512750000000
191	17.77460	2.1982413541396153	0.1094667150000000	0.0742359850000000
1922	9.17791	2.1996583978932698	0.1145214950000000	0.0724611350000000
1923	9.17791	2.1990071131974562	0.1453206850000000	0.1021013850000000
1924	9.17773	2.1997646155271582	0.1363419050000000	0.0873211700000000
1925	9.17773	2.2019637972509432	0.1311072750000000	0.0928775800000000
1931	9.17523	2.1999191774964246	0.1497438350000000	0.0986017550000000
1933	9.17417	2.2001316009074472	0.1241469900000000	0.0977746800000000
1934	9.17355	2.2002850716655877	0.1355299750000000	0.1071388100000000
1939	9.17204	2.2003745135591344	0.1311312150000000	0.0506490700000000
1946	9.16072	2.1982565190309389	0.1203860050000000	0.0805666650000000
1949	9.15790	2.2263887680507830	0.1904337700000000	0.1186588800000000
1950	9.15340	2.2014687857489816	0.1684868000000000	0.0841059150000000
1953	9.15240	2.2002416672407130	0.1362240150000000	0.1116230000000000
1964	9.14000	2.1995435061484820	0.1304326650000000	0.0864039550000000
1970	9.14000	2.1998035426705043	0.0893686800000000	0.0479759550000000
1979	9.14000	2.2001950572316114	0.1337064550000000	0.0978553550000000
1983	9.14000	2.2009886786502935	0.1601834550000000	0.0999998950000000
1989	9.14000	2.2019330035942137	0.1407449150000000	0.0869654650000000
1990	9.14000	2.1980211028040810	0.1413569550000000	0.0780285900000000
1991	9.14000	2.2001843739300830	0.1447337850000000	0.1082912650000000
1993	9.14000	2.2039355386398403	0.1436400500000000	0.0988765800000000
1996	9.14000	2.1992850586263439	0.1145237950000000	0.0562114950000000
192	17.71340	2.2014433769523887	0.1773480150000000	0.0720745050000000
193	17.71340	2.1998648941365104	0.1431372850000000	0.0762007300000000
194	17.70800	2.2000567832359401	0.1400182950000000	0.0801304700000000
198	17.62660	2.2013276314273176	0.1421044150000000	0.0800566350000000
199	17.62660	2.2008758409214217	0.1445839250000000	0.0856750600000000
2003	9.14000	2.1980130592516018	0.1390305050000000	0.0905042600000000
2013	9.13558	2.2015325837923969	0.1601210800000000	0.1005569000000000
2020	9.13287	2.2011524379672984	0.1260374250000000	0.0720372700000000
2021	9.13287	2.1979984979196687	0.1135546250000000	0.1020847250000000
2022	9.13245	2.1997437593469402	0.1622911300000000	0.0759342600000000
2024	9.13204	2.1983018666588849	0.1240231950000000	0.0862236500000000
2025	9.13204	2.1886963704019040	0.1646629750000000	0.0849964700000000
2030	9.11916	2.1996342891195959	0.1521634950000000	0.0367728650000000
2036	9.10508	2.2022317178171780	0.1362544900000000	0.0899303900000000
2038	9.10369	2.1961370850845792	0.1424850150000000	0.0692987150000000
2046	9.05605	2.1976824977639549	0.1358479700000000	0.1015740050000000
2048	9.04366	2.2001405287804254	0.1479338700000000	0.0804640200000000
2055	9.03638	2.2005901807884340	0.1286926050000000	0.0800721100000000
2056	9.03142	2.2218459085935289	0.1839153700000000	0.0623397900000000
2060	9.02477	2.2014447073656651	0.1313362900000000	0.0980636500000000
2061	9.02477	2.1970482309750277	0.1453679300000000	0.0994181100000000
2064	9.02211	2.1994367727243707	0.1349699350000000	0.0700193000000000
2068	9.02041	2.2018648424776313	0.1405302500000000	0.1061456550000000
2069	9.02041	2.2223712177676500	0.1643522000000000	0.0950303650000000
2070	9.02039	2.2009760107750229	0.1228344450000000	0.0748410950000000
2073	9.02018	2.1998221963815756	0.1503842100000000	0.0605272550000000
2076	9.01653	2.2014079699804254	0.1332158850000000	0.0945981900000000
2078	9.01625	2.2394044509281676	0.2046654800000000	0.0831136000000000
2079	9.01625	2.1996342736048260	0.1405269300000000	0.0769878050000000
200	17.62620	2.2001972923328879	0.1460569800000000	0.0930670400000000
2080	9.01619	2.1664193528364044	0.1624310900000000	0.0689071400000000
2082	9.01556	2.2029210823891661	0.1520265550000000	0.0580309500000000
2083	9.01556	2.2016313855018139	0.1561035150000000	0.0612755100000000
2087	9.01160	2.1985381346614670	0.1587002750000000	0.0775770050000000
2096	9.00734	2.2067120340264919	0.1607473400000000	0.1206019100000000
2104	9.00246	2.1961686036268024	0.1335092750000000	0.0934732550000000
2107	9.00214	2.1993045700079463	0.1384233000000000	0.0618420900000000
2108	9.00062	2.2011064771376878	0.1576884150000000	0.0940353350000000
2111	9.00011	2.2092420044043233	0.1608337950000000	0.1135055600000000
2113	8.99981	2.1964055523808321	0.1346305300000000	0.1021264750000000
2119	8.99850	2.1970302124630634	0.1673421850000000	0.1021802250000000
2121	8.99556	2.2010707458001808	0.1235648350000000	0.0749782750000000
2123	8.99535	2.3115835736083534	0.2261349850000000	0.1032924500000000
2124	8.99371	2.2000246073716734	0.1133630200000000	0.0506194850000000
2127	8.99142	2.2143292479808645	0.1425857200000000	0.1317299500000000
2130	8.98943	2.2008623542773007	0.1130642000000000	0.0602273600000000
2136	8.98743	2.2002117777301926	0.1654207900000000	0.0915588900000000
2141	8.98605	2.1998857178975615	0.1533113250000000	0.0893912800000000
2145	8.98373	2.2177472983894342	0.2039330450000000	0.1167253600000000
2149	8.98311	2.2005438244698965	0.1256663550000000	0.1083361450000000
2152	8.98141	2.1271418645576499	0.1332970250000000	0.0876845350000000
2157	8.98000	2.1980647688329533	0.1288224900000000	0.1024778500000000
208	17.18240	2.2008525557075274	0.1486825800000000	0.0852735800000000
209	17.18240	2.2005322628666968	0.1237333550000000	0.1017978200000000
212	17.05300	2.2042439534956304	0.1543453700000000	0.0960266950000000
213	17.05300	2.1988051255136987	0.1128585450000000	0.0825382300000000
215	17.02200	2.1971996228645438	0.1438688500000000	0.1049798450000000
2162	8.98000	2.2823501653201341	0.2161971500000000	0.1053238200000000
2163	8.98000	2.1984309527436117	0.1330375200000000	0.0700310050000000
2169	8.98000	2.3551683247499278	0.2895062350000000	0.0820946700000000
2170	8.98000	2.2019344507927232	0.1548944700000000	0.0496989100000000
2173	8.98000	2.1985286010607856	0.1279875950000000	0.0574851900000000
2174	8.97946	2.2002469880237401	0.1351890550000000	0.0727010950000000
2178	8.97489	2.2006325598806575	0.1492484650000000	0.0813598300000000
2184	8.97257	2.2000386403300238	0.1431336100000000	0.0717638250000000
2185	8.97257	2.2003047654190384	0.1539634850000000	0.0771643550000000
2187	8.97180	2.1982651847409573	0.0957560800000000	0.0860729950000000
2188	8.96911	2.1987057589684436	0.0930730950000000	0.0732423650000000
2189	8.96911	2.2018132649078082	0.1422368650000000	0.0525954100000000
2191	8.96742	2.2004042569284130	0.1412072150000000	0.0910823550000000
2198	8.95967	2.2007343435021429	0.1442136050000000	0.0982377500000000
2201	8.95899	2.1956075018357342	0.1449053700000000	0.0952310550000000
2205	8.95765	2.1953976813257476	0.1603208750000000	0.0848497650000000
2207	8.95637	2.2018582712837524	0.1396109250000000	0.1048211200000000
2210	8.95605	2.2003969122193747	0.1437191550000000	0.0624503550000000
2220	8.95361	2.1975730836159855	0.1381568200000000	0.0997876100000000
2221	8.95361	2.2139101206507035	0.1393033750000000	0.0595545000000000
2224	8.95254	2.2034340028353854	0.1708644650000000	0.0682810850000000
2225	8.95254	2.2028227947246326	0.1500992700000000	0.1208369300000000
2226	8.95171	2.2008512293147704	0.1449259250000000	0.0953158700000000
2230	8.95019	2.3655425081952681	0.2352303450000000	0.0542170000000000
2232	8.95018	2.1854772379253826	0.1201722150000000	0.1132587500000000
2236	8.94681	2.1972804660551293	0.1359447700000000	0.0864913250000000
218	16.98050	2.1991107771513709	0.1576694650000000	0.0750717550000000
221	16.93270	2.1870313278560860	0.1175387350000000	0.1175770300000000
2243	8.93885	2.2011299751566393	0.1260649200000000	0.0475067550000000
2244	8.93734	2.2015007884261744	0.1198626500000000	0.0622117450000000
2246	8.93637	2.2015375245146109	0.1378426050000000	0.0911578650000000
2247	8.93637	2.2030102085783043	0.1587797050000000	0.0665098600000000
2249	8.93547	2.2001859678511426	0.1530498950000000	0.0818077250000000
2250	8.93344	2.2254671028151258	0.1650381750000000	0.1013246200000000
2251	8.93344	2.2514636009297480	0.1878722150000000	0.1178597300000000
2255	8.92967	2.1996236369827664	0.1521866500000000	0.0822768000000000
2256	8.92952	2.2049368131977660	0.1433815100000000	0.0953015750000000
2263	8.92661	2.2022652846379409	0.1760519450000000	0.0560379050000000
2265	8.92659	2.2020306041048032	0.1473269600000000	0.0822058250000000
2266	8.92619	2.1954596368959973	0.1642101450000000	0.0763549950000000
2268	8.92463	2.2067616464510236	0.1465285800000000	0.1112290800000000
2270	8.92413	2.1906829467497313	0.1439061700000000	0.0876234600000000
2273	8.92381	2.2015574249972052	0.1271785200000000	0.0583169850000000
2274	8.92358	2.1947887771784425	0.1456703550000000	0.1084055950000000
2275	8.92358	2.1970242382085687	0.1635024900000000	0.0936947850000000
2278	8.92315	2.2007585758325909	0.1313566100000000	0.0938698650000000
2281	8.92279	2.1991728260297103	0.1405196300000000	0.1117670850000000
2288	8.91786	2.2023554181826190	0.1395659700000000	0.0901671550000000
2289	8.91786	2.1993280705743410	0.1414655250000000	0.0579924500000000
2291	8.91596	2.1995024916379222	0.1310993300000000	0.0666762900000000
2293	8.91512	2.2021723728673401	0.1322137150000000	0.0968548950000000
2295	8.91384	2.1971777022414152	0.1456231050000000	0.0602362600000000
2296	8.91245	2.1918686460396368	0.1471027050000000	0.0993955900000000
2299	8.90797	2.2093362571579740	0.1649865900000000	0.1011225400000000
2304	8.89888	2.2014435587206109	0.1186408950000000	0.0564354300000000
2306	8.89326	2.2026410641158471	0.1398499800000000	0.0761581250000000
2307	8.89326	2.2018099533670239	0.1426561600000000	0.1032520050000000
2312	8.87436	2.2024182763632263	0.1441544950000000	0.1008345100000000
2313	8.87436	2.2182156363468826	0.1725406600000000	0.1212058100000000
2315	8.87192	2.2002855423864069	0.1250572650000000	0.1032105250000000
2317	8.87173	2.2022453725028384	0.1382437700000000	0.1077788300000000
2319	8.86814	2.1980173019683211	0.1054482600000000	0.0712313100000000
227	16.88770	2.1998593914675171	0.1616530150000000	0.1056747800000000
228	16.88760	2.1997657833634880	0.1499024400000000	0.0852749250000000
230	16.86680	2.2004627576001141	0.1614293650000000	0.0678896150000000
2330	8.85054	2.1993548489303305	0.1037152900000000	0.0443211050000000
2343	8.83638	2.2065693542161959	0.1629475650000000	0.0983992400000000
2348	8.82689	2.2010289850163627	0.1422540100000000	0.1110917900000000
2349	8.82689	2.2001024295937590	0.1393919950000000	0.0887618800000000
2350	8.82364	2.2019196263296279	0.1507273250000000	0.0732681150000000
2351	8.82364	2.2052798874628796	0.1559935550000000	0.1080563000000000
2353	8.81628	2.1983326641494880	0.1412768800000000	0.0789211350000000
2354	8.81623	2.2555078399849187	0.2034050200000000	0.0799791700000000
2356	8.81004	2.1994437146055041	0.1454338150000000	0.0930016250000000
2362	8.80658	2.2021654713671901	0.1436525250000000	0.0473338900000000
2363	8.80658	2.2001581040428859	0.1242575300000000	0.0929430200000000
2367	8.80448	2.2614185911382081	0.2111762850000000	0.1141482350000000
2368	8.79150	2.2226395738919447	0.1432799350000000	0.1287813750000000
2371	8.78437	2.1995384046149704	0.1290632650000000	0.1049353700000000
2374	8.77878	2.2002258908221330	0.1508830900000000	0.0946921950000000
2375	8.77878	2.1995836060754126	0.1436994100000000	0.0915457900000000
2376	8.77192	2.1997015769347739	0.1440943150000000	0.0830081150000000
2378	8.75648	2.1981456748654784	0.1325601850000000	0.0646456200000000
2381	8.75301	2.2016271566612970	0.1328292000000000	0.0808476600000000
2384	8.74216	2.1959673134951103	0.1661933550000000	0.0610914100000000
2392	8.73275	2.2006327687391405	0.1610616250000000	0.1014639600000000
2394	8.72981	2.1982547380002693	0.1467935950000000	0.0951544300000000
2399	8.71645	2.2020373808677469	0.1522889000000000	0.0898183850000000
237	16.81790	2.1998748090892692	0.1441430750000000	0.1083180150000000
239	16.79440	2.1999605223785745	0.1412172800000000	0.0398624150000000
22	98.06700	2.2038211520615163	0.1704340300000000	0.0869785650000000
2402	8.70886	2.1979474347748984	0.1410668100000000	0.0946455600000000
2404	8.70243	2.2005703121182889	0.1568925700000000	0.1023399000000000
2405	8.70243	2.2119013245038794	0.1816635300000000	0.0972243100000000
2408	8.69451	2.2065131549859007	0.1761946400000000	0.0729894300000000
2409	8.69451	2.2006191181915917	0.1460392650000000	0.1032042050000000
2415	8.67928	2.2003892995134566	0.1426540700000000	0.0362152500000000
2416	8.66682	2.2015394922532194	0.1173349000000000	0.1211513200000000
2425	8.64481	2.2019584494896938	0.1324018700000000	0.0973278650000000
2427	8.64296	2.1872394957733139	0.1558355700000000	0.0593713400000000
2429	8.64137	2.1981435651893748	0.1543676000000000	0.0771591350000000
2431	8.62991	2.2051088197431485	0.1596176050000000	0.0957319650000000
2432	8.62916	2.2010415164824537	0.1428645200000000	0.0904115100000000
2433	8.62916	2.1994425885025817	0.1445773500000000	0.1010730250000000
2434	8.62915	2.1997237531765763	0.1315606900000000	0.0942471100000000
2438	8.62822	2.3166347094740298	0.2263390950000000	0.1222688000000000
2440	8.62799	2.2014113800493060	0.1401086500000000	0.0923715050000000
2441	8.62799	2.2020971763195014	0.1450364950000000	0.1133405400000000
2451	8.62547	2.2058347229657902	0.1687063200000000	0.1062688250000000
2452	8.62537	2.1960949059501069	0.1568891300000000	0.0578414000000000
2454	8.62494	2.2045270065597804	0.1357129750000000	0.1030023800000000
2460	8.62151	2.2008637384336769	0.1192052100000000	0.0790944050000000
2463	8.62143	2.2014543202454870	0.1464492150000000	0.0850964750000000
2464	8.62139	2.1997155702851701	0.1451545900000000	0.1066904800000000
2465	8.62139	2.1963607845037596	0.1648961900000000	0.1314766000000000
2468	8.61871	2.2055002074970056	0.1736859200000000	0.0979243300000000
2469	8.61871	2.2007196463353380	0.1355741700000000	0.0997104850000000
2472	8.59504	2.2002229842671412	0.1427390050000000	0.1111151150000000
2478	8.57884	2.1996495217066765	0.1225763700000000	0.0694647500000000
2479	8.57884	2.1803755120638351	0.1016058150000000	0.1096997400000000
245	16.67950	2.2085160029433033	0.1637464800000000	0.1000398300000000
2485	8.55654	2.2007869649931022	0.1389855850000000	0.0858673200000000
2488	8.54109	2.2018845834965775	0.1555108100000000	0.1036141750000000
2492	8.53909	2.1867325833041340	0.1241739400000000	0.0983890550000000
2498	8.53773	2.2020620347288613	0.1464047000000000	0.0830020300000000
2506	8.53691	2.2020631924925760	0.1307340900000000	0.0663634450000000
2511	8.53659	2.2022844116759330	0.1507569100000000	0.0912943700000000
2513	8.53601	2.2060668897355304	0.1731221350000000	0.0602605050000000
2515	8.53595	2.2012704939039924	0.1777161400000000	0.0632662650000000
2522	8.53153	2.1974255345757236	0.1286655900000000	0.0971375000000000
2527	8.52658	2.1960970632214858	0.1628146800000000	0.1006809950000000
2529	8.52617	2.1823395109054973	0.1672399450000000	0.0371578800000000
2533	8.51847	2.1998190831399986	0.1415854750000000	0.1005428050000000
2536	8.51130	2.2009000277785464	0.1519719500000000	0.0832085900000000
2537	8.51130	2.2007001900708381	0.1222218000000000	0.0692585900000000
2542	8.49075	2.2008274613734784	0.1312614400000000	0.1019264650000000
2543	8.49075	2.2010904218413674	0.1436429800000000	0.0724503700000000
2544	8.48967	2.2015145837533003	0.1506385950000000	0.0799389100000000
2551	8.48000	2.2096553943159174	0.1554304250000000	0.0575026200000000
2558	8.48000	2.1994968439486930	0.1517211550000000	0.0474698850000000
248	16.57590	2.2023875533960315	0.1563255150000000	0.0386886100000000
249	16.57590	2.1985150670244331	0.1310444900000000	0.1009992400000000
250	16.51990	2.2009568207481571	0.1453762950000000	0.0882008300000000
251	16.51990	2.1987541334845511	0.1486413500000000	0.0616793500000000
253	16.50140	2.1990353046101707	0.1371462500000000	0.0873608750000000
2560	8.48000	2.2052453416694378	0.1582711350000000	0.0923039950000000
2561	8.48000	2.2012132758775560	0.1364505200000000	0.0814662200000000
2567	8.48000	2.1981521066204790	0.1175670000000000	0.0933260450000000
2569	8.48000	2.2313466155471979	0.1974485150000000	0.1225991600000000
2570	8.47797	2.1913771155478279	0.1564418900000000	0.0814872300000000
2578	8.46680	2.2011980392022870	0.1406066150000000	0.0999931550000000
2586	8.46000	2.2066007364339115	0.1722532200000000	0.0490566250000000
2587	8.46000	2.1979946886985173	0.1428524950000000	0.0719417950000000
2589	8.44800	2.2018675772517668	0.1389073750000000	0.1120313350000000
2597	8.43458	2.1982559177452492	0.1312460550000000	0.0970083800000000
2601	8.42770	2.2019012233282336	0.1400805450000000	0.0922779800000000
2603	8.42299	2.2014870302015748	0.1337972600000000	0.1146643400000000
2609	8.41614	2.2015012944349475	0.1454897050000000	0.0571534150000000
2614	8.40334	2.2004339457847255	0.1506628300000000	0.0842649800000000
2615	8.40334	2.2069040150625701	0.1521702250000000	0.1263119700000000
2619	8.39487	2.2011169567018429	0.1531572450000000	0.0827295450000000
2620	8.39137	2.2014674602420587	0.1139618650000000	0.0435676750000000
2623	8.38740	2.2252552524354110	0.1747890500000000	0.0918592400000000
2624	8.38712	2.2033853087802480	0.1642382300000000	0.0950465550000000
2625	8.38712	2.2017101045892229	0.1438098800000000	0.1004265700000000
2627	8.38446	2.2305065475874324	0.1761009750000000	0.0924497100000000
2633	8.37012	2.1980258018313923	0.1533582600000000	0.1031332050000000
2635	8.36918	2.1840916566495006	0.1711424650000000	0.0832976650000000
2638	8.36731	2.1751678375835866	0.1640409400000000	0.1179139100000000
257	16.45850	2.1997456336662777	0.1517690300000000	0.0785269450000000
258	16.44450	2.2180505949077292	0.1773625550000000	0.0327444300000000
2640	8.36730	2.1967025843606867	0.1476446550000000	0.1231175300000000
2643	8.36655	2.2007758463514153	0.1408878400000000	0.0880086750000000
2647	8.36622	2.2024436535874452	0.1424697900000000	0.0785867200000000
2650	8.36541	2.1999479214817144	0.1387811450000000	0.0805256650000000
2655	8.36483	2.1982659803538920	0.1022116100000000	0.0948456600000000
2656	8.36471	2.2005761119776803	0.1488482450000000	0.1258216350000000
2666	8.35941	2.2005727042859640	0.1407580450000000	0.0849684050000000
2667	8.35941	2.2013838123194969	0.1436570700000000	0.0789662050000000
2674	8.35100	2.1887534602160423	0.1206270850000000	0.1189885400000000
2675	8.35100	2.1980459989701040	0.1425468650000000	0.0730276050000000
2677	8.34964	2.1978541795183464	0.1516398200000000	0.1012708300000000
2680	8.34857	2.2042867753446180	0.1680408850000000	0.0659701950000000
2681	8.34857	2.2012272929337175	0.1370536250000000	0.0983079800000000
2682	8.34790	2.2007496017207635	0.1340010850000000	0.0733037850000000
2683	8.34790	2.2021034889043571	0.1544409400000000	0.0867707100000000
2684	8.34776	2.2011598526590670	0.1280572750000000	0.1037965300000000
2686	8.34726	2.2199962641020634	0.1719839700000000	0.0937750600000000
2687	8.34726	2.2011021962035358	0.1264800700000000	0.0878543800000000
2696	8.34384	2.1982966877230004	0.1545173400000000	0.0682203200000000
2697	8.34384	2.2046153095766639	0.1688484350000000	0.0683029950000000
2705	8.34054	2.1987309328271913	0.1019297250000000	0.0709685850000000
2706	8.33796	2.1959767168345983	0.1408794450000000	0.0904637400000000
2707	8.33796	2.2020375298685773	0.1288769150000000	0.1185114250000000
2709	8.33427	2.2015044299411546	0.1449097250000000	0.0775114250000000
2712	8.32388	2.2019196625389967	0.1276673300000000	0.1168032550000000
2717	8.31924	2.2018824676983471	0.1519874350000000	0.0893427000000000
265	16.21370	2.2502057710937202	0.1890892400000000	0.0957701350000000
268	16.15410	2.1986180462881348	0.1632460750000000	0.0903203600000000
270	16.15400	2.2100549036248678	0.1658570950000000	0.0946576900000000
271	16.15400	2.1903170968215249	0.1443576700000000	0.1185646000000000
2720	8.30884	2.2010979489643088	0.1402471800000000	0.1083095650000000
2722	8.30872	2.2005732538960552	0.1420382550000000	0.0791592950000000
2723	8.30872	2.2030607704921223	0.1583856200000000	0.0339121800000000
2724	8.30642	2.1995582120159560	0.1365846150000000	0.0827459850000000
2725	8.30642	2.3840502034141786	0.2710374800000000	0.0776296000000000
2727	8.30497	2.1999829829589097	0.1679049300000000	0.0583389900000000
2728	8.30123	2.2007124728475564	0.1420498150000000	0.0853049050000000
2734	8.27979	2.1868369891473178	0.1272431500000000	0.1168530450000000
2736	8.27930	2.2280945473078595	0.2025129800000000	0.1112286650000000
2751	8.27016	2.2002286942507960	0.1516355350000000	0.0678927350000000
2758	8.26374	2.1994224377118283	0.1586963700000000	0.1032729550000000
2765	8.25435	2.2001510760432814	0.1478750650000000	0.0651528650000000
2766	8.24826	2.1980245278856847	0.1330151550000000	0.0736617550000000
2772	8.23918	2.1915988618538766	0.1322516600000000	0.0877211550000000
2774	8.23870	2.2649230790207859	0.2058334550000000	0.1083357050000000
2778	8.23466	2.2004478113284249	0.1387277150000000	0.1184199950000000
2779	8.23466	2.2012592724984561	0.1575928200000000	0.0706185750000000
2781	8.23239	2.1990233918935664	0.1131949800000000	0.0971948900000000
2782	8.22956	2.2665467217958581	0.2492517300000000	0.1569572750000000
2783	8.22956	2.2014139217008784	0.1249764250000000	0.1031913050000000
2787	8.22882	2.1962611665329508	0.1629067250000000	0.0624604100000000
2788	8.22517	2.1998114649275782	0.1447426500000000	0.0852637600000000
2792	8.22157	2.2197176914935342	0.1757405750000000	0.0680879950000000
2795	8.21916	2.2011490811510819	0.1105536700000000	0.1125246500000000
274	16.00470	2.2014603334832863	0.1399316800000000	0.1014341100000000
275	16.00470	2.2007406838314418	0.1329181700000000	0.0569605050000000
2800	8.21535	2.2971191502210386	0.2107281850000000	0.1151097800000000
2802	8.21484	2.1998867101807358	0.1376730550000000	0.1054474600000000
2803	8.21484	2.1996259757103860	0.1433301050000000	0.0827906500000000
2806	8.20236	2.2000508450551948	0.1151510250000000	0.0821819400000000
2807	8.20236	2.2010318035831524	0.1470609300000000	0.0960937600000000
2808	8.20000	2.2018279525546842	0.1356312050000000	0.0779746950000000
2813	8.20000	2.2009756689854423	0.1436496400000000	0.1045719150000000
2815	8.20000	2.1979199559470373	0.1088273700000000	0.0682590000000000
2816	8.20000	2.2026698604975179	0.1596628900000000	0.0320646000000000
2818	8.20000	2.2006676713247328	0.1289113250000000	0.0843914700000000
2820	8.20000	2.1990582060723725	0.1620691200000000	0.0689518150000000
2822	8.20000	2.3974545278090300	0.2549618000000000	0.0986404050000000
2823	8.20000	2.1989829229512750	0.1233702900000000	0.0641341800000000
2827	8.20000	2.1958680347765829	0.1553287100000000	0.0714082950000000
2830	8.20000	2.2014566123668771	0.1598840250000000	0.0687196950000000
2832	8.20000	2.2014461111993877	0.1435100700000000	0.0941240700000000
2836	8.20000	2.2013204210473152	0.1603042500000000	0.0946625800000000
2837	8.20000	2.2169315845630004	0.1822056350000000	0.1246327250000000
2841	8.19420	2.2037614870371161	0.1529965100000000	0.0989314550000000
2843	8.19382	2.2012085023598194	0.1270124550000000	0.0720048200000000
2844	8.19066	2.2010478659801436	0.1556085700000000	0.0707635600000000
2848	8.18384	2.1987446849235939	0.1435555700000000	0.0698614050000000
2858	8.16935	2.1972248047978504	0.1450759350000000	0.0801235400000000
2860	8.16836	2.2006756418916020	0.1401751750000000	0.0911907050000000
2861	8.16836	2.1955391681415146	0.1459277350000000	0.0807048550000000
2862	8.16758	2.2014646939399727	0.1412408050000000	0.0952491850000000
2863	8.16758	2.2013333314002206	0.1123887400000000	0.0821337700000000
2868	8.16181	2.1996613284186832	0.1381327650000000	0.1078008050000000
2869	8.16181	2.2016032144916888	0.1403259150000000	0.0373683500000000
2870	8.15953	2.1953469764680484	0.1306473450000000	0.0839523500000000
2877	8.14937	2.1976306883498347	0.1275562000000000	0.0649391950000000
280	15.79130	2.1628753613363654	0.1307746450000000	0.0763806750000000
2886	8.13966	2.2019496232417182	0.1396235100000000	0.1038369850000000
2887	8.13966	2.2001766704349683	0.1108881550000000	0.0626160900000000
2891	8.13890	2.2011158026026969	0.1208541500000000	0.0661952150000000
2892	8.13840	2.2014767128003929	0.1367012300000000	0.0357212350000000
2899	8.13645	2.1998276982648077	0.0990672450000000	0.0700962850000000
2906	8.13301	2.2026364980818722	0.1551792500000000	0.0435806050000000
2907	8.13301	2.1974677027427276	0.1158915350000000	0.0654336950000000
2908	8.13284	2.1963470104373077	0.1643503600000000	0.0747555250000000
2913	8.12955	2.2019170051125920	0.1609586200000000	0.0702131450000000
2925	8.12265	2.1965128253988873	0.1613392900000000	0.1229995400000000
2927	8.12189	2.2027914787504357	0.1480467200000000	0.0441261000000000
2932	8.11972	2.2016589107257190	0.1566157200000000	0.0673959650000000
2934	8.11876	2.2001665859400581	0.1531621300000000	0.0859336950000000
2940	8.11078	2.1990501528230642	0.1576069500000000	0.0725212100000000
2941	8.11078	2.1998823789584305	0.1661165400000000	0.0646771100000000
2949	8.10659	2.2016042189385616	0.1375571600000000	0.0631608550000000
2951	8.10431	2.1878011387388137	0.1833628450000000	0.1360799900000000
2952	8.09909	2.2025458835013758	0.1472184000000000	0.1071153150000000
2955	8.09854	2.2015006992959463	0.1400905750000000	0.0625674750000000
289	15.35480	2.2012865076313592	0.1624588300000000	0.0810511050000000
290	15.33460	2.2018386935404943	0.1457424650000000	0.0902635800000000
293	15.33040	2.2013936633193829	0.1492368600000000	0.0977610800000000
294	15.28500	2.1978580933340566	0.1074250000000000	0.0676028700000000
295	15.28500	2.1993859013490895	0.1266234450000000	0.1003016800000000
2961	8.09740	2.1983406386241677	0.0897612000000000	0.0583765500000000
2962	8.09702	2.2020434528115840	0.1352029300000000	0.0527466700000000
2964	8.09688	2.3496632761007890	0.2338450400000000	0.1203329250000000
2966	8.09614	2.2000228087010139	0.1276936900000000	0.1217327950000000
2969	8.09578	2.2365542623927324	0.1783406200000000	0.0469084050000000
2970	8.09432	2.2014540610182824	0.1497355950000000	0.0857281900000000
2971	8.09432	2.1977565649947857	0.1273883100000000	0.0669093550000000
2972	8.09383	2.2005033845674884	0.1553534950000000	0.0797861700000000
2973	8.09383	2.2033218522298212	0.1338651000000000	0.0474826550000000
2976	8.09157	2.1984424065949946	0.1474976600000000	0.0484841100000000
2977	8.09157	2.2595315249247823	0.1596185300000000	0.1010915850000000
2987	8.09000	2.2005405280298960	0.1657774350000000	0.0798634550000000
2993	8.09000	2.2005377841011153	0.1460812150000000	0.0702474250000000
2994	8.09000	2.1979487372049831	0.1341624500000000	0.0845114000000000
2995	8.09000	2.1951384810950643	0.1392075700000000	0.0935894650000000
2998	8.09000	2.2018679702917185	0.1318561500000000	0.1117770950000000
3007	8.09000	2.1953677629961588	0.1420827350000000	0.0523766400000000
3008	8.09000	2.2033520708940322	0.1573888050000000	0.0732073850000000
3010	8.09000	2.1999685989533995	0.1589169650000000	0.0966242300000000
3011	8.09000	2.2012280935999762	0.1300130650000000	0.0764292100000000
3012	8.09000	2.1959405632219338	0.1646701700000000	0.0520419450000000
3014	8.09000	2.2001685090857879	0.1365937050000000	0.1143647500000000
3020	8.09000	2.2398033822792138	0.1937218150000000	0.1050347250000000
3021	8.09000	2.2007373540537887	0.1481476850000000	0.0836689400000000
3023	8.09000	2.2006441281200488	0.1454638350000000	0.0826612000000000
3024	8.08933	2.1971503748152981	0.1168612300000000	0.1083225550000000
3035	8.08582	2.2481970233198991	0.2035504000000000	0.1314609350000000
3036	8.08477	2.2004354994862743	0.1374013750000000	0.0973003600000000
3037	8.08477	2.2015258628975958	0.1581632700000000	0.0679519100000000
3039	8.08469	2.1767017484123410	0.1697432500000000	0.0928286300000000
300	15.20500	2.1993648252168319	0.1459035700000000	0.1023755200000000
3045	8.08006	2.2015296500560635	0.1570575850000000	0.0526324450000000
3046	8.07997	2.1949133822206450	0.1696452850000000	0.0771946250000000
3050	8.07978	2.2004014742985967	0.1439912600000000	0.0460723500000000
3052	8.07878	2.1953348390363794	0.1496308700000000	0.0855494050000000
3055	8.07877	2.2011730482733167	0.1306113950000000	0.0450180300000000
3058	8.07629	2.1999820657653140	0.1359426050000000	0.1004547650000000
3061	8.07613	2.1805326079547109	0.1356011850000000	0.1219032800000000
3062	8.07519	2.1992523941104851	0.1615825400000000	0.0799515400000000
3063	8.07519	2.2004343443292060	0.1360636800000000	0.1022685600000000
3064	8.07504	2.2018531562138750	0.1269958950000000	0.1010570850000000
3066	8.07475	2.2034241229372373	0.1623748000000000	0.0855549800000000
3076	8.07056	2.2403571742341324	0.1864727350000000	0.0853336950000000
3085	8.06592	2.1993213001978682	0.1250325900000000	0.0696970000000000
3088	8.06143	2.1970341395307771	0.1522861900000000	0.0919753150000000
3090	8.05591	2.1989038322100498	0.1310498200000000	0.0688379550000000
3091	8.05591	2.1966238274232044	0.1242364400000000	0.0639303150000000
3094	8.05502	2.2003463775600380	0.1369038700000000	0.0955783700000000
3096	8.05430	2.2001207486852041	0.1284718200000000	0.0950900000000000
3098	8.05418	2.2018739116639372	0.1494186700000000	0.1019047150000000
3099	8.05418	2.2225248572589140	0.2000175650000000	0.1259344600000000
3101	8.05284	2.2003722289298477	0.1184638900000000	0.0504188600000000
3103	8.05240	2.1985396264074684	0.1502513800000000	0.0818719950000000
3104	8.05108	2.2001790363612042	0.1494628600000000	0.0762699150000000
3106	8.05001	2.2015323661308703	0.1571664950000000	0.1051277700000000
3107	8.05001	2.1993563597842365	0.1481255500000000	0.0975853700000000
3109	8.04961	2.1927082171056864	0.1333532700000000	0.0950229400000000
3111	8.04777	2.2008811847065162	0.1379518700000000	0.1077717350000000
3113	8.04733	2.1996838966668188	0.1340467500000000	0.0817414950000000
3116	8.04640	2.2232026890513219	0.1801499850000000	0.1340275700000000
3117	8.04640	2.2121468676005729	0.1929226000000000	0.0791143850000000
3119	8.04453	2.1974814188945579	0.1375409100000000	0.1024023600000000
304	15.13640	2.1996784749172553	0.1320411950000000	0.0434764350000000
305	15.13640	2.2010895013500593	0.1367090050000000	0.0858489400000000
3123	8.04340	2.1999634418214411	0.1435205000000000	0.0894371750000000
3126	8.04223	2.2563226155382683	0.1070092650000000	0.1207126700000000
3129	8.04112	2.2105795527828001	0.1803809600000000	0.0805592100000000
3131	8.04084	2.1970146038998943	0.1467137050000000	0.0810512300000000
3135	8.04006	2.2859331217087311	0.2073750950000000	0.0394789050000000
3141	8.03554	2.3166812273855939	0.2082905400000000	0.0916570250000000
3142	8.03299	2.2014589459489953	0.1534899350000000	0.0708012850000000
3148	8.02785	2.2776079551953687	0.2800860050000000	0.1357275200000000
3150	8.02781	2.1994452244562739	0.1459587350000000	0.1107191950000000
3153	8.02779	2.2011764767876238	0.1491142050000000	0.0756686550000000
3154	8.02334	2.2047248886299236	0.1700835800000000	0.0482763150000000
3155	8.02334	2.1978200175500042	0.1410451800000000	0.0783582200000000
3156	8.02310	2.1993906507637520	0.1518945600000000	0.1099072450000000
3157	8.02310	2.1530637751767512	0.1212736700000000	0.0816439550000000
3158	8.01843	2.4466645084926872	0.3859068100000000	0.5199491549999999
3162	8.01282	2.2005188986559601	0.1207494200000000	0.0958331550000000
3163	8.01282	2.2060940437596779	0.1553684200000000	0.0955900550000000
3169	8.01082	2.1977570915687004	0.1237445850000000	0.0591444450000000
3170	8.01077	2.1948964716777399	0.1600155800000000	0.0866873050000000
3171	8.01077	2.2007607108159086	0.1393927300000000	0.0746292100000000
3172	8.01076	2.1984761277096592	0.1114210450000000	0.1072752400000000
3176	8.01068	2.2014592262082600	0.1239651800000000	0.0980979850000000
3184	8.01041	2.1789462874056151	0.1322158150000000	0.0992321100000000
3186	8.01038	2.2020313558070845	0.1595328000000000	0.0485261200000000
313	15.02260	2.2008809122735631	0.1495513900000000	0.0956527050000000
315	15.01960	2.2065213278992695	0.1579256650000000	0.0794442850000000
318	14.98660	2.2170778019375317	0.1699224100000000	0.0483906350000000
319	14.98660	2.1991252136519210	0.1360119850000000	0.0830815500000000
24	94.60730	2.2011611751706619	0.1529406250000000	0.0818743750000000
25	94.60730	2.1992502026837015	0.1412684550000000	0.0852501650000000
26	87.04670	2.2005204602994541	0.1587525600000000	0.0947973500000000
29	80.53700	2.2011515125300209	0.1093879950000000	0.0767076250000000
321	14.98120	2.2002307525702549	0.1421501950000000	0.0868827100000000
322	14.93200	2.1963456828863510	0.1400258000000000	0.0771701300000000
324	14.87310	2.1978971005777748	0.1505640500000000	0.0711065700000000
325	14.87310	2.1989105311910833	0.1522860650000000	0.0804200600000000
326	14.79800	2.2014768216916023	0.1628575750000000	0.0754294400000000
331	14.71390	2.2000519007040369	0.1393977200000000	0.0767918150000000
338	14.65620	2.1902570784748696	0.2585756050000000	0.1273118750000000
340	14.65040	2.1671702459757296	0.0896840250000000	0.0510022350000000
343	14.64570	2.1991198004533872	0.1528908700000000	0.1159081150000000
346	14.61920	2.2071526409641491	0.1571608950000000	0.0964516850000000
348	14.61380	2.1998191372004325	0.1483185850000000	0.0858346450000000
349	14.61380	2.1994347502208873	0.1571057250000000	0.0915246050000000
351	14.57300	2.2000254390471259	0.1426761300000000	0.0945946050000000
355	14.55770	2.3304880172313966	0.2347871500000000	0.1494653650000000
361	14.54000	2.2001643917453877	0.1512740900000000	0.0939989000000000
363	14.53350	2.1977284448697159	0.1428778550000000	0.0831161350000000
364	14.51810	2.1970363348070023	0.1484493950000000	0.0799354100000000
365	14.51810	2.1981150295732381	0.1463817400000000	0.1021741700000000
369	14.49040	2.1999355851981823	0.1257114050000000	0.1024727950000000
371	14.46400	2.1997726892505867	0.1281610900000000	0.0745451650000000
379	14.38140	2.1840162832189249	0.1468902800000000	0.0845557900000000
384	14.28480	2.1983809341203564	0.1387498500000000	0.0991546450000000
387	14.18730	2.1998841895891870	0.1368690550000000	0.1014808500000000
390	14.17370	2.2368884429581541	0.1825233600000000	0.1361331450000000
394	14.07540	2.1949218917714535	0.1628645950000000	0.1025568450000000
396	14.06080	2.2014979044114122	0.1390199850000000	0.0955362150000000
397	14.06080	2.2040184058140717	0.1600042750000000	0.0865171550000000
32	70.71640	2.2005211521797166	0.1374364400000000	0.0879922050000000
33	70.71640	2.1907582936420105	0.1397298850000000	0.0935288450000000
35	68.84570	2.2007542944494354	0.1501425150000000	0.0838411350000000
38	61.69190	2.2009326190089573	0.1489665400000000	0.1069072000000000
401	14.01960	2.1999774418585614	0.1408880550000000	0.0486186950000000
407	13.94830	2.2008372023908565	0.1367631250000000	0.0836144300000000
411	13.90950	2.2002885988849674	0.1269969600000000	0.0684085550000000
414	13.85370	2.2004015959238128	0.1267564550000000	0.0768505050000000
418	13.68290	2.2001764174801464	0.1287063650000000	0.0962764000000000
419	13.68290	2.2055831677019602	0.1457663300000000	0.1001652400000000
422	13.54540	2.2002068939259654	0.1477355250000000	0.1118624150000000
425	13.54440	2.2015351506172802	0.1570813150000000	0.0932219450000000
427	13.50120	2.2182574428919626	0.1820120450000000	0.1450263250000000
432	13.40180	2.1982304602808713	0.1687069550000000	0.1021222750000000
438	13.38340	2.2023474218143817	0.1566689000000000	0.1018628500000000
447	13.34220	2.2000853766185196	0.1149609650000000	0.0669599600000000
450	13.33800	2.2144200849657225	0.1628659400000000	0.0752453850000000
452	13.33780	2.3697935820220541	0.2423059450000000	0.0745221500000000
454	13.33650	2.2001098440401359	0.1479421850000000	0.0875837100000000
456	13.33480	2.2023920172901055	0.1687251600000000	0.0483151650000000
459	13.32660	2.1993960353856923	0.1512055300000000	0.1004829700000000
463	13.31140	2.1999207067010418	0.1409465100000000	0.0982825250000000
465	13.29930	2.2005485948326107	0.1485524450000000	0.1092727350000000
468	13.28160	2.2021693209838133	0.1405856600000000	0.0827975350000000
471	13.28050	2.3799957353869599	0.2428341000000000	0.1171712250000000
472	13.26610	2.1988528547814838	0.1292067600000000	0.0739701200000000
474	13.26380	2.2001964564370193	0.1584341600000000	0.0747613300000000
477	13.25220	2.1984988817595053	0.1572454800000000	0.0798062050000000
479	13.23430	2.2001103504677948	0.1110062650000000	0.0751479500000000
43	59.26770	2.1993560070830420	0.1387642000000000	0.0840440150000000
46	53.66980	2.1998144160988082	0.1528181200000000	0.0442412200000000
480	13.21680	2.1948466787445087	0.1411896950000000	0.1142155050000000
482	13.21390	2.1994718910642623	0.1128339700000000	0.0644279250000000
485	13.21000	2.1977304615402820	0.1078099750000000	0.0644731150000000
489	13.21000	2.2004061098006487	0.1662737000000000	0.1237914500000000
490	13.21000	2.2039818499297716	0.1607530150000000	0.1055887400000000
491	13.21000	2.1914195203269782	0.1527245250000000	0.0973573600000000
502	13.20940	2.1985452352312369	0.1609767150000000	0.1227671000000000
505	13.20780	2.2006421933209332	0.1404840050000000	0.0882626850000000
507	13.20770	2.1997256692891956	0.1608036100000000	0.0793400850000000
508	13.20740	2.2006110400954801	0.1519120550000000	0.0859072850000000
510	13.20650	2.2003667467564973	0.1379717450000000	0.1017294600000000
513	13.20600	2.1990277368371540	0.1266674000000000	0.0597426450000000
514	13.20600	2.2009945025639555	0.1277403100000000	0.0375405600000000
515	13.20600	2.1988514578919474	0.1501973650000000	0.1026692400000000
516	13.20490	2.2919674810873358	0.2646652850000000	0.1091084950000000
517	13.20490	2.2014851777043760	0.1667379200000000	0.0764476850000000
518	13.20380	2.1982204325916239	0.1324751900000000	0.1141569450000000
523	13.19800	2.2094575689858353	0.1828496950000000	0.1241802350000000
526	13.19720	2.1946401237297004	0.1405981400000000	0.1006822800000000
531	13.19420	2.2024305835346167	0.1496344500000000	0.0770884550000000
532	13.19230	2.2009380037422526	0.1311011750000000	0.0958731100000000
535	13.19200	2.2009894219287571	0.1648026850000000	0.0432280650000000
536	13.19110	2.1985092167549394	0.0906666350000000	0.0981574000000000
537	13.19110	2.2008497081411376	0.1520368550000000	0.0961305500000000
544	13.10570	2.2008375289263289	0.1493492300000000	0.0960855750000000
547	13.09850	2.1958165009619912	0.1285250450000000	0.0625548150000000
49	53.59700	2.2031729812458662	0.1356797450000000	0.1150405250000000
54	46.41530	2.1979165744881870	0.1389565500000000	0.1081293200000000
561	13.04230	2.2011893748003457	0.1415262150000000	0.0998328900000000
565	13.01880	2.1977247047583819	0.1585280500000000	0.0482233150000000
566	13.01160	2.2003264616086433	0.1089530900000000	0.0627319400000000
567	13.01160	2.2011359615410706	0.1367707150000000	0.1008966900000000
581	12.80710	2.1786304835436194	0.0787226500000000	0.0745342750000000
582	12.78530	2.2011571259296550	0.1324532150000000	0.0921891950000000
586	12.70350	2.1968901987553959	0.1481535900000000	0.1007895050000000
588	12.67040	2.2014506447704214	0.1479301100000000	0.0857994350000000
589	12.67040	2.2004925895798571	0.1396379700000000	0.0775703650000000
592	12.65950	2.2026452149153930	0.1602209550000000	0.1062902600000000
598	12.62770	2.1995327360563808	0.1153219800000000	0.0522532500000000
599	12.62770	2.2018057388219452	0.1515538650000000	0.0736208050000000
606	12.57920	2.2015778655945111	0.1379446500000000	0.1038926600000000
607	12.57920	2.1996317634912477	0.1483310350000000	0.0913296650000000
613	12.56160	2.1985092361587881	0.0936173400000000	0.0694322500000000
618	12.53700	2.1970473700776347	0.1452183650000000	0.1066257350000000
622	12.52010	2.1780106262957055	0.1644352000000000	0.1053350700000000
624	12.48940	2.2021182922310238	0.1454536900000000	0.0755041500000000
625	12.48940	2.1998025431842296	0.1498071150000000	0.0985455000000000
628	12.44730	2.2001478087725599	0.1516696550000000	0.0789123150000000
629	12.44730	2.2200071996853756	0.1841642100000000	0.0770986350000000
630	12.43320	2.2004739343617081	0.1251148600000000	0.1016516200000000
631	12.43320	2.1963446804122073	0.1589421700000000	0.0475386700000000
634	12.41290	2.1995589926848704	0.1299561250000000	0.1087776350000000
637	12.39640	2.1971503168988447	0.1439502700000000	0.0707126650000000
57	45.89990	2.1998170292313817	0.1443178500000000	0.0988582500000000
60	42.09350	2.1993947972107573	0.1397221200000000	0.0786394150000000
63	41.41560	2.1995805875785202	0.1626285000000000	0.0868295450000000
641	12.36280	2.5627127215196293	0.3133584600000001	0.0721245950000000
643	12.35490	2.1996203975754565	0.1370476700000000	0.0821034900000000
646	12.33170	2.2000032328956243	0.1482522600000000	0.0860176450000000
650	12.31590	2.2517487739708630	0.2143614400000000	0.1356187250000000
653	12.30530	2.1946648939403124	0.1536545800000000	0.0513783800000000
656	12.29600	2.2013480490124278	0.1751965350000000	0.0702114900000000
659	12.29460	2.2018896275797384	0.1619276200000000	0.1100044050000000
663	12.27620	2.1990419072785512	0.1305343650000000	0.0722522850000000
666	12.27310	2.2015998842485383	0.1378614450000000	0.0831681900000000
670	12.26760	2.1998186033560878	0.1343596750000000	0.0873104500000000
671	12.26760	2.2300126034972196	0.1933639550000000	0.1378317650000000
673	12.26710	2.1985263750246231	0.1682302100000000	0.1000037050000000
677	12.25110	2.2003797491210322	0.1267707050000000	0.1017837950000000
690	12.24820	2.1984682176703636	0.1024112350000000	0.0896326000000000
691	12.24820	2.3678115344785438	0.2585560250000000	0.1140820400000000
694	12.24330	2.1950036086313927	0.1549080950000000	0.0922322850000000
695	12.24330	2.2126630363964055	0.1743583550000000	0.0575800400000000
696	12.24270	2.2018595999750690	0.1554513600000000	0.0986433100000000
700	12.23890	2.2008537507664871	0.1460911900000000	0.0442982200000000
703	12.23870	2.2162065516642038	0.1756751450000000	0.1343013200000000
716	12.23140	2.1999393406043226	0.1423502550000000	0.0949360650000000
719	12.22970	2.1994766633655769	0.1160540350000000	0.0624901750000000
68	34.70490	2.2018621021742311	0.1309109100000000	0.1046060350000000
69	34.70490	2.2001859847567924	0.1294963450000000	0.0981889450000000
70	34.34650	2.2024533009863330	0.1622988450000000	0.0943090900000000
71	34.34650	2.1985154486950531	0.1541899500000000	0.0972460000000000
721	12.20990	2.2002897537894825	0.1600100700000000	0.0774799400000000
725	12.19220	2.3283282347860990	0.2403357250000000	0.1012471550000000
726	12.19070	2.2007668968665262	0.1496202150000000	0.0803239150000000
727	12.19070	2.1992276510026318	0.1409048400000000	0.0618406700000000
728	12.18790	2.1999731232615130	0.1489780150000000	0.0884661250000000
732	12.18330	2.2026075647230057	0.1701789950000000	0.0662316600000000
735	12.18250	2.2004811878742041	0.1325350100000000	0.0902171850000000
736	12.18220	2.2003653921353581	0.1472718400000000	0.1084125250000000
737	12.18220	2.2008846429379010	0.1375324600000000	0.0450905150000000
743	12.16830	2.2057977702254892	0.1567989550000000	0.1015702150000000
744	12.16780	2.2005916848765485	0.1358889800000000	0.0947040550000000
749	12.16000	2.2009303783900891	0.1274054750000000	0.1163603050000000
750	12.14600	2.1979722419061232	0.1423962050000000	0.0488821850000000
754	12.06250	2.2023886023002532	0.1527363700000000	0.0865666100000000
759	12.04560	2.2001972685300868	0.1339415650000000	0.0922704200000000
762	11.98980	2.1998854430328523	0.1520165650000000	0.1099530500000000
764	11.96210	2.2339601117087615	0.1855279400000000	0.1170908700000000
766	11.96070	2.1992491357957937	0.1381785400000000	0.1061264450000000
771	11.91480	2.2005718276206006	0.1478507050000000	0.1085098900000000
772	11.90250	2.1656527569645334	0.1004424250000000	0.1042433950000000
778	11.86530	2.1984669094619318	0.1670578400000000	0.0687864050000000
780	11.85060	2.2003900733632360	0.1552590700000000	0.1023306500000000
781	11.85060	2.2615919133879188	0.1856037950000000	0.1274710450000000
785	11.83300	2.2004552573959457	0.1271731000000000	0.1022269550000000
790	11.79730	2.2003228717539023	0.1421723800000000	0.0861487500000000
791	11.79730	2.2034570623935417	0.1615438650000000	0.0712272650000000
793	11.78360	2.2006142955763628	0.1482749150000000	0.1054314350000000
794	11.77660	2.1998127034556330	0.1402630700000000	0.0950648900000000
798	11.74940	2.2005374400753612	0.1387192750000000	0.0792309100000000
799	11.74940	2.1980018200787654	0.1355623750000000	0.0797235950000000
73	32.34910	2.1998552714306481	0.1000698050000000	0.0634092750000000
