802	11.74220	2.1986820899251578	0.1666277900000000	0.1047313550000000
803	11.74220	2.2001510993898066	0.1666974950000000	0.0344133950000000
808	11.73530	2.1681817639427812	0.1379076650000000	0.0823076000000000
815	11.72630	2.2165503140302714	0.1655053600000000	0.0814180150000000
818	11.72290	2.1969325538544151	0.1532308200000000	0.0735338350000000
821	11.72220	2.2012554232382260	0.1326863850000000	0.0969357800000000
822	11.72100	2.2003920900937555	0.1173664800000000	0.0691831600000000
824	11.71910	2.1732334398782052	0.0908991050000000	0.0760824900000000
825	11.71910	2.2727935808420394	0.2047872350000000	0.0902054900000000
827	11.71440	2.1970591114543740	0.1103929500000000	0.0654311500000000
829	11.71240	2.2011289934395362	0.1389982400000000	0.0597039750000000
832	11.71070	2.1972799577491409	0.1358621250000000	0.0991231000000000
833	11.71070	2.1931369532382994	0.0934863650000000	0.0984400550000000
836	11.70160	2.1958631473969468	0.1658923300000000	0.0948632700000000
837	11.70160	2.2058995075216434	0.1674138200000000	0.0774672950000000
843	11.70000	2.2034763883948152	0.1218223750000000	0.1302126150000000
845	11.70000	2.1986677088908571	0.1636099350000000	0.0844949950000000
852	11.70000	2.2014940026262813	0.1080756650000000	0.0460831000000000
860	11.70000	2.2015265941432047	0.1630280750000000	0.0676130400000000
861	11.70000	2.1984731158101174	0.1460172700000000	0.0915031900000000
862	11.70000	2.2001492888539538	0.1446832200000000	0.0921886450000000
863	11.70000	2.2033928379181384	0.1622820400000000	0.0952142950000000
864	11.70000	2.1998900141465838	0.1479196400000000	0.1096005250000000
865	11.70000	2.2002697421579134	0.1322084450000000	0.0466618150000000
871	11.70000	2.1997700480337739	0.1393560900000000	0.0386212750000000
874	11.70000	2.1985081491583047	0.1607300100000000	0.0957389150000000
878	11.70000	2.2069541626135938	0.1577691400000000	0.0773897300000000
879	11.70000	1.9820287076977698	0.1225177400000000	0.3573363850000000
81	26.68980	2.2014736211330526	0.1509884850000000	0.0919644200000000
880	11.70000	2.1998515494515893	0.1230522650000000	0.0996348750000000
881	11.70000	2.2014476069083253	0.1488806900000000	0.0523463200000000
884	11.69410	2.2009294502095242	0.1573029300000000	0.0476688050000000
889	11.68810	2.2268108369676782	0.1785757150000000	0.1325945250000000
890	11.68000	2.1989262696664267	0.1265120550000000	0.0498263150000000
891	11.68000	2.1999862143976974	0.1399421100000000	0.0784742800000000
894	11.67530	2.2080660463268340	0.1736890950000000	0.1261357250000000
896	11.67300	2.1873383334338450	0.0895817050000000	0.0674024850000000
897	11.67300	2.1992354892631063	0.1430787100000000	0.0840769150000000
899	11.67240	2.2009962954779807	0.1473805100000000	0.0992010800000000
902	11.66630	2.2004253238097178	0.1424035200000000	0.1021912150000000
903	11.66630	2.2018596709999643	0.1374382600000000	0.0834953450000000
904	11.64920	2.2000230601308299	0.1481211150000000	0.1042922500000000
906	11.63960	2.1994900759155165	0.1462019600000000	0.0891178550000000
907	11.63960	2.1931814349170975	0.2074757800000000	0.1332666100000000
908	11.63210	2.2004935699611017	0.1473765100000000	0.0776264950000000
910	11.62890	2.2020664131791428	0.1461165100000000	0.0851745500000000
912	11.62220	2.1539397567116696	0.1020635650000000	0.0513568550000000
921	11.59250	2.2208387660861781	0.1727016450000000	0.1262080150000000
922	11.58810	2.1999728397086082	0.1711755200000000	0.0624345100000000
923	11.58810	2.2008964013930337	0.1528999250000000	0.1024050350000000
926	11.57940	2.1810531671533830	0.0924881150000000	0.0969765300000000
929	11.55440	2.1898531509984900	0.1327736800000000	0.0706792450000000
932	11.52700	2.1521132237847413	0.1535650650000000	0.0959594350000000
933	11.52700	2.2080797792677265	0.1533276000000000	0.0928925350000000
940	11.51810	2.2045259939932476	0.1696276800000000	0.0874506250000000
941	11.51810	2.2004708561338941	0.1265921450000000	0.0650118400000000
945	11.51160	2.2001944913946154	0.1685125050000000	0.0667016400000000
951	11.50240	2.1962967266539191	0.1585689950000000	0.0651592050000000
958	11.47560	2.2000450130296598	0.1465377300000000	0.0827895700000000
88	26.22460	2.2006543785259689	0.1218185050000000	0.0540667800000000
89	26.22460	2.2014561885337485	0.1495745300000000	0.1080637200000000
91	25.99150	2.2019883638070126	0.1559281900000000	0.0877576400000000
95	25.96410	2.2000091108962598	0.1299690500000000	0.0974788450000000
966	11.44680	2.2074781282235354	0.1747165900000000	0.0647201150000000
969	11.43880	2.3284146929810574	0.2068512850000000	0.1176121550000000
980	11.39810	2.2002056818882898	0.1345707600000000	0.1049849800000000
984	11.38880	2.1995853435840402	0.1288268350000000	0.0919235750000000
986	11.38710	2.2007545577270680	0.1423150550000000	0.1062192100000000
988	11.38180	2.2014785053409525	0.1462606150000000	0.0988480400000000
989	11.38180	2.2004440057389072	0.1272616500000000	0.0967941450000000
991	11.37920	2.1996921499908684	0.1329143550000000	0.0899075000000000
992	11.36850	2.2935236026966677	0.2450640100000000	0.1487105750000000
993	11.36850	2.2010910914281880	0.1518876600000000	0.0915865450000000
998	11.35330	2.2003576187344862	0.1305118050000000	0.0854062300000000
1008	11.30470	2.1978522842689920	0.1329181800000000	0.0945033550000000
1009	11.30470	2.1996305063144379	0.0962957850000000	0.0883717800000000
1010	11.30350	2.2056372807375770	0.1390028250000000	0.1177006500000000
1014	11.28320	2.2038289360735148	0.1805638350000000	0.1135460750000000
1016	11.27850	2.2052459338653865	0.1849766550000000	0.1049054550000000
1017	11.27850	2.1994144537311611	0.1464604800000000	0.0646326800000000
1019	11.27530	2.1992367675123039	0.1424339150000000	0.0800725200000000
1023	11.27230	2.1980462326013743	0.1113367800000000	0.0701451250000000
1024	11.27010	2.1981417145692848	0.1206700200000000	0.0762450850000000
1027	11.26720	2.1995657692635389	0.1319564500000000	0.0905662800000000
1029	11.26650	2.2001296026197501	0.1486259450000000	0.0882751600000000
1031	11.25340	2.2014822705927686	0.1412916250000000	0.0549398950000000
1035	11.23650	2.2014359141477522	0.1517482900000000	0.0843265050000000
1039	11.23230	2.2001642781853450	0.1530515950000000	0.0996022300000000
96	25.06110	2.2981564559995515	0.2238923150000000	0.1178729550000000
99	24.92170	2.2005034813247089	0.1610877500000000	0.1249706450000000
1040	11.22350	2.1986396642262886	0.1240806950000000	0.0854971050000000
1043	11.20750	2.3572358536085032	0.2331670250000000	0.0709152550000000
1049	11.18260	2.1998749382445775	0.1287953800000000	0.0734880100000000
1053	11.18230	2.1893079748278508	0.1314611850000000	0.1221793150000000
1054	11.17720	2.1984885069941433	0.1322158350000000	0.0761030550000000
1055	11.17720	2.2000780909277342	0.1229708150000000	0.0926089600000000
1057	11.17510	2.2008919955828659	0.1576705250000000	0.0583411450000000
1060	11.14950	2.2019040297640204	0.1381076050000000	0.0892850850000000
1065	11.13930	2.2048548820092155	0.1635693850000000	0.0940646800000000
1069	11.11960	2.1966557028542435	0.1306176700000000	0.1058444000000000
1071	11.11750	2.1996132637051691	0.1355611650000000	0.0750592200000000
1072	11.09650	2.1998947931085162	0.1325650500000000	0.1104903250000000
1080	11.06540	2.1963091109905304	0.1469389600000000	0.0905359850000000
1082	11.06380	2.2016720990512972	0.1085086500000000	0.0448340550000000
1083	11.06380	2.2004356262813451	0.1500264200000000	0.0751968100000000
1087	11.05860	2.2000043940304663	0.1402004900000000	0.1062736100000000
1093	11.03460	2.2003690262714746	0.1448046450000000	0.0387505200000000
1098	11.02590	2.1996872750091123	0.1638892900000000	0.0561467050000000
1102	10.99100	2.2814314379810923	0.2382956550000000	0.0983660300000000
1103	10.99100	2.2010542063477758	0.1223432850000000	0.0954552450000000
1105	10.97710	2.2006194998801467	0.1177486300000000	0.0649886600000000
1107	10.97450	2.2015293999216361	0.1594185800000000	0.0517803900000000
1112	10.96150	2.1993185989959629	0.0972318250000000	0.0606869050000000
1114	10.95360	2.2006126988432371	0.1290450500000000	0.0681181400000000
1118	10.92980	2.2008430313236542	0.1577402450000000	0.0399334300000000
104	24.51240	2.1966746871107294	0.1513144050000000	0.1237951350000000
109	24.08970	2.1979062576442603	0.1558008200000000	0.0876607700000000
111	23.82210	2.1995679890138278	0.1478808900000000	0.0828959750000000
1128	10.92790	2.1992473187563730	0.1440033150000000	0.0993540800000000
1133	10.92640	2.1992305916642607	0.1505516600000000	0.0480451200000000
1136	10.92380	2.2021960558841776	0.1344410800000000	0.0846085600000000
1140	10.92290	2.2011034069851680	0.1335261350000000	0.0619820350000000
1141	10.92290	2.1962427465863281	0.1549467900000000	0.0398797600000000
1143	10.92270	2.2001515927289148	0.1096445800000000	0.0557276250000000
1144	10.92230	2.1978037765921141	0.1460137550000000	0.0887631600000000
1145	10.92230	2.2009033104942519	0.1448284250000000	0.0405032700000000
1147	10.92210	2.2025755115022982	0.1395898900000000	0.0892845300000000
1154	10.91650	2.3878288267855674	0.2578662250000000	0.1025562600000000
1155	10.91650	2.1997259848772037	0.1201482100000000	0.0954385650000000
1156	10.90910	2.2004127016167598	0.1323671350000000	0.0991459550000000
1157	10.90910	2.2000385336333026	0.1456933550000000	0.0844009200000000
1158	10.90520	2.1978624228959065	0.1345884650000000	0.0953261700000000
1159	10.90520	2.2027839490417094	0.1478374800000000	0.0679084400000000
1161	10.90250	2.1986159734362891	0.1546085050000000	0.0759891250000000
1164	10.89690	2.2177348146678715	0.1593428350000000	0.1278323350000000
1166	10.89630	2.2686123500580369	0.2043963350000000	0.0954186100000000
1177	10.88150	2.2004833681071454	0.1111558950000000	0.1130537300000000
1180	10.83340	2.1973585048738866	0.1390123400000000	0.1046458050000000
1181	10.83340	2.1979472890054326	0.1690489350000000	0.0909685650000000
1185	10.76010	2.2015143885898740	0.1565764000000000	0.0682871100000000
1192	10.61910	2.2046457698090034	0.1631063050000000	0.1054423650000000
119	22.53360	2.2006146517504819	0.1409494900000000	0.1142124600000000
1200	10.61750	2.1933108777213550	0.1471357550000000	0.1127140300000000
1202	10.61680	2.1993247735658561	0.1464259850000000	0.1010638250000000
1209	10.61600	2.1989365894674893	0.1301285650000000	0.0434277200000000
1216	10.61210	2.1977138897818289	0.1498395950000000	0.0866252750000000
1228	10.58910	2.1996267981983046	0.1556032050000000	0.0990784300000000
1229	10.58910	2.1952226937790571	0.1519972300000000	0.0990075500000000
1230	10.58300	2.1996856177015354	0.1452687350000000	0.0949204050000000
1239	10.49100	2.2034369211698066	0.1586844100000000	0.0822118700000000
1240	10.47010	2.2052748259009163	0.1738072600000000	0.0312850650000000
1241	10.47010	2.1987071439667676	0.1534204100000000	0.0990601700000000
1242	10.46930	2.1972779246595531	0.1302957350000000	0.0997004050000000
1244	10.46380	2.1963344140065821	0.1405882100000000	0.0966758950000000
1258	10.39810	2.2009798160815448	0.1418723150000000	0.1001053050000000
1261	10.39550	2.2022209575332310	0.1571785100000000	0.0526351150000000
1277	10.33880	2.1998900977573395	0.1420552550000000	0.1026873500000000
1279	10.33740	2.1997967306153106	0.1386638500000000	0.0922451000000000
123	21.95780	2.2020137608015187	0.1473864600000000	0.0508410350000000
125	21.84630	2.2006689280541574	0.1527475400000000	0.0920051600000000
1297	10.29030	2.1999454305569168	0.1426471350000000	0.0864609800000000
1299	10.28670	2.1969023575887316	0.1645339550000000	0.0929980450000000
1306	10.27900	2.2003765786963148	0.1478093300000000	0.0890612500000000
1308	10.27860	2.1985926223147572	0.1489844650000000	0.0872695450000000
1320	10.26090	2.2057912852809145	0.1645050450000000	0.0778888650000000
1327	10.23910	2.2057386806470114	0.1624377900000000	0.0414881650000000
1328	10.23050	2.1985184031455045	0.1185120850000000	0.0654480350000000
1329	10.23050	2.2004412856473441	0.1433878200000000	0.0760928100000000
1342	10.18510	2.2020880252652102	0.1380079150000000	0.0918752950000000
1344	10.18490	2.1993069720264455	0.1323258300000000	0.0873950500000000
1348	10.18190	2.1994559566071752	0.1124988200000000	0.0635072200000000
1352	10.16430	2.1971274905735689	0.1521515950000000	0.0766141700000000
1353	10.16430	2.2001424594729007	0.1449915850000000	0.0782792050000000
1359	10.16060	2.2062678874804647	0.1826106750000000	0.0556195150000000
131	21.40930	2.2003700707449658	0.1418340650000000	0.1045837700000000
132	21.29740	2.2000601197446885	0.1253368600000000	0.0381901600000000
134	21.21890	2.1985404390985632	0.1391271350000000	0.0867405700000000
1360	10.15810	2.2008250368459055	0.1476590650000000	0.0876921350000000
1362	10.15700	2.2014287315190590	0.1478858150000000	0.0924253300000000
1365	10.15050	2.1925881769905358	0.1088886200000000	0.1177551800000000
1373	10.14310	2.1757718061872775	0.2067119550000000	0.1246603150000000
1375	10.14090	2.2019280629623403	0.1261686350000000	0.0824661600000000
1378	10.13950	2.2014074313272474	0.1684414100000000	0.0774006950000000
1380	10.12850	2.2014882519373868	0.1463836600000000	0.0921060450000000
1381	10.12850	2.1995063557149686	0.1392830700000000	0.1231345500000000
1382	10.12620	2.1999929417110962	0.1527491800000000	0.0531537500000000
1385	10.12620	2.1984637239143963	0.1351855500000000	0.1034198900000000
1386	10.12610	2.1986619960857769	0.0951584450000000	0.0792633500000000
1388	10.12550	2.1941566581347174	0.1407360050000000	0.0978142350000000
1390	10.12470	2.2063857606942654	0.1711575500000000	0.0574035100000000
1392	10.12400	2.1996904105769834	0.1528150950000000	0.0532971950000000
1393	10.12400	2.2015086969875970	0.1632710100000000	0.1135740600000000
1395	10.12330	2.2000559872795540	0.1342199400000000	0.0977815600000000
1396	10.12260	2.1997910693875475	0.1412755350000000	0.0841823000000000
1397	10.12260	2.2009745702820629	0.1275065900000000	0.0719289150000000
1402	10.10800	2.2002729681642195	0.1182506950000000	0.0876121900000000
1405	10.10280	2.1911025127195334	0.1220374700000000	0.1267606150000000
1409	10.07350	2.2006466009052406	0.1463988700000000	0.0959192600000000
1418	10.04880	2.2001296374330921	0.1387520250000000	0.0970745500000000
1419	10.04880	2.2007645202399586	0.1438634300000000	0.0952848750000000
1425	10.04410	2.2014260263422356	0.1475236250000000	0.0785025650000000
1426	10.01780	2.1995711338721549	0.1336026900000000	0.0754478850000000
1431	10.00540	2.1994111348653727	0.1257374000000000	0.0958008400000000
1436	9.94991	2.2025856915439492	0.1516422150000000	0.1045732700000000
1439	9.93271	2.1985338720069447	0.1671325600000000	0.0835694850000000
137	21.14770	2.1996790682519598	0.1363661850000000	0.0715236200000000
143	20.48610	2.2026618805978497	0.1306251250000000	0.1014772550000000
1440	9.90524	2.2005569968440279	0.1100987050000000	0.0634806050000000
1443	9.82061	2.1991873685512262	0.1412513700000000	0.0873542400000000
1447	9.79928	2.2004089613960591	0.1489684000000000	0.0950662650000000
1449	9.79831	2.2002173680895982	0.1541374750000000	0.0979663300000000
1451	9.79801	2.1963686322872151	0.1417583900000000	0.0913968900000000
1456	9.79729	2.1950062727672579	0.1312942950000000	0.1220159700000000
1461	9.79620	2.2014975020723959	0.1459459150000000	0.0782295500000000
1471	9.79320	2.2002063148842494	0.1362023450000000	0.0847232400000000
1475	9.79288	2.3058108543814404	0.1993600750000000	0.0977459250000000
1477	9.79273	2.3667230681295770	0.2550377500000000	0.1089232800000000
1483	9.79075	2.3801013178189736	0.2572106600000000	0.1454746800000000
1484	9.79041	2.1993218173268372	0.1382777500000000	0.0960535150000000
1485	9.79041	2.1999040417306639	0.1471156750000000	0.0913696600000000
1486	9.76395	2.2006559881512140	0.1489485550000000	0.0731409000000000
1490	9.72880	2.2264530228289541	0.1977602200000000	0.0571035650000000
1492	9.72526	2.2041345098887328	0.1708529800000000	0.0809869750000000
1493	9.72526	2.1993432595704809	0.1338190900000000	0.0828449850000000
1497	9.70935	2.2027464690423946	0.1794925900000000	0.0625287450000000
1503	9.67000	2.1984555849805880	0.1299300950000000	0.0949512450000000
1504	9.67000	2.1999236723119777	0.1563154000000000	0.0952730350000000
1505	9.67000	2.2014904993895001	0.1675673250000000	0.1150272100000000
1506	9.67000	2.2047621154833914	0.1581851800000000	0.0505865000000000
1507	9.67000	2.1997480109137602	0.1366369300000000	0.1092471250000000
1510	9.67000	2.1993214392320404	0.1493523450000000	0.0961214900000000
1515	9.66336	2.2010993086811101	0.1284533750000000	0.1020913800000000
1516	9.66178	2.1974013991233452	0.1547157250000000	0.0446311950000000
1518	9.66145	2.1976370583767761	0.1516588000000000	0.0800840750000000
1519	9.66145	2.2015342437538816	0.1547348050000000	0.0839059100000000
149	20.14810	2.1999268333229201	0.1214073100000000	0.0623206600000000
150	19.99580	2.1977839453826351	0.1347161300000000	0.0967335800000000
1523	9.66126	2.1992220348937828	0.1260203400000000	0.0708259000000000
1535	9.65573	2.1996174721399080	0.1265418950000000	0.1035610150000000
1536	9.65484	2.2023768273503208	0.1596283350000000	0.0340483150000000
1538	9.65423	2.1986607545912249	0.0988466450000000	0.0618013350000000
1542	9.65411	2.2021593570573348	0.1376952700000000	0.0970333350000000
1543	9.65411	2.1984369324921738	0.1416411250000000	0.0759573200000000
1544	9.65409	2.2010130519080073	0.1454856200000000	0.0905989350000000
1552	9.63620	2.1988177454796984	0.1398852500000000	0.0871037700000000
1554	9.62796	2.2094141986699984	0.1672419250000000	0.0884983450000000
1561	9.61624	2.2065531657298658	0.1661372550000000	0.1037532250000000
1565	9.61424	2.2025640326973517	0.1480324900000000	0.1091166300000000
1566	9.61418	2.1948894196272666	0.1446272150000000	0.0919140200000000
1567	9.61418	2.1999038702590608	0.1385908750000000	0.0961960400000000
1571	9.60886	2.2007810511432426	0.1558759050000000	0.1022861950000000
1574	9.60673	2.2005164403394288	0.1473516400000000	0.1071630600000000
1575	9.60673	2.2025113279870934	0.1669748050000000	0.0763777800000000
1582	9.59930	2.1984570411835569	0.1492835400000000	0.0675783500000000
1586	9.59731	2.2011310690590458	0.1438703300000000	0.0875098700000000
1592	9.59581	2.1993926162994408	0.1222120250000000	0.0968647500000000
1594	9.59103	2.2002153758270375	0.1564401500000000	0.0606621700000000
1599	9.58949	2.2034199172370603	0.1476390750000000	0.0806928600000000
153	19.67710	2.1991087479467684	0.1474770600000000	0.0489406350000000
154	19.56700	2.1949953846083905	0.1310514700000000	0.0715399550000000
156	19.42160	2.2021581344709062	0.1328932250000000	0.0995960050000000
1606	9.58877	2.2099064705707621	0.1732323200000000	0.0882910500000000
1610	9.58849	2.1998362328651586	0.1618347250000000	0.1078348900000000
1612	9.58849	2.2004497527420663	0.1343285200000000	0.0764815300000000
1615	9.58828	2.2011813330784391	0.1567794400000000	0.0899420700000000
1621	9.58734	2.1989454903431271	0.1592480700000000	0.0647171950000000
1622	9.58663	2.2013385014907461	0.1346471800000000	0.1044539900000000
1625	9.58434	2.1982315314528820	0.1023404400000000	0.0749734800000000
1626	9.58386	2.2003001132830313	0.1469859750000000	0.1012879400000000
1636	9.58269	2.1995187951770436	0.1559113300000000	0.0862646600000000
1639	9.58265	2.3166696697366294	0.2588765750000000	0.1074313750000000
1648	9.58048	2.2002050527371138	0.1441790050000000	0.0783412500000000
1656	9.57149	2.1947965046237004	0.1466228550000000	0.0657369800000000
1659	9.57127	2.2020293450452608	0.1436241200000000	0.0986899400000000
1669	9.56294	2.2065377107083921	0.1553415450000000	0.0369113700000000
1670	9.56051	2.2019103557458073	0.1640921150000000	0.1077469100000000
1674	9.55679	2.2017337988303525	0.1452189550000000	0.0765745400000000
1676	9.55202	2.2008252250025251	0.1576301350000000	0.0815735650000000
162	18.89830	2.1996858967368769	0.1207534400000000	0.0635054400000000
1680	9.54781	2.1997177337747136	0.1012327050000000	0.0823287650000000
1681	9.54781	2.2001246143088729	0.1433404600000000	0.0702920300000000
1682	9.54713	2.2009604060107262	0.1377020100000000	0.0723752900000000
1684	9.54687	2.1990775618958569	0.1524052100000000	0.0601737450000000
1687	9.53122	2.2007841887784645	0.1361497850000000	0.0827887800000000
1691	9.52965	2.2000352044919600	0.1334270600000000	0.1060557650000000
1692	9.52252	2.2014845461660579	0.1521051100000000	0.1222395150000000
1700	9.51255	2.1994979748328789	0.1474440950000000	0.0915664650000000
1703	9.51053	2.1995717569289832	0.0981767250000000	0.0618486300000000
1705	9.50834	2.1993340911897765	0.1439619600000000	0.0833511050000000
1707	9.50603	2.2023176983731920	0.1573332250000000	0.1000987450000000
1712	9.50220	2.2008252483378783	0.1324719900000000	0.0932363750000000
1717	9.49425	2.1822437305405527	0.1655096650000000	0.1003932900000000
1719	9.48606	2.2028614686788561	0.1412395300000000	0.0921876650000000
1721	9.48442	2.2013650334573298	0.1584427450000000	0.0795751500000000
1722	9.48286	2.2010790362919441	0.1537413800000000	0.0901738350000000
1728	9.47319	2.2014873436037115	0.1303060600000000	0.0624288050000000
1731	9.46280	2.2014546716078569	0.1451347200000000	0.1006541400000000
1734	9.45239	2.2002473532314486	0.1526610100000000	0.1021839650000000
1736	9.45130	2.1991308133888881	0.1457229700000000	0.0996061800000000
1739	9.43735	2.1977254458393523	0.1514392800000000	0.0773574300000000
1744	9.36392	2.1990851927168027	0.0775772200000000	0.0512080200000000
1747	9.36075	2.1985267209029016	0.1422874400000000	0.0884635050000000
1749	9.33968	2.1996138049159915	0.1484352450000000	0.0910972500000000
1750	9.32657	2.2023086696809266	0.1242891850000000	0.0341838450000000
1757	9.30095	2.2125537888935121	0.2188834650000000	0.0453859400000000
1758	9.29419	2.2000649539992527	0.1497347650000000	0.0839274050000000
169	18.56780	2.1993504649582380	0.1404618150000000	0.0849488600000000
170	18.56620	2.1996162476401198	0.1411139450000000	0.0854261450000000
171	18.56620	2.1958734881944162	0.1608574350000000	0.0848846300000000
175	18.33440	2.2005226716364001	0.1176500850000000	0.0448355300000000
1764	9.28328	2.2006896591845164	0.1498202250000000	0.1214968000000000
1767	9.27618	2.2001947773469097	0.1432387850000000	0.0686751200000000
1769	9.27601	2.2030509403398799	0.1553945950000000	0.0698617200000000
1773	9.27202	2.1992533109404806	0.0952017850000000	0.0910908350000000
1775	9.27078	2.2010266594400774	0.1728649850000000	0.0606109950000000
1782	9.25991	2.2001143543632709	0.1115244650000000	0.0968515650000000
1786	9.25823	2.1985121717566836	0.1452352600000000	0.1087673200000000
1796	9.25601	2.1992776899327162	0.1554203450000000	0.0767622950000000
1798	9.25564	2.1996503251721973	0.1227582250000000	0.0739604100000000
1803	9.25402	2.2004548427379693	0.1552360650000000	0.0992351050000000
1804	9.25320	2.2004522938298221	0.1251111350000000	0.1034185000000000
1805	9.25320	2.1999746680311310	0.1431720500000000	0.0665493500000000
1806	9.25229	2.4286506009048492	0.3099479800000000	0.0753473050000000
1808	9.25199	2.1999534899591384	0.0931095400000000	0.0653114400000000
1814	9.24858	2.1998870924723555	0.1266293900000000	0.0648153600000000
1823	9.24404	2.1984632218279772	0.1328527400000000	0.0874554250000000
1826	9.24000	2.1972956305141254	0.1387209500000000	0.0532876950000000
1827	9.24000	2.2014822222758896	0.1459523650000000	0.0363797100000000
1832	9.24000	2.1890831834627194	0.1704556950000000	0.0625971050000000
1833	9.24000	2.1985147907987814	0.1379080250000000	0.0755184650000000
1835	9.24000	2.2000144093777463	0.1611619750000000	0.1252104300000000
176	18.28240	2.1962404591705185	0.1364613300000000	0.1055137800000000
181	17.96190	2.1985035016390855	0.1229238700000000	0.0920116150000000
1840	9.24000	2.2008395160459533	0.1488468900000000	0.0723452850000000
1846	9.24000	2.1992375918754359	0.1447006700000000	0.0857965300000000
1850	9.24000	2.1986125035716917	0.1128535950000000	0.1024477250000000
1853	9.24000	2.2059033162350583	0.1650227250000000	0.1002345050000000
1854	9.24000	2.2610119377621105	0.1813176000000000	0.1009605450000000
1856	9.24000	2.2004019881568353	0.1568924850000000	0.0569949950000000
1865	9.23790	2.1996461931792286	0.1520996750000000	0.0767584850000000
1870	9.23551	2.1933423540213806	0.1357202400000000	0.1102240400000000
1871	9.23551	2.2005819531809081	0.1557482800000000	0.0933940850000000
1872	9.23523	2.2003666750980395	0.1339459950000000	0.0901895300000000
1874	9.23490	2.1981876655865040	0.1564258050000000	0.1226775850000000
1875	9.23490	2.1991001819590172	0.1091220650000000	0.0729442500000000
1878	9.23309	2.2060071749422638	0.1524080750000000	0.0803216250000000
1879	9.23309	2.1999712283448760	0.1495866400000000	0.0863642800000000
1880	9.23250	2.2019381859116445	0.1615530200000000	0.1080743300000000
1881	9.23250	2.2008443362723114	0.1517245950000000	0.0741092900000000
1882	9.23219	2.2391229099529975	0.1859290400000000	0.1285837450000000
1885	9.23106	2.2013373609307414	0.1074265750000000	0.0477302600000000
1886	9.23095	2.1997109486463930	0.1445604700000000	0.0999731300000000
1890	9.22622	2.2490615520463182	0.2169173350000000	0.1033031650000000
1893	9.22493	2.1973986855086021	0.1486624150000000	0.0603197000000000
1900	9.21053	2.1984456098834313	0.1156543150000000	0.0828136200000000
1901	9.21053	2.1973230177345777	0.1500447050000000	0.1165864050000000
1906	9.18684	2.1985741133900922	0.1583097550000000	0.1067593850000000
1910	9.18173	2.2017293531821567	0.1032709450000000	0.0499463950000000
1911	9.18173	2.1995883853495695	0.1399588100000000	0.0807919800000000
184	17.79570	2.1948806582592018	0.1518731200000000	0.0747449400000000
185	17.79570	2.1992618924342158	0.1414032150000000	0.0951912600000000
189	17.79230	2.2006423809344344	0.1033876300000000	0.0840330200000000
190	17.77460	2.2001651855755746	0.1470572650000000	0.0917700050000000
191	17.77460	2.1984540376777471	0.1116399900000000	0.0737109150000000
1922	9.17791	2.1995838334553039	0.1222848750000000	0.0821087000000000
1923	9.17791	2.1986262000984347	0.1437363000000000	0.1019024950000000
1924	9.17773	2.1996710549564189	0.1363121800000000	0.0956941700000000
1925	9.17773	2.2019671488244299	0.1296153500000000	0.0951260100000000
1931	9.17523	2.1998233650348284	0.1536510500000000	0.0982080500000000
1933	9.17417	2.2002039501810375	0.1284012600000000	0.1016050550000000
1934	9.17355	2.2001360015374223	0.1298958050000000	0.1092957650000000
1939	9.17204	2.2003313953089303	0.1278505800000000	0.0384308750000000
1946	9.16072	2.1982233222657572	0.1180133650000000	0.0808094800000000
1950	9.15340	2.2015367793866352	0.1656949250000000	0.0714712700000000
1953	9.15240	2.2001268558941689	0.1565187000000000	0.1244664750000000
1964	9.14000	2.1995573286281869	0.1310948250000000	0.0884201550000000
1970	9.14000	2.1998033917013364	0.0967395700000000	0.0552241700000000
1979	9.14000	2.2001730069161169	0.1296899600000000	0.0964163850000000
1983	9.14000	2.2042026710706462	0.1581719550000000	0.1049659650000000
1989	9.14000	2.2014301161280003	0.1398350950000000	0.0850143650000000
1990	9.14000	2.1989337052703966	0.1416721650000000	0.0757810250000000
1991	9.14000	2.2001863858669357	0.1453766150000000	0.1096197000000000
1993	9.14000	2.2038173121282276	0.1454633500000000	0.0996812100000000
1996	9.14000	2.1992946835406273	0.1151777000000000	0.0608279750000000
192	17.71340	2.2031919766102095	0.1858570150000000	0.0927418150000000
193	17.71340	2.1999173939179824	0.1439551350000000	0.0764410800000000
194	17.70800	2.2002104985551121	0.1436805950000000	0.0783424600000000
198	17.62660	2.2017722867525298	0.1364156250000000	0.0744779500000000
199	17.62660	2.2009104358600675	0.1445759000000000	0.0817809750000000
2003	9.14000	2.1985204079998693	0.1481758500000000	0.0963274350000000
2013	9.13558	2.2015336468638731	0.1643301250000000	0.1061942550000000
2020	9.13287	2.2010812109812985	0.1215681100000000	0.0751463050000000
2021	9.13287	2.1979873477787297	0.1049774700000000	0.1000233650000000
2022	9.13245	2.1973091863847261	0.1596772550000000	0.0730333100000000
2024	9.13204	2.1988193167155088	0.1277215800000000	0.0882717850000000
2025	9.13204	2.1962617281376935	0.1673535350000000	0.0783275550000000
2030	9.11916	2.1996314982941705	0.1541166450000000	0.0415891600000000
2036	9.10508	2.2019777964846980	0.1420544900000000	0.0986525550000000
2038	9.10369	2.1963631587601267	0.1456299800000000	0.0718788450000000
2046	9.05605	2.1977171954951711	0.1401750800000000	0.1090611150000000
2048	9.04366	2.2002928930588763	0.1552401300000000	0.0831659600000000
2055	9.03638	2.2006296709901325	0.1233542950000000	0.0792903900000000
2056	9.03142	2.2209885017921644	0.1774930400000000	0.0554744000000000
2060	9.02477	2.2015189534289310	0.1385309700000000	0.1077426950000000
2061	9.02477	2.1968378235434103	0.1507506600000000	0.0947046400000000
2064	9.02211	2.1994084040493309	0.1319542550000000	0.0633877800000000
2068	9.02041	2.2021332940337861	0.1476068200000000	0.1064445950000000
2069	9.02041	2.2227954072417502	0.1734596750000000	0.1146934950000000
2070	9.02039	2.2009694702852909	0.1080835750000000	0.0576717450000000
2073	9.02018	2.1995610797735874	0.1504809750000000	0.0626138350000000
2076	9.01653	2.2014378360714804	0.1343467150000000	0.0992609250000000
2078	9.01625	2.2062328825191511	0.1810836500000000	0.0929707600000000
2079	9.01625	2.1997643122649473	0.1391223400000000	0.0778891050000000
200	17.62620	2.1999926306948119	0.1469352300000000	0.0892540400000000
2080	9.01619	2.2030944125924683	0.1839362500000000	0.0698949650000000
2082	9.01556	2.2028307150597164	0.1511808400000000	0.0573190500000000
2083	9.01556	2.2014196427648960	0.1580520200000000	0.0595388250000000
2087	9.01160	2.1985283115874461	0.1583495850000000	0.0744578350000000
2096	9.00734	2.1983300596679638	0.1548065600000000	0.1200919950000000
2104	9.00246	2.1963331329077023	0.1341233850000000	0.0932052000000000
2107	9.00214	2.1992931243955978	0.1320701000000000	0.0518604300000000
2108	9.00062	2.2007431712251919	0.1583216950000000	0.0908567100000000
2111	9.00011	2.2091255967990380	0.1520986150000000	0.1129966300000000
2113	8.99981	2.1963497925477755	0.1357150450000000	0.1012135950000000
2119	8.99850	2.1940904304926931	0.1482426550000000	0.0916694650000000
2121	8.99556	2.2010085406839517	0.1182015050000000	0.0712971350000000
2123	8.99535	2.3133658843648344	0.2314063550000000	0.1127825900000000
2124	8.99371	2.2000508321890990	0.1109593950000000	0.0496078500000000
2127	8.99142	2.2122426030677929	0.1555799200000000	0.1320480250000000
2130	8.98943	2.2008343185893233	0.1149984600000000	0.0581831650000000
2136	8.98743	2.2008278303872753	0.1687613200000000	0.0639296950000000
2141	8.98605	2.1996431008082560	0.1544398350000000	0.0900113800000000
2145	8.98373	2.2132585582543594	0.1959389050000000	0.1125975800000000
2149	8.98311	2.2004896650403456	0.1331298300000000	0.1110831550000000
2152	8.98141	2.1272495740473949	0.1350645950000000	0.0877469650000000
2157	8.98000	2.1981259531399320	0.1294335550000000	0.1059786100000000
208	17.18240	2.2005542251638714	0.1505741200000000	0.0813394200000000
209	17.18240	2.2004665970505872	0.1184289750000000	0.1009077000000000
212	17.05300	2.2041505753873349	0.1521935950000000	0.0986362950000000
213	17.05300	2.1982571338388892	0.1097198100000000	0.0824079500000000
215	17.02200	2.1971430269588672	0.1447178250000000	0.1091299550000000
2162	8.98000	2.2900061954429574	0.2267778850000000	0.1084201050000000
2163	8.98000	2.1985086214367326	0.1309654600000000	0.0680750600000000
2170	8.98000	2.2021096375182467	0.1511597000000000	0.0419408350000000
2173	8.98000	2.1985320054866819	0.1244819950000000	0.0498085550000000
2174	8.97946	2.2002153642535562	0.1361088250000000	0.0772336450000000
2178	8.97489	2.2005114219401793	0.1471860350000000	0.0782561300000000
2184	8.97257	2.2002134083533669	0.1485796200000000	0.0731283950000000
2185	8.97257	2.2002755949507535	0.1488530550000000	0.0734550800000000
2187	8.97180	2.1984113462970232	0.0868449350000000	0.0885115150000000
2188	8.96911	2.1985224699267656	0.0893381200000000	0.0691015500000000
2189	8.96911	2.2015426335633794	0.1459581250000000	0.0570072100000000
2191	8.96742	2.2005246900088422	0.1429130650000000	0.0923098700000000
2198	8.95967	2.2006336675469251	0.1399796850000000	0.0947263450000000
2201	8.95899	2.1956850741866254	0.1452180400000000	0.0964016200000000
2205	8.95765	2.1962293338035477	0.1705557750000000	0.0894467050000000
2207	8.95637	2.2018808288655176	0.1370411300000000	0.1106807000000000
2210	8.95605	2.2001685753787688	0.1458058800000000	0.0635812000000000
2220	8.95361	2.1975575650905621	0.1424806150000000	0.0962822500000000
2221	8.95361	2.2112370128392720	0.1504198050000000	0.0724237100000000
2224	8.95254	2.2043720246423812	0.1642422100000000	0.0706633700000000
2226	8.95171	2.2008579648643134	0.1548902150000000	0.0991601800000000
2230	8.95019	2.3659661946658508	0.2335192550000000	0.0570176300000000
2232	8.95018	2.1853656430361732	0.1389646450000000	0.1196659850000000
2236	8.94681	2.1971393104952259	0.1376096100000000	0.0766667700000000
218	16.98050	2.1978271333365469	0.1606048400000000	0.0694677800000000
221	16.93270	2.1882839337375710	0.1498323100000000	0.1169057750000000
2243	8.93885	2.2011400179594487	0.1251045300000000	0.0561154750000000
2244	8.93734	2.2015177654476599	0.1205686450000000	0.0596031400000000
2246	8.93637	2.2014957643994735	0.1380817500000000	0.0983285350000000
2247	8.93637	2.2028559206964093	0.1592353950000000	0.0717140350000000
2249	8.93547	2.2001495172783625	0.1547469950000000	0.0795756600000000
2250	8.93344	2.2249178157173151	0.1690563100000000	0.1035546000000000
2251	8.93344	2.2496324055310231	0.1897893050000000	0.1206558500000000
2255	8.92967	2.1994349484755871	0.1533237000000000	0.0898770550000000
2256	8.92952	2.2049807982646019	0.1451213500000000	0.0970609150000000
2263	8.92661	2.1985614834620248	0.1713502750000000	0.0426197950000000
2265	8.92659	2.2020888596022106	0.1504003100000000	0.0814259200000000
2266	8.92619	2.1971043615208230	0.1607462950000000	0.0683017850000000
2268	8.92463	2.2068064422737845	0.1388239800000000	0.1098348600000000
2270	8.92413	2.1907225416047007	0.1459045150000000	0.0870546700000000
2273	8.92381	2.2015218609067011	0.1203253650000000	0.0486906400000000
2274	8.92358	2.1948958114053814	0.1402417350000000	0.1108759800000000
2275	8.92358	2.1963554906045553	0.1574852850000000	0.0890758100000000
2278	8.92315	2.2006190418231326	0.1364342200000000	0.0936544550000000
2281	8.92279	2.1977352606157394	0.1513793400000000	0.1232977050000000
2288	8.91786	2.2026522295520232	0.1409226300000000	0.0937530500000000
2289	8.91786	2.1993030235967961	0.1319123800000000	0.0510133300000000
2291	8.91596	2.1994724237778982	0.1300484900000000	0.0684307050000000
2293	8.91512	2.2021475323285400	0.1354657800000000	0.0972552450000000
2295	8.91384	2.1971386806147826	0.1458773800000000	0.0598138600000000
2296	8.91245	2.1918154411814426	0.1399215700000000	0.0763259050000000
2299	8.90797	2.2075427521444975	0.1672124750000000	0.0969628150000000
2304	8.89888	2.2014674160049719	0.1204842400000000	0.0544992500000000
2306	8.89326	2.2026791458753721	0.1400643600000000	0.0784501050000000
2307	8.89326	2.2010610906768449	0.1505546600000000	0.1033954150000000
2312	8.87436	2.2024770184340885	0.1525395450000000	0.1032967050000000
2313	8.87436	2.1542770866373995	0.1252655350000000	0.1153415500000000
2315	8.87192	2.2001814202611958	0.1255274250000000	0.1006462250000000
2317	8.87173	2.2022306631159032	0.1449826350000000	0.1153116900000000
2319	8.86814	2.1980286093956454	0.1205503000000000	0.0847541300000000
227	16.88770	2.2004681455382769	0.1615559050000000	0.1063123750000000
228	16.88760	2.1997669706548626	0.1515576050000000	0.0828358950000000
230	16.86680	2.1994902428077840	0.1613540550000000	0.0716575400000000
2330	8.85054	2.1993711266900906	0.1082245100000000	0.0501020050000000
2343	8.83638	2.2073652744867172	0.1637982750000000	0.0996891850000000
2348	8.82689	2.2008907132474360	0.1428385150000000	0.1097024300000000
2349	8.82689	2.2002577664251333	0.1436919150000000	0.0930799000000000
2350	8.82364	2.2020045475436856	0.1559245350000000	0.0759020500000000
2351	8.82364	2.2083842463228911	0.1741121300000000	0.1027980050000000
2353	8.81628	2.1985526763458303	0.1450567700000000	0.0839553400000000
2354	8.81623	2.5237085476405761	0.3076182450000000	0.0745850450000000
2356	8.81004	2.1997391278532588	0.1429809050000000	0.0944856750000000
2362	8.80658	2.2019771350696891	0.1426619750000000	0.0458213600000000
2363	8.80658	2.2003098590981209	0.1158154500000000	0.0843200450000000
2367	8.80448	2.3119793871412382	0.2214171600000000	0.0792459900000000
2368	8.79150	2.2224504126860225	0.1579847100000000	0.1353617150000000
2371	8.78437	2.1995531755464603	0.1252066750000000	0.1046428150000000
2374	8.77878	2.2003815253957777	0.1489715000000000	0.0996070000000000
2375	8.77878	2.1996221381422369	0.1418554900000000	0.0903811400000000
2376	8.77192	2.1996351221635009	0.1444165450000000	0.0812865000000000
2378	8.75648	2.1988015869411170	0.1283041450000000	0.0676205650000000
2381	8.75301	2.2015280798489592	0.1340646450000000	0.0794874900000000
2384	8.74216	2.1966376170240745	0.1811401700000000	0.0661332600000000
2392	8.73275	2.2004906005368663	0.1605223250000000	0.0953908350000000
2394	8.72981	2.1985293481305548	0.1464593550000000	0.0906466700000000
2399	8.71645	2.2009512476114743	0.1546271700000000	0.0840243450000000
237	16.81790	2.1998115895872892	0.1422581600000000	0.1120210050000000
239	16.79440	2.1999076824478498	0.1491962350000000	0.0536651650000000
22	98.06700	2.1892139388907084	0.1676948600000000	0.0915440850000000
2402	8.70886	2.1978187829406011	0.1430873000000000	0.0996441650000000
2404	8.70243	2.2007859275607604	0.1465711550000000	0.0951379600000000
2405	8.70243	2.2126080685813894	0.1571545050000000	0.0906255950000000
2408	8.69451	2.2099856537824585	0.1787376000000000	0.0759073850000000
2409	8.69451	2.2006987009430157	0.1483065700000000	0.1008813750000000
2415	8.67928	2.2002222656726613	0.1527441750000000	0.0491595250000000
2416	8.66682	2.2015072945016181	0.1204016150000000	0.1232577100000000
2425	8.64481	2.2018701279981294	0.1291680600000000	0.0955077250000000
2427	8.64296	2.1871120727469635	0.1564202900000000	0.0626002600000000
2429	8.64137	2.1977895471916833	0.1577108250000000	0.0821951400000000
2431	8.62991	2.2041737246113371	0.1628602450000000	0.0970083650000000
2432	8.62916	2.2009908903413895	0.1429333800000000	0.0894995500000000
2433	8.62916	2.1992901853077713	0.1519049450000000	0.1011475750000000
2434	8.62915	2.1998201631179617	0.1400852450000000	0.0914186000000000
2438	8.62822	2.3167197860829347	0.2191563950000000	0.1222939550000000
2440	8.62799	2.2015569495398624	0.1378045100000000	0.0884394900000000
2441	8.62799	2.2034190694396831	0.1626031100000000	0.1181316200000000
2451	8.62547	2.2042602257320469	0.1695758000000000	0.0935487400000000
2452	8.62537	2.1966158378564606	0.1526453850000000	0.0531935500000000
2454	8.62494	2.2049778212183928	0.1323261800000000	0.1031280000000000
2460	8.62151	2.2008617462487714	0.1152152600000000	0.0749086100000000
2463	8.62143	2.2015154728068960	0.1417184400000000	0.0825588250000000
2464	8.62139	2.1996810358427226	0.1480725600000000	0.1095285550000000
2465	8.62139	2.2085425214271921	0.1791859550000000	0.1320025700000000
2468	8.61871	2.2058370489156394	0.1725598050000000	0.0978268600000000
2469	8.61871	2.2005930672288314	0.1340721400000000	0.0947315400000000
2472	8.59504	2.2000997379364695	0.1389934000000000	0.1053548250000000
2478	8.57884	2.1996094709204566	0.1204623100000000	0.0692633550000000
2479	8.57884	2.1804148251427420	0.0996840350000000	0.1109150800000000
245	16.67950	2.2094692650131433	0.1658284800000000	0.0958543750000000
2485	8.55654	2.2006233348160360	0.1396287500000000	0.0854914900000000
2488	8.54109	2.2009151922897985	0.1504961250000000	0.1073953850000000
2492	8.53909	2.1865796117176410	0.1216886200000000	0.0944074850000000
2498	8.53773	2.2021336039938375	0.1426042050000000	0.0829475000000000
2506	8.53691	2.2020633904274729	0.1386440650000000	0.0711842750000000
2511	8.53659	2.2023001806843947	0.1491976100000000	0.0863760000000000
2513	8.53601	2.2054675210495733	0.1713282350000000	0.0726441950000000
2515	8.53595	2.1954732597500159	0.1708548000000000	0.0686814450000000
2522	8.53153	2.1973855184412781	0.1319924500000000	0.0942592900000000
2527	8.52658	2.1946207032469034	0.1792068600000000	0.1034912350000000
2529	8.52617	2.1823402001376615	0.1687645600000000	0.0378811600000000
2533	8.51847	2.1999523367490412	0.1442077300000000	0.0985728900000000
2536	8.51130	2.2009301439433284	0.1493139550000000	0.0832907100000000
2537	8.51130	2.2006531457418141	0.1202907950000000	0.0689430400000000
2542	8.49075	2.2008373204717100	0.1330494350000000	0.0948628350000000
2543	8.49075	2.2009469546480007	0.1435093300000000	0.0729665450000000
2544	8.48967	2.2015983817007698	0.1505857750000000	0.0825092400000000
2551	8.48000	2.2096168851357323	0.1579361550000000	0.0595046950000000
2558	8.48000	2.1997250192506788	0.1464412200000000	0.0421067200000000
248	16.57590	2.2025905391989751	0.1628016100000000	0.0387679150000000
249	16.57590	2.1984752812612758	0.1358812050000000	0.1060904250000000
250	16.51990	2.2009810564114742	0.1468165400000000	0.0872101100000000
251	16.51990	2.1985143443079123	0.1608557400000000	0.0704118300000000
253	16.50140	2.1990188743072152	0.1396658650000000	0.0866645450000000
2560	8.48000	2.2046210093826146	0.1572467050000000	0.0952234900000000
2561	8.48000	2.2017643246693299	0.1356104450000000	0.0829214500000000
2567	8.48000	2.1981089089613759	0.1185011500000000	0.0965792400000000
2570	8.47797	2.1933649636390737	0.1622446000000000	0.0938984700000000
2578	8.46680	2.2010127498649461	0.1409592300000000	0.0997372450000000
2586	8.46000	2.2028755151402684	0.1741760650000000	0.0569225200000000
2587	8.46000	2.1978893650642259	0.1437241300000000	0.0751576400000000
2589	8.44800	2.2015131861190507	0.1396238600000000	0.1215829250000000
2597	8.43458	2.1981545248835159	0.1237783500000000	0.1004423450000000
2601	8.42770	2.2012162838010561	0.1384477450000000	0.0964309500000000
2603	8.42299	2.2015471295097857	0.1406737050000000	0.1212675550000000
2609	8.41614	2.2012431279224196	0.1350532650000000	0.0461311000000000
2614	8.40334	2.2004876388364267	0.1521605750000000	0.0843404050000000
2615	8.40334	2.2055696316461724	0.1452679500000000	0.1234316550000000
2619	8.39487	2.2014839311736725	0.1517933750000000	0.0805707300000000
2620	8.39137	2.2013840976525922	0.1117196550000000	0.0425197550000000
2623	8.38740	2.2253166792393144	0.1656927600000000	0.0877706450000000
2624	8.38712	2.2034682801260179	0.1587906000000000	0.0920064700000000
2625	8.38712	2.2014822121131092	0.1485750350000000	0.1017153150000000
2627	8.38446	2.2317050820761555	0.1772961750000000	0.0864849150000000
2633	8.37012	2.1986615968341527	0.1601017900000000	0.1051516850000000
2638	8.36731	2.2283961624276709	0.1938641600000000	0.1288084850000000
257	16.45850	2.1996063040754246	0.1521636850000000	0.0752754500000000
258	16.44450	2.2166011247663993	0.1764861400000000	0.0365422550000000
2640	8.36730	2.1897992098674921	0.1522793600000000	0.1186940850000000
2643	8.36655	2.2007346678958548	0.1402444650000000	0.0895748200000000
2647	8.36622	2.2027002576353092	0.1449854500000000	0.0759126700000000
2650	8.36541	2.2000176782014584	0.1382965600000000	0.0792669850000000
2655	8.36483	2.1982702152733933	0.0993976950000000	0.0959922300000000
2656	8.36471	2.2021914062971018	0.1433633750000000	0.1209180650000000
2666	8.35941	2.2004591408708181	0.1411181300000000	0.0879576900000000
2667	8.35941	2.2014547164321971	0.1378647400000000	0.0742736700000000
2675	8.35100	2.1980748391104443	0.1404137550000000	0.0682910950000000
2677	8.34964	2.1964845379563904	0.1528822100000000	0.1026678350000000
2680	8.34857	2.2046845379218416	0.1694276900000000	0.0620987000000000
2681	8.34857	2.2014754336751037	0.1373505200000000	0.0934747250000000
2682	8.34790	2.2006955745079901	0.1288381050000000	0.0694545750000000
2683	8.34790	2.2022105214966459	0.1570420400000000	0.0968644850000000
2684	8.34776	2.2013621098620044	0.1324214350000000	0.1053991400000000
2686	8.34726	2.2174845417567117	0.1650734200000000	0.1042122950000000
2687	8.34726	2.2010983047988426	0.1277395450000000	0.0881013650000000
2696	8.34384	2.1984855516067450	0.1564583300000000	0.0687130850000000
2697	8.34384	2.2047929067651721	0.1684846050000000	0.0762066950000000
2705	8.34054	2.1984846360709618	0.1179452350000000	0.0842780700000000
2706	8.33796	2.1959365328162841	0.1417595300000000	0.0977434400000000
2707	8.33796	2.2020494695610702	0.1242584200000000	0.1211945400000000
2709	8.33427	2.2017639291554336	0.1466861850000000	0.0813344850000000
2712	8.32388	2.2018698612156911	0.1363443950000000	0.1209016600000000
2717	8.31924	2.2010479386944954	0.1513985550000000	0.0907497300000000
265	16.21370	2.2477746881138341	0.1917754350000000	0.0963460300000000
268	16.15410	2.2008011294578145	0.1694541800000000	0.0945553350000000
270	16.15400	2.2094763675207112	0.1659856550000000	0.0990232500000000
271	16.15400	2.2028387954528039	0.1568074950000000	0.1245085850000000
2720	8.30884	2.2018133053789386	0.1407316750000000	0.1084905750000000
2722	8.30872	2.2005706768897189	0.1423313050000000	0.0775483450000000
2723	8.30872	2.2032217345394858	0.1569003800000000	0.0394627600000000
2724	8.30642	2.1995583854254730	0.1380819250000000	0.0809525200000000
2727	8.30497	2.1934095738632560	0.1734655750000000	0.0691529800000000
2728	8.30123	2.2004138339484789	0.1407293200000000	0.0838548600000000
2734	8.27979	2.1865676919726931	0.1186236950000000	0.1117545850000000
2751	8.27016	2.2001832121293456	0.1474328200000000	0.0695874900000000
2758	8.26374	2.2037722827835662	0.2127593550000000	0.1078767550000000
2765	8.25435	2.2001821665849355	0.1462613800000000	0.0724441950000000
2766	8.24826	2.1980097024959946	0.1342414000000000	0.0857015250000000
2772	8.23918	2.1915124130302570	0.1341980500000000	0.0844371250000000
2774	8.23870	2.2385290255767258	0.1931252350000000	0.1116137400000000
2778	8.23466	2.2034114776566303	0.1591212850000000	0.1178409400000000
2779	8.23466	2.2015077439927215	0.1478060050000000	0.0671637450000000
2781	8.23239	2.1990273192509009	0.1210477000000000	0.0950439350000000
2783	8.22956	2.2014859179351514	0.1329446500000000	0.1025723500000000
2787	8.22882	2.1953855958882391	0.1612477750000000	0.0574735700000000
2788	8.22517	2.1995340338751825	0.1450900250000000	0.0886290300000000
2792	8.22157	2.2196950876983941	0.1748742000000000	0.0679528900000000
2795	8.21916	2.2010075977272980	0.1148291650000000	0.1137861400000000
274	16.00470	2.2015180011347733	0.1401782450000000	0.1113907500000000
275	16.00470	2.2007237879067723	0.1378919300000000	0.0578104300000000
2800	8.21535	2.3139599008507945	0.2251398800000000	0.1314095200000000
2802	8.21484	2.1999541555208286	0.1317236850000000	0.1043577450000000
2803	8.21484	2.1997308507019664	0.1430099350000000	0.0800153150000000
2806	8.20236	2.2000412920381449	0.1177044200000000	0.0855189500000000
2807	8.20236	2.2012064132415334	0.1445929500000000	0.0891591850000000
2808	8.20000	2.2018740644436972	0.1348671000000000	0.0773937500000000
2813	8.20000	2.2009254395530258	0.1502259050000000	0.1071804450000000
2815	8.20000	2.1978899664318399	0.1265575000000000	0.0826604000000000
2816	8.20000	2.2027218418240633	0.1633630400000000	0.0316101300000000
2818	8.20000	2.2006330000362047	0.1274091800000000	0.0826445050000000
2820	8.20000	2.1976752405381768	0.1614155500000000	0.0669729800000000
2822	8.20000	2.3951961373451751	0.2578339500000000	0.0989485050000000
2823	8.20000	2.1989636128002150	0.1158974350000000	0.0578291500000000
2827	8.20000	2.1964442117359271	0.1522652150000000	0.0699038100000000
2830	8.20000	2.2014234294768054	0.1580149600000000	0.0698692800000000
2832	8.20000	2.2015098516489049	0.1484349800000000	0.0958530850000000
2836	8.20000	2.2013785697514656	0.1591411550000000	0.0911803500000000
2837	8.20000	2.2115406806808116	0.1673346050000000	0.1398100950000000
2841	8.19420	2.2038805999080848	0.1551097950000000	0.1004973000000000
2843	8.19382	2.2015229878385947	0.1336867500000000	0.0873705950000000
2844	8.19066	2.2017847175136773	0.1531932100000000	0.0799441500000000
2848	8.18384	2.1983740435692023	0.1429339100000000	0.0752894450000000
2858	8.16935	2.1971144046288447	0.1471972100000000	0.0840790300000000
2860	8.16836	2.2005391345248571	0.1422553850000000	0.0977560350000000
2861	8.16836	2.1956234091879865	0.1473479000000000	0.0791012700000000
2862	8.16758	2.2015125713671049	0.1440698900000000	0.0988517600000000
2863	8.16758	2.2014706035502822	0.1166658900000000	0.0835022500000000
2868	8.16181	2.1997106326174283	0.1434578600000000	0.1150882000000000
2869	8.16181	2.2014356614025608	0.1423400500000000	0.0377005750000000
2870	8.15953	2.1953501762673469	0.1236061400000000	0.0832687400000000
2877	8.14937	2.1976617095142830	0.1294050050000000	0.0671964350000000
280	15.79130	2.1629046610447809	0.1379004650000000	0.0810631650000000
2886	8.13966	2.2017658474753383	0.1486535450000000	0.1018866300000000
2887	8.13966	2.2001721582138813	0.1270901100000000	0.0820678350000000
2891	8.13890	2.2010751733430509	0.1144433200000000	0.0658715900000000
2892	8.13840	2.2015517049005422	0.1359881500000000	0.0346094300000000
2899	8.13645	2.1996774982188483	0.1119280000000000	0.0758386300000000
2906	8.13301	2.2026397506728519	0.1568302650000000	0.0488405700000000
2907	8.13301	2.1973698118035796	0.1073625950000000	0.0572959800000000
2908	8.13284	2.1959155852258214	0.1635338000000000	0.0753340150000000
2913	8.12955	2.2014880813460667	0.1629928000000000	0.0750034500000000
2925	8.12265	2.1892015332509911	0.1457209650000000	0.1106895450000000
2927	8.12189	2.2027535994931533	0.1527296050000000	0.0501941750000000
2932	8.11972	2.2015615917624660	0.1466038550000000	0.0685565750000000
2934	8.11876	2.2001629384174208	0.1503961000000000	0.0808315300000000
2940	8.11078	2.1979216890393567	0.1581790000000000	0.0707547800000000
2941	8.11078	2.2015954058697083	0.1685552850000000	0.0532668300000000
2949	8.10659	2.2015580954293879	0.1355738850000000	0.0615193550000000
2952	8.09909	2.2025339324412831	0.1406518250000000	0.1033878850000000
2955	8.09854	2.2014801623648643	0.1362581300000000	0.0572954400000000
289	15.35480	2.2018099906963902	0.1550931800000000	0.0822377800000000
290	15.33460	2.2018427792620199	0.1485330400000000	0.0948068900000000
293	15.33040	2.2011071719854929	0.1478935000000000	0.0925524300000000
294	15.28500	2.1977458919523030	0.1126215950000000	0.0738526300000000
295	15.28500	2.1993299067809411	0.1317786950000000	0.1045114500000000
2961	8.09740	2.1982778653515465	0.0871073600000000	0.0493502800000000
2962	8.09702	2.2018213427310442	0.1454260850000000	0.0619552400000000
2964	8.09688	2.3527388384059900	0.2326187400000000	0.1159920050000000
2966	8.09614	2.2001919486907608	0.1206127900000000	0.1296355750000000
2969	8.09578	2.2359000758655898	0.1747174100000000	0.0466446550000000
2970	8.09432	2.2012886612454388	0.1515787100000000	0.0857874050000000
2971	8.09432	2.1976114628288399	0.1297943250000000	0.0632999700000000
2972	8.09383	2.1999954084854783	0.1568205400000000	0.0749375350000000
2973	8.09383	2.2033753737087833	0.1442418850000000	0.0592543000000000
2976	8.09157	2.1985250205950284	0.1434599050000000	0.0449134600000000
2977	8.09157	2.2583403125179151	0.1593998900000000	0.1008003650000000
2987	8.09000	2.2008914293284056	0.1630109800000000	0.0919114500000000
2993	8.09000	2.2005380983946097	0.1409691700000000	0.0682068050000000
2994	8.09000	2.1979535337961194	0.1299095150000000	0.0932311700000000
2995	8.09000	2.1951292604851540	0.1314173100000000	0.0959769200000000
2998	8.09000	2.2019241898669031	0.1364797350000000	0.1095238250000000
3007	8.09000	2.1955604973194331	0.1333759700000000	0.0423675450000000
3008	8.09000	2.2038591814642112	0.1559553200000000	0.0780906150000000
3010	8.09000	2.2007046997914710	0.1551726650000000	0.0934591600000000
3011	8.09000	2.2011912239972622	0.1331518300000000	0.0709277000000000
3012	8.09000	2.1962383125974219	0.1612758750000000	0.0476332900000000
3014	8.09000	2.2013598472764793	0.1687819800000000	0.1264367850000000
3021	8.09000	2.2002726893517806	0.1470025900000000	0.0894960800000000
3023	8.09000	2.2005871387342024	0.1432049950000000	0.0785416900000000
3024	8.08933	2.1971498630549062	0.1156163550000000	0.1111817350000000
3035	8.08582	2.3872066046955909	0.2714949550000000	0.1205791150000000
3036	8.08477	2.2006211837136571	0.1318008000000000	0.1055532050000000
3037	8.08477	2.2015736509486947	0.1452258950000000	0.0631656700000000
3039	8.08469	2.4023504543510366	0.2838212000000000	0.0507034100000000
300	15.20500	2.1993474674364406	0.1480274550000000	0.1031495400000000
3045	8.08006	2.2013481727308246	0.1538444250000000	0.0499669600000000
3046	8.07997	2.1988716919648215	0.1684260750000000	0.0812912350000000
3050	8.07978	2.2005086912751470	0.1475325200000000	0.0520027400000000
3052	8.07878	2.1957612980175836	0.1531607550000000	0.0842616800000000
3055	8.07877	2.2012198666852161	0.1334644750000000	0.0495835000000000
3058	8.07629	2.1999153482186529	0.1299714350000000	0.0999584750000000
3062	8.07519	2.1991916204178557	0.1605954300000000	0.0769026450000000
3063	8.07519	2.2004000725664667	0.1340844700000000	0.1004101150000000
3064	8.07504	2.2018912333174909	0.1238761350000000	0.1028497550000000
3066	8.07475	2.2034857561650441	0.1614877650000000	0.0797662450000000
3076	8.07056	2.2324518192642611	0.1904441950000000	0.1076678350000000
3085	8.06592	2.1992843897712318	0.1352724150000000	0.0801547750000000
3088	8.06143	2.1972220228187740	0.1591873400000000	0.0973124300000000
3090	8.05591	2.1981483004578020	0.1320331850000000	0.0766383250000000
3091	8.05591	2.1966071858069376	0.1373938650000000	0.0693667400000000
3094	8.05502	2.2000429253437734	0.1353301650000000	0.0885604800000000
3096	8.05430	2.2001432749036116	0.1289700400000000	0.0943918200000000
3098	8.05418	2.2012892713167949	0.1451105700000000	0.1046886300000000
3101	8.05284	2.2003378215844314	0.1207657500000000	0.0561759850000000
3103	8.05240	2.1980118346838098	0.1498834650000000	0.0720590450000000
3104	8.05108	2.2000377292045332	0.1453567150000000	0.0771787800000000
3106	8.05001	2.2021615422667695	0.1571934150000000	0.1098198350000000
3107	8.05001	2.1993416587902854	0.1504891100000000	0.0968374250000000
3109	8.04961	2.1926448075254124	0.1335651250000000	0.0988572100000000
3111	8.04777	2.2010505774911229	0.1461098650000000	0.1125306400000000
3113	8.04733	2.1996447944517459	0.1163262200000000	0.0591599950000000
3117	8.04640	2.2971966020657963	0.2349834250000000	0.0751262000000000
3119	8.04453	2.1974294675756165	0.1400251400000000	0.1064035700000000
304	15.13640	2.1995653023813007	0.1324806850000000	0.0418448400000000
305	15.13640	2.2009968217390825	0.1378357650000000	0.0894830150000000
3123	8.04340	2.2002117486495156	0.1446245350000000	0.0894413000000000
3126	8.04223	2.2562947815588772	0.0994385200000000	0.1233675100000000
3129	8.04112	2.2197140798989077	0.1802285700000000	0.0761319200000000
3131	8.04084	2.1970987254583312	0.1459280100000000	0.0814949450000000
3135	8.04006	2.2855727825180501	0.2081638650000000	0.0502844500000000
3141	8.03554	2.3165832534374564	0.2112064150000000	0.0948102250000000
3142	8.03299	2.2014846775669792	0.1527362200000000	0.0662278850000000
3150	8.02781	2.2007753203605813	0.1545561050000000	0.1172516550000000
3153	8.02779	2.2020531805807693	0.1450502800000000	0.0738396100000000
3154	8.02334	2.2053887377172359	0.1737728800000000	0.0381403250000000
3155	8.02334	2.1978528502193613	0.1430174700000000	0.0831440100000000
3156	8.02310	2.1994340981778588	0.1515326250000000	0.1076405450000000
3162	8.01282	2.2005252214673887	0.1273851200000000	0.0960362350000000
3163	8.01282	2.2051147759995646	0.1575298900000000	0.0991348550000000
3169	8.01082	2.1977301861587866	0.1293679350000000	0.0646508600000000
3170	8.01077	2.1950298659718381	0.1560303300000000	0.0790704750000000
3171	8.01077	2.2005217035591653	0.1410084350000000	0.0778385250000000
3172	8.01076	2.1985123341754274	0.1158763500000000	0.1045370350000000
3176	8.01068	2.2014920814509260	0.1289428400000000	0.1001283100000000
3184	8.01041	2.1794270878229463	0.1444253300000000	0.0912409000000000
3186	8.01038	2.2020963945712717	0.1564990500000000	0.0503271500000000
313	15.02260	2.2017877018760088	0.1551171550000000	0.1018642400000000
315	15.01960	2.2066819018787074	0.1609480200000000	0.0865279300000000
318	14.98660	2.2163221216110331	0.1647026550000000	0.0403270450000000
319	14.98660	2.1992451478509127	0.1355736750000000	0.0810372700000000
24	94.60730	2.2013923230213162	0.1585820500000000	0.0841847150000000
25	94.60730	2.1992293520054371	0.1390285550000000	0.0856530050000000
26	87.04670	2.2001787201434442	0.1583521650000000	0.0965697500000000
29	80.53700	2.2011491967013903	0.1193868850000000	0.0789669800000000
321	14.98120	2.2002515528169830	0.1390683350000000	0.0820500150000000
322	14.93200	2.1965884442915220	0.1408060150000000	0.0767358250000000
324	14.87310	2.1978054493956241	0.1499542750000000	0.0676129950000000
325	14.87310	2.1986443853538971	0.1529100800000000	0.0883026100000000
326	14.79800	2.2017145506203604	0.1579197450000000	0.0707446600000000
331	14.71390	2.2001577534439467	0.1366877800000000	0.0763417250000000
340	14.65040	2.1671609155534730	0.1087178150000000	0.0689436900000000
343	14.64570	2.1907651582301133	0.1343157900000000	0.1157595500000000
346	14.61920	2.2072621304524338	0.1590446150000000	0.1002949650000000
348	14.61380	2.1996330369142929	0.1490187800000000	0.0923616600000000
349	14.61380	2.1997290778854306	0.1550822900000000	0.0851867700000000
351	14.57300	2.2001843509552184	0.1373689950000000	0.0925431800000000
355	14.55770	2.3371685173387209	0.2327170150000000	0.1434727900000000
361	14.54000	2.1998022314703527	0.1523286000000000	0.0931041300000000
363	14.53350	2.1975515609912160	0.1414455900000000	0.0844993950000000
364	14.51810	2.1970390493776200	0.1434068450000000	0.0766022850000000
365	14.51810	2.1984346216887038	0.1508192700000000	0.1025608450000000
369	14.49040	2.1999654170819873	0.1237619300000000	0.1039402150000000
371	14.46400	2.1996831962167454	0.1306622300000000	0.0741095450000000
379	14.38140	2.1834474252599803	0.1662481300000000	0.1064562150000000
384	14.28480	2.1979798302315765	0.1398547250000000	0.0964967500000000
387	14.18730	2.1997707230655292	0.1315649000000000	0.1000071550000000
390	14.17370	2.1870560901292304	0.1516124150000000	0.1522606900000000
394	14.07540	2.2198983807434023	0.1795047000000000	0.1014535400000000
396	14.06080	2.2015462214717187	0.1377247750000000	0.0989974400000000
397	14.06080	2.2042107452858777	0.1594260500000000	0.0862535000000000
32	70.71640	2.2006018411557888	0.1368981150000000	0.0844175200000000
33	70.71640	2.1909735666712269	0.1389841150000000	0.0888900300000000
35	68.84570	2.2007511064334206	0.1488553350000000	0.0810421900000000
38	61.69190	2.2011322123104775	0.1531955700000000	0.1035844600000000
401	14.01960	2.1999580134799359	0.1409277550000000	0.0500530650000000
407	13.94830	2.2008086757312131	0.1362599000000000	0.0839240500000000
411	13.90950	2.2000634154461962	0.1291857950000000	0.0706772900000000
414	13.85370	2.2003943174604483	0.1317050300000000	0.0746745850000000
418	13.68290	2.2003172096723111	0.1348948750000000	0.0917996250000000
419	13.68290	2.2057769645569096	0.1453694000000000	0.1035957650000000
422	13.54540	2.1991559082138994	0.1679104050000000	0.1207576000000000
425	13.54440	2.2020519012396740	0.1533590500000000	0.0913919300000000
427	13.50120	2.3445639389334914	0.2701277600000000	0.1427320500000000
432	13.40180	2.2060923558453149	0.1883533600000000	0.1101543350000000
438	13.38340	2.2020681335792429	0.1528319200000000	0.1041955100000000
447	13.34220	2.2002415108065763	0.1111215350000000	0.0625768150000000
450	13.33800	2.2143719568487898	0.1586648100000000	0.0768099250000000
452	13.33780	2.3596159325138255	0.2368479000000000	0.0614819350000000
454	13.33650	2.2001602374348792	0.1495439150000000	0.0898080750000000
456	13.33480	2.2041526012407271	0.1709473300000000	0.0426230400000000
459	13.32660	2.1993178795541031	0.1458163350000000	0.1014852650000000
463	13.31140	2.1998826997363694	0.1404535850000000	0.1002992600000000
465	13.29930	2.2010575163563590	0.1459416750000000	0.1108045550000000
468	13.28160	2.2021632904692177	0.1392644400000000	0.0790986600000000
471	13.28050	2.3775813889628150	0.2420103500000000	0.1151828850000000
472	13.26610	2.1981855326176949	0.1248190000000000	0.0712800400000000
474	13.26380	2.1999207953654931	0.1573682250000000	0.0743498100000000
477	13.25220	2.1985089850214807	0.1572374400000000	0.0853213650000000
479	13.23430	2.2002440452268410	0.1221639950000000	0.0801380950000000
43	59.26770	2.1994042133915785	0.1390976650000000	0.0817375250000000
46	53.66980	2.1996216425875841	0.1467600850000000	0.0387258300000000
480	13.21680	2.1948096825284997	0.1371527100000000	0.1147182000000000
482	13.21390	2.1994429004915834	0.1249490500000000	0.0765275300000000
485	13.21000	2.1976907602074012	0.1025694400000000	0.0629819150000000
489	13.21000	2.2696863859008052	0.2113899350000000	0.1267681350000000
490	13.21000	2.2072070151796703	0.1588846450000000	0.1058831600000000
491	13.21000	2.1907009953390291	0.1570306900000000	0.1013077550000000
502	13.20940	2.2434013683925182	0.2200185750000000	0.1269415300000000
505	13.20780	2.2005339857748494	0.1416236200000000	0.0893635800000000
507	13.20770	2.2016482053350366	0.1647220850000000	0.0684827900000000
508	13.20740	2.2005643142649673	0.1510329100000000	0.0885374400000000
510	13.20650	2.2000766800739919	0.1448606550000000	0.0994252950000000
513	13.20600	2.1991945718779342	0.1186792000000000	0.0499406950000000
514	13.20600	2.2010299992907956	0.1255988800000000	0.0327259950000000
515	13.20600	2.1984350128167858	0.1568057100000000	0.0981393200000000
517	13.20490	2.2014202297162981	0.1656772250000000	0.0717450350000000
518	13.20380	2.1983155117157680	0.1317795600000000	0.1155591200000000
523	13.19800	2.2792615951439341	0.2288548900000000	0.1371670250000000
526	13.19720	2.1946173513814897	0.1380677500000000	0.0932182100000000
531	13.19420	2.2025762464821077	0.1493875500000000	0.0849420500000000
532	13.19230	2.2009964009533860	0.1302237800000000	0.0946715550000000
535	13.19200	2.2020124391028966	0.1637548450000000	0.0474981050000000
536	13.19110	2.1985495510578019	0.0855021950000000	0.0998866100000000
537	13.19110	2.2011942909422451	0.1521846000000000	0.1030460850000000
544	13.10570	2.2008105108530156	0.1482525850000000	0.0940944050000000
547	13.09850	2.1957971267572636	0.1368243250000000	0.0696520050000000
49	53.59700	2.2033993490059505	0.1332649950000000	0.1155223600000000
54	46.41530	2.1963586761093197	0.1547363200000000	0.1170188550000000
561	13.04230	2.2013534297022161	0.1430196050000000	0.0941869100000000
565	13.01880	2.1977141433515586	0.1576268250000000	0.0486115500000000
566	13.01160	2.2003492889454028	0.1088062050000000	0.0614673300000000
567	13.01160	2.2014863669574596	0.1405052050000000	0.1119790450000000
581	12.80710	2.1785302837070661	0.0737881950000000	0.0694868150000000
582	12.78530	2.2011163257285142	0.1304275100000000	0.0831435050000000
586	12.70350	2.1973089485277013	0.1474242450000000	0.1036940600000000
588	12.67040	2.2014969049864179	0.1491411400000000	0.0884010850000000
589	12.67040	2.2004793180885494	0.1412519500000000	0.0767977700000000
592	12.65950	2.2150126497911806	0.1801677250000000	0.1208838250000000
598	12.62770	2.1996986112080386	0.1133270750000000	0.0571000150000000
599	12.62770	2.2015041775726769	0.1489371350000000	0.0710145850000000
606	12.57920	2.2018461966621490	0.1455645450000000	0.1078658800000000
607	12.57920	2.1994672725033029	0.1512946500000000	0.0900907250000000
613	12.56160	2.1985437471140359	0.1041179800000000	0.0749912150000000
618	12.53700	2.1970524725944678	0.1428442300000000	0.1031582400000000
622	12.52010	2.3631183465933376	0.2614055500000000	0.1084727000000000
624	12.48940	2.2020836764184137	0.1448151100000000	0.0766628750000000
625	12.48940	2.1997994804235015	0.1514469050000000	0.0973214050000000
628	12.44730	2.1999813874399661	0.1482478650000000	0.0763083000000000
629	12.44730	2.2231667258083254	0.1820246900000000	0.0804489000000000
630	12.43320	2.2005174340483666	0.1203844900000000	0.0985603600000000
631	12.43320	2.1959415145837133	0.1599729950000000	0.0450883650000000
634	12.41290	2.1994911034909621	0.1318637000000000	0.1125520600000000
637	12.39640	2.1971662360092536	0.1433686950000000	0.0691415800000000
57	45.89990	2.1999281140916489	0.1460219650000000	0.1006544950000000
60	42.09350	2.1994360596130362	0.1402294000000000	0.0773292900000000
63	41.41560	2.1994622066652787	0.1634503350000000	0.0836639250000000
643	12.35490	2.1997847055666808	0.1355134400000000	0.0790174550000000
646	12.33170	2.2002163167108271	0.1519356750000000	0.0816220750000000
650	12.31590	2.3929498386992671	0.2804425700000000	0.1544275900000000
653	12.30530	2.1946769694656902	0.1528874100000000	0.0544174500000000
656	12.29600	2.1963517573707563	0.1764530350000000	0.0898815250000000
663	12.27620	2.1990767630565680	0.1301383850000000	0.0674059300000000
666	12.27310	2.2014656088078350	0.1397637900000000	0.0801075450000000
670	12.26760	2.1997950413349510	0.1211014350000000	0.0612291900000000
671	12.26760	2.2909727395920716	0.2440949250000000	0.1314523900000000
677	12.25110	2.2003044859216541	0.1300234150000000	0.1008889300000000
690	12.24820	2.1987188742273998	0.0991712850000000	0.0916545650000000
691	12.24820	2.3050580835675700	0.2258048100000000	0.1009297550000000
694	12.24330	2.1949421404366976	0.1512800450000000	0.0871146800000000
695	12.24330	2.2125638325858294	0.1556115450000000	0.0844381100000000
696	12.24270	2.2019471834316038	0.1533567350000000	0.1020324800000000
700	12.23890	2.2008402538175798	0.1430275650000000	0.0428659000000000
703	12.23870	2.2384991805417611	0.1898598300000000	0.1260010100000000
716	12.23140	2.2003527133879381	0.1416837700000000	0.0930383100000000
719	12.22970	2.1995013030468709	0.1227248100000000	0.0663632950000000
68	34.70490	2.2019131279555157	0.1276672350000000	0.1056719600000000
69	34.70490	2.2001932482636195	0.1264122150000000	0.0988733500000000
70	34.34650	2.2029823446199415	0.1652279200000000	0.0855750700000000
71	34.34650	2.1985577740075515	0.1558536600000000	0.0912181950000000
721	12.20990	2.2006629138365441	0.1615812050000000	0.0786519550000000
725	12.19220	2.2956329100359709	0.2475706850000000	0.0711298600000000
726	12.19070	2.2009917541250341	0.1517128750000000	0.0785374200000000
727	12.19070	2.1992488742980427	0.1402503200000000	0.0567019400000000
728	12.18790	2.1998970559817246	0.1474385850000000	0.0838525750000000
732	12.18330	2.2026451075262616	0.1702159350000000	0.0583878300000000
735	12.18250	2.2005237840589835	0.1324100700000000	0.0886992700000000
736	12.18220	2.2000778678465847	0.1520473250000000	0.1110835000000000
737	12.18220	2.2009020342694794	0.1359279550000000	0.0431529650000000
743	12.16830	2.2060219243698165	0.1578822350000000	0.0980610650000000
744	12.16780	2.2006539498096220	0.1323172000000000	0.0919075500000000
749	12.16000	2.2009192129073885	0.1303238450000000	0.1218624250000000
750	12.14600	2.1979697302043846	0.1368551600000000	0.0453411600000000
754	12.06250	2.2025239699209540	0.1498433250000000	0.0865224850000000
759	12.04560	2.2001511772220979	0.1311382800000000	0.0998738000000000
762	11.98980	2.1935612204306967	0.1615285150000000	0.1166693550000000
764	11.96210	2.2413765376304959	0.1894354800000000	0.1118027800000000
766	11.96070	2.1992223001027162	0.1398127100000000	0.1097670300000000
771	11.91480	2.2007254277386759	0.1481866600000000	0.1042147450000000
772	11.90250	2.1656872757762242	0.0952169150000000	0.1025907700000000
778	11.86530	2.1985131926627046	0.1716433050000000	0.0799004450000000
780	11.85060	2.2005116098753055	0.1541744300000000	0.0990375050000000
781	11.85060	2.2621776914130285	0.1866435800000000	0.1241678600000000
785	11.83300	2.2003760760843600	0.1384494800000000	0.0992658350000000
790	11.79730	2.2002034914230841	0.1397422950000000	0.0854352450000000
791	11.79730	2.2031582727918364	0.1587743450000000	0.0730103150000000
793	11.78360	2.2005080608686844	0.1422742100000000	0.1066247850000000
794	11.77660	2.1996050642576468	0.1451563200000000	0.1001581150000000
798	11.74940	2.2006296709423059	0.1417742800000000	0.0790414450000000
799	11.74940	2.1978183177908313	0.1327406600000000	0.0766874400000000
73	32.34910	2.1998589117401606	0.0970643800000000	0.0647352950000000
