802	11.74220	2.2029213788422202	0.1677031700000000	0.1069086100000000
803	11.74220	2.2002032677582402	0.1676699600000000	0.0377810150000000
808	11.73530	2.1682135566314327	0.1388571250000000	0.0806221650000000
815	11.72630	2.2165805753700671	0.1661707750000000	0.0840176300000000
818	11.72290	2.1969366002047561	0.1526879050000000	0.0750239250000000
821	11.72220	2.2012508419493160	0.1294044800000000	0.0975051500000000
822	11.72100	2.2004008329493141	0.1254340600000000	0.0752585950000000
824	11.71910	2.1732142015162039	0.0886780550000000	0.0761439400000000
825	11.71910	2.2741280851712213	0.2067521900000000	0.0924302950000000
827	11.71440	2.1970223653028826	0.1069990900000000	0.0633925650000000
829	11.71240	2.2012733911431335	0.1311743100000000	0.0518829300000000
832	11.71070	2.1973245803707186	0.1400488650000000	0.0977986250000000
833	11.71070	2.1935390951941161	0.0926755300000000	0.0972997650000000
836	11.70160	2.1965883661536330	0.1653052700000000	0.0930044200000000
837	11.70160	2.2052536452344818	0.1693910400000000	0.0825346800000000
843	11.70000	2.2034267878858831	0.1272687800000000	0.1320373450000000
845	11.70000	2.1985113297863110	0.1636322400000000	0.0797929750000000
852	11.70000	2.2015040119222014	0.1097651300000000	0.0509511050000000
860	11.70000	2.2015267758423023	0.1645725400000000	0.0674105600000000
861	11.70000	2.1984861406399383	0.1489526450000000	0.0937069500000000
862	11.70000	2.2003533745337349	0.1436445300000000	0.0929047300000000
863	11.70000	2.2030358021865024	0.1623894950000000	0.0962484750000000
864	11.70000	2.1998252372667197	0.1479003300000000	0.1112175000000000
865	11.70000	2.2001799925050181	0.1421138500000000	0.0550182800000000
871	11.70000	2.1997781235037022	0.1429565950000000	0.0426952800000000
874	11.70000	2.1986980314907854	0.1550788000000000	0.1008240450000000
878	11.70000	2.2068581227738830	0.1592610300000000	0.0813352550000000
879	11.70000	1.9820229029510710	0.1247240000000000	0.3484375950000000
81	26.68980	2.2014285147078998	0.1526081900000000	0.0913368950000000
880	11.70000	2.1998531990897559	0.1252919500000000	0.0993199900000000
881	11.70000	2.2015053216857225	0.1454926250000000	0.0465957300000000
884	11.69410	2.2009623512220662	0.1547636550000000	0.0450343100000000
889	11.68810	2.2261433013843646	0.1765766400000000	0.1308810350000000
890	11.68000	2.1989147520523469	0.1373886100000000	0.0634017350000000
891	11.68000	2.1999829569919260	0.1410888950000000	0.0806946150000000
894	11.67530	2.2052826822940257	0.1700131700000000	0.1282036500000000
896	11.67300	2.1873074350884649	0.0969435950000000	0.0709963850000000
897	11.67300	2.1992213971090160	0.1433342200000000	0.0841662850000000
899	11.67240	2.2009337034798522	0.1452997800000000	0.1009402000000000
902	11.66630	2.2005162385008612	0.1463802150000000	0.1024067050000000
903	11.66630	2.2012161240379160	0.1361547900000000	0.0821565850000000
904	11.64920	2.2001699602087528	0.1520951700000000	0.1043726400000000
906	11.63960	2.1995213332378722	0.1432698250000000	0.0873163350000000
908	11.63210	2.2005020761373602	0.1421228800000000	0.0745690600000000
910	11.62890	2.2020194741305557	0.1474184000000000	0.0842416450000000
912	11.62220	2.1539151950955819	0.0851605050000000	0.0389696750000000
921	11.59250	2.2182436698342789	0.1765671900000000	0.1287052100000000
922	11.58810	2.1996925470648856	0.1726463700000000	0.0748110150000000
923	11.58810	2.2007110969530506	0.1533537450000000	0.1035378400000000
926	11.57940	2.1810528270387124	0.0923031900000000	0.0978371350000000
929	11.55440	2.1898729862520470	0.1284447250000000	0.0677515300000000
932	11.52700	2.1495209222276754	0.1464002600000000	0.1046858000000000
933	11.52700	2.2080911791613906	0.1567809300000000	0.0893714350000000
940	11.51810	2.2047541639692421	0.1697524100000000	0.0857410650000000
941	11.51810	2.2004955119440295	0.1255711900000000	0.0682478550000000
945	11.51160	2.2005171063735443	0.1679071500000000	0.0630771550000000
951	11.50240	2.1963647894430842	0.1596333300000000	0.0654941750000000
958	11.47560	2.2001529453454896	0.1465962850000000	0.0869393100000000
88	26.22460	2.2006627150589337	0.1200293550000000	0.0535020300000000
89	26.22460	2.2017247279922700	0.1418575100000000	0.1036089200000000
91	25.99150	2.2013745215797345	0.1546653550000000	0.0900329100000000
95	25.96410	2.2000093380622348	0.1308626650000000	0.0987601350000000
966	11.44680	2.2087488895246890	0.1738619050000000	0.0604996600000000
969	11.43880	2.3281631847251067	0.2035503500000000	0.1169918450000000
980	11.39810	2.2002236432130107	0.1284654050000000	0.1054950400000000
984	11.38880	2.1996964181652783	0.1309770000000000	0.0919921000000000
986	11.38710	2.2007308219750219	0.1376759350000000	0.1051615800000000
988	11.38180	2.2015037928249197	0.1388665900000000	0.0944356250000000
989	11.38180	2.2004486681452637	0.1244271600000000	0.0978910850000000
991	11.37920	2.1996466854874566	0.1338001300000000	0.0910584150000000
992	11.36850	2.3385382620255388	0.2628678900000000	0.1415742850000000
993	11.36850	2.2010977038280770	0.1486244000000000	0.0916080400000000
998	11.35330	2.2003668884681233	0.1307762450000000	0.0842121050000000
1008	11.30470	2.1977678542834620	0.1348503650000000	0.0953401100000000
1009	11.30470	2.1995921602516422	0.0905531400000000	0.0825642600000000
1010	11.30350	2.2056505090228282	0.1365021650000000	0.1120142100000000
1014	11.28320	2.2055573990321693	0.1826655850000000	0.1148603550000000
1016	11.27850	2.1998804288107663	0.1819691150000000	0.1027526450000000
1017	11.27850	2.1994082136141575	0.1494872250000000	0.0671789200000000
1019	11.27530	2.1992282318382514	0.1422588150000000	0.0783985750000000
1023	11.27230	2.1980833232549406	0.1271739900000000	0.0823558900000000
1024	11.27010	2.1981522467556358	0.1236190650000000	0.0773536600000000
1027	11.26720	2.1995296367343613	0.1311471850000000	0.0910409150000000
1029	11.26650	2.2001141382731717	0.1474586900000000	0.0896616550000000
1031	11.25340	2.2015433000047455	0.1414728500000000	0.0542366750000000
1035	11.23650	2.2014456471183421	0.1476551000000000	0.0816987900000000
1039	11.23230	2.2001999711381970	0.1512147200000000	0.1002963000000000
96	25.06110	2.2906050910122078	0.2211376100000000	0.1181575450000000
99	24.92170	2.1992263576512419	0.1643161950000000	0.1231293750000000
1040	11.22350	2.1982026930284237	0.1221219550000000	0.0856140550000000
1043	11.20750	2.3579785551410732	0.2340933500000000	0.0795154400000000
1049	11.18260	2.1998607502131953	0.1255761550000000	0.0706649500000000
1053	11.18230	2.1891271910418988	0.1204286200000000	0.1200113350000000
1054	11.17720	2.1986983684850689	0.1319979000000000	0.0695376250000000
1055	11.17720	2.2000394988173042	0.1227163900000000	0.0925265600000000
1057	11.17510	2.2008828248679948	0.1574507650000000	0.0582917400000000
1060	11.14950	2.2018726783642837	0.1385228850000000	0.0897016450000000
1065	11.13930	2.2048946502436917	0.1623646250000000	0.0981329150000000
1069	11.11960	2.1966623907065665	0.1304938250000000	0.1051962750000000
1071	11.11750	2.1996425747269313	0.1333019400000000	0.0716770500000000
1072	11.09650	2.1998243942844242	0.1341135200000000	0.1101046650000000
1080	11.06540	2.1962252015919419	0.1517258800000000	0.0909242350000000
1082	11.06380	2.2016880724736145	0.1091019750000000	0.0442345800000000
1083	11.06380	2.2004574643350208	0.1481246650000000	0.0774954200000000
1087	11.05860	2.2002893542907467	0.1386992550000000	0.1069900950000000
1093	11.03460	2.2001792170321655	0.1509437600000000	0.0454621150000000
1098	11.02590	2.1997669977760030	0.1645556050000000	0.0572731350000000
1102	10.99100	2.3075238287687880	0.2535431350000000	0.1113451000000000
1103	10.99100	2.2010495590214751	0.1154479400000000	0.0939052250000000
1105	10.97710	2.2006305532377963	0.1264293150000000	0.0670413750000000
1107	10.97450	2.2014573111354769	0.1569305200000000	0.0520746000000000
1112	10.96150	2.1993302218201793	0.0981036150000000	0.0603695300000000
1114	10.95360	2.2006579420720378	0.1219130150000000	0.0648596950000000
1118	10.92980	2.2009325521427257	0.1576723450000000	0.0379085600000000
104	24.51240	2.1963218086089249	0.1514614850000000	0.1235255550000000
109	24.08970	2.1983799230960814	0.1585304700000000	0.0888785950000000
111	23.82210	2.1996219240796977	0.1448729900000000	0.0824341100000000
1128	10.92790	2.1992326985421422	0.1432433400000000	0.1019939800000000
1133	10.92640	2.1992967793536766	0.1473808650000000	0.0445655500000000
1136	10.92380	2.2021796200738675	0.1336382250000000	0.0819258700000000
1140	10.92290	2.2011073137111343	0.1280991200000000	0.0555640050000000
1141	10.92290	2.1963593123330636	0.1545971100000000	0.0402758400000000
1143	10.92270	2.2001716340026296	0.1062873650000000	0.0497120100000000
1144	10.92230	2.1978101626354420	0.1455830250000000	0.0892917450000000
1145	10.92230	2.2009054368069023	0.1422221300000000	0.0395060250000000
1147	10.92210	2.2025337481032374	0.1401107800000000	0.0922060650000000
1154	10.91650	2.3776275138403902	0.2539725550000000	0.0991491050000000
1155	10.91650	2.1997301142471755	0.1195370800000000	0.0954023750000000
1156	10.90910	2.2003978091935048	0.1345020600000000	0.0993543900000000
1157	10.90910	2.2002010595173713	0.1471473100000000	0.0843830600000000
1158	10.90520	2.1978571238306484	0.1281446300000000	0.0954914900000000
1159	10.90520	2.2028216751578000	0.1481805400000000	0.0707364500000000
1161	10.90250	2.1985607606956310	0.1549670850000000	0.0767799050000000
1164	10.89690	2.2159498751932505	0.1591831500000000	0.1263992800000000
1166	10.89630	2.2698969589486779	0.2033035050000000	0.0945719850000000
1177	10.88150	2.2004532084043897	0.1112335700000000	0.1122259050000000
1180	10.83340	2.1973968971391011	0.1403116100000000	0.1049621300000000
1181	10.83340	2.1984402707738995	0.1699755400000000	0.0919261650000000
1185	10.76010	2.2015127177011644	0.1538513650000000	0.0702883200000000
1192	10.61910	2.2046124503026205	0.1597631450000000	0.1034816350000000
119	22.53360	2.2004670461640976	0.1391928350000000	0.1120645650000000
1200	10.61750	2.1989515607489580	0.1750086250000000	0.1165675550000000
1202	10.61680	2.1993977001689360	0.1452004600000000	0.0996725600000000
1209	10.61600	2.1989282375456085	0.1295805950000000	0.0468431900000000
1216	10.61210	2.1978488232925590	0.1513964000000000	0.0853158200000000
1228	10.58910	2.1996183907844755	0.1548868500000000	0.0961795950000000
1229	10.58910	2.1956550250604199	0.1478075400000000	0.0992402650000000
1230	10.58300	2.1996264304102611	0.1400207450000000	0.0933755150000000
1239	10.49100	2.2033216977173735	0.1605646350000000	0.0839134650000000
1240	10.47010	2.2048829974570472	0.1726411900000000	0.0320504900000000
1241	10.47010	2.1989071523780428	0.1492663900000000	0.1004103650000000
1242	10.46930	2.1973147400118633	0.1321763050000000	0.0992942350000000
1244	10.46380	2.1962518473497576	0.1378768600000000	0.0939953950000000
1258	10.39810	2.2009158667394315	0.1394350400000000	0.1007274300000000
1261	10.39550	2.2021635155140520	0.1579735000000000	0.0540500400000000
1277	10.33880	2.1999247809150693	0.1496375350000000	0.1041844450000000
1279	10.33740	2.1997558696423578	0.1405478150000000	0.0922872900000000
123	21.95780	2.2020293755212950	0.1479911400000000	0.0519033100000000
125	21.84630	2.2006372877075755	0.1537159400000000	0.0943655000000000
1297	10.29030	2.1999585887914463	0.1456718650000000	0.0863903150000000
1299	10.28670	2.1953153778196199	0.1609175000000000	0.0935433850000000
1306	10.27900	2.2004121649222617	0.1507822150000000	0.0910291000000000
1308	10.27860	2.1984841331331539	0.1486032050000000	0.0867730400000000
1320	10.26090	2.2055100075491421	0.1634259100000000	0.0822936500000000
1327	10.23910	2.2058055448211351	0.1626346450000000	0.0504059300000000
1328	10.23050	2.1985017043843635	0.1185236700000000	0.0635820700000000
1329	10.23050	2.2004373320499306	0.1398227500000000	0.0747889900000000
1342	10.18510	2.2020958311723517	0.1399118800000000	0.0921921000000000
1344	10.18490	2.1992988950911472	0.1298488050000000	0.0870622350000000
1348	10.18190	2.1994751112563669	0.1172816150000000	0.0662721250000000
1352	10.16430	2.1970223049921387	0.1493659800000000	0.0763064700000000
1353	10.16430	2.2001280605429225	0.1430455800000000	0.0762005400000000
1359	10.16060	2.2033433592488216	0.1795009800000000	0.0594042000000000
131	21.40930	2.2001795517211296	0.1361742700000000	0.1065817850000000
132	21.29740	2.2000571208715387	0.1256569950000000	0.0386398700000000
134	21.21890	2.1985034835624440	0.1364847400000000	0.0828927300000000
1360	10.15810	2.2008363886327720	0.1452655650000000	0.0845822750000000
1362	10.15700	2.2014754100729887	0.1512455650000000	0.0956807850000000
1365	10.15050	2.1927197048087095	0.1030847450000000	0.1162042350000000
1373	10.14310	2.1736731447322466	0.1694513950000000	0.1236715400000000
1375	10.14090	2.2019595956534790	0.1197209050000000	0.0788553800000000
1378	10.13950	2.2015072211470308	0.1690746600000000	0.0844474950000000
1380	10.12850	2.2014443829017054	0.1469091800000000	0.0930972400000000
1381	10.12850	2.1996261599819000	0.1521320550000000	0.1278101650000000
1382	10.12620	2.2003519342306492	0.1526402350000000	0.0571940500000000
1385	10.12620	2.1983810149040330	0.1311135200000000	0.1026568250000000
1386	10.12610	2.1985405190052099	0.1154028400000000	0.0914977700000000
1388	10.12550	2.1941680671569466	0.1457223500000000	0.0988289200000000
1390	10.12470	2.2070522044615948	0.1713536750000000	0.0625437050000000
1392	10.12400	2.1997519378065120	0.1532466900000000	0.0543780550000000
1393	10.12400	2.2014069490067101	0.1530663550000000	0.1070364950000000
1395	10.12330	2.2000473704742465	0.1364625100000000	0.0964512600000000
1396	10.12260	2.1997426516019147	0.1422707300000000	0.0851495200000000
1397	10.12260	2.2009818049881220	0.1322014150000000	0.0822107150000000
1402	10.10800	2.2002794316845997	0.1076023250000000	0.0821327600000000
1405	10.10280	2.1910981652121380	0.1254074600000000	0.1303330100000000
1409	10.07350	2.2006042774417076	0.1397245050000000	0.0945679500000000
1418	10.04880	2.2001280686558009	0.1362632150000000	0.0944019300000000
1419	10.04880	2.2007850477635995	0.1404170750000000	0.0960427500000000
1425	10.04410	2.2014741097017043	0.1452251850000000	0.0788776950000000
1426	10.01780	2.1996037440024083	0.1339346650000000	0.0800069900000000
1431	10.00540	2.1994165768770921	0.1248530600000000	0.0955705650000000
1436	9.94991	2.2025405588946958	0.1480094650000000	0.1049433100000000
1439	9.93271	2.1985681307103815	0.1653876900000000	0.0803289900000000
137	21.14770	2.1996639904743205	0.1213685000000000	0.0558290800000000
143	20.48610	2.2026382672274019	0.1287714600000000	0.1016772150000000
1440	9.90524	2.2005494234012195	0.1091141550000000	0.0601564350000000
1443	9.82061	2.1992192376164246	0.1387350350000000	0.0857511300000000
1447	9.79928	2.2001738498718519	0.1548621550000000	0.0962591150000000
1449	9.79831	2.2001139793000934	0.1520842200000000	0.0978153000000000
1451	9.79801	2.1963156256170198	0.1431946950000000	0.0902700200000000
1456	9.79729	2.1949903431635454	0.1423111550000000	0.1296840450000000
1461	9.79620	2.2014671760658340	0.1495682350000000	0.0775035550000000
1471	9.79320	2.2001553550442967	0.1354882850000000	0.0823870200000000
1475	9.79288	2.3040783840411714	0.1998033550000000	0.1001069950000000
1477	9.79273	2.3652373710547563	0.2548858000000000	0.1086892250000000
1483	9.79075	2.3882605206516230	0.2595776650000000	0.1389984450000000
1484	9.79041	2.1993267098555753	0.1427706800000000	0.0970993250000000
1485	9.79041	2.1999502498710668	0.1459478700000000	0.0919604250000000
1486	9.76395	2.2006409035945595	0.1476582400000000	0.0767042400000000
1490	9.72880	2.2511149841083720	0.2087464700000000	0.0515448200000000
1492	9.72526	2.2032583970087334	0.1735079000000000	0.0868065200000000
1493	9.72526	2.1993235021840425	0.1348198450000000	0.0849310100000000
1497	9.70935	2.1638509151485543	0.1663825900000000	0.0546913400000000
1503	9.67000	2.1988452391894113	0.1368142950000000	0.0937993850000000
1504	9.67000	2.1994640217993484	0.1565843450000000	0.0946114850000000
1505	9.67000	2.2014355360120677	0.1589837200000000	0.1101267050000000
1506	9.67000	2.2047235777864707	0.1588869600000000	0.0490209800000000
1507	9.67000	2.1997277877703243	0.1318273450000000	0.1077103700000000
1510	9.67000	2.1991655498338405	0.1486883500000000	0.0970621300000000
1515	9.66336	2.2010818690325604	0.1291065400000000	0.1024363900000000
1516	9.66178	2.1974176880433420	0.1560954850000000	0.0437223250000000
1518	9.66145	2.1976863885512805	0.1540480950000000	0.0802351050000000
1519	9.66145	2.2012975007831490	0.1543619200000000	0.0846317200000000
149	20.14810	2.1999256578977491	0.1333170200000000	0.0721477950000000
150	19.99580	2.1976572725171075	0.1297620850000000	0.0959691600000000
1523	9.66126	2.1992074998364521	0.1287761950000000	0.0742614450000000
1535	9.65573	2.1996353208369177	0.1243747500000000	0.1025187100000000
1536	9.65484	2.2024269258383620	0.1591740300000000	0.0327799900000000
1538	9.65423	2.1985771685289208	0.1078702050000000	0.0662468150000000
1542	9.65411	2.2019864863925354	0.1391434600000000	0.0968021250000000
1543	9.65411	2.1985062993154929	0.1421678900000000	0.0769913650000000
1544	9.65409	2.2009396527597493	0.1404414950000000	0.0891996200000000
1552	9.63620	2.1985060637959974	0.1434501700000000	0.0864297250000000
1554	9.62796	2.2092868245649178	0.1630896200000000	0.0907616300000000
1561	9.61624	2.2052209897390327	0.1691722200000000	0.1025071200000000
1565	9.61424	2.2026072584678840	0.1504081500000000	0.1121699100000000
1566	9.61418	2.1949587835815998	0.1463818300000000	0.0919571850000000
1567	9.61418	2.1999107471966290	0.1426642100000000	0.0954713700000000
1571	9.60886	2.2007278072109933	0.1531413250000000	0.1009071500000000
1574	9.60673	2.2006094775854228	0.1499678900000000	0.1059560950000000
1575	9.60673	2.2025234930601525	0.1677031800000000	0.0768583650000000
1582	9.59930	2.1985149044760384	0.1496392400000000	0.0695198250000000
1586	9.59731	2.2011577991865190	0.1423097300000000	0.0876929900000000
1592	9.59581	2.1993899808520223	0.1203664600000000	0.0953204550000000
1594	9.59103	2.2002232502839698	0.1511899600000000	0.0644879700000000
1599	9.58949	2.2034501649165823	0.1509253400000000	0.0802580050000000
153	19.67710	2.1991169061088431	0.1409809600000000	0.0407881650000000
154	19.56700	2.1949789772804471	0.1324837300000000	0.0754065100000000
156	19.42160	2.2021381086579912	0.1316707850000000	0.1000235800000000
1606	9.58877	2.2082472181878949	0.1760863900000000	0.0996423250000000
1610	9.58849	2.1982164431226305	0.1568909750000000	0.1063439200000000
1612	9.58849	2.2004390766774145	0.1375767900000000	0.0772109150000000
1615	9.58828	2.2012817280611410	0.1574411900000000	0.0913062600000000
1621	9.58734	2.1985704862993569	0.1581124900000000	0.0635277700000000
1622	9.58663	2.2017327957276143	0.1408054750000000	0.1122299400000000
1625	9.58434	2.1982225435285994	0.1030367200000000	0.0762983300000000
1626	9.58386	2.2001985315475188	0.1459956550000000	0.1031372800000000
1636	9.58269	2.1992495272216508	0.1550984600000000	0.0884204100000000
1639	9.58265	2.3167103032133634	0.2604304050000000	0.1062868650000000
1648	9.58048	2.2001189210401306	0.1450401450000000	0.0766791200000000
1656	9.57149	2.1947987946574261	0.1445916700000000	0.0614188750000000
1659	9.57127	2.2020548894207082	0.1476177250000000	0.0986937250000000
1669	9.56294	2.2065192308835795	0.1568346050000000	0.0379765600000000
1670	9.56051	2.2021825227200056	0.1571856750000000	0.1071662700000000
1674	9.55679	2.2013178968956280	0.1438124200000000	0.0742627650000000
1676	9.55202	2.2008842366680743	0.1584758950000000	0.0809360650000000
162	18.89830	2.1996986136876076	0.1211651200000000	0.0621562050000000
1680	9.54781	2.1997564238038296	0.1000205250000000	0.0833659100000000
1681	9.54781	2.2001640532471392	0.1470714500000000	0.0697693600000000
1682	9.54713	2.2010165958877597	0.1339312150000000	0.0730205700000000
1684	9.54687	2.1991602052501520	0.1552871000000000	0.0572796650000000
1687	9.53122	2.2007559655633324	0.1378500600000000	0.0832162300000000
1691	9.52965	2.1999999058326960	0.1358120050000000	0.1069702900000000
1692	9.52252	2.2014838302587156	0.1577434900000000	0.1209292900000000
1700	9.51255	2.1994934589273947	0.1493383650000000	0.0902800000000000
1703	9.51053	2.1995783271519973	0.1013996150000000	0.0646304750000000
1705	9.50834	2.1994091687438035	0.1432218450000000	0.0822547400000000
1707	9.50603	2.2025354351673427	0.1590708450000000	0.1034895500000000
1712	9.50220	2.2008475219037025	0.1340708350000000	0.0895606300000000
1717	9.49425	2.1824067298599972	0.1500268650000000	0.0909539250000000
1719	9.48606	2.2028350842717792	0.1390403250000000	0.0908569150000000
1721	9.48442	2.2018548046968234	0.1604827300000000	0.0816885700000000
1722	9.48286	2.2010109923651417	0.1532481900000000	0.0886584750000000
1728	9.47319	2.2014934729493509	0.1390162950000000	0.0677640450000000
1731	9.46280	2.2014159772046185	0.1465475350000000	0.0990911800000000
1734	9.45239	2.2000995121088600	0.1526718300000000	0.1047709150000000
1736	9.45130	2.1992043263427146	0.1533400050000000	0.0991373750000000
1739	9.43735	2.1977511064424000	0.1515797300000000	0.0757184850000000
1744	9.36392	2.1990810957206373	0.0841194200000000	0.0576626700000000
1747	9.36075	2.1985507173413610	0.1418466900000000	0.0899531450000000
1749	9.33968	2.1996327419043533	0.1473303750000000	0.0889998050000000
1750	9.32657	2.2023168002597453	0.1242001900000000	0.0357426850000000
1758	9.29419	2.2000080993817654	0.1504997850000000	0.0846962900000000
169	18.56780	2.1993141504732048	0.1405763400000000	0.0854070000000000
170	18.56620	2.1995643893377816	0.1406570700000000	0.0828485700000000
171	18.56620	2.1954521938741993	0.1586199500000000	0.0842346300000000
175	18.33440	2.2005413707398591	0.1163589300000000	0.0435062150000000
1764	9.28328	2.1993771954285708	0.1589160300000000	0.1204594600000000
1767	9.27618	2.2002024654178491	0.1409883400000000	0.0718892150000000
1769	9.27601	2.2037054868390085	0.1543189050000000	0.0727570600000000
1773	9.27202	2.1992713851756909	0.1048439550000000	0.0958281950000000
1775	9.27078	2.2000705525069786	0.1721904350000000	0.0641271100000000
1782	9.25991	2.2002424775756970	0.1079614950000000	0.0941694000000000
1786	9.25823	2.1985288051290177	0.1414348900000000	0.1067259850000000
1796	9.25601	2.1992438069774876	0.1555283750000000	0.0776982900000000
1798	9.25564	2.1997098339269585	0.1208547400000000	0.0723860550000000
1803	9.25402	2.2005121194621946	0.1500899500000000	0.0979958600000000
1804	9.25320	2.2004216641670444	0.1253646500000000	0.1060042350000000
1805	9.25320	2.1999632123266446	0.1464864300000000	0.0667400250000000
1806	9.25229	2.1675162826617349	0.2212811500000000	0.0638296700000000
1808	9.25199	2.1999577974523485	0.0984474150000000	0.0693277850000000
1814	9.24858	2.1998910940451339	0.1265688200000000	0.0673387600000000
1823	9.24404	2.1987987012221328	0.1369659650000000	0.0900655350000000
1826	9.24000	2.1972715588035578	0.1473756300000000	0.0599003450000000
1827	9.24000	2.2014285908977351	0.1524048200000000	0.0477054950000000
1832	9.24000	2.1890124131899302	0.1667151250000000	0.0598200400000000
1833	9.24000	2.1985863543757871	0.1398532200000000	0.0765373250000000
1835	9.24000	2.1998782635640985	0.1381906900000000	0.1206751600000000
176	18.28240	2.1963959205690822	0.1370776450000000	0.1053247300000000
181	17.96190	2.1987015289381553	0.1255025850000000	0.0947524050000000
1840	9.24000	2.2008443360692866	0.1497998100000000	0.0743910150000000
1846	9.24000	2.1992420209152601	0.1433633450000000	0.0858507500000000
1850	9.24000	2.1984679020357358	0.1114906200000000	0.0997483650000000
1853	9.24000	2.2059198419420478	0.1671038900000000	0.1027289950000000
1854	9.24000	2.2608599488788736	0.1824473700000000	0.0996974600000000
1856	9.24000	2.2005584937400133	0.1569285250000000	0.0582648850000000
1865	9.23790	2.1997814858511946	0.1546519100000000	0.0776851300000000
1870	9.23551	2.1933596030602134	0.1343627950000000	0.1077193900000000
1871	9.23551	2.2005066939621751	0.1512894700000000	0.0899033700000000
1872	9.23523	2.2003424004742369	0.1310340650000000	0.0873897650000000
1874	9.23490	2.1989733622516985	0.1473730100000000	0.1216730350000000
1875	9.23490	2.1990616493668758	0.1230039150000000	0.0828715800000000
1878	9.23309	2.2057756440242917	0.1530803550000000	0.0818271550000000
1879	9.23309	2.1999589025535125	0.1509634100000000	0.0881189550000000
1880	9.23250	2.2028993967553601	0.1602493700000000	0.1070657150000000
1881	9.23250	2.2007867603446560	0.1493884700000000	0.0776382450000000
1882	9.23219	2.2404940963880660	0.1840778050000000	0.1256811950000000
1885	9.23106	2.2014737541553799	0.1070268900000000	0.0462496400000000
1886	9.23095	2.1996652496811859	0.1514865050000000	0.1012828050000000
1890	9.22622	2.2597574037477801	0.2259645650000000	0.1145441150000000
1893	9.22493	2.1973559969292507	0.1487336900000000	0.0593252200000000
1900	9.21053	2.1985213656095759	0.1091078250000000	0.0764913550000000
1901	9.21053	2.1958194964488960	0.1485916500000000	0.1136023300000000
1906	9.18684	2.1990388848067388	0.1607690050000000	0.1070230400000000
1910	9.18173	2.2017147196862803	0.1020222650000000	0.0493356650000000
1911	9.18173	2.1994909898393757	0.1381540600000000	0.0805174050000000
184	17.79570	2.1951883821326721	0.1514520350000000	0.0749247550000000
185	17.79570	2.1992967899828506	0.1444984850000000	0.0948842400000000
189	17.79230	2.2006698705677983	0.1098846050000000	0.0889077200000000
190	17.77460	2.2003159493095001	0.1447801350000000	0.0901948050000000
191	17.77460	2.1985157367609851	0.1202938600000000	0.0795648800000000
1922	9.17791	2.1995211383874680	0.1223963500000000	0.0834969250000000
1923	9.17791	2.1990967244574273	0.1503984250000000	0.1015535950000000
1924	9.17773	2.1996580217357780	0.1379387400000000	0.0984379650000000
1925	9.17773	2.2020231740946570	0.1275428950000000	0.0954818450000000
1931	9.17523	2.1998417548101035	0.1520988550000000	0.0950199600000000
1933	9.17417	2.2001734460431943	0.1305435600000000	0.1016045600000000
1934	9.17355	2.2002743695153493	0.1351839600000000	0.1088572500000000
1939	9.17204	2.2003031836172755	0.1276981000000000	0.0350417950000000
1946	9.16072	2.1982389091630501	0.1163581750000000	0.0794508600000000
1950	9.15340	2.2014992870619325	0.1695109850000000	0.0730305450000000
1953	9.15240	2.2019357421862669	0.1560196750000000	0.1234986650000000
1964	9.14000	2.1995247069650103	0.1326680250000000	0.0896362850000000
1970	9.14000	2.1998077810255081	0.0925586350000000	0.0505830950000000
1979	9.14000	2.2001233494210810	0.1309113000000000	0.1001187850000000
1983	9.14000	2.2037071673436239	0.1691416600000000	0.1145049500000000
1989	9.14000	2.2014433418518977	0.1380777400000000	0.0834459450000000
1990	9.14000	2.1985834726247986	0.1368592700000000	0.0742957250000000
1991	9.14000	2.2002425718117218	0.1463377300000000	0.1094582900000000
1993	9.14000	2.2038062152623721	0.1394497050000000	0.1003498050000000
1996	9.14000	2.1993045485465053	0.1140398400000000	0.0646781450000000
192	17.71340	2.2584615592360566	0.2217250500000000	0.0803786850000000
193	17.71340	2.1999696071245136	0.1394342200000000	0.0765127100000000
194	17.70800	2.2001298263683515	0.1434234700000000	0.0776341300000000
198	17.62660	2.2017922079833570	0.1387435400000000	0.0755693550000000
199	17.62660	2.2009071731991945	0.1445382350000000	0.0834926400000000
2003	9.14000	2.1986613051678332	0.1487824150000000	0.0958996600000000
2013	9.13558	2.2015019900505508	0.1726699150000000	0.1127704550000000
2020	9.13287	2.2010986549919891	0.1215596250000000	0.0744287600000000
2021	9.13287	2.1979857797433446	0.1045962850000000	0.0964033950000000
2022	9.13245	2.1973301519388437	0.1611808300000000	0.0742351250000000
2024	9.13204	2.1983936504158859	0.1273633850000000	0.0889817900000000
2025	9.13204	2.1961107511121640	0.1677275400000000	0.0829017700000000
2030	9.11916	2.1996906606933999	0.1526535200000000	0.0420952750000000
2036	9.10508	2.2021095874843661	0.1411511650000000	0.1000556000000000
2038	9.10369	2.1964172056442552	0.1491888000000000	0.0695199250000000
2046	9.05605	2.1976752987277730	0.1402568450000000	0.1091181700000000
2048	9.04366	2.2005049430908765	0.1533492300000000	0.0835854650000000
2055	9.03638	2.2006449223343454	0.1183084450000000	0.0725736000000000
2056	9.03142	2.2208421269308722	0.1789169550000000	0.0623941800000000
2060	9.02477	2.2014701131552434	0.1400110300000000	0.1097002150000000
2061	9.02477	2.1969190643189558	0.1456651500000000	0.0942378750000000
2064	9.02211	2.1993694363851666	0.1305324700000000	0.0662005650000000
2068	9.02041	2.2020975201182660	0.1486207750000000	0.1044926850000000
2069	9.02041	2.2226658024407686	0.1783921650000000	0.1195128600000000
2070	9.02039	2.2009953130542352	0.1070606200000000	0.0588915000000000
2073	9.02018	2.1996673049366304	0.1474937700000000	0.0647817500000000
2076	9.01653	2.2015488005465813	0.1423276000000000	0.1056726450000000
2078	9.01625	2.2033516793467158	0.1739394000000000	0.0868157400000000
2079	9.01625	2.1996330049032031	0.1384971100000000	0.0788852300000000
200	17.62620	2.2000213252172394	0.1445196900000000	0.0881257500000000
2080	9.01619	2.2004787388831804	0.1786609550000000	0.0643966400000000
2082	9.01556	2.2028449135674961	0.1517177550000000	0.0598680150000000
2083	9.01556	2.2012411770994191	0.1593695600000000	0.0628023850000000
2087	9.01160	2.1985357114876578	0.1623304350000000	0.0769723500000000
2096	9.00734	2.1994590565656438	0.1559861000000000	0.1192250700000000
2104	9.00246	2.1961717843956574	0.1375011150000000	0.0944194250000000
2107	9.00214	2.1992662513168399	0.1375743300000000	0.0576893750000000
2108	9.00062	2.2006520708016213	0.1569325450000000	0.0915279250000000
2111	9.00011	2.2090472671934696	0.1592353750000000	0.1130297150000000
2113	8.99981	2.1963030132234369	0.1339218850000000	0.1003944850000000
2119	8.99850	2.1933906642927137	0.1529196700000000	0.0947670550000000
2121	8.99556	2.2010237976348019	0.1119833250000000	0.0718788650000000
2123	8.99535	2.3059008895206126	0.2235096100000000	0.1133572450000000
2124	8.99371	2.2000470749129892	0.1123770650000000	0.0521157400000000
2127	8.99142	2.2127483137302129	0.1552646900000000	0.1326455450000000
2130	8.98943	2.2008447815042000	0.1114565600000000	0.0550474200000000
2136	8.98743	2.1993440709696577	0.1697307300000000	0.0589894050000000
2141	8.98605	2.1996127954173690	0.1533618300000000	0.0902944100000000
2149	8.98311	2.2005135497385289	0.1302623300000000	0.1098482300000000
2152	8.98141	2.1272508330995752	0.1361382350000000	0.0891718850000000
2157	8.98000	2.1981233390686223	0.1291449150000000	0.1033948750000000
208	17.18240	2.2004755790199955	0.1492111250000000	0.0824554750000000
209	17.18240	2.2004126606972134	0.1201920600000000	0.1013527000000000
212	17.05300	2.2041144726558701	0.1502546400000000	0.0999216600000000
213	17.05300	2.1982620817666008	0.1098302600000000	0.0820486000000000
215	17.02200	2.1970070210204637	0.1465337550000000	0.1095731950000000
2162	8.98000	2.3052365296353798	0.2294961900000000	0.0922047250000000
2163	8.98000	2.1985711379384680	0.1276851000000000	0.0669905500000000
2170	8.98000	2.2019899482559278	0.1492466250000000	0.0401953550000000
2173	8.98000	2.1985261277189019	0.1274181400000000	0.0519880150000000
2174	8.97946	2.2002577073557861	0.1356010100000000	0.0778133750000000
2178	8.97489	2.2005342167948654	0.1492324500000000	0.0802404100000000
2184	8.97257	2.2002992105917141	0.1465117200000000	0.0757907050000000
2185	8.97257	2.2003800412993249	0.1481112200000000	0.0718341450000000
2187	8.97180	2.1983720725024836	0.0930303650000000	0.0878106500000000
2188	8.96911	2.1984991757482977	0.0902820750000000	0.0697700550000000
2189	8.96911	2.2012492815176725	0.1359050550000000	0.0462152750000000
2191	8.96742	2.2004905658182667	0.1399035450000000	0.0922982950000000
2198	8.95967	2.2006207311401056	0.1457087150000000	0.0950280100000000
2201	8.95899	2.1956421056361157	0.1413007850000000	0.0948235400000000
2205	8.95765	2.1937583907369653	0.1665114250000000	0.0906862250000000
2207	8.95637	2.2018879979379746	0.1391824050000000	0.1152015250000000
2210	8.95605	2.2003653074009479	0.1483871050000000	0.0635969650000000
2220	8.95361	2.1975561010315228	0.1419113100000000	0.0949663550000000
2221	8.95361	2.2139462016724867	0.1537651500000000	0.0765260500000000
2224	8.95254	2.2044208442627422	0.1652276650000000	0.0638804800000000
2226	8.95171	2.2008971661367398	0.1554850750000000	0.0992142600000000
2230	8.95019	2.3662273477135338	0.2328134350000000	0.0499116900000000
2232	8.95018	2.1853097356966926	0.1288034200000000	0.1202493850000000
2236	8.94681	2.1971676577551404	0.1380901150000000	0.0835012900000000
218	16.98050	2.1978586549480994	0.1579133800000000	0.0701938150000000
221	16.93270	2.1882708601817247	0.1533689700000000	0.1214747450000000
2243	8.93885	2.2011339181014966	0.1305887750000000	0.0562403450000000
2244	8.93734	2.2014694417614984	0.1245247100000000	0.0664571300000000
2246	8.93637	2.2014709227595262	0.1427462050000000	0.0990583900000000
2247	8.93637	2.2028704218623383	0.1587717950000000	0.0724530250000000
2249	8.93547	2.2002481010479307	0.1519827650000000	0.0787310950000000
2250	8.93344	2.2250276000176896	0.1651739450000000	0.1056889500000000
2251	8.93344	2.2503843407997426	0.1902915600000000	0.1201648550000000
2255	8.92967	2.1994024910155101	0.1508234100000000	0.0869930050000000
2256	8.92952	2.2051378688342451	0.1447057250000000	0.0989721650000000
2263	8.92661	2.1992373352192658	0.1712990750000000	0.0450541850000000
2265	8.92659	2.2020132313109317	0.1520441300000000	0.0836881300000000
2266	8.92619	2.1973254146023868	0.1656739500000000	0.0694704750000000
2268	8.92463	2.2067856318618846	0.1371247550000000	0.1080652850000000
2270	8.92413	2.1909082474758983	0.1436497100000000	0.0847336650000000
2273	8.92381	2.2013515479027714	0.1196391800000000	0.0477149300000000
2274	8.92358	2.1949456882996823	0.1409751950000000	0.1104474500000000
2275	8.92358	2.1958348493339730	0.1588336050000000	0.0882170050000000
2278	8.92315	2.2006058719707946	0.1332990750000000	0.0959578450000000
2281	8.92279	2.1977885441566896	0.1391821950000000	0.1255843250000000
2288	8.91786	2.2025429600620456	0.1408245300000000	0.0963913300000000
2289	8.91786	2.1992885726688591	0.1371791950000000	0.0556613900000000
2291	8.91596	2.1994748274192171	0.1275332700000000	0.0690751150000000
2293	8.91512	2.2021318666615515	0.1298118350000000	0.0947527750000000
2295	8.91384	2.1970974964408385	0.1474925550000000	0.0608280400000000
2296	8.91245	2.1918805253892937	0.1398054700000000	0.0815748450000000
2299	8.90797	2.2066408245788764	0.1670142050000000	0.0976480200000000
2304	8.89888	2.2014639715632933	0.1194185100000000	0.0565283950000000
2306	8.89326	2.2026586308769369	0.1399278900000000	0.0765635300000000
2307	8.89326	2.2009956449208987	0.1497923700000000	0.1015975100000000
2312	8.87436	2.2023971840924554	0.1550946750000000	0.1042508300000000
2313	8.87436	2.1542593996061083	0.1197243900000000	0.1140026450000000
2315	8.87192	2.2001761558397628	0.1320304950000000	0.1012510050000000
2317	8.87173	2.2021972929967251	0.1566349900000000	0.1196880200000000
2319	8.86814	2.1980242295918520	0.1213613050000000	0.0856473800000000
227	16.88770	2.2001167197798197	0.1602358200000000	0.1075978200000000
228	16.88760	2.1994609027150092	0.1536083500000000	0.0821969600000000
230	16.86680	2.1997143872194762	0.1556581250000000	0.0685544950000000
2330	8.85054	2.1993367178524412	0.1116694450000000	0.0538305350000000
2343	8.83638	2.2071227515234542	0.1626009450000000	0.0996822800000000
2348	8.82689	2.2009185176586126	0.1407190300000000	0.1130309200000000
2349	8.82689	2.2001962927823713	0.1404906500000000	0.0910358750000000
2350	8.82364	2.2020733663859757	0.1526461650000000	0.0736316600000000
2351	8.82364	2.2068279049977186	0.1744300400000000	0.1012098400000000
2353	8.81628	2.1984936055681588	0.1442518750000000	0.0808626350000000
2356	8.81004	2.1996118876743118	0.1447764250000000	0.0917339650000000
2362	8.80658	2.2019273750288400	0.1475124550000000	0.0534431000000000
2363	8.80658	2.2002928242751554	0.1172362050000000	0.0854156850000000
2367	8.80448	2.3108711212231285	0.2215863100000000	0.0807252850000000
2368	8.79150	2.2226249167568248	0.1589405100000000	0.1373401550000000
2371	8.78437	2.1995443736097084	0.1293495100000000	0.1053003650000000
2374	8.77878	2.2003865294620639	0.1487604500000000	0.0992646000000000
2375	8.77878	2.1996196223153350	0.1423209500000000	0.0906151800000000
2376	8.77192	2.1995649222247020	0.1439781000000000	0.0816070550000000
2378	8.75648	2.1982013921159469	0.1285777500000000	0.0650295850000000
2381	8.75301	2.2014716526773750	0.1338155250000000	0.0842827850000000
2384	8.74216	2.2538864327988044	0.2131410000000000	0.0765538400000000
2392	8.73275	2.2007172780387876	0.1577272100000000	0.0911876550000000
2394	8.72981	2.1986698709004378	0.1488418300000000	0.0886780900000000
2399	8.71645	2.2009237612401722	0.1551276350000000	0.0835530600000000
237	16.81790	2.1997712529615319	0.1448019550000000	0.1093396600000000
239	16.79440	2.1999029063703057	0.1413739450000000	0.0425114150000000
22	98.06700	2.1895334911399815	0.1641321750000000	0.0926198850000000
2402	8.70886	2.1978294549636281	0.1423365100000000	0.0980896950000000
2404	8.70243	2.2007636884023416	0.1441163350000000	0.0954593200000000
2405	8.70243	2.2120415242434972	0.1587507100000000	0.0937600700000000
2408	8.69451	2.2090853335274265	0.1741274300000000	0.0726086350000000
2409	8.69451	2.2007802533731375	0.1464309800000000	0.0994923300000000
2415	8.67928	2.2001514496979162	0.1506149150000000	0.0479771950000000
2416	8.66682	2.2014657462264311	0.1215248900000000	0.1215707550000000
2425	8.64481	2.2019286990234099	0.1266273400000000	0.0953379900000000
2427	8.64296	2.1868969004454093	0.1581842350000000	0.0651368600000000
2429	8.64137	2.1978475392659935	0.1568069450000000	0.0832550750000000
2431	8.62991	2.2040204626828261	0.1571861500000000	0.0939165350000000
2432	8.62916	2.2010223425022870	0.1428583550000000	0.0897195100000000
2433	8.62916	2.1992211488282547	0.1529873250000000	0.0999670050000000
2434	8.62915	2.1998775519521345	0.1322303750000000	0.0963202050000000
2438	8.62822	2.3166442625498354	0.2196289700000000	0.1165626350000000
2440	8.62799	2.2013836963705611	0.1360752650000000	0.0898963050000000
2441	8.62799	2.2033541174921250	0.1584797650000000	0.1167571850000000
2451	8.62547	2.2051621250963875	0.1705434300000000	0.0911101000000000
2452	8.62537	2.1966359522893470	0.1538205200000000	0.0572324200000000
2454	8.62494	2.2050160242052725	0.1371241150000000	0.1071997650000000
2460	8.62151	2.2008684115425803	0.1265340000000000	0.0804593250000000
2463	8.62143	2.2014603174295804	0.1451618300000000	0.0837351050000000
2464	8.62139	2.1996402462916014	0.1462369000000000	0.1105358250000000
2465	8.62139	2.2323240924902739	0.1991955300000000	0.1279137450000000
2468	8.61871	2.2049240617525077	0.1689335150000000	0.0884859500000000
2469	8.61871	2.2007073983083858	0.1398459350000000	0.0930915150000000
2472	8.59504	2.2003374819705050	0.1405987600000000	0.1115404750000000
2478	8.57884	2.1996871228353139	0.1152692800000000	0.0658474350000000
2479	8.57884	2.1803938631876036	0.1022969550000000	0.1120410450000000
245	16.67950	2.2093907068851495	0.1661864200000000	0.0943455350000000
2485	8.55654	2.2006478775060461	0.1399106150000000	0.0856600350000000
2488	8.54109	2.2008730342814595	0.1505848150000000	0.1078617900000000
2492	8.53909	2.1866729703146821	0.1198210950000000	0.0945525550000000
2498	8.53773	2.2021596848892484	0.1414589700000000	0.0799613050000000
2506	8.53691	2.2020616873084595	0.1360088500000000	0.0716722750000000
2511	8.53659	2.2023156895757756	0.1485266350000000	0.0875760000000000
2513	8.53601	2.2052512350848938	0.1690257300000000	0.0643639250000000
2515	8.53595	2.1805134002447231	0.1651470550000000	0.0676499250000000
2522	8.53153	2.1973501355527341	0.1328941850000000	0.0927560450000000
2527	8.52658	2.3810148092286565	0.3567277500000000	0.0817558000000000
2529	8.52617	2.1824355907740127	0.1748901350000000	0.0421507850000000
2533	8.51847	2.2001234385129602	0.1437230900000000	0.0976339650000000
2536	8.51130	2.2010309500516780	0.1532041050000000	0.0838185850000000
2537	8.51130	2.2006165016886423	0.1277958800000000	0.0740424350000000
2542	8.49075	2.2008477558478106	0.1270010150000000	0.0948175100000000
2543	8.49075	2.2009372211368019	0.1429447050000000	0.0745829350000000
2544	8.48967	2.2014371556844408	0.1517403800000000	0.0839557900000000
2551	8.48000	2.2096024999630810	0.1593204800000000	0.0581683900000000
2558	8.48000	2.1996573262659322	0.1429124450000000	0.0377383500000000
248	16.57590	2.2024361120614571	0.1593546500000000	0.0400648100000000
249	16.57590	2.1987326950021546	0.1345776450000000	0.1033448700000000
250	16.51990	2.2009962290095961	0.1465429450000000	0.0856752650000000
251	16.51990	2.1980314406642814	0.1583209200000000	0.0714617250000000
253	16.50140	2.1980646349927628	0.1391037100000000	0.0859679750000000
2560	8.48000	2.2049277756046597	0.1582580600000000	0.0975333650000000
2561	8.48000	2.2017595837407065	0.1362680000000000	0.0823633900000000
2567	8.48000	2.1980660788569515	0.1134477700000000	0.0948264100000000
2578	8.46680	2.2009297608880654	0.1405989550000000	0.0997629350000000
2586	8.46000	2.2035930980832612	0.1757568800000000	0.0518409250000000
2587	8.46000	2.1978671360796720	0.1408204350000000	0.0725089800000000
2589	8.44800	2.2011843235811703	0.1372198500000000	0.1211425100000000
2597	8.43458	2.1981837116806138	0.1274189400000000	0.1009330250000000
2601	8.42770	2.2013086738792009	0.1421471350000000	0.0966168200000000
2603	8.42299	2.2015260340908314	0.1479421650000000	0.1251282750000000
2609	8.41614	2.2015592640958435	0.1436887050000000	0.0558135250000000
2614	8.40334	2.2006416476777768	0.1528516400000000	0.0829505200000000
2615	8.40334	2.2056345860091846	0.1523999350000000	0.1287571150000000
2619	8.39487	2.2014901377228253	0.1515211450000000	0.0790511350000000
2620	8.39137	2.2016376783172986	0.1100787400000000	0.0384863300000000
2623	8.38740	2.2250160424728005	0.1699525300000000	0.0859096100000000
2624	8.38712	2.2033844573858885	0.1565936500000000	0.0913232400000000
2625	8.38712	2.2014442739296314	0.1461291950000000	0.1036683100000000
2627	8.38446	2.2306364242156764	0.1761194050000000	0.0872899950000000
2633	8.37012	2.1985404655479539	0.1578981200000000	0.1062367800000000
2638	8.36731	2.2733533702611064	0.2219913750000000	0.1224511800000000
257	16.45850	2.1996111646180481	0.1568264400000000	0.0734404850000000
258	16.44450	2.2172835107236657	0.1769601100000000	0.0458813100000000
2640	8.36730	2.1884706436572801	0.1508098200000000	0.1233102450000000
2643	8.36655	2.2007132200219872	0.1394896850000000	0.0889706200000000
2647	8.36622	2.2027369038643076	0.1451388400000000	0.0778607750000000
2650	8.36541	2.2000256825412396	0.1403768500000000	0.0816965850000000
2655	8.36483	2.1982551420102108	0.0933620700000000	0.0905902750000000
2656	8.36471	2.2022728386334971	0.1603649200000000	0.1264333150000000
2666	8.35941	2.2004430583997814	0.1427353400000000	0.0891945600000000
2667	8.35941	2.2017520751761879	0.1369281550000000	0.0733363050000000
2675	8.35100	2.1980817280528551	0.1426671300000000	0.0652456900000000
2677	8.34964	2.1961108960412306	0.1494462500000000	0.0998520100000000
2680	8.34857	2.2045419401136508	0.1690166050000000	0.0658383100000000
2681	8.34857	2.2014961131920412	0.1331565900000000	0.0881455550000000
2682	8.34790	2.2007266920311981	0.1316043600000000	0.0734833700000000
2683	8.34790	2.2021817707670577	0.1559789050000000	0.0948335050000000
2684	8.34776	2.2015204190433511	0.1361993100000000	0.1082285650000000
2686	8.34726	2.2176663518785893	0.1683238350000000	0.1046724050000000
2687	8.34726	2.2010813513861986	0.1269276400000000	0.0893774100000000
2696	8.34384	2.1985168543396520	0.1531300500000000	0.0680421150000000
2697	8.34384	2.2044879045974421	0.1676070300000000	0.0705334300000000
2705	8.34054	2.1984763360863129	0.1068638300000000	0.0770651350000000
2706	8.33796	2.1960111765941592	0.1469493850000000	0.0971421550000000
2707	8.33796	2.2019881577531621	0.1223354650000000	0.1198618850000000
2709	8.33427	2.2013568482045840	0.1498679350000000	0.0799116700000000
2712	8.32388	2.2018522007809715	0.1301352050000000	0.1207205500000000
2717	8.31924	2.2009504180140738	0.1528600500000000	0.0917185800000000
265	16.21370	2.2502088249343744	0.1947877350000000	0.0910057900000000
268	16.15410	2.1964776027429473	0.1657714150000000	0.0937590400000000
270	16.15400	2.2090010167992582	0.1629212850000000	0.0942135600000000
271	16.15400	2.2025631899209008	0.1595019650000000	0.1240292400000000
2720	8.30884	2.2018400601123429	0.1391385400000000	0.1063278400000000
2722	8.30872	2.2005246459587218	0.1439513100000000	0.0789023650000000
2723	8.30872	2.2033548737448512	0.1538396700000000	0.0364009650000000
2724	8.30642	2.1995221376527354	0.1376874950000000	0.0836786850000000
2727	8.30497	2.1933488217468144	0.1728408150000000	0.0700098700000000
2728	8.30123	2.2004145516195006	0.1414103050000000	0.0860467400000000
2734	8.27979	2.1865639637807663	0.1090269450000000	0.1115257350000000
2751	8.27016	2.2001423739085189	0.1523149300000000	0.0692668150000000
2765	8.25435	2.2001162988517411	0.1445379000000000	0.0711027500000000
2766	8.24826	2.1980627147236125	0.1360659150000000	0.0832130400000000
2772	8.23918	2.1915537081370773	0.1341462750000000	0.0863274750000000
2774	8.23870	2.2297263773640488	0.1855601700000000	0.1110839100000000
2779	8.23466	2.2014721264649610	0.1464732200000000	0.0678402950000000
2781	8.23239	2.1990321513203988	0.1219857850000000	0.0975156250000000
2783	8.22956	2.2014496665218770	0.1339849000000000	0.1040040800000000
2787	8.22882	2.1956756488101803	0.1635134950000000	0.0577526750000000
2788	8.22517	2.1995559106500449	0.1426702900000000	0.0869044300000000
2792	8.22157	2.2201818556658020	0.1769890050000000	0.0729277350000000
2795	8.21916	2.2010505144283643	0.1179057000000000	0.1101149950000000
274	16.00470	2.2014250549590839	0.1311749050000000	0.1055828250000000
275	16.00470	2.2007178217316303	0.1388800450000000	0.0618595650000000
2800	8.21535	2.3160476625386144	0.2257704000000000	0.1233836300000000
2802	8.21484	2.1999732650794206	0.1377850050000000	0.1037703750000000
2803	8.21484	2.1997304458085565	0.1443967050000000	0.0788386950000000
2806	8.20236	2.2000376098526599	0.1112194050000000	0.0790902650000000
2807	8.20236	2.2011221593519350	0.1460850150000000	0.0880480500000000
2808	8.20000	2.2019176313690725	0.1359127300000000	0.0785524550000000
2813	8.20000	2.2009760019894857	0.1477101450000000	0.1054701100000000
2815	8.20000	2.1979279671924106	0.1267899350000000	0.0840131050000000
2816	8.20000	2.2025417270333780	0.1642520450000000	0.0320932100000000
2818	8.20000	2.2006248891585378	0.1117909500000000	0.0700988500000000
2820	8.20000	2.1976937013775699	0.1671814200000000	0.0658831800000000
2822	8.20000	2.4018834102655968	0.2568221850000000	0.0965895400000000
2823	8.20000	2.1989655464032327	0.1158117900000000	0.0579883050000000
2827	8.20000	2.1963004342640788	0.1550449600000000	0.0683741100000000
2830	8.20000	2.2014677251202928	0.1603023200000000	0.0701991600000000
2832	8.20000	2.2015809983245189	0.1453000300000000	0.0984345600000000
2836	8.20000	2.2014615386598906	0.1600794250000000	0.0907681500000000
2837	8.20000	2.1854939194637515	0.1566597450000000	0.1462650250000000
2841	8.19420	2.2038085966741741	0.1587397300000000	0.0993499850000000
2843	8.19382	2.2016152006349734	0.1339607700000000	0.0932364500000000
2844	8.19066	2.2011053552051663	0.1534485650000000	0.0806931150000000
2848	8.18384	2.1985372308797477	0.1411593150000000	0.0749322500000000
2858	8.16935	2.1972466138762696	0.1452924250000000	0.0847394050000000
2860	8.16836	2.2004521998790421	0.1457534200000000	0.0950892450000000
2861	8.16836	2.1953120053207744	0.1498897300000000	0.0824981950000000
2862	8.16758	2.2014307207351291	0.1429614950000000	0.0988173800000000
2863	8.16758	2.2014896729978788	0.1196391450000000	0.0879060750000000
2868	8.16181	2.1996981419204857	0.1455772400000000	0.1141296850000000
2869	8.16181	2.2016505933136505	0.1455421300000000	0.0390682200000000
2870	8.15953	2.1953637783464179	0.1228365750000000	0.0803661450000000
2877	8.14937	2.1976183254352577	0.1264940650000000	0.0693143150000000
280	15.79130	2.1629385837293924	0.1337801950000000	0.0789981850000000
2886	8.13966	2.2015046382943666	0.1455991400000000	0.1039965450000000
2887	8.13966	2.2002648811354928	0.1257079700000000	0.0791599500000000
2891	8.13890	2.2010627642246163	0.1142326400000000	0.0669306500000000
2892	8.13840	2.2014283441584035	0.1329498750000000	0.0350431400000000
2899	8.13645	2.1996594513385581	0.1210948950000000	0.0827941600000000
2906	8.13301	2.2026824214592966	0.1564228550000000	0.0482188250000000
2907	8.13301	2.1973370165912254	0.1073788300000000	0.0572110100000000
2908	8.13284	2.1958802409896867	0.1609348650000000	0.0727458200000000
2913	8.12955	2.2014481757028808	0.1684993700000000	0.0785011700000000
2925	8.12265	2.1871814839315027	0.1460519950000000	0.1139897250000000
2927	8.12189	2.2027506435817683	0.1427275700000000	0.0395368050000000
2932	8.11972	2.2015526177049169	0.1357832050000000	0.0593755550000000
2934	8.11876	2.2001613559877038	0.1521731000000000	0.0831120700000000
2940	8.11078	2.1976593158425475	0.1560335450000000	0.0725239150000000
2941	8.11078	2.2014311659689523	0.1688049250000000	0.0582644200000000
2949	8.10659	2.2015307888088618	0.1323108150000000	0.0556837250000000
2952	8.09909	2.2024479378602200	0.1362347000000000	0.1029537600000000
2955	8.09854	2.2014464959575024	0.1428392750000000	0.0656227050000000
289	15.35480	2.2018758252523019	0.1537955650000000	0.0818208350000000
290	15.33460	2.2013898168100403	0.1467420750000000	0.0964142750000000
293	15.33040	2.2018830941963086	0.1477105100000000	0.0929768050000000
294	15.28500	2.1978205736318182	0.1068285600000000	0.0733950700000000
295	15.28500	2.1993501766181756	0.1296649800000000	0.1055654100000000
2961	8.09740	2.1982955185101440	0.0815192100000000	0.0436715300000000
2962	8.09702	2.2011925554000031	0.1309101100000000	0.0485417650000000
2964	8.09688	2.3523783270854270	0.2334617300000000	0.1209807800000000
2966	8.09614	2.2001619276926805	0.1113680650000000	0.1299254800000000
2969	8.09578	2.2359021473774452	0.1735538950000000	0.0445478100000000
2970	8.09432	2.2014059917200877	0.1497379150000000	0.0844105500000000
2971	8.09432	2.1976414238544169	0.1350862750000000	0.0734526250000000
2972	8.09383	2.2003483682094664	0.1528906750000000	0.0758751000000000
2973	8.09383	2.2033648965957475	0.1375237000000000	0.0494817750000000
2976	8.09157	2.1984923798809524	0.1422892400000000	0.0428918200000000
2977	8.09157	2.2584068510103639	0.1604825600000000	0.1014814550000000
2987	8.09000	2.2007283518635741	0.1617873250000000	0.0945186750000000
2993	8.09000	2.2004710148463129	0.1412717700000000	0.0657560650000000
2994	8.09000	2.1979537323439162	0.1280370500000000	0.0928901350000000
2995	8.09000	2.1951117139282159	0.1298975800000000	0.0954817050000000
2998	8.09000	2.2019483515539870	0.1333941000000000	0.1089133450000000
3007	8.09000	2.1953183040591076	0.1466250600000000	0.0539096850000000
3008	8.09000	2.2037929826569878	0.1566628900000000	0.0736111450000000
3010	8.09000	2.2007798151382083	0.1579972550000000	0.0945472950000000
3011	8.09000	2.2016275687764884	0.1214190150000000	0.0638412950000000
3012	8.09000	2.1963566982801748	0.1613224850000000	0.0495017800000000
3014	8.09000	2.2193801486123839	0.1727245850000000	0.1232046350000000
3021	8.09000	2.2001125408444491	0.1477980500000000	0.0883297600000000
3023	8.09000	2.2007294653583345	0.1422329900000000	0.0816438500000000
3024	8.08933	2.1972152814874879	0.1181383700000000	0.1116628200000000
3035	8.08582	2.4246275985932404	0.2806922800000000	0.1291579400000000
3036	8.08477	2.2005896320650091	0.1365182600000000	0.1053226800000000
3037	8.08477	2.2014931346063116	0.1475920650000000	0.0644374750000000
3039	8.08469	2.4459379368290239	0.2927914200000000	0.0598071550000000
300	15.20500	2.1992941858838941	0.1518079350000000	0.1039438750000000
3045	8.08006	2.2013804652582913	0.1540303800000000	0.0485071300000000
3046	8.07997	2.2000343630172878	0.1696268600000000	0.0812282050000000
3050	8.07978	2.2005469492625940	0.1463818500000000	0.0512559450000000
3052	8.07878	2.1956366182061493	0.1562785700000000	0.0838413200000000
3055	8.07877	2.2011287065627756	0.1327347000000000	0.0478445550000000
3058	8.07629	2.1998979546827577	0.1343921250000000	0.0994247650000000
3062	8.07519	2.1991513416813420	0.1580730350000000	0.0754221200000000
3063	8.07519	2.2003867805979378	0.1323199200000000	0.1021322300000000
3064	8.07504	2.2019333186121006	0.1306642000000000	0.1033793850000000
3066	8.07475	2.2033694455691282	0.1666972400000000	0.0823908500000000
3076	8.07056	2.2318865859847494	0.1901444200000000	0.1093687900000000
3085	8.06592	2.1992724277482982	0.1350610150000000	0.0860243650000000
3088	8.06143	2.1971868799212757	0.1607081800000000	0.0999757950000000
3090	8.05591	2.1981657626499098	0.1323229250000000	0.0756457150000000
3091	8.05591	2.1965856262677952	0.1208793150000000	0.0567234150000000
3094	8.05502	2.2000346341098314	0.1339607200000000	0.0828577950000000
3096	8.05430	2.2001479670867989	0.1320469400000000	0.0962237200000000
3098	8.05418	2.2013601492654837	0.1477565100000000	0.1018951900000000
3101	8.05284	2.2003069192755969	0.1235781800000000	0.0572166750000000
3103	8.05240	2.1989301211461130	0.1553221700000000	0.0719989500000000
3104	8.05108	2.2001915102620129	0.1464677600000000	0.0770483400000000
3106	8.05001	2.2021133496630125	0.1637361700000000	0.1093279050000000
3107	8.05001	2.1994064227961094	0.1506297400000000	0.0963894300000000
3109	8.04961	2.1925370694803146	0.1358235800000000	0.0982229100000000
3111	8.04777	2.2010352089538991	0.1476514450000000	0.1148436350000000
3113	8.04733	2.1996723821147199	0.1131396550000000	0.0602173200000000
3117	8.04640	2.2979707961910232	0.2345106750000000	0.0794443900000000
3119	8.04453	2.1973961666991153	0.1352665150000000	0.1050829700000000
304	15.13640	2.1996660505123984	0.1340465650000000	0.0431379400000000
305	15.13640	2.2010228045633564	0.1394584800000000	0.0896074550000000
3123	8.04340	2.2002601657817666	0.1441565650000000	0.0872647550000000
3126	8.04223	2.2560871795034516	0.0780015200000000	0.1159615600000000
3129	8.04112	2.2191551125989051	0.1799919350000000	0.0864796600000000
3131	8.04084	2.1971189810634155	0.1482845700000000	0.0831795000000000
3135	8.04006	2.2859235374893299	0.2095770150000000	0.0498417400000000
3141	8.03554	2.3165804035450503	0.2133239300000000	0.0964576850000000
3142	8.03299	2.2015268038374383	0.1570042800000000	0.0666842400000000
3150	8.02781	2.2006032163775204	0.1635235000000000	0.1198281850000000
3153	8.02779	2.2019496971551051	0.1476856400000000	0.0753494550000000
3154	8.02334	2.2052839851672048	0.1719577900000000	0.0426031800000000
3155	8.02334	2.1978480809499419	0.1425202100000000	0.0821139000000000
3156	8.02310	2.1993820261729193	0.1525567150000000	0.1073273650000000
3162	8.01282	2.2005179737378477	0.1257684850000000	0.0956292400000000
3163	8.01282	2.2050984181735811	0.1564679400000000	0.0986680850000000
3169	8.01082	2.1977300785671181	0.1283213450000000	0.0592218250000000
3170	8.01077	2.1951251065402464	0.1543914800000000	0.0761096400000000
3171	8.01077	2.2006429244292365	0.1435883200000000	0.0770368300000000
3172	8.01076	2.1986043440777689	0.1144419800000000	0.1074015600000000
3176	8.01068	2.2014854078947321	0.1256036800000000	0.1011043500000000
3184	8.01041	2.1791954785517835	0.1431314550000000	0.0921577300000000
3186	8.01038	2.2019948783324859	0.1575148100000000	0.0493384150000000
313	15.02260	2.2016738768103363	0.1552249600000000	0.0997983050000000
315	15.01960	2.2067774412103622	0.1599710150000000	0.0886117400000000
318	14.98660	2.2165562106906203	0.1644144050000000	0.0408143050000000
319	14.98660	2.1991862055681817	0.1348378750000000	0.0805111150000000
24	94.60730	2.2013993843227309	0.1588530500000000	0.0824300850000000
25	94.60730	2.1992647523476254	0.1402077950000000	0.0883634450000000
26	87.04670	2.2001181662110976	0.1622033500000000	0.0991775350000000
29	80.53700	2.2011520310528501	0.1202907200000000	0.0808014700000000
321	14.98120	2.2001826064165271	0.1390078100000000	0.0828146550000000
322	14.93200	2.1965774889532721	0.1422404150000000	0.0752784250000000
324	14.87310	2.1978973048093895	0.1494390350000000	0.0674747300000000
325	14.87310	2.1985639168134283	0.1524316850000000	0.0883387850000000
326	14.79800	2.2013882877494857	0.1603476700000000	0.0712724850000000
331	14.71390	2.2001295686481059	0.1388631050000000	0.0778796150000000
340	14.65040	2.1671501219762255	0.1061345050000000	0.0657901850000000
343	14.64570	2.1902471073549106	0.1438794700000000	0.1202361750000000
346	14.61920	2.2074398957406611	0.1587865250000000	0.0994473500000000
348	14.61380	2.1996027339463375	0.1558007750000000	0.0931429200000000
349	14.61380	2.1994641099512213	0.1566820750000000	0.0875503450000000
351	14.57300	2.2001611537897428	0.1369819600000000	0.0925074350000000
355	14.55770	2.3375611861070964	0.2295534150000000	0.1407438000000000
361	14.54000	2.1996167772071180	0.1489636750000000	0.0930165950000000
363	14.53350	2.1975613018279740	0.1402965750000000	0.0861405250000000
364	14.51810	2.1971656187297741	0.1449608600000000	0.0767300300000000
365	14.51810	2.1985838724240634	0.1497672350000000	0.1025451500000000
369	14.49040	2.1999507808090022	0.1260764550000000	0.1049716350000000
371	14.46400	2.1997061933233035	0.1262451200000000	0.0706464300000000
379	14.38140	2.1796605625728187	0.1569580750000000	0.1058260050000000
384	14.28480	2.1979780094258730	0.1466575350000000	0.0971321850000000
387	14.18730	2.1997674082500907	0.1348452300000000	0.0990456150000000
390	14.17370	2.1851767559233277	0.1450203200000000	0.1518842300000000
394	14.07540	2.2193592706309038	0.1752608900000000	0.1025866050000000
396	14.06080	2.2015158632571024	0.1353632750000000	0.1034921650000000
397	14.06080	2.2039747444933053	0.1576493250000000	0.0854572350000000
32	70.71640	2.2005225245069195	0.1373406400000000	0.0878080150000000
33	70.71640	2.1909969893574273	0.1435026300000000	0.0865356300000000
35	68.84570	2.2007198906782857	0.1468251350000000	0.0787086050000000
38	61.69190	2.2013488629133220	0.1545509000000000	0.1038023950000000
401	14.01960	2.2000162789860864	0.1415289250000000	0.0502793850000000
407	13.94830	2.2008132428238074	0.1365783450000000	0.0812611250000000
411	13.90950	2.2000814712825494	0.1256167000000000	0.0645805450000000
414	13.85370	2.2004098772019778	0.1259525200000000	0.0692782500000000
418	13.68290	2.2001866436777653	0.1324365250000000	0.0928375300000000
419	13.68290	2.2057769584456062	0.1479664050000000	0.1051936100000000
422	13.54540	2.1972733133823286	0.1524060400000000	0.1110236150000000
425	13.54440	2.2020418672931150	0.1518718000000000	0.0913229850000000
427	13.50120	2.3890220494352445	0.2851523950000000	0.1511989600000000
432	13.40180	2.1984362902401160	0.1760778350000000	0.1102505900000000
438	13.38340	2.2008700636289693	0.1557109300000000	0.1027948000000000
447	13.34220	2.2002220623885207	0.1142760900000000	0.0625503150000000
450	13.33800	2.2143085351511296	0.1574365650000000	0.0708891100000000
452	13.33780	2.3586447600172478	0.2386209700000000	0.0664613800000000
454	13.33650	2.2003584291601288	0.1486201200000000	0.0868025400000000
456	13.33480	2.2042535780831969	0.1714769150000000	0.0466541200000000
459	13.32660	2.1993082397025265	0.1464238350000000	0.0989432750000000
463	13.31140	2.1999078429666494	0.1419455850000000	0.1011555700000000
465	13.29930	2.2013331618182970	0.1467858150000000	0.1107079650000000
468	13.28160	2.2021731956663015	0.1360954200000000	0.0805194600000000
471	13.28050	2.3755327083684179	0.2384663450000000	0.1132787100000000
472	13.26610	2.1982132114206494	0.1215008350000000	0.0738728350000000
474	13.26380	2.1996945597366580	0.1605999100000000	0.0758460000000000
477	13.25220	2.1986157857351545	0.1547858650000000	0.0848139550000000
479	13.23430	2.2001016164340408	0.1223821900000000	0.0809640750000000
43	59.26770	2.1993922118651148	0.1379910050000000	0.0826187650000000
46	53.66980	2.1996383433647546	0.1498377100000000	0.0401454850000000
480	13.21680	2.1947926756471263	0.1335069500000000	0.1173926350000000
482	13.21390	2.1994256029486721	0.1212063750000000	0.0699478650000000
485	13.21000	2.1976695217399507	0.1033813400000000	0.0595158750000000
489	13.21000	2.2707976613137939	0.2136593200000000	0.1280340500000000
490	13.21000	2.2071090723481870	0.1604580050000000	0.1027825700000000
491	13.21000	2.1907516675276946	0.1556571550000000	0.0974545800000000
502	13.20940	2.3167180292329732	0.2834743900000000	0.1264856350000000
505	13.20780	2.2006142929857040	0.1457873400000000	0.0910515900000000
507	13.20770	2.2014336038484141	0.1715152250000000	0.0722191200000000
508	13.20740	2.2005427442721022	0.1518207500000000	0.0859725900000000
510	13.20650	2.2001472282302563	0.1411358000000000	0.1012153250000000
513	13.20600	2.1991826896810904	0.1196843900000000	0.0505545900000000
514	13.20600	2.2010674975310547	0.1269084950000000	0.0348689250000000
515	13.20600	2.1984062903077053	0.1546187500000000	0.0971103550000000
517	13.20490	2.2014650177689554	0.1602362500000000	0.0713270200000000
518	13.20380	2.1986251614478598	0.1270334700000000	0.1140749850000000
523	13.19800	2.3083836534097637	0.2390423800000000	0.1429521550000000
526	13.19720	2.1946120231720005	0.1432607100000000	0.0934721350000000
531	13.19420	2.2024381892513465	0.1505404700000000	0.0861433450000000
532	13.19230	2.2009571048927885	0.1258198250000000	0.0945649450000000
535	13.19200	2.2009867750291656	0.1622720650000000	0.0480477050000000
536	13.19110	2.1985331815046378	0.0903665950000000	0.1002951500000000
537	13.19110	2.2007817041018036	0.1501896300000000	0.1057264100000000
544	13.10570	2.2008920242160293	0.1465496150000000	0.0939801950000000
547	13.09850	2.1958123965390302	0.1274797550000000	0.0598775550000000
49	53.59700	2.2034314085989979	0.1323688300000000	0.1155996500000000
54	46.41530	2.1934948971605959	0.1554913350000000	0.1140386150000000
561	13.04230	2.2015075042807983	0.1427312750000000	0.0959178950000000
565	13.01880	2.1977024345120388	0.1583600700000000	0.0457924800000000
566	13.01160	2.2002880579090665	0.1097754950000000	0.0605636850000000
567	13.01160	2.2011256081570894	0.1403705800000000	0.1125874900000000
581	12.80710	2.1785199662946404	0.0710140150000000	0.0663563200000000
582	12.78530	2.2011026158372435	0.1317724950000000	0.0768588600000000
586	12.70350	2.1973950398330633	0.1445823550000000	0.1026668200000000
588	12.67040	2.2014878714056114	0.1487749250000000	0.0888072700000000
589	12.67040	2.2006563606055924	0.1389282950000000	0.0747015300000000
592	12.65950	2.2408492422030184	0.1995284700000000	0.1288494950000000
598	12.62770	2.1996543378698998	0.1178126000000000	0.0580451150000000
599	12.62770	2.2014556129778224	0.1519339950000000	0.0703296850000000
606	12.57920	2.2018617701511296	0.1423832250000000	0.1078833400000000
607	12.57920	2.1994143435689866	0.1513170300000000	0.0888831800000000
613	12.56160	2.1986072391075999	0.1129374800000000	0.0809117600000000
618	12.53700	2.1971713821630146	0.1389707000000000	0.1004943600000000
622	12.52010	2.2578182281507075	0.2189112000000000	0.0809062850000000
624	12.48940	2.2020904537776680	0.1436973600000000	0.0771099400000000
625	12.48940	2.1995943792993069	0.1503834950000000	0.0975622650000000
628	12.44730	2.2002707880256298	0.1507094900000000	0.0762477000000000
629	12.44730	2.2237563743331759	0.1825695250000000	0.0747104250000000
630	12.43320	2.2005285492041446	0.1172362200000000	0.1002106400000000
631	12.43320	2.1958512874697638	0.1579544800000000	0.0459468200000000
634	12.41290	2.1995047825645608	0.1295703050000000	0.1138211650000000
637	12.39640	2.1971344076316535	0.1473275900000000	0.0704561550000000
57	45.89990	2.1999151124278109	0.1475899950000000	0.0997722150000000
60	42.09350	2.1993972179647998	0.1390320350000000	0.0776578250000000
63	41.41560	2.1994167069216410	0.1662617400000000	0.0858349600000000
643	12.35490	2.1996462481638246	0.1373573400000000	0.0812715200000000
646	12.33170	2.2001575151145314	0.1510967900000000	0.0810288300000000
650	12.31590	2.3836047234408251	0.2808376300000000	0.1578218300000000
653	12.30530	2.1946998632990642	0.1473651250000000	0.0568734450000000
656	12.29600	2.2045398150232942	0.1800253800000000	0.0897153650000000
663	12.27620	2.1990514342971852	0.1256244000000000	0.0674035000000000
666	12.27310	2.2015042417871591	0.1412371050000000	0.0799835750000000
670	12.26760	2.1997493021905905	0.1327495900000000	0.0745397950000000
671	12.26760	2.2996948894660600	0.2373655400000000	0.1226324400000000
677	12.25110	2.2002679697610379	0.1257948850000000	0.0995984550000000
690	12.24820	2.1984912553596496	0.1026127550000000	0.0926832650000000
691	12.24820	2.3090305299119347	0.2280918700000000	0.0966586300000000
694	12.24330	2.1950044430523783	0.1571398900000000	0.0884547300000000
695	12.24330	2.2124042346380941	0.1561597100000000	0.0833262400000000
696	12.24270	2.2020303805688801	0.1491076000000000	0.1007388950000000
700	12.23890	2.2008914120443190	0.1453454350000000	0.0457630400000000
703	12.23870	2.2460925124261695	0.2012428900000000	0.1264659800000000
716	12.23140	2.2000713018832201	0.1398397850000000	0.0942167450000000
719	12.22970	2.1995124541588016	0.1285479150000000	0.0719997650000000
68	34.70490	2.2019342095401107	0.1260691850000000	0.1034699200000000
69	34.70490	2.2001668828895373	0.1278771300000000	0.0968721150000000
70	34.34650	2.2034335335780000	0.1647548400000000	0.0873980850000000
71	34.34650	2.1982548836083078	0.1598782800000000	0.0945061050000000
721	12.20990	2.2003907863292467	0.1614770750000000	0.0783073300000000
725	12.19220	2.1665073689866814	0.1767459650000000	0.0445558650000000
726	12.19070	2.2009711494341690	0.1524541400000000	0.0803429400000000
727	12.19070	2.1992366637072616	0.1332511750000000	0.0462939500000000
728	12.18790	2.1998762757977368	0.1486105600000000	0.0831165250000000
732	12.18330	2.2022889053277108	0.1686530700000000	0.0612205300000000
735	12.18250	2.2004684742920051	0.1304181050000000	0.0894714200000000
736	12.18220	2.2030723707973645	0.1716146400000000	0.1223258100000000
737	12.18220	2.2009073013745208	0.1378550000000000	0.0469849800000000
743	12.16830	2.2060550619547343	0.1572116500000000	0.0961845500000000
744	12.16780	2.2006426593361446	0.1336536900000000	0.0927383700000000
749	12.16000	2.2009550679701153	0.1330827600000000	0.1256153000000000
750	12.14600	2.1979675532226732	0.1388734950000000	0.0479610450000000
754	12.06250	2.2024468066110585	0.1516312800000000	0.0853903800000000
759	12.04560	2.2003031789548935	0.1371431550000000	0.1001119800000000
762	11.98980	2.1937756016859984	0.1600621500000000	0.1160945550000000
764	11.96210	2.2414729429307143	0.1895120600000000	0.1125634500000000
766	11.96070	2.1991884718327128	0.1424948900000000	0.1051482200000000
771	11.91480	2.2006872094343386	0.1427720000000000	0.1027235200000000
772	11.90250	2.1656714977118723	0.1020340500000000	0.1030561050000000
778	11.86530	2.1985145121124559	0.1694216400000000	0.0796791650000000
780	11.85060	2.2005122408429800	0.1568976950000000	0.0991470050000000
781	11.85060	2.2617873566631452	0.1852998350000000	0.1255020700000000
785	11.83300	2.2003751113616938	0.1356860100000000	0.0959986900000000
790	11.79730	2.2002046025141317	0.1410562600000000	0.0862936000000000
791	11.79730	2.2031389646973163	0.1596402700000000	0.0720376350000000
793	11.78360	2.2004702776621925	0.1457328600000000	0.1078645800000000
794	11.77660	2.1996164274332002	0.1399777850000000	0.0976991600000000
798	11.74940	2.2007380320953556	0.1369980100000000	0.0761523400000000
799	11.74940	2.1977921655552786	0.1321363750000000	0.0778038650000000
73	32.34910	2.1998759319734025	0.0952312350000000	0.0630562300000000
