10.0400_0	2.2047726840881339	0.1551130800000000	0.0826235900000000
10.0400_1	2.1954334086368621	0.1477296300000000	0.1044083300000000
10.1000_0	2.2024512867154753	0.1545802050000000	0.1053114000000000
10.1300_0	2.2047280121438115	0.1727714450000000	0.0929211350000000
10.1300_1	2.1966559065616504	0.1457468400000000	0.0976580750000000
10.1930_0	2.2047647360411502	0.1599206650000000	0.1054178750000000
10.1930_1	2.1959706310632425	0.1450138100000000	0.0897748850000000
10.2700_0	2.1902678954072301	0.1704903850000000	0.1290777950000000
10.2700_1	2.1995828325340150	0.1552114950000000	0.0829476900000000
10.3000_1	2.1984756879981755	0.1506431850000000	0.0983635200000000
10.3800_0	2.2004115903726618	0.1628101250000000	0.0965415300000000
10.3800_1	2.1946463760416970	0.1566027600000000	0.1004056550000000
10.3900_0	2.1989771571699968	0.1389798700000000	0.0967300900000000
10.3900_1	2.3502953693878204	0.2429392600000000	0.1054757800000000
10.4200_0	2.2047059194973175	0.1482787750000000	0.0982612750000000
10.4200_1	2.1953381394786278	0.1527367150000000	0.0971965500000000
10.6200_0	2.2061944957522424	0.1634107600000000	0.1037202400000000
10.6200_1	2.1962946643174144	0.1459724750000000	0.0948159600000000
10.7300_0	2.2047299441976937	0.1587029200000000	0.0885701200000000
10.7600_0	2.2047050755660318	0.1510356600000000	0.0996064950000000
10.7600_1	2.2262019484773141	0.2532991550000000	0.1229757600000000
10.8800_0	2.2029195494019076	0.1459447550000000	0.0886345700000000
10.8800_1	2.1984440298419092	0.1515178350000000	0.0958062150000000
10.9200_0	2.2033763519470941	0.1442888700000000	0.0988050100000000
10.9300_1	2.1956051901402258	0.1499311300000000	0.0993718050000000
11.0400_0	2.2019833529497101	0.1576938400000000	0.1052198150000000
11.0400_1	2.1965763090562040	0.1483362100000000	0.1073880150000000
11.0600_0	2.2069816780926321	0.1630604100000000	0.1029648250000000
11.0600_1	2.1970679576670031	0.1472772500000000	0.0942178200000000
11.0800_0	2.2026309469975986	0.1665872350000000	0.1002954150000000
11.0800_1	2.1968291027051574	0.1527070850000000	0.1019129350000000
11.1200_0	2.2026350615941066	0.1520685550000000	0.1005789800000000
11.1900_0	2.2007740005628844	0.1456657450000000	0.1003118750000000
11.3800_1	2.1984700758034590	0.1577605800000000	0.1066347000000000
11.4400_1	2.1951720045093879	0.1547667600000000	0.1056085550000000
11.4600_0	2.2028630522533308	0.1495488050000000	0.1032413650000000
11.4600_1	2.1953134604060986	0.1485455050000000	0.1104097000000000
11.5300_0	2.2029288452729068	0.1441878000000000	0.0915808250000000
11.6400_0	2.2024722811864703	0.1527997800000000	0.1017434200000000
11.6400_1	2.1951225521490039	0.1542708800000000	0.0944127950000000
11.7000_1	2.2008795287532146	0.1712361650000000	0.0936430550000000
11.7001_0	2.2033622036239002	0.1529486000000000	0.0984478300000000
11.7002_0	2.2071146096521250	0.1666756950000000	0.1094864850000000
11.7002_1	2.1943206407177684	0.1500094900000000	0.0984821600000000
11.7450_1	2.3445974792360369	0.2623304600000000	0.1227218750000000
11.7600_0	2.2019745039750487	0.1508619250000000	0.0986518000000000
11.7600_1	2.1945944419162027	0.1499825200000000	0.0968734850000000
11.8200_0	2.2029914375223263	0.1553044700000000	0.0892091050000000
11.8200_1	2.1966510878343732	0.1558269900000000	0.0993100500000000
11.8700_0	2.2054784633824407	0.1470808050000000	0.0973088750000000
11.8700_1	2.1961035744176081	0.1430101650000000	0.0972720250000000
11.9600_0	2.1995424096316820	0.1692817900000000	0.1140970350000000
11.9600_1	2.1944656993437315	0.1438513450000000	0.1025439400000000
12.1600_0	2.2041294034950090	0.1488971850000000	0.0857238400000000
12.1600_1	2.1921848100340959	0.1520921900000000	0.1026532050000000
12.2300_0	2.1916177495192093	0.2063380300000000	0.1350916950000000
12.2300_1	2.1984711097624734	0.1452788550000000	0.0894167300000000
12.3100_0	2.2021585845737186	0.1555782350000000	0.0851281550000000
12.3100_1	2.1950539067381123	0.1589413850000000	0.0935542200000000
12.4700_1	2.1966529525763345	0.1498253450000000	0.1124499450000000
12.5600_1	2.1967116296985942	0.1464711400000000	0.0913334000000000
12.6200_0	2.2028182109068668	0.1374898650000000	0.1004369200000000
12.6200_1	2.1982754310632551	0.1675152850000000	0.1025493700000000
12.6400_0	2.2028177154774617	0.1501312050000000	0.0854601150000000
12.6400_1	2.1954128340588017	0.1515111100000000	0.0971361800000000
12.8900_0	2.2030415435496176	0.1439046100000000	0.1001851900000000
13.0600_0	2.2043526187278450	0.1515039900000000	0.0979376650000000
13.0600_1	2.2024655493044736	0.1707193650000000	0.1187631700000000
13.2100_0	2.2023528868839839	0.1511469800000000	0.0976001750000000
13.2100_1	2.1967902145761995	0.1588860650000000	0.1048039050000000
13.2101_0	2.2041980877106422	0.1474713000000000	0.0939623800000000
13.2101_1	2.1982570629297422	0.1476929800000000	0.0954403800000000
13.3200_0	2.2032439577730987	0.1745130350000000	0.0973523650000000
13.3200_1	2.1979804788780544	0.1505450900000000	0.0917696550000000
13.4200_1	2.1801148786330669	0.1479603450000000	0.1144951550000000
13.9800_0	2.2026551260678358	0.1422611950000000	0.0942415000000000
14.1600_0	2.2041037812730320	0.1600917700000000	0.1098509300000000
14.1600_1	2.1962840554356786	0.1441536000000000	0.0998099350000000
14.7200_0	2.2007403206127236	0.1446279600000000	0.0969471350000000
147.4900_0	2.2002933213602041	0.1401911600000000	0.0882789850000000
147.4900_1	2.2001889151139058	0.1528979350000000	0.1055654750000000
15.1400_0	2.2005447543089889	0.1410239700000000	0.1050715150000000
15.1400_1	2.1984013955870099	0.1499191750000000	0.1011962350000000
15.4300_0	2.2027927066975326	0.1620591300000000	0.0805000200000000
16.3900_0	2.2032197305280521	0.1547164600000000	0.0771324050000000
16.4200_0	2.2025606459100215	0.1512326100000000	0.0948327200000000
16.4200_1	2.1983914475877824	0.1419106200000000	0.0892674500000000
16.7800_0	2.2010286652748028	0.1485402750000000	0.1055424750000000
16.7800_1	2.1974434895540420	0.1505159750000000	0.0935910050000000
17.2000_1	2.1963697225926428	0.1437687750000000	0.0959745350000000
19.1500_0	2.2019559525581291	0.1511321100000000	0.0987250150000000
26.7440_0	2.2006214583016179	0.1524931650000000	0.0990481400000000
26.7440_1	2.1951432289246831	0.1545197900000000	0.0981966250000000
27.1600_0	2.2008317375010615	0.1568973350000000	0.0932799300000000
27.1600_1	2.1994321101663119	0.1515966500000000	0.0953877650000000
27.7100_0	2.2026458568250895	0.1392305200000000	0.0905355950000000
32.8900_1	2.1988318790950032	0.1527469650000000	0.0954932600000000
35.4700_0	2.2001033109669215	0.1403162850000000	0.0988335050000000
35.4700_1	2.1985060924913262	0.1539154950000000	0.0932768650000000
36.2800_0	2.2013150321832966	0.1496059150000000	0.0955974850000000
36.2800_1	2.1988259576891616	0.1370515700000000	0.0980201150000000
40.8400_0	2.2001293064029768	0.1429944400000000	0.0969486700000000
40.8400_1	2.1983985988412851	0.1510863600000000	0.0862474900000000
46.7500_0	2.2009130284030443	0.1542828300000000	0.1041430050000000
46.7500_1	2.1999492520902475	0.1792779500000000	0.1088877350000000
47.2000_0	2.1984366850543116	0.1598925500000000	0.0958179750000000
47.2000_1	2.1990978525951799	0.1625534050000000	0.0940526850000000
5.0030_0	2.2065017506224325	0.1520266000000000	0.0939554450000000
5.0030_1	2.1922462474751589	0.1533221650000000	0.1020640750000000
5.0031_0	2.2061318920400210	0.1557578900000000	0.0906332200000000
5.0032_0	2.2098305137452923	0.1383541600000000	0.0924830750000000
5.0032_1	2.1888896808340572	0.1563829050000000	0.0947540600000000
5.0040_0	2.2008294272824003	0.1510483550000000	0.1011608700000000
5.0040_1	2.1908041239009628	0.1594467050000000	0.1027622100000000
5.0070_1	2.1953977961539297	0.1576097950000000	0.0952079550000000
5.0071_0	2.2014319214320546	0.1338463850000000	0.1036662050000000
5.0100_0	2.2082735567729173	0.1544427000000000	0.0987246150000000
5.0100_1	2.2000374074539653	0.1572324050000000	0.0834748600000000
5.0120_0	2.2071367410909142	0.1499013650000000	0.0949063500000000
5.0120_1	2.2009379427225553	0.1628440600000000	0.1090176850000000
50.1400_0	2.2005533279679326	0.1514422350000000	0.1102509900000000
50.1400_1	2.1980475160880606	0.1589297750000000	0.1083971350000000
5.0140_0	2.2148316182896313	0.1601994900000000	0.0916511850000000
5.0140_1	2.1871706164745617	0.1557369800000000	0.0822192250000000
5.0180_0	2.2062236342204602	0.1361187250000000	0.1057696750000000
5.0181_0	2.2060605035358449	0.1524477600000000	0.1003243550000000
5.0182_0	2.2013978428285705	0.1610010500000000	0.1222044550000000
5.0183_0	2.2054417750009003	0.1593380600000000	0.0980565600000000
5.0210_0	2.2064807521835523	0.1361605700000000	0.1175441550000000
5.0210_1	2.1922794594217017	0.1537506500000000	0.1037106350000000
5.0230_0	2.2014185373689341	0.1556702550000000	0.1035950450000000
5.0230_1	2.1907839698919940	0.1531840450000000	0.1011177900000000
5.0260_0	2.2048536952394064	0.1467056650000000	0.1003630150000000
5.0260_1	2.1933061606263209	0.1664258350000000	0.1069181800000000
5.0290_0	2.2058041852457242	0.1554994200000000	0.1079793500000000
5.0290_1	2.1984849036650189	0.1637181050000000	0.1011661000000000
5.0300_0	2.2032894933434464	0.1633403650000000	0.1105719700000000
5.0301_0	2.2079983413384658	0.1580187150000000	0.1124866150000000
5.0301_1	2.1900752101235650	0.1459325600000000	0.0952280300000000
5.0302_0	2.2102291522812392	0.1441415900000000	0.1154707750000000
5.0310_0	2.2057176615361556	0.1309422650000000	0.1011198600000000
5.0310_1	2.1944773547982881	0.1468254800000000	0.0934439300000000
5.0340_0	2.2060504581906866	0.1693801300000000	0.0891308300000000
5.0341_0	2.2225310055919416	0.1754592200000000	0.1170221100000000
5.0341_1	2.1999258928031065	0.1608976950000000	0.1087854550000000
5.0370_0	2.2082983934388714	0.1599365500000000	0.1133060000000000
5.0370_1	2.2059224298390778	0.1730670350000000	0.1152698300000000
5.0400_0	2.2041960072441231	0.1444224750000000	0.0969033000000000
5.0400_1	2.1984478571734991	0.1380287300000000	0.0960820550000000
5.0401_0	2.2066015536346990	0.1500685900000000	0.0927726250000000
5.0401_1	2.2168387358045032	0.1905685800000000	0.0927876400000000
5.0402_0	2.2106932756808857	0.1488153550000000	0.1060474300000000
5.0402_1	2.1933242781750812	0.1583129200000000	0.0893645000000000
5.0410_0	2.2035305739314852	0.1496327450000000	0.0992443300000000
5.0450_0	2.2061779547724258	0.1505106800000000	0.0999058800000000
5.0450_1	2.1423323218376664	0.1981966550000000	0.0943486700000000
5.0500_0	2.2075347156435021	0.1582249200000000	0.1035705850000000
5.0500_1	2.1974581915803664	0.1612778950000000	0.1042093450000000
5.0501_0	2.2062177679528552	0.1488658150000000	0.1022491950000000
5.0540_0	2.2072930954958134	0.1500040550000000	0.1045903700000000
5.0600_0	2.2085869545091090	0.1548430000000000	0.1089570150000000
5.0601_0	2.2033380183691005	0.1460400450000000	0.0925460350000000
5.0601_1	2.1900419950344223	0.1520980650000000	0.1135683300000000
5.0620_0	2.2053198731934920	0.1519109600000000	0.1039698500000000
5.0620_1	2.1905851663391323	0.1601561150000000	0.1119028000000000
5.0700_0	2.2024377768463004	0.1512569000000000	0.0970270900000000
5.0700_1	2.1944064277671056	0.1607027150000000	0.0659307000000000
5.0800_0	2.2065009251563188	0.1518806600000000	0.1014293650000000
5.0800_1	2.1913880331165339	0.1471795900000000	0.0992657500000000
5.0801_0	2.2092782241563547	0.1468515100000000	0.0903235050000000
5.0801_1	2.1603248419014358	0.2407965300000000	0.1354571550000000
5.0900_0	2.2051431821889529	0.1516793450000000	0.0903202000000000
5.0920_0	2.2026150105961801	0.1409626000000000	0.1028906500000000
5.0920_1	2.1898234532363672	0.1509508850000000	0.0961644450000000
5.1000_0	2.2013993655993476	0.1498090450000000	0.1009184150000000
5.1000_1	2.2281874525142613	0.1948861500000000	0.0759509050000000
5.1001_0	2.2091124250364693	0.1464574200000000	0.0822187250000000
5.1001_1	2.1636021800155700	0.1294483550000000	0.0675512250000000
5.1020_0	2.2053931614913713	0.1386144900000000	0.1053227700000000
5.1030_0	2.1893911407081483	0.1153982750000000	0.1047298650000000
5.1030_1	2.2002109341597289	0.1505132350000000	0.1090888850000000
5.1040_0	2.2079882154297596	0.1572410500000000	0.1092068100000000
5.1040_1	2.1984408304368577	0.1756084300000000	0.1082407500000000
5.1080_0	2.1899602629374151	0.1610370250000000	0.1161806150000000
5.1080_1	2.1930805503351154	0.1448903200000000	0.1003125100000000
5.1100_0	2.2073419589032874	0.1564334400000000	0.1010227300000000
5.1100_1	2.1945437027551296	0.1648481250000000	0.0894749800000000
5.1170_0	2.2070301955632305	0.1465336400000000	0.0881821850000000
5.1170_1	2.1910244391072995	0.1682845200000000	0.1158754250000000
5.1180_0	2.2075771294335409	0.1483322150000000	0.0932077850000000
5.1180_1	2.1871147425414392	0.1496436250000000	0.0886459250000000
5.1210_0	2.2073668362076799	0.1476910400000000	0.1074160800000000
5.1210_1	2.1979515967672567	0.1426130150000000	0.0859629750000000
5.1270_0	2.2076207571032751	0.1530167100000000	0.1051326750000000
5.1270_1	2.1949417370895237	0.1534391800000000	0.0811235850000000
5.1310_0	2.2069648357280744	0.1413421950000000	0.1099624050000000
5.1310_1	2.1987671341747075	0.1402429250000000	0.0878875350000000
5.1330_0	2.2051880028851234	0.1422118150000000	0.0990508300000000
5.1330_1	2.1958372712093404	0.1470588050000000	0.1082504650000000
5.1340_0	2.2084803600398453	0.1471064950000000	0.1003209100000000
5.1340_1	2.1967124996775289	0.1474362950000000	0.1022923850000000
5.1341_0	2.2282163153341186	0.2009259100000000	0.1388232350000000
5.1400_0	2.2062526026841707	0.1467966400000000	0.1099191450000000
5.1400_1	2.2596965654854149	0.1888690450000000	0.1124361750000000
5.1401_1	2.1958755798698166	0.1536334950000000	0.0896521900000000
5.1420_0	2.2229294802740753	0.2140128950000000	0.1501207050000000
5.1420_1	2.3084451648977202	0.2494594250000000	0.0303654950000000
5.1440_0	2.2052347900650013	0.1511936400000000	0.0996373600000000
5.1440_1	2.1955418523834513	0.1547848450000000	0.1019697350000000
5.1441_0	2.2078393750737413	0.1504260900000000	0.0972928250000000
5.1441_1	2.1629562769566455	0.1380394900000000	0.1106962400000000
5.1500_0	2.2087748665859239	0.1585434600000000	0.0998377250000000
5.1500_1	2.1990517845246358	0.1477118500000000	0.1006086600000000
5.1540_0	2.2000985402369966	0.1873065750000000	0.1012147750000000
5.1540_1	2.3532937085441272	0.2674242500000000	0.0944103050000000
5.1590_0	2.2052018943034462	0.1454487250000000	0.0954365450000000
5.1590_1	2.1981855772739336	0.1644891900000000	0.1050543300000000
5.1650_0	2.2045229695789677	0.1604563150000000	0.0680131900000000
5.1650_1	2.2540378632961056	0.2434412200000000	0.1274450600000000
5.1690_0	2.2080054317583140	0.1561038550000000	0.0912602600000000
5.1700_0	2.2085309185061810	0.1509465550000000	0.0953209050000000
5.1700_1	2.1926699126774682	0.1566878000000000	0.1016161100000000
5.1701_0	2.2063172675902316	0.1527360050000000	0.1074207300000000
5.1760_1	2.2704392743284831	0.2244275400000000	0.1323024500000000
5.1800_0	2.2104991014024487	0.1518760450000000	0.0988835300000000
5.1800_1	2.1985010511659646	0.1572617200000000	0.0935996850000000
5.1830_0	2.2020788018483435	0.1502768750000000	0.1043815500000000
5.1830_1	2.1910625867312579	0.1434941100000000	0.0982926900000000
5.1900_0	2.2067641064534298	0.1487652050000000	0.1045782650000000
5.1901_0	2.1855129161138058	0.1133668700000000	0.1132074700000000
5.1901_1	2.1952637154437400	0.1461546100000000	0.1098455850000000
5.1902_0	2.2095095732211116	0.1440663400000000	0.0979853150000000
5.2000_0	2.2100619050778452	0.1523159000000000	0.0885958100000000
5.2001_0	2.2092891753603894	0.1428831900000000	0.0993570550000000
5.2002_0	2.2057188657942985	0.1597036650000000	0.1024599750000000
5.2002_1	2.1942865831664200	0.1478107550000000	0.0957833350000000
5.2003_0	2.1967798373012766	0.1725770300000000	0.0900102700000000
5.2003_1	2.1963228075676531	0.1453395150000000	0.1027271450000000
5.2004_0	2.2082644516429166	0.1614364500000000	0.0995039350000000
5.2004_1	2.1962710271706021	0.1617209900000000	0.0899677500000000
5.2005_0	2.2125345125031757	0.1578564350000000	0.1048951250000000
5.2005_1	2.1891505253147541	0.1467161000000000	0.1000345100000000
5.2006_0	2.2083336461687479	0.1514027950000000	0.0952572100000000
5.2006_1	2.1915579729627752	0.1531143200000000	0.1055316900000000
5.2007_0	2.2073910826955085	0.1569349550000000	0.0944721200000000
5.2008_0	2.2057117425850912	0.1541844350000000	0.1011946100000000
5.2020_0	2.2094586708668018	0.1411681750000000	0.0694323850000000
5.2020_1	2.1937039964008513	0.1462042850000000	0.0731573450000000
5.2040_0	2.2072913245375032	0.1418189750000000	0.0978346550000000
5.2040_1	2.1920587349781124	0.1507929500000000	0.1079270700000000
5.2100_0	2.2051164246830695	0.1533640700000000	0.1000690900000000
5.2100_1	2.1905399023798400	0.1423783950000000	0.1037932750000000
5.2101_0	2.2043275188210947	0.1507807650000000	0.0928612250000000
5.2101_1	2.1924804842646424	0.1443840800000000	0.0902680450000000
5.2200_0	2.2091766205352643	0.1496131250000000	0.0943718200000000
5.2200_1	2.2001624330691447	0.1566921500000000	0.0855658250000000
5.2201_0	2.2052584788152565	0.1487104350000000	0.0826726550000000
5.2201_1	2.1882820525334732	0.1579647150000000	0.0930627200000000
5.2202_0	2.2040205153230357	0.1832212400000000	0.1202503750000000
5.2202_1	2.1933217660483799	0.1391807600000000	0.0847085750000000
5.2240_0	2.2094189533590045	0.1523315600000000	0.0902940750000000
5.2240_1	2.1984571003841147	0.1433568250000000	0.0871761750000000
5.2241_0	2.2015186764116184	0.1648218900000000	0.0978127400000000
5.2241_1	2.1958899214940955	0.1521846200000000	0.1023443650000000
5.2250_0	2.2047160057714348	0.1567777800000000	0.0985409600000000
5.2250_1	2.1944165842151921	0.1570058250000000	0.1002508550000000
5.2300_0	2.2077398580104015	0.1587569300000000	0.1031418400000000
5.2300_1	2.1978435414011348	0.1552334650000000	0.0861986300000000
5.2301_0	2.2089643604459837	0.1563940100000000	0.1083074000000000
5.2310_0	2.2024605128948274	0.1590192800000000	0.0951464950000000
5.2370_0	2.2061181696396108	0.1621861350000000	0.0926466700000000
5.2370_1	2.1880188044765934	0.1474930850000000	0.0988675150000000
5.2500_0	2.2089847519555166	0.1528143800000000	0.1027665700000000
5.2500_1	2.1948769521143343	0.1501353000000000	0.0946490600000000
5.2502_0	2.2162184384605874	0.1685991850000000	0.1268729850000000
5.2502_1	2.1952407179965134	0.1473295400000000	0.0943000600000000
5.2560_0	2.2047140201256568	0.1687544700000000	0.1108087900000000
5.2560_1	2.1956547804228999	0.1392292050000000	0.1003096850000000
5.2660_0	2.2033289907537874	0.1512823200000000	0.0920055900000000
5.2660_1	2.1693972158990227	0.1340326850000000	0.0959842950000000
5.2661_1	2.1953784425804987	0.1479923700000000	0.1087668150000000
5.2700_0	2.2020078463735531	0.1498177450000000	0.1054638900000000
5.2710_0	2.2041117540557811	0.1546874650000000	0.0804310700000000
5.2740_0	2.2064486105604546	0.1597539450000000	0.0870052800000000
5.2740_1	2.1974212632025409	0.1547798250000000	0.0995564350000000
5.2770_0	2.2081598282770742	0.1514177900000000	0.1067992200000000
5.2770_1	2.1920397989739064	0.1378651250000000	0.0796597450000000
5.2790_0	2.2084262121075500	0.1543976900000000	0.0863670400000000
5.2790_1	2.2033208420808688	0.1827044550000000	0.1046503000000000
5.2870_0	2.2094361504641249	0.1469216750000000	0.0940022300000000
5.2870_1	2.1942239421786800	0.1507720200000000	0.0888612200000000
5.2880_0	2.2093025456589386	0.1591416100000000	0.0944533300000000
5.2880_1	2.1846417828364211	0.1591923700000000	0.1115721900000000
5.2900_0	2.1984663688919253	0.1550178550000000	0.1078495850000000
5.2901_0	2.2085549014951149	0.1549165950000000	0.1045292200000000
5.2901_1	2.1933982956036111	0.1494123600000000	0.0994886900000000
5.2902_0	2.2103065823378900	0.1495734350000000	0.1110619700000000
5.2902_1	2.1871603914179070	0.1534703900000000	0.0951706350000000
5.2960_0	2.2067366088015037	0.1468437250000000	0.1018122500000000
5.2960_1	2.1970668864628391	0.1581637300000000	0.1010734350000000
5.3000_0	2.2013815416055542	0.1544354300000000	0.0861926400000000
5.3000_1	2.1892587140264248	0.1565831350000000	0.0966667700000000
5.3001_0	2.2083100541044933	0.1472203300000000	0.1013950000000000
5.3001_1	2.1952811610853651	0.1540646050000000	0.1008523100000000
5.3020_0	2.2049701807886684	0.1524134850000000	0.0966836400000000
5.3020_1	2.1922819506708624	0.1451788100000000	0.1079308300000000
5.3060_0	2.2047237252857808	0.1568542700000000	0.0841110100000000
5.3060_1	2.1946237748264368	0.1675083050000000	0.0879354100000000
5.3200_0	2.2097365853384323	0.1539409250000000	0.1003588700000000
5.3230_0	2.2084475287390997	0.1588874350000000	0.1000423150000000
5.3230_1	2.1919060639357624	0.1569413500000000	0.0908207700000000
5.3240_0	2.2082688153021648	0.1496159200000000	0.0933215550000000
5.3240_1	2.1948766602546050	0.1505693450000000	0.0998731700000000
5.3260_0	2.2001571919522758	0.1441349150000000	0.0989826050000000
5.3270_0	2.2095893742306565	0.1428256150000000	0.0878931700000000
5.3270_1	2.1954674388134063	0.1614338050000000	0.0981967700000000
5.3280_0	2.2033999915404681	0.1348888000000000	0.1126211150000000
5.3280_1	2.1933393473862091	0.1532635100000000	0.1077547850000000
5.3350_0	2.2079916316106516	0.1414868700000000	0.0864027000000000
5.3360_0	2.2049780475943184	0.1550270500000000	0.1126586850000000
5.3360_1	2.1861070503013629	0.1413166750000000	0.1326786650000000
5.3400_0	2.2083293016961680	0.1449793250000000	0.0974438150000000
5.3400_1	2.1965684358158053	0.1373020600000000	0.1024251700000000
5.3401_0	2.2006643974665474	0.1368206450000000	0.1030700800000000
5.3401_1	2.1918148266157873	0.1482461500000000	0.1081026800000000
5.3402_0	2.2052399755708088	0.1549063000000000	0.0964762800000000
5.3402_1	2.1932783366969555	0.1564513250000000	0.1000093650000000
5.3450_0	2.2080562045572520	0.1465553200000000	0.0979387950000000
5.3450_1	2.3686091210835380	0.2718154200000000	0.1118468900000000
5.3480_0	2.2102827885776506	0.1617662700000000	0.0990369600000000
5.3490_0	2.2049750358339324	0.1610063900000000	0.1035477400000000
5.3490_1	2.1916020844565272	0.1509409400000000	0.0961552700000000
5.3600_0	2.2065155728944919	0.1578110600000000	0.0842166650000000
5.3600_1	2.1995321653490487	0.1458698400000000	0.1053457150000000
5.3630_0	2.2105452430690464	0.1479561450000000	0.1054825650000000
5.3630_1	2.1936939825785333	0.1414178400000000	0.0902113850000000
5.3640_0	2.2064951860842807	0.1500681900000000	0.0981708000000000
5.3800_0	2.1996335969875971	0.1464577300000000	0.1057716550000000
5.3800_1	2.1951358252741824	0.1560048950000000	0.0903870100000000
5.3850_0	2.2087180726123128	0.1415467300000000	0.1007412900000000
5.3850_1	2.1953347425828809	0.1578828000000000	0.0888956300000000
5.3851_0	2.2020817102524641	0.1571074350000000	0.0964860800000000
5.3851_1	2.1898260499374049	0.1427814450000000	0.0879998100000000
5.3900_0	2.2083698313827007	0.1441433550000000	0.0901708700000000
5.3900_1	2.1880088921782672	0.1492865700000000	0.1031337350000000
5.3930_0	2.2005042886072670	0.1615814350000000	0.1010039250000000
5.3970_0	2.2037807298179608	0.1395237550000000	0.0937005000000000
5.3970_1	2.1784051991691871	0.1382563800000000	0.1095416500000000
5.4000_0	2.2045917636413992	0.1621181950000000	0.0956887800000000
5.4000_1	2.2053819729058364	0.1765685100000000	0.1068961400000000
5.4001_0	2.2079329356447794	0.1555395250000000	0.1043734250000000
5.4001_1	2.2004137829089481	0.1520486250000000	0.0985791600000000
5.4060_0	2.2076837327984546	0.1514144450000000	0.0999345150000000
5.4060_1	2.1745879930520986	0.1441483650000000	0.1194974550000000
5.4200_0	2.2064647915457996	0.1634388300000000	0.0900737100000000
5.4230_1	2.1882389374287285	0.1577464850000000	0.0917756950000000
5.4270_0	2.2045322443794317	0.1434195050000000	0.1028942850000000
5.4270_1	2.2811788270448408	0.2297296350000000	0.1271880800000000
5.4300_0	2.2082756257900931	0.1464577750000000	0.0742567100000000
5.4300_1	2.1958455231189284	0.1588906500000000	0.0756570350000000
5.4350_0	2.2046874878008405	0.1598035650000000	0.0970166450000000
5.4350_1	2.1914760145685270	0.1449825450000000	0.1078523950000000
5.4380_0	2.1974587260913898	0.1538620700000000	0.0926263650000000
5.4390_0	2.2064955303866101	0.1446180600000000	0.1029946050000000
5.4390_1	2.2004364725804439	0.1432859600000000	0.1032749650000000
5.4400_0	2.2092122606869089	0.1575719500000000	0.1055009200000000
5.4400_1	2.1928339731136037	0.1226476850000000	0.0982246300000000
5.4450_0	2.2073787624727417	0.1592780600000000	0.1012867800000000
5.4450_1	2.2001386339624678	0.1552201500000000	0.1064679850000000
5.4500_0	2.2020671062608463	0.1474368550000000	0.1039094700000000
5.4500_1	2.1968491417643126	0.1466792450000000	0.1064629100000000
5.4540_0	2.1702686738902068	0.1554616050000000	0.1254915150000000
5.4540_1	2.1834481539884352	0.1527256200000000	0.0767474850000000
5.4570_0	2.2064518913852207	0.1554036050000000	0.0990093950000000
5.4570_1	2.1888282578500293	0.1582412950000000	0.0994362600000000
5.4600_0	2.2049284991123792	0.1527031550000000	0.0786814150000000
5.4600_1	2.1905848393980740	0.1432438450000000	0.0871633800000000
5.4601_0	2.2067081508475912	0.1431013050000000	0.0486445950000000
5.4601_1	2.1911604796156547	0.1545883650000000	0.0947049200000000
5.4602_0	2.1958927315005363	0.1579501600000000	0.1084009850000000
5.4602_1	2.1938184991110701	0.1570390050000000	0.1036882500000000
5.4603_0	2.2029722511696948	0.1563906950000000	0.0978787850000000
5.4603_1	2.1958726808539328	0.1510148900000000	0.1081191550000000
5.4700_0	2.2080710507276962	0.1579318600000000	0.1075484000000000
5.4700_1	2.1984306381514354	0.1456099200000000	0.0992826600000000
5.4701_0	2.2075548937019240	0.1436363600000000	0.0948805050000000
5.4701_1	2.1995308252224430	0.1593595200000000	0.1008229250000000
5.4750_1	2.2014210585002134	0.1605525450000000	0.1015739100000000
5.4800_0	2.2057919782247914	0.1449237650000000	0.1046212950000000
5.4800_1	2.3642004661046756	0.2579124200000000	0.1239609900000000
5.4910_0	2.2080397051508873	0.1443925950000000	0.0902266700000000
5.4910_1	2.1930207576774023	0.1694721250000000	0.1140938800000000
5.4930_0	2.2099661758741069	0.1556739700000000	0.0899572450000000
5.4930_1	2.1912011687494029	0.1481009850000000	0.1017741800000000
5.5000_0	2.2068596812268111	0.1436861650000000	0.0976335000000000
5.5040_0	2.2054517969847187	0.1413168000000000	0.0942680550000000
5.5040_1	2.1906385755736708	0.1241955150000000	0.0874476950000000
5.5100_0	2.2090769760021436	0.1504694050000000	0.0922475050000000
5.5100_1	2.1557974023104585	0.2057783700000000	0.1120925250000000
5.5101_1	2.1911617389507780	0.1492241350000000	0.0930825600000000
5.5102_0	2.2085902278972163	0.1570043550000000	0.1333963500000000
5.5102_1	2.2777389194777693	0.2193703250000000	0.0929543450000000
5.5200_1	2.1933604065841985	0.1527945350000000	0.0948413600000000
5.5210_0	2.2047172326305371	0.1542717300000000	0.1133202200000000
5.5210_1	2.1921946067166878	0.1308827400000000	0.0967148400000000
5.5300_0	2.2008229448992052	0.1653530300000000	0.0954783150000000
5.5300_1	2.1932317177115834	0.1533944400000000	0.1024219800000000
5.5320_0	2.2067246519961192	0.1487039100000000	0.0956419800000000
5.5320_1	2.1871268355167568	0.1548625850000000	0.1146586200000000
5.5600_0	2.2097010718075127	0.1575402450000000	0.0967862350000000
5.5600_1	2.1900273032933635	0.1355622650000000	0.1084168200000000
5.5650_0	2.2033661187771316	0.1510476800000000	0.1050126950000000
5.5650_1	2.1984355438065499	0.1395124950000000	0.0992065400000000
5.5660_0	2.2081616604355188	0.1463231650000000	0.1054092350000000
5.5700_0	2.2039008324161009	0.1500697350000000	0.1008747650000000
5.5700_1	2.1962684433392399	0.1475247900000000	0.0947746850000000
5.5701_0	2.2611735477166715	0.1975730000000000	0.1400137100000000
5.5701_1	2.1946300216656991	0.1508298100000000	0.0908746550000000
5.5710_0	2.2046823125455175	0.1506053950000000	0.0994989750000000
5.5710_1	2.1916108213770733	0.1414796800000000	0.1023793850000000
5.5780_0	2.2080668272409723	0.1471743200000000	0.0943262750000000
5.5900_0	2.2047317579663086	0.1496840450000000	0.1036780950000000
5.5900_1	2.1910931520412444	0.1670685200000000	0.0997031300000000
5.6001_0	2.2049823139366742	0.1395191150000000	0.1034067250000000
5.6150_0	2.2089876182019252	0.1617581300000000	0.1089393950000000
5.6160_0	2.2066166008824282	0.1573169750000000	0.1076634950000000
5.6160_1	2.1932942117321974	0.1837124300000000	0.0680365900000000
5.6180_0	2.2042466702404662	0.1462195950000000	0.1006215850000000
5.6180_1	2.1964583165874609	0.1478203150000000	0.0914694350000000
5.6240_0	2.2032891337508418	0.1539538150000000	0.1113996100000000
5.6240_1	2.1953814655383184	0.1636125750000000	0.0965831600000000
5.6260_0	2.2075996307250674	0.1366136250000000	0.0929426500000000
5.6260_1	2.1984736371176696	0.1535440700000000	0.0910790650000000
5.6290_0	2.2043170018678224	0.1528233300000000	0.1089142650000000
5.6300_0	2.2088620094837825	0.1574418750000000	0.0868831550000000
5.6300_1	2.1974403721512443	0.1556648950000000	0.0979640150000000
5.6301_0	2.2014342627643537	0.1494511550000000	0.1009963200000000
5.6301_1	2.1975644558749918	0.1461042250000000	0.0955295950000000
56.3100_0	2.1997401223158572	0.1547020500000000	0.1092919450000000
56.3100_1	2.1989618088737766	0.1450381550000000	0.1072033650000000
5.6370_0	2.1999080601385055	0.1470122100000000	0.1180050100000000
5.6370_1	2.1941735423237865	0.1482149100000000	0.0978304150000000
5.6400_0	2.2047119563524227	0.1509356750000000	0.1010466150000000
5.6400_1	2.1945440009378778	0.1431655050000000	0.1052587500000000
5.6410_0	2.2030251668647649	0.1501681200000000	0.0811558850000000
5.6420_0	2.2365186013135103	0.2067133750000000	0.1225728900000000
5.6420_1	2.1923461093685486	0.1478614100000000	0.1016597700000000
5.6421_0	2.2077279332522042	0.1672276300000000	0.0783732050000000
5.6421_1	2.1962957821691274	0.1488689050000000	0.1022591800000000
5.6500_0	2.2083431039277808	0.1583365450000000	0.0967844500000000
5.6500_1	2.1943243491633155	0.1487865600000000	0.1000221000000000
5.6580_0	2.2041138069228623	0.1513045300000000	0.0583190400000000
5.6640_0	2.2042460312274099	0.1542507050000000	0.0956293050000000
5.6640_1	2.2165476427814608	0.1915986250000000	0.1230972600000000
5.6760_0	2.2050163127010181	0.1587297750000000	0.1002489250000000
5.6800_0	2.2059020826994198	0.1448041200000000	0.0989865700000000
5.6800_1	2.1876051759809498	0.1286637150000000	0.1234895650000000
5.6860_0	2.2007860929699059	0.1635500550000000	0.1078161900000000
5.6890_0	2.1992196803673023	0.1492742700000000	0.0954214900000000
5.6890_1	2.1898926481624690	0.1510258300000000	0.1028319300000000
5.6900_0	2.2083875291689816	0.1488871000000000	0.0914887850000000
5.6900_1	2.1959327378227340	0.1507840000000000	0.0899656400000000
5.6901_0	2.2047322905850204	0.1493769200000000	0.1015468050000000
5.6901_1	2.1808920748518417	0.1529158900000000	0.1234719650000000
5.7160_0	2.2014002661258663	0.1406249400000000	0.0997487950000000
5.7160_1	2.2554971913532658	0.1875765450000000	0.1304805000000000
5.7200_0	2.2039101224289244	0.1465460850000000	0.0987708950000000
5.7210_0	2.2047288116845003	0.1365180700000000	0.0888716800000000
5.7210_1	2.1984175729320841	0.1529631100000000	0.0992356850000000
5.7300_0	2.2049109860624601	0.1431226500000000	0.0953576450000000
5.7330_0	2.2013783996234939	0.1507835900000000	0.0999917700000000
5.7330_1	2.1953896171983218	0.1398242250000000	0.0981177250000000
5.7380_0	2.2095143492243166	0.1544477950000000	0.0998889650000000
5.7400_0	2.1960678213556144	0.1461737600000000	0.0985631600000000
5.7400_1	2.1936467702884395	0.1647082200000000	0.1098570650000000
5.7401_0	2.2065247034889217	0.1595167700000000	0.0851933150000000
5.7401_1	2.1933076939627507	0.1481501700000000	0.1005034000000000
5.7402_0	2.2047470378812148	0.1462094950000000	0.0926318350000000
5.7403_0	2.2047455328168435	0.1570848600000000	0.0990578600000000
5.7403_1	2.1954164901860618	0.1447988800000000	0.1085550100000000
5.7404_1	2.2929286197741630	0.2271157300000000	0.1126854700000000
5.7470_0	2.2078521633439010	0.1573013600000000	0.0902396100000000
5.7500_0	2.2093556774787442	0.1477039300000000	0.1064011450000000
5.7500_1	2.1983730981318663	0.1484070950000000	0.0991168450000000
5.7501_1	2.1942901049433865	0.1559974000000000	0.0877828800000000
5.7600_0	2.2046133633073448	0.1417905950000000	0.1051137950000000
5.7600_1	2.2279078790398552	0.2146183300000000	0.1456881900000000
5.7601_0	2.2014181928076684	0.1500824750000000	0.1026315300000000
5.7601_1	2.1962145296985871	0.1706701450000000	0.0808771600000000
5.7602_0	2.2089159268536740	0.1421700950000000	0.1006357400000000
5.7602_1	2.2756126505062606	0.2126353900000000	0.0829850400000000
5.7700_0	2.2067841746664829	0.1508907700000000	0.0981706200000000
5.7701_0	2.2013662012001802	0.1459948250000000	0.1060663750000000
5.7701_1	2.2005782411537944	0.1723485500000000	0.1155881700000000
5.7702_0	2.2091599946890370	0.1585916750000000	0.0879912100000000
5.7702_1	2.1833024313463039	0.2071970400000000	0.1219398200000000
5.7760_0	2.3651135239894514	0.2912670750000000	0.1243757200000000
5.7760_1	2.1956492512689265	0.1560808350000000	0.0696276650000000
5.7820_0	2.2018946938775494	0.1433439000000000	0.0997161950000000
5.7820_1	2.1903860219675564	0.1512236700000000	0.0923781200000000
5.7860_0	2.2060009302458323	0.1566619100000000	0.0972465250000000
5.7860_1	2.2034925241590497	0.1858365200000000	0.1151222300000000
5.8080_0	2.2064543304314737	0.1469784200000000	0.0962324500000000
5.8100_0	2.2057129767861503	0.1473153800000000	0.1009548300000000
5.8100_1	2.1841848640623627	0.2268254700000000	0.1041155550000000
5.8120_0	2.2069810586821363	0.1679409800000000	0.1025431150000000
5.8120_1	2.1952367137226263	0.1483990050000000	0.0987072950000000
5.8130_0	2.2061765260504900	0.1475959050000000	0.1026284100000000
5.8130_1	2.1970807529384637	0.1535787700000000	0.0758801500000000
5.8200_0	2.2093583116302744	0.1546035550000000	0.1011786000000000
5.8200_1	2.1993047380730517	0.1543237950000000	0.0938181300000000
5.8201_0	2.2050192215682305	0.1550712500000000	0.1051517500000000
5.8201_1	2.1894075689798416	0.1565490000000000	0.0955224650000000
5.8300_0	2.2033703211579430	0.1561811950000000	0.0883178750000000
5.8300_1	2.1936672922436156	0.1476716500000000	0.0720812250000000
5.8340_1	2.1933461062358806	0.1502573200000000	0.0965568450000000
5.8400_0	2.2200590883951361	0.1650657950000000	0.1005223250000000
5.8440_1	2.1927162940913507	0.1743744450000000	0.1142003700000000
5.8510_0	2.2091826808757973	0.1509943100000000	0.1024496050000000
5.8510_1	2.1944249205143769	0.1480707050000000	0.0947411800000000
5.8700_0	2.2052914815202631	0.1513286550000000	0.1039610000000000
5.8701_0	2.2021977424637296	0.1452825400000000	0.0996043050000000
5.8702_0	2.2088339456404382	0.1644026100000000	0.0923343100000000
5.8702_1	2.1853574280691266	0.1612533950000000	0.0964229600000000
5.8703_0	2.2004086823053868	0.1560895250000000	0.0856618050000000
5.8703_1	2.1976370451735798	0.1506678550000000	0.0943663500000000
5.8750_0	2.2086905018417555	0.1524070400000000	0.1071668550000000
5.8750_1	2.2000633524195354	0.1624468900000000	0.0903325300000000
5.8820_1	2.1932259046285134	0.1564122600000000	0.1004276500000000
5.8900_0	2.2067764380906754	0.1430001700000000	0.0790188200000000
5.8900_1	2.1954008292305325	0.1673925100000000	0.1124757750000000
5.8901_0	2.2056914014665860	0.1468673100000000	0.0967891050000000
5.8901_1	2.1892910842598643	0.1565060750000000	0.1007737900000000
5.9100_0	2.2053692943936620	0.1550025600000000	0.0856090000000000
5.9100_1	2.2431370140445450	0.2190469200000000	0.0930274600000000
5.9140_0	2.2026736589147626	0.1403814650000000	0.0933931200000000
5.9140_1	2.1716623274521707	0.1375953250000000	0.0918916050000000
5.9170_0	2.2041391377721729	0.1525487750000000	0.1004647950000000
5.9170_1	2.1955996479435962	0.1467033250000000	0.0939704250000000
5.9310_0	2.2033960335249292	0.1523409750000000	0.0896984850000000
5.9310_1	2.1766134636083034	0.1896588000000000	0.1191989350000000
5.9430_0	2.2049000739899327	0.1361489000000000	0.0948655250000000
5.9430_1	2.1882184267876919	0.1506543650000000	0.0945324300000000
5.9440_0	2.2065497997464152	0.1492161800000000	0.0840443800000000
5.9441_1	2.1969669093255657	0.1622749850000000	0.0901033100000000
5.9520_0	2.2024773008830549	0.1538253600000000	0.0984794100000000
5.9520_1	2.1916469611666485	0.1351840550000000	0.0871442350000000
5.9600_0	2.2130923488747936	0.1610348700000000	0.1040569400000000
5.9700_0	2.2018333079048515	0.1520236050000000	0.0889621700000000
5.9700_1	2.1927837773584242	0.1533650350000000	0.1123420500000000
5.9750_0	2.2083604570231739	0.1537645700000000	0.1047226600000000
5.9750_1	2.1928578664520293	0.1579695850000000	0.0994488150000000
5.9900_0	2.2059073158919937	0.1555730950000000	0.0989632050000000
6.0100_0	2.2008696138030355	0.1629890500000000	0.0844828400000000
6.0100_1	2.1976268092144546	0.1563346550000000	0.0937809600000000
6.0300_0	2.1997031218755541	0.1664828450000000	0.1275605750000000
6.0300_1	2.3692447576388918	0.2720270500000000	0.1256201250000000
6.0330_0	2.2041031509871045	0.1602465450000000	0.0968288750000000
6.0330_1	2.1938685835887028	0.1529681150000000	0.1036344750000000
6.0450_1	2.1891557565003681	0.1421983250000000	0.0944437750000000
6.0480_0	2.2062372184086367	0.1456495450000000	0.0950476800000000
6.0501_0	2.2064411387417944	0.1375936700000000	0.0885537700000000
6.0501_1	2.1934219096525713	0.1604289500000000	0.0960331500000000
6.0530_0	2.2095002713423408	0.1579460850000000	0.1070747050000000
6.0590_0	2.2024712497421244	0.1587529700000000	0.0994339600000000
6.0590_1	2.1943198298294919	0.1566133600000000	0.0980737900000000
6.0610_0	2.2086260512176681	0.1522227200000000	0.0994523700000000
6.0700_0	2.2088281837414478	0.1554758200000000	0.0994209250000000
6.0701_0	2.2071317168982096	0.1578153300000000	0.1023700100000000
6.0701_1	2.1907163879482230	0.1641553350000000	0.1160819000000000
6.0720_1	2.1933625232614191	0.1668096550000000	0.0963464150000000
6.0800_0	2.2075988010835430	0.1536465900000000	0.1085850250000000
6.0800_1	2.1946379068159882	0.1549600250000000	0.0973664600000000
6.0860_0	2.2053847198235070	0.1465354200000000	0.1015148550000000
6.0860_1	2.1960775255932625	0.1606297850000000	0.0925859550000000
6.0870_0	2.2047082028533826	0.1410043700000000	0.0980890500000000
6.0990_0	2.2084782938974099	0.1465035050000000	0.0980436250000000
6.0990_1	2.1962469130220170	0.1539035600000000	0.1062506800000000
6.1000_0	2.2082575610490949	0.1536877100000000	0.1091819100000000
6.1000_1	2.1946280298466849	0.1579405700000000	0.0986745950000000
6.1001_0	2.2094187322295991	0.1568049050000000	0.1046717900000000
6.1001_1	2.3105936802202085	0.2313265450000000	0.1295379750000000
6.1070_0	2.1984626493685151	0.1772183400000000	0.1126774650000000
6.1070_1	2.1935127518007493	0.1465742200000000	0.1063974200000000
6.1090_0	2.2033934140057405	0.1491395100000000	0.1053754950000000
6.1090_1	2.1907168961295205	0.1484068700000000	0.1111054950000000
6.1210_0	2.2053375965273472	0.1558246650000000	0.0927927000000000
6.1211_0	2.2052141048964340	0.1434667600000000	0.1012852750000000
6.1330_0	2.2024097779096685	0.1518224000000000	0.0940364950000000
6.1380_0	2.2071573835565359	0.1448307300000000	0.0973826650000000
6.1380_1	2.1917342308752494	0.1513597350000000	0.1018928550000000
6.1400_0	2.2054113949160010	0.1439019200000000	0.0911044650000000
6.1400_1	2.2065368017252518	0.1844605350000000	0.1099604950000000
6.1401_0	2.2064278984336156	0.1515400900000000	0.1011604800000000
6.1401_1	2.1772581264028927	0.1771093950000000	0.1101196150000000
6.1530_0	2.2052722420559823	0.1532692350000000	0.1031606000000000
6.1530_1	2.4283104797459658	0.3252531550000000	0.1144479200000000
6.1590_0	2.2080615089344966	0.1584863800000000	0.1050065200000000
6.1590_1	2.1956161262816742	0.1395386900000000	0.0915247750000000
6.1600_0	2.2088167375582750	0.1554685700000000	0.1038227850000000
6.1600_1	2.1898963092568966	0.1377558600000000	0.0988620700000000
6.1601_0	2.2014159647278126	0.1598734550000000	0.0946377000000000
6.1700_0	2.2076123389418814	0.1607879050000000	0.1122420800000000
6.1701_1	2.1973821735279921	0.1738704800000000	0.0950325350000000
6.1740_0	2.2040707835071314	0.1437145150000000	0.0980487650000000
6.1800_0	2.2070496101384207	0.1512234400000000	0.1073306750000000
6.1800_1	2.2155786484953923	0.1799393700000000	0.1142763450000000
6.1930_0	2.2033064411413266	0.1479496700000000	0.1002695550000000
6.1930_1	2.2051166020512429	0.1657309650000000	0.1159629650000000
6.2000_0	2.2019414265634945	0.1568175200000000	0.0900813500000000
6.2080_0	2.1984505347895800	0.1583088350000000	0.1179259450000000
6.2080_1	2.1962760544088864	0.1456834500000000	0.1123674050000000
6.2120_0	2.2053338543534804	0.1498804100000000	0.0956622300000000
6.2120_1	2.1922767287759228	0.1477916350000000	0.0914202050000000
6.2170_0	2.2033484591679438	0.1519027300000000	0.1017753950000000
6.2170_1	2.2285716046824851	0.1860760800000000	0.1192732000000000
6.2240_0	2.2013073457990360	0.1340983650000000	0.0958247200000000
6.2240_1	2.1945531762048045	0.1450957500000000	0.0855161000000000
6.2300_0	2.2054997793303928	0.1484957950000000	0.0816842900000000
6.2300_1	2.2241606943185386	0.1944934150000000	0.1506806750000000
6.2400_0	2.2028368167378760	0.1490061450000000	0.0953144800000000
6.2400_1	2.1900453944114058	0.1430266200000000	0.0944371500000000
6.2401_0	2.2046302487487379	0.1569610700000000	0.0999837500000000
6.2401_1	2.1945493355441710	0.1532585100000000	0.0943402800000000
6.2420_0	2.2064613859592712	0.1606169500000000	0.1021115250000000
6.2420_1	2.1949395933191984	0.1588648400000000	0.0994350850000000
6.2500_0	2.2071404546620683	0.1619913950000000	0.1018162500000000
6.2500_1	2.1934773467544901	0.1323601450000000	0.0907578650000000
6.2501_0	2.2060713482814371	0.1596951900000000	0.1102974800000000
6.2501_1	2.1933662322702316	0.1441159900000000	0.0952125400000000
6.2520_0	2.2055903958852867	0.1537613050000000	0.0992223750000000
6.2520_1	2.1949123044942356	0.1512829250000000	0.0880710750000000
6.2600_1	2.1933458444900293	0.1489210300000000	0.0948017000000000
6.2601_0	2.2095269613901611	0.1505205350000000	0.1033317450000000
6.2601_1	2.1619606796065929	0.1648339650000000	0.1013698900000000
6.2620_0	2.2064899249056316	0.1509121150000000	0.0819204000000000
6.2620_1	2.1946146384845866	0.1415831350000000	0.0942480050000000
6.2800_1	2.2260697694481490	0.1924440400000000	0.1136345850000000
6.3000_0	2.2314539072840018	0.1949881550000000	0.1169969700000000
6.3000_1	2.1946926443153418	0.1551843350000000	0.0950773750000000
6.3001_1	2.1915702860560375	0.1458891250000000	0.0894006650000000
6.3200_0	2.2069350984337439	0.1851444900000000	0.1199517800000000
6.3200_1	2.5803152197963852	0.3347612650000000	0.0669849050000000
6.3300_0	2.2013894190467465	0.1567955900000000	0.0880384400000000
6.3300_1	2.1947992068192819	0.1362138650000000	0.0946132200000000
6.3400_0	2.2084953737587396	0.1522401500000000	0.1033784050000000
6.3401_0	2.2104152784269546	0.1695363150000000	0.0841711200000000
6.3460_1	2.3922528998914241	0.2893531550000000	0.1602923400000000
6.3500_0	2.2267708662118739	0.1821653400000000	0.1272152800000000
6.3620_1	2.1903234630505968	0.1494300550000000	0.0898993900000000
6.3870_0	2.2043021537133236	0.1638295550000000	0.1033813650000000
6.3870_1	2.1972544247387340	0.1435097950000000	0.0988263300000000
6.3880_0	2.2086731321919655	0.1498762400000000	0.0921361850000000
6.3880_1	2.1941569162009080	0.1542749500000000	0.0997369350000000
6.3900_0	2.3506796095125226	0.2971903200000000	0.1182330250000000
6.4030_0	2.2359120219029274	0.1926503250000000	0.1215406050000000
6.4110_0	2.2059629992912391	0.1497915600000000	0.1014949050000000
6.4110_1	2.1934287926260212	0.1586548700000000	0.0982140100000000
6.4120_0	2.2064111741304751	0.1555201550000000	0.0940710500000000
6.4300_0	2.2047337074455560	0.1494068700000000	0.1050087000000000
6.4300_1	2.1962821020827472	0.1515029100000000	0.0922210750000000
6.4301_0	2.2075725898276959	0.1498499950000000	0.1030266650000000
6.4500_0	2.2104715375901152	0.1636644750000000	0.0914736750000000
6.4500_1	2.1920298353481353	0.1547563550000000	0.0912001100000000
6.4560_1	2.2179159438043858	0.1848550700000000	0.1099103400000000
6.4600_0	2.2088791165441051	0.1557003150000000	0.1051621950000000
6.4600_1	2.1941613680989143	0.1406841350000000	0.1009321250000000
6.4601_0	2.2076355164132986	0.1522909000000000	0.0943703100000000
6.4601_1	2.5831407535262576	0.3164172750000000	0.0981202450000000
6.4800_0	2.2076037901930672	0.1501724250000000	0.1016284950000000
6.4800_1	2.1958562429993833	0.1348692150000000	0.0803800050000000
6.5000_0	2.1984208221970252	0.1329869500000000	0.0996960750000000
6.5000_1	2.1936731671983574	0.1477957050000000	0.0967197300000000
6.5001_0	2.2063155363228040	0.1589504350000000	0.1116843400000000
6.5002_0	2.1984800222980363	0.1606875350000000	0.1020346650000000
6.5002_1	2.2925235910064643	0.2578094800000000	0.1663215850000000
6.5070_0	2.2065839444110384	0.1432750950000000	0.0691082150000000
6.5100_0	2.2016925326587358	0.1451119800000000	0.1039402550000000
6.5100_1	2.1962987195984587	0.1509228650000000	0.1064406450000000
6.5220_1	2.1954302432922339	0.1534209550000000	0.0948224050000000
6.5290_0	2.2034410691530604	0.1520714150000000	0.1072801500000000
6.5290_1	2.1898182220388662	0.1504246150000000	0.0927799100000000
6.5300_0	2.2059926878594647	0.1561787250000000	0.1050431050000000
6.5300_1	2.1977117217308551	0.1433614600000000	0.1030173550000000
6.5340_0	2.2039549491982053	0.1555586500000000	0.0981144000000000
6.5340_1	2.1926811405126765	0.1475211700000000	0.0878806700000000
6.5350_0	2.2047312310049945	0.1591539650000000	0.0826941600000000
6.5400_0	2.2075127470047584	0.1518238550000000	0.0995355300000000
6.5400_1	2.1956503887429952	0.1385146100000000	0.0982933400000000
6.5500_0	2.2066418942410908	0.1492287950000000	0.1024317550000000
6.5500_1	2.1845130883009243	0.1638827750000000	0.1198706950000000
6.5600_0	2.2076893091341852	0.1517735600000000	0.0853015700000000
6.5600_1	2.1969154799694506	0.1500313900000000	0.0867785550000000
6.5601_0	2.2056805921020750	0.1532582850000000	0.0853557900000000
6.5601_1	2.1941309579458728	0.1578082000000000	0.1031126950000000
6.5880_0	2.2052531296500062	0.1433586900000000	0.0884658650000000
6.5900_0	2.2068260914756053	0.1536382750000000	0.1017165500000000
6.5900_1	2.1933362042401190	0.1526624950000000	0.0976616400000000
6.5901_0	2.2085817907777421	0.1506200450000000	0.1028063050000000
6.6090_0	2.2014155871578911	0.1558792000000000	0.0827831300000000
6.6090_1	2.1911530297824893	0.1490248750000000	0.0990745800000000
6.6200_1	2.1922940550325150	0.1561896750000000	0.1011995650000000
6.6300_1	2.2012362832348868	0.1432143300000000	0.0995818050000000
6.6400_0	2.2069258820156246	0.1536355550000000	0.1117938200000000
6.6401_0	2.2039446252609500	0.1559094350000000	0.1024218900000000
6.6401_1	2.1960206035585790	0.1719439900000000	0.0746554850000000
6.6460_0	2.1774519058169490	0.1404288500000000	0.1114830200000000
6.7000_0	2.2152241548387210	0.1791326350000000	0.1131602300000000
6.7000_1	2.1917450151285602	0.1536428250000000	0.0976015450000000
6.7100_0	2.2064487664264334	0.1444121250000000	0.0993447250000000
6.7100_1	2.1896487853114359	0.1431069950000000	0.1009774050000000
6.7101_0	2.2047315112540309	0.1452710450000000	0.1081475500000000
6.7101_1	2.1968474103096609	0.1564132000000000	0.1009805800000000
6.7120_0	2.1725271271849609	0.1244916250000000	0.1073244850000000
6.7400_0	2.3193008727192010	0.2359750550000000	0.1254806100000000
6.7500_0	2.1955384011100652	0.1697893450000000	0.1121071250000000
6.7500_1	2.1948448699653085	0.1556506200000000	0.0683015450000000
6.7501_0	2.5835525795282637	0.3588246150000000	0.1189879950000000
6.7501_1	2.1945572367696080	0.1466891750000000	0.1052107650000000
6.7700_0	2.2052875942846231	0.1449711100000000	0.0965763100000000
6.7700_1	2.2003299848199971	0.1505982000000000	0.0964618600000000
6.7900_0	2.2071192639038202	0.1586713800000000	0.1078252850000000
6.7900_1	2.1933450835542860	0.1513433350000000	0.0619625050000000
6.7901_0	2.2056990290555953	0.1481590800000000	0.1054202550000000
6.7901_1	2.1973503190521799	0.1619176800000000	0.1076322500000000
6.8000_0	2.2058112035411037	0.1503432200000000	0.1097245400000000
6.8000_1	2.1933005063474948	0.1498245600000000	0.0997909700000000
6.8040_0	2.2049352044391974	0.1451493300000000	0.0985281300000000
6.8040_1	2.1933616052974796	0.1515495950000000	0.0928038400000000
6.8100_0	2.2056991998824711	0.1475070600000000	0.1024432400000000
6.8200_0	2.2052105657954963	0.1549068550000000	0.0850772100000000
6.8300_0	2.2026241034121865	0.1637623600000000	0.1180875200000000
6.8400_0	2.2057112061992177	0.1432148550000000	0.0993937450000000
6.8400_1	2.1878811952527122	0.1341044650000000	0.1040401550000000
6.8640_0	2.1767577013416051	0.1152010500000000	0.1056305000000000
6.8640_1	2.1953962659029882	0.1433190650000000	0.1005753250000000
6.8800_0	2.2054239963557229	0.1574806000000000	0.0793272100000000
6.8800_1	2.3159476550921281	0.2750982650000000	0.1403589000000000
6.8801_0	2.2052846234093142	0.1623653850000000	0.1104073500000000
6.8801_1	2.1963676069925318	0.1665079500000000	0.1079538550000000
6.8802_0	2.1993962361668329	0.1440138100000000	0.0821345250000000
6.8802_1	2.1971713703446523	0.1537825700000000	0.0991460500000000
6.8803_0	2.2091166604478683	0.1553587800000000	0.1013503950000000
6.8803_1	2.2549676533698197	0.2060121850000000	0.1057346550000000
6.8900_0	2.2310475117052135	0.1967204600000000	0.1326351800000000
6.9000_0	2.2034784342416001	0.1459616550000000	0.1013308600000000
6.9020_0	2.2083436013319973	0.1531689150000000	0.0980376750000000
6.9020_1	2.1976920754992646	0.1564542900000000	0.0928890850000000
6.9500_0	2.3448347384596366	0.2695586150000000	0.1111495000000000
6.9500_1	2.1919705896197978	0.1489425900000000	0.0933209300000000
6.9700_0	2.2049501863439960	0.1436511750000000	0.0990558950000000
6.9700_1	2.1966224162643555	0.1491051800000000	0.0923506950000000
6.9730_0	2.2067936153906671	0.1542831000000000	0.0953921950000000
6.9800_0	2.2076122994162803	0.1538451550000000	0.0933960600000000
6.9801_1	2.1990379412962060	0.1503612400000000	0.1020800050000000
6.9820_1	2.1925692963001406	0.1482714100000000	0.1083240500000000
6.9900_0	2.2033399697069806	0.1737820300000000	0.0865924050000000
6.9901_0	2.2065050859767439	0.1525890050000000	0.0867463050000000
6.9901_1	2.1929045130877789	0.1431925750000000	0.0922850000000000
7.0000_0	2.2064505327469819	0.1604499850000000	0.1057743150000000
7.0000_1	2.1960354520382315	0.1552318000000000	0.0891333900000000
7.0001_0	2.1995788291291798	0.1504853650000000	0.1020657550000000
7.0001_1	2.1788936441910218	0.1404752700000000	0.1103012800000000
7.0100_0	2.2045629190734934	0.1445009100000000	0.0961750700000000
7.0100_1	2.1933579433558679	0.1710364550000000	0.1288495700000000
7.0101_0	2.2058253588076822	0.1489706150000000	0.0995798650000000
7.0200_0	2.2076651280018607	0.1463730150000000	0.0858303200000000
7.0200_1	2.1919433109915736	0.1458361150000000	0.0878462450000000
7.0220_0	2.2065460392082770	0.1398802850000000	0.0914371700000000
7.0220_1	2.1966825039405573	0.1579090150000000	0.0961009150000000
7.0400_0	2.2077855836880929	0.1496702500000000	0.1120538400000000
7.0400_1	2.1964236626615707	0.1583165050000000	0.1004503050000000
7.0500_0	2.2062411656567633	0.1521788700000000	0.0922125500000000
7.0520_0	2.1992826090283595	0.1447627350000000	0.1188089550000000
7.0520_1	2.1967957845928767	0.1341511650000000	0.0894098200000000
7.0530_0	2.2059287035216375	0.1497493050000000	0.0980267400000000
7.0530_1	2.2003228376530242	0.1506886550000000	0.0979386500000000
7.0600_0	2.2059815415700190	0.1430695850000000	0.0994997700000000
7.0700_1	2.1885673832140027	0.1585814800000000	0.1133254100000000
7.0900_0	2.2045914051338360	0.1562082400000000	0.0954468150000000
7.0900_1	2.1976131276937418	0.1563170500000000	0.1088551150000000
7.0901_0	2.2020014235539458	0.1550135750000000	0.1047223100000000
7.0901_1	2.1984623551935063	0.1730722650000000	0.1105264700000000
7.1000_0	2.2031082023923063	0.1478245000000000	0.0962385200000000
7.1100_0	2.2014463098294530	0.1551680450000000	0.0989309550000000
7.1100_1	2.1962513274322806	0.1360819450000000	0.0892382700000000
7.1200_0	2.2044738859489392	0.1530500550000000	0.0738667750000000
7.1200_1	2.1967114707713451	0.1512607850000000	0.0942983700000000
7.1201_0	2.2078491694159661	0.1582409050000000	0.0941491900000000
7.1201_1	2.1973394278976981	0.1336902300000000	0.0889085600000000
71.3400_0	2.2000858858725287	0.1427913250000000	0.0980918500000000
71.3400_1	2.1994966557831757	0.1538878000000000	0.0934693000000000
7.1500_0	2.2033509271599518	0.1559403200000000	0.0910448800000000
7.1500_1	2.1682627498478277	0.1227173500000000	0.1089844650000000
7.1600_0	2.1984737471560876	0.1452349900000000	0.0981823600000000
7.1600_1	2.1984636730688383	0.1768024400000000	0.1060200600000000
7.1760_0	2.2052075460086749	0.1696452350000000	0.0861514650000000
7.1760_1	2.1953514142254069	0.1598856550000000	0.0945940550000000
7.1800_0	2.2046634829073266	0.1495161350000000	0.1046567000000000
7.1800_1	2.1950087096656690	0.1472336000000000	0.0924634600000000
7.1801_0	2.2033326746620685	0.1566419500000000	0.0992851750000000
7.1801_1	2.1955341499784473	0.1663388500000000	0.0905692900000000
7.2000_0	2.2760955430418375	0.2071522250000000	0.1543931200000000
7.2100_0	2.2038515516003492	0.1500495600000000	0.1025092950000000
7.2100_1	2.1925242963935276	0.1446917150000000	0.0990378150000000
7.2110_0	2.2034585398559661	0.1565709300000000	0.1047482200000000
7.2200_0	2.2071740954535701	0.1580998650000000	0.0724846300000000
7.2230_0	2.1985033603627011	0.1289166550000000	0.0869611100000000
7.2230_1	2.1964350613635939	0.1496426700000000	0.0945720150000000
7.2400_0	2.2090881382133896	0.1538838950000000	0.1066938750000000
7.2400_1	2.1950317883961645	0.1530121100000000	0.0944946600000000
7.2500_0	2.2061543647662165	0.1511748500000000	0.0928513200000000
7.2500_1	2.1962880692131321	0.1558946550000000	0.0910538300000000
7.2600_0	2.2071870513634191	0.1482830550000000	0.1150385250000000
7.2600_1	2.1925445369228589	0.1534533850000000	0.0985371500000000
7.3300_0	2.2051232593410148	0.1491283200000000	0.0995781150000000
7.3300_1	2.1676147863598310	0.1704418200000000	0.1197191200000000
7.3500_0	2.2043306781961256	0.1505030550000000	0.0954088750000000
7.3500_1	2.1842741913478707	0.1485491000000000	0.0957384950000000
7.3700_0	2.1900962454197295	0.1749567500000000	0.1174008050000000
7.3700_1	2.2660552113326871	0.2126378050000000	0.1212146200000000
7.3800_0	2.1984872590428508	0.1320880150000000	0.0923603900000000
7.3800_1	2.1898399362569188	0.1544059050000000	0.1095168300000000
7.3810_0	2.2091929647788473	0.1671894400000000	0.0923409300000000
7.3810_1	2.2505431250555477	0.2262166500000000	0.1230792950000000
7.3840_0	2.2046310178009305	0.1500038800000000	0.1028787900000000
7.3900_0	2.2043677257192891	0.1484212900000000	0.0910685100000000
7.4120_0	2.2023745489637698	0.1446192200000000	0.0943818750000000
7.4120_1	2.1923925576403276	0.1477147000000000	0.1130853500000000
7.4230_0	2.2030026456620200	0.1562279100000000	0.0843692550000000
7.4500_0	2.2013496992553265	0.1541794750000000	0.1005333250000000
7.4500_1	2.1833969314384447	0.1653549900000000	0.1056322250000000
7.4600_0	2.1985090207790496	0.1479434700000000	0.1075149650000000
7.4600_1	2.2026267570737210	0.1702462500000000	0.0807700150000000
7.4601_0	2.2047058927294167	0.1415902200000000	0.1036988650000000
7.4700_0	2.2328380122940956	0.1806223400000000	0.1152318600000000
7.4800_0	2.2072337917645926	0.1546442400000000	0.0802465750000000
7.4800_1	2.1944492257355632	0.1545976400000000	0.1002060900000000
7.4801_0	2.2018926598379824	0.1541632000000000	0.0904725650000000
7.4801_1	2.2606129125477761	0.2448713050000000	0.1156924600000000
7.5000_1	2.3790571600338053	0.2712749250000000	0.0557097300000000
7.5010_1	2.1958757393760813	0.1454822850000000	0.0950105100000000
7.5100_0	2.2042215238299336	0.1541457550000000	0.1073268800000000
7.5100_1	2.1947498273285029	0.1495147000000000	0.1035519050000000
7.5160_0	2.2014983454171930	0.1551651750000000	0.1052305500000000
7.5160_1	2.1932267212588905	0.1544130700000000	0.0869606800000000
7.5300_0	2.2014279605100882	0.1628831100000000	0.0962200800000000
7.5300_1	2.2001630489624233	0.1479885450000000	0.0942382950000000
7.5500_0	2.4494818774321123	0.2848250300000000	0.1262615250000000
7.5500_1	2.1955751472682175	0.1636739400000000	0.1146716000000000
7.5501_0	2.2053391076677937	0.1480010050000000	0.0997911800000000
7.5501_1	2.1914220841101786	0.1531350850000000	0.0842187350000000
7.5700_0	2.2034363138234951	0.1583843600000000	0.0903388750000000
7.5700_1	2.1956859374071462	0.1618268250000000	0.1001664950000000
7.5900_0	2.2043695054952042	0.1553230850000000	0.1021116050000000
7.5900_1	2.1983581480000902	0.1552812750000000	0.1016625200000000
7.5901_0	2.2084113543383799	0.1632198300000000	0.1030960100000000
7.5901_1	2.2055210184307836	0.1563502300000000	0.1070459600000000
7.6000_0	2.2033815755196620	0.1481109450000000	0.0967909600000000
7.6000_1	2.1781412029132516	0.1409593100000000	0.1027897250000000
7.6400_0	2.2033976970485063	0.1487793600000000	0.1085129200000000
7.6420_0	2.2053374941117077	0.1537352300000000	0.0916074000000000
7.6420_1	2.1967152065671032	0.1411806950000000	0.0970822800000000
7.6600_0	2.2024249502336133	0.1577356750000000	0.0947180600000000
7.6600_1	2.1984925359816549	0.1598970200000000	0.1064670950000000
7.6700_0	2.2036180280810247	0.1601752400000000	0.1114921900000000
7.6730_0	2.2011422405552685	0.1614011650000000	0.1050626800000000
7.6730_1	2.1956152793185604	0.1488268000000000	0.1060605500000000
7.6900_0	2.2039154209075900	0.1448591300000000	0.0953948700000000
7.6901_0	2.2037006454130954	0.1443201450000000	0.0988587200000000
7.6902_0	2.2040354898508236	0.1590062150000000	0.0960534050000000
7.6902_1	2.1922722694920775	0.1562619650000000	0.0956681350000000
7.7000_0	2.2054512557219499	0.1460434000000000	0.0960921200000000
7.7000_1	2.1941739358776404	0.1507160400000000	0.0988671700000000
7.7100_0	2.2020077239129860	0.1509933000000000	0.1058572400000000
7.7100_1	2.1952520296354727	0.1367695500000000	0.1041125850000000
7.7101_0	2.2046719398973975	0.1477848850000000	0.1018933750000000
7.7101_1	2.1990159641062372	0.1510915950000000	0.0931573750000000
7.7200_0	2.2001808032311145	0.1515188750000000	0.0885303700000000
7.7600_0	2.2037772752905109	0.1487390800000000	0.0986259700000000
7.7700_0	2.2049028966846875	0.1519983450000000	0.1027088650000000
7.7700_1	2.1976318209825090	0.1865860300000000	0.1128989750000000
7.7701_0	2.2056437993967526	0.1622151050000000	0.0989175500000000
7.7701_1	2.1979417619016894	0.1423984150000000	0.0840878550000000
7.7720_0	2.2067816184435434	0.1581026550000000	0.0901331000000000
7.7720_1	2.1952429088102292	0.1594637450000000	0.0969633400000000
7.7800_0	2.2069775707602499	0.1545041300000000	0.1014890200000000
7.7801_0	2.2033590133546559	0.1576025750000000	0.0917748750000000
7.7801_1	2.1961739566741101	0.1484025000000000	0.1088573800000000
7.7802_0	2.2019443316916218	0.1486159600000000	0.0993652750000000
7.7802_1	2.1984585099132530	0.1621312050000000	0.0845242150000000
7.8050_1	2.1957054387879160	0.1603720900000000	0.1018888850000000
7.8100_0	2.2033407168120855	0.1464304400000000	0.0913353000000000
7.8100_1	2.2916804471415202	0.2549758600000000	0.1367885100000000
7.8300_0	2.2069800194561155	0.1545006000000000	0.1010829450000000
7.8300_1	2.1934079964728479	0.1437509400000000	0.1035468550000000
7.8380_0	2.2056345904504662	0.1526275800000000	0.0954449400000000
7.8380_1	2.1954506720558373	0.1492471800000000	0.0972924050000000
7.8400_0	2.2033774916055719	0.1518489050000000	0.1068526100000000
7.8490_0	2.2077859651859351	0.1561224100000000	0.0950014950000000
7.8490_1	2.1924092031383129	0.1471345350000000	0.1085979450000000
7.8600_0	2.1936718948738685	0.2196108050000000	0.1378831100000000
7.8600_1	2.1950126039406004	0.1447317150000000	0.0995049100000000
7.8601_0	2.3669779802838895	0.2666951150000000	0.0679861700000000
7.8601_1	2.1946506921597719	0.1388345050000000	0.0877994550000000
7.8680_0	2.2200342170850038	0.1800161650000000	0.0610148300000000
7.8680_1	2.1981616445210856	0.1418153100000000	0.0951602900000000
7.8800_0	2.2067448722380871	0.1484707050000000	0.0913594850000000
7.8800_1	2.1948820960065656	0.1566303400000000	0.1042183900000000
7.8900_0	2.2014229470160482	0.1541324250000000	0.0889474250000000
7.8900_1	2.1913549737470897	0.1567882600000000	0.1074035050000000
7.8901_1	2.1987381961833568	0.1546039800000000	0.1058097200000000
7.9100_0	2.2065438260964543	0.1650403850000000	0.1211235250000000
7.9100_1	2.1919528372584596	0.1488571000000000	0.1109534650000000
7.9200_0	2.2058721067671772	0.1460387500000000	0.1007211600000000
7.9200_1	2.1945396330625995	0.1492350850000000	0.0962895850000000
7.9201_0	2.2074286247648991	0.1519879850000000	0.1030644900000000
7.9201_1	2.2013984679021443	0.1554275100000000	0.0976704800000000
7.9202_0	2.2054731873427773	0.1491644950000000	0.1033183850000000
7.9202_1	2.1954091962377209	0.1444066700000000	0.0904646950000000
7.9600_0	2.2035902027223075	0.1485425850000000	0.1022849450000000
7.9700_0	2.2071277982543474	0.1442581750000000	0.0994493400000000
7.9700_1	2.1959122978430052	0.1410048350000000	0.0944394650000000
7.9720_0	2.2053939719229421	0.1579288350000000	0.1064940100000000
7.9720_1	2.1933044545316780	0.1487297550000000	0.0905999300000000
7.9800_0	2.2027982622362030	0.1542545450000000	0.0890096250000000
7.9900_0	2.2024985646468518	0.1361738000000000	0.0899807250000000
7.9900_1	2.1986744149545312	0.1536348350000000	0.0989347100000000
7.9901_0	2.2033292646846414	0.1433931550000000	0.1054580450000000
8.0000_1	2.1977453958267605	0.1676428350000000	0.0927789900000000
8.0001_0	2.2887214411145105	0.2147838450000000	0.0992123100000000
8.0001_1	2.1933059645929722	0.1426650800000000	0.0928041800000000
8.0002_0	2.2188170495819848	0.1683421900000000	0.1208999300000000
8.0002_1	2.2062630950224786	0.1850159300000000	0.1064103250000000
8.0100_1	2.1951787586105498	0.1420590900000000	0.0921884600000000
8.0110_0	2.2045274950968734	0.1368426400000000	0.0953198950000000
8.0450_0	2.2033502481396678	0.1534100650000000	0.1006424700000000
8.0600_1	2.1962754934947628	0.1505212800000000	0.1047967300000000
8.0700_0	2.2038236445481063	0.1619615000000000	0.1059321750000000
8.0700_1	2.2224599651852368	0.1872404900000000	0.1214138450000000
8.0800_0	2.2062249672450922	0.1485544950000000	0.0938824200000000
8.0800_1	2.2005374948889149	0.1602416550000000	0.1113782950000000
8.1000_0	2.3309689613530327	0.2373533800000000	0.0974911350000000
8.1000_1	2.1986847668651821	0.1619547550000000	0.1027550150000000
8.1660_0	2.1903454979991155	0.1626038500000000	0.1065563800000000
8.1700_0	2.2009126700695183	0.1578677700000000	0.0928584650000000
8.2000_0	2.2069075970470111	0.1594598800000000	0.0847004750000000
8.2000_1	2.3504574477591071	0.2774880350000000	0.1545337500000000
8.2250_0	2.2013818586151088	0.1528551050000000	0.1028653450000000
8.2250_1	2.1878467159023796	0.1603932850000000	0.1114376750000000
8.2500_0	2.2048170689305948	0.1581708550000000	0.0961375850000000
8.2500_1	2.1995701603626516	0.1596473950000000	0.1014770950000000
8.2630_0	2.2066763831983471	0.1452914200000000	0.0997139600000000
8.2630_1	2.1980878423068919	0.1598336450000000	0.0972510150000000
8.2800_0	2.2051141763110409	0.1435152550000000	0.1031308150000000
8.2800_1	2.1966634503242299	0.1600999000000000	0.0913997650000000
8.3400_0	2.2047175044406200	0.1453079200000000	0.0963251600000000
8.3400_1	2.1940069856276274	0.1559474650000000	0.1002085850000000
8.3500_0	2.2057153807612710	0.1612492250000000	0.0965567900000000
8.3500_1	2.1953986108041277	0.1456207500000000	0.0875590750000000
8.3600_0	2.2033400456282131	0.1521711000000000	0.0978982850000000
8.3600_1	2.1947920115170896	0.1374816350000000	0.1045816650000000
8.3710_1	2.1968577568106857	0.1573793850000000	0.1011541100000000
8.3880_0	2.2033026779098166	0.1467405350000000	0.0943476450000000
8.3880_1	2.2193374322107551	0.1850544250000000	0.1244540700000000
8.4400_0	2.2047290350815736	0.1459014000000000	0.0964091450000000
8.4800_0	2.2034837065657245	0.1514286150000000	0.1014282150000000
8.4800_1	2.1933651970952761	0.1633282000000000	0.0904064800000000
8.6200_0	2.2089436609154212	0.1629155700000000	0.1070229250000000
8.6301_0	2.2043682793622326	0.1564083800000000	0.0958283650000000
8.6301_1	2.1971526790106828	0.1703653950000000	0.1150205600000000
8.7400_0	2.1999547061401694	0.1476012100000000	0.1032982900000000
8.7400_1	2.1919503316586395	0.1605771300000000	0.1009320550000000
8.8200_0	2.1964137026023542	0.1585234150000000	0.1174495400000000
8.8200_1	2.1630675726011659	0.1691882900000000	0.1127121300000000
8.8600_0	2.2054802423844957	0.1448702900000000	0.1010528300000000
8.8600_1	2.1959762237860185	0.1575086000000000	0.1022444700000000
8.9300_0	2.2044713727000427	0.1482067000000000	0.1087347150000000
8.9300_1	2.1933152907262143	0.1534133200000000	0.0964200850000000
8.9500_0	2.2081771833294974	0.1661185350000000	0.1255824850000000
8.9500_1	2.1965680905103189	0.1518118100000000	0.0998082400000000
8.9600_0	2.2033065658200175	0.1626275350000000	0.0869134000000000
8.9600_1	2.2010394609054726	0.1669408900000000	0.1246142650000000
8.9800_0	2.2014048729885136	0.1461645550000000	0.1040244150000000
8.9800_1	2.1495001845840247	0.1635854450000000	0.1209932150000000
8.9900_0	2.2044515886316374	0.1450714600000000	0.0955213300000000
8.9900_1	2.1948091141377866	0.1494725950000000	0.0976218600000000
9.0100_0	2.1746454629846435	0.1795165850000000	0.1219784950000000
9.0101_0	2.2043538881918407	0.1546713700000000	0.1055191500000000
9.0101_1	2.1961750685375327	0.1544907950000000	0.0921685150000000
9.1300_0	2.1984858087792927	0.1342577000000000	0.0865885900000000
9.1300_1	2.1959585511150426	0.1659236100000000	0.1001774600000000
9.1301_0	2.2047135161616858	0.1527284250000000	0.1057027500000000
9.1400_0	2.2047899026429691	0.1575793550000000	0.1060749850000000
9.1400_1	2.2335076440925801	0.1910391950000000	0.1071097850000000
9.1401_0	2.2032825520585901	0.1650078500000000	0.0910294650000000
9.1401_1	2.1984614540218841	0.1524220800000000	0.1019927450000000
9.1402_0	2.1979807535324194	0.1646830600000000	0.0836832300000000
9.1402_1	2.1984401888299456	0.1525241600000000	0.0989192200000000
91.6300_0	2.2010251867270343	0.1528759550000000	0.0966068200000000
91.6300_1	2.1999958763447740	0.1511181650000000	0.1008533150000000
9.1700_1	2.1962694266450500	0.1549341150000000	0.0983983000000000
9.2300_0	2.2024933033320564	0.1463570800000000	0.0967395050000000
9.2300_1	2.1965565632409825	0.1619995900000000	0.0943751400000000
9.2400_0	2.2014444581195152	0.1431329550000000	0.0918980600000000
9.2400_1	2.1959258995764022	0.1414834600000000	0.1014394100000000
9.2401_0	2.2052006332591905	0.1560683900000000	0.1005158650000000
9.2401_1	2.1957781773408480	0.1549357300000000	0.1011938950000000
9.2601_0	2.2032953455873812	0.1582707350000000	0.1059295400000000
9.2601_1	2.2747423081629941	0.2137943850000000	0.1124111700000000
9.3130_0	2.2033252366095968	0.1502854250000000	0.0977361200000000
9.3130_1	2.1920918196634775	0.1357458450000000	0.0922239250000000
9.3300_0	2.2021116143001245	0.1471992350000000	0.0929390450000000
9.3300_1	2.1984339710449046	0.1513740550000000	0.0963992250000000
9.4200_0	2.2055498555777953	0.1579861450000000	0.0936603150000000
9.4200_1	2.1958296150327272	0.1601124850000000	0.0828946200000000
9.4500_0	2.2032905883213059	0.1503513100000000	0.0953995300000000
9.5000_0	2.2038306679719573	0.1544276350000000	0.0999476800000000
9.5400_0	2.2014087099427306	0.1368018150000000	0.0964227750000000
9.5400_1	2.1965828194826478	0.1507031650000000	0.0874944100000000
9.5800_0	2.2050527933335125	0.1459082650000000	0.1067607700000000
9.5800_1	2.1959747455899441	0.1498564550000000	0.1059688900000000
9.5870_0	2.2051662653759343	0.1625667100000000	0.0987133200000000
9.5870_1	2.1984237035086713	0.1444259100000000	0.1010892950000000
9.5900_0	2.2042388143906875	0.1352977900000000	0.0964336150000000
9.5900_1	2.1990200671762303	0.1620968250000000	0.0647488350000000
9.6030_0	2.2023961756492652	0.1484537650000000	0.0940070200000000
9.6600_0	2.2019634073944618	0.1463733150000000	0.1082691050000000
9.6600_1	2.1971885993134403	0.1524534850000000	0.0843370850000000
9.6601_0	2.2041545684002881	0.1398045950000000	0.0968990750000000
9.6700_0	2.2048188267771827	0.1584365300000000	0.0940237750000000
9.6700_1	2.1738113239549990	0.1644800000000000	0.1159521000000000
9.7900_0	2.2025093583899960	0.1547304350000000	0.1062069950000000
9.7900_1	2.1953838578002443	0.1559108200000000	0.0994076050000000
