10.0400_0	2.2049604491020962	0.1530309300000000	0.0801751100000000
10.0400_1	2.1951564242649986	0.1480384000000000	0.1020692600000000
10.1000_0	2.2029135822605048	0.1588651950000000	0.1077517450000000
10.1300_0	2.2047067735427532	0.1728821000000000	0.0899998700000000
10.1300_1	2.1962565109397136	0.1496696950000000	0.0967183700000000
10.1930_0	2.2053275282484903	0.1617196600000000	0.1016422000000000
10.1930_1	2.1958151941010002	0.1421867650000000	0.0889750100000000
10.2700_1	2.1996226039762656	0.1559796600000000	0.0858244450000000
10.3000_1	2.1984536242914907	0.1442405300000000	0.0952336350000000
10.3800_0	2.2005479214142705	0.1583404100000000	0.0949582450000000
10.3800_1	2.1945512504757021	0.1563150900000000	0.1013393700000000
10.3900_0	2.1990426109449972	0.1404855100000000	0.1002366350000000
10.3900_1	2.3511135473470537	0.2403038700000000	0.1014366700000000
10.4200_0	2.2047405234020201	0.1490719100000000	0.0979192900000000
10.4200_1	2.1946865028283931	0.1501667500000000	0.0979505100000000
10.6200_0	2.2064806663909380	0.1611397100000000	0.1086901950000000
10.6200_1	2.1958353822182710	0.1445672650000000	0.0992531450000000
10.7300_0	2.2047062689148378	0.1620033200000000	0.0875909500000000
10.7600_0	2.2047416703945468	0.1490744800000000	0.1013099650000000
10.8800_0	2.2035284414477250	0.1462538100000000	0.0875955800000000
10.8800_1	2.1984009874885726	0.1585970950000000	0.0965425100000000
10.9200_0	2.2037573628254230	0.1408495350000000	0.0943832750000000
10.9300_1	2.1953802691528392	0.1471162500000000	0.0961694950000000
11.0400_0	2.2009472357678392	0.1552166400000000	0.1042912800000000
11.0400_1	2.1959735574018038	0.1462097400000000	0.1017420200000000
11.0600_0	2.2075961014877654	0.1647216300000000	0.1021545000000000
11.0600_1	2.1969524750327567	0.1444840750000000	0.0936475400000000
11.0800_0	2.2038316166787038	0.1658826450000000	0.0986660500000000
11.0800_1	2.1966469918303497	0.1476251350000000	0.1011943600000000
11.1200_0	2.2028436987551747	0.1509569500000000	0.0996229000000000
11.1900_0	2.2008909819728402	0.1551254700000000	0.1021483600000000
11.3800_1	2.1984563152048873	0.1456512800000000	0.1019094950000000
11.4400_1	2.1957698109708454	0.1540607300000000	0.1048791800000000
11.4600_0	2.2035258953129957	0.1543015200000000	0.0995316200000000
11.4600_1	2.1930461873357134	0.1653941650000000	0.1180781450000000
11.5300_0	2.2031226673715709	0.1426152250000000	0.0896323000000000
11.6400_0	2.2022653250239612	0.1531019100000000	0.1008761150000000
11.6400_1	2.1952506048340239	0.1560280100000000	0.0960121500000000
11.7000_1	2.1977878053353335	0.1658819150000000	0.0998869150000000
11.7001_0	2.2034433343186821	0.1530999650000000	0.0944746000000000
11.7002_0	2.2086337044353432	0.1669965700000000	0.1101457200000000
11.7002_1	2.1941411383946483	0.1495244450000000	0.1001862700000000
11.7450_1	2.3446678411207449	0.2614109250000000	0.1190257300000000
11.7600_0	2.2022270994668194	0.1520548000000000	0.0964383200000000
11.7600_1	2.1945643784965547	0.1504505150000000	0.0961750950000000
11.8200_0	2.2032060394609849	0.1579676900000000	0.0962711450000000
11.8200_1	2.1958436243154624	0.1513080250000000	0.1004030600000000
11.8700_0	2.2056912446378600	0.1478076050000000	0.0986316150000000
11.8700_1	2.1958592510583346	0.1483831750000000	0.0949736850000000
11.9600_0	2.1995813932849315	0.1722373550000000	0.1149696700000000
11.9600_1	2.1943303651385961	0.1472241500000000	0.1018680800000000
12.1600_0	2.2042091392207581	0.1473380100000000	0.0849195900000000
12.1600_1	2.1920939224186222	0.1478742050000000	0.1004301650000000
12.2300_1	2.1984446986514627	0.1429009850000000	0.0881433700000000
12.3100_0	2.2022413218078283	0.1527672350000000	0.0826719950000000
12.3100_1	2.1945716676130083	0.1498704150000000	0.0931090000000000
12.4700_1	2.1966822203115726	0.1467344250000000	0.1077668650000000
12.5600_1	2.1960617988082776	0.1458028450000000	0.0898347050000000
12.6200_0	2.2029430298714239	0.1372461400000000	0.0977005400000000
12.6200_1	2.1983781449166608	0.1707555650000000	0.1068923750000000
12.6400_0	2.2029685268524934	0.1462741350000000	0.0845316950000000
12.6400_1	2.1952659652617936	0.1514392200000000	0.0965863750000000
12.8900_0	2.2036400244433012	0.1440691450000000	0.0991449400000000
13.0600_0	2.2049870133108711	0.1500324400000000	0.0988524300000000
13.0600_1	2.2004839475083924	0.1724717450000000	0.1253461050000000
13.2100_0	2.2024924175003671	0.1458199050000000	0.0980082800000000
13.2100_1	2.2154721345178032	0.2197055400000000	0.0957373100000000
13.2101_0	2.2044174914158181	0.1470471550000000	0.0922832850000000
13.2101_1	2.1989563039700926	0.1486895150000000	0.0968852650000000
13.3200_0	2.2039674935414206	0.1730366650000000	0.1017645300000000
13.3200_1	2.1978748582856134	0.1552720800000000	0.0920088250000000
13.9800_0	2.2027809869920154	0.1449334150000000	0.0960505350000000
14.1600_0	2.2043439050521867	0.1607200150000000	0.1051411050000000
14.1600_1	2.1963004425766166	0.1477819950000000	0.1000554250000000
14.7200_0	2.2009494517499948	0.1434868450000000	0.0973654000000000
147.4900_0	2.2003531037189847	0.1399004000000000	0.0901123900000000
147.4900_1	2.2004313129505277	0.1550241100000000	0.1064385300000000
15.1400_0	2.2007015434206201	0.1384881400000000	0.1043915500000000
15.1400_1	2.1983955606838226	0.1481290850000000	0.0997170450000000
15.4300_0	2.2027888887177878	0.1578580950000000	0.0797796450000000
16.3900_0	2.2037044651116662	0.1529093600000000	0.0791543200000000
16.4200_0	2.2027741938634335	0.1532911700000000	0.0951077450000000
16.4200_1	2.1984538680781132	0.1418539800000000	0.0872786650000000
16.7800_0	2.2018165876266056	0.1459197750000000	0.1073620450000000
16.7800_1	2.1973545052708454	0.1453897650000000	0.0955407000000000
17.2000_1	2.1961904600720850	0.1531442200000000	0.0949821850000000
19.1500_0	2.2020813839980429	0.1529537000000000	0.1001391000000000
26.7440_0	2.2005864806691369	0.1494418850000000	0.0987781900000000
26.7440_1	2.1950831919128015	0.1583741250000000	0.0960037700000000
27.1600_0	2.2021073053543265	0.1647399650000000	0.0952604600000000
27.1600_1	2.1993112907044892	0.1503185650000000	0.0951083900000000
27.7100_0	2.2027602023919504	0.1383125400000000	0.0878658350000000
32.8900_1	2.1982475950822926	0.1555743950000000	0.0953555450000000
35.4700_0	2.2001672400894003	0.1372042850000000	0.1035542600000000
35.4700_1	2.1980189897693805	0.1502702600000000	0.0943212650000000
36.2800_0	2.2014053032292469	0.1502249700000000	0.0997747200000000
36.2800_1	2.1989673042326645	0.1435636250000000	0.0977385250000000
40.8400_0	2.2001657091185995	0.1388905750000000	0.1041909850000000
40.8400_1	2.1984672803323444	0.1493209050000000	0.0866118750000000
46.7500_0	2.2009635657726201	0.1516732650000000	0.1071642750000000
46.7500_1	2.2072373492725550	0.1812997150000000	0.1143363600000000
47.2000_0	2.1984417398522362	0.1650488900000000	0.0963125950000000
47.2000_1	2.1991881382480094	0.1668219600000000	0.0954468550000000
5.0030_0	2.2068831540866620	0.1530041500000000	0.0996501250000000
5.0030_1	2.1917354033850316	0.1525351700000000	0.1018989950000000
5.0031_0	2.2064432435623096	0.1529995650000000	0.0893879150000000
5.0032_0	2.2103011603139562	0.1357172850000000	0.0921002900000000
5.0032_1	2.1887071964194438	0.1572520400000000	0.0936259400000000
5.0040_0	2.2017364872645819	0.1448595350000000	0.1002318550000000
5.0040_1	2.1902870340199483	0.1583623600000000	0.1037402950000000
5.0070_1	2.1952391102653719	0.1526821300000000	0.0958879500000000
5.0071_0	2.2016710800814194	0.1320513350000000	0.1029664100000000
5.0100_0	2.2086457929423893	0.1533499900000000	0.0976517550000000
5.0100_1	2.2001674334711985	0.1562445850000000	0.0836526000000000
5.0120_0	2.2076361223303613	0.1465249450000000	0.0926640600000000
5.0120_1	2.2069339100112271	0.1715854100000000	0.1182761350000000
50.1400_0	2.1996980343459094	0.1506984550000000	0.1093332600000000
50.1400_1	2.1989790697454734	0.1685608400000000	0.1169577250000000
5.0140_0	2.2154126485892300	0.1607497850000000	0.0907987500000000
5.0140_1	2.1872191171281772	0.1550555450000000	0.0858591000000000
5.0180_0	2.2067170091542576	0.1415411700000000	0.1073011500000000
5.0181_0	2.2067868866450535	0.1523768900000000	0.1027278600000000
5.0182_0	2.2014097152168604	0.1536693900000000	0.1209383150000000
5.0183_0	2.2062356610379306	0.1616776850000000	0.1037925500000000
5.0210_0	2.2066886043323732	0.1386827200000000	0.1201540850000000
5.0210_1	2.1917687873537726	0.1501272600000000	0.1056789300000000
5.0230_0	2.2013913376140803	0.1502424800000000	0.1026858750000000
5.0230_1	2.1906929829484643	0.1548682800000000	0.1019684750000000
5.0260_0	2.2053442912022643	0.1492952750000000	0.1004898100000000
5.0260_1	2.1933244286874451	0.1564751100000000	0.0991904150000000
5.0290_0	2.2056831440341131	0.1513524700000000	0.1051860450000000
5.0290_1	2.1984315758071000	0.1760011650000000	0.1078196000000000
5.0300_0	2.2004546397909248	0.1749706250000000	0.1209570400000000
5.0301_0	2.2089068416727220	0.1597300300000000	0.1163058500000000
5.0301_1	2.1901110100176551	0.1465329300000000	0.0945658550000000
5.0302_0	2.2106749185555148	0.1435241200000000	0.1154784200000000
5.0310_0	2.2062036534718255	0.1264969300000000	0.0994913250000000
5.0310_1	2.1940748836108530	0.1426490800000000	0.0988153400000000
5.0340_0	2.2070893880467146	0.1687385250000000	0.0892738150000000
5.0341_0	2.2307258663769867	0.1823949550000000	0.1196708850000000
5.0341_1	2.1997878353776046	0.1595088700000000	0.1056250150000000
5.0370_0	2.2087109061336747	0.1495206700000000	0.1109764700000000
5.0370_1	2.1531825379544811	0.1379362550000000	0.1121537300000000
5.0400_0	2.2049432151575750	0.1440999300000000	0.0973089200000000
5.0400_1	2.1978716839905554	0.1386746500000000	0.0889016500000000
5.0401_0	2.2067679315933968	0.1497005000000000	0.0880066350000000
5.0401_1	2.2194126607138838	0.1891443200000000	0.0876679800000000
5.0402_0	2.2110493185582691	0.1508983950000000	0.1091080350000000
5.0402_1	2.1937500860767476	0.1601243500000000	0.0857591900000000
5.0410_0	2.2041281119881284	0.1518981750000000	0.0984789250000000
5.0450_0	2.2068131875343107	0.1571541850000000	0.1019016800000000
5.0450_1	2.3567512044765682	0.3184177150000000	0.0640538450000000
5.0500_0	2.2076982458829097	0.1556494150000000	0.1010403050000000
5.0500_1	2.2073749634678750	0.1805728700000000	0.1104702650000000
5.0501_0	2.2067338251883548	0.1425117700000000	0.1023243650000000
5.0540_0	2.2077354508540519	0.1524797800000000	0.1019061850000000
5.0600_0	2.2091056332101973	0.1561193350000000	0.1085599550000000
5.0601_0	2.2033573875944716	0.1444702600000000	0.0922125900000000
5.0601_1	2.1889879029661854	0.1645899150000000	0.1159029000000000
5.0620_0	2.2056528874097778	0.1481481150000000	0.1022319950000000
5.0620_1	2.1985100781294058	0.1668504900000000	0.1139247200000000
5.0700_0	2.2027259108913850	0.1515634850000000	0.1014810050000000
5.0700_1	2.1926274232442262	0.1659557800000000	0.0671505600000000
5.0800_0	2.2068702933336075	0.1498403950000000	0.1048881900000000
5.0800_1	2.1913439265074417	0.1496153000000000	0.1000995700000000
5.0801_0	2.2097393969338976	0.1472464800000000	0.0902674950000000
5.0900_0	2.2056687039304448	0.1494658350000000	0.0914653600000000
5.0920_0	2.2029405575659551	0.1411968200000000	0.1039970650000000
5.0920_1	2.1895762117834940	0.1554714950000000	0.1009274500000000
5.1000_0	2.2014095414631041	0.1464002350000000	0.1025666250000000
5.1000_1	2.2245556191433988	0.1934112350000000	0.0760588900000000
5.1001_0	2.2094690194821158	0.1413959100000000	0.0785289650000000
5.1001_1	2.1635641612667920	0.1293708400000000	0.0715579850000000
5.1020_0	2.2059851005819602	0.1478237550000000	0.1094040950000000
5.1030_0	2.1897354830704856	0.1184377150000000	0.1042779950000000
5.1030_1	2.1996291439669982	0.1622572700000000	0.1132748800000000
5.1040_0	2.2080436580233136	0.1563935300000000	0.1092780350000000
5.1040_1	2.1985001637016377	0.1701066100000000	0.1070816750000000
5.1080_0	2.1957245698946259	0.1634713300000000	0.1187807850000000
5.1080_1	2.1933140569535849	0.1468041900000000	0.1046213150000000
5.1100_0	2.2073114043479647	0.1541238450000000	0.1008280250000000
5.1100_1	2.1942720045470203	0.1597702100000000	0.0862888550000000
5.1170_0	2.2074534086329427	0.1477083850000000	0.0913480800000000
5.1170_1	2.1922714749805481	0.1467487400000000	0.1101900900000000
5.1180_0	2.2080614908059180	0.1495403650000000	0.0949787850000000
5.1180_1	2.1865576553712138	0.1482252150000000	0.0868863750000000
5.1210_0	2.2077704643830440	0.1477414550000000	0.1068358800000000
5.1210_1	2.1974002769666399	0.1423919900000000	0.0867284750000000
5.1270_0	2.2082177489178649	0.1576406600000000	0.1090771550000000
5.1270_1	2.1943588850162135	0.1563872350000000	0.0823430200000000
5.1310_0	2.2072764491209398	0.1497647950000000	0.1094844100000000
5.1310_1	2.1978471370502164	0.1437903700000000	0.0906797550000000
5.1330_0	2.2059506495435706	0.1430712350000000	0.0996112850000000
5.1330_1	2.1952751319472656	0.1438315850000000	0.1115161950000000
5.1340_0	2.2090091383277262	0.1485043000000000	0.1013261950000000
5.1340_1	2.1963475049607872	0.1440034600000000	0.1023280200000000
5.1341_0	2.2579171024899760	0.2244483850000000	0.1351715500000000
5.1400_0	2.2065156338488747	0.1427181400000000	0.1096517350000000
5.1400_1	2.2587948714877699	0.1903109000000000	0.1130636950000000
5.1401_1	2.1954177468066662	0.1533028700000000	0.0874945500000000
5.1420_1	2.2916518686180747	0.2583090050000000	0.0490719000000000
5.1440_0	2.2057269064977669	0.1531344400000000	0.0969842500000000
5.1440_1	2.1953900092802217	0.1551259300000000	0.1021149700000000
5.1441_0	2.2081598137863647	0.1508356950000000	0.0937234500000000
5.1441_1	2.1551729901150916	0.1739128000000000	0.1178167600000000
5.1500_0	2.2089997781009587	0.1591710850000000	0.1003818350000000
5.1500_1	2.1978939436299112	0.1517822400000000	0.1026618450000000
5.1540_0	2.4082792352503444	0.3433226450000000	0.1399814550000000
5.1540_1	2.1604637201497949	0.1721729400000000	0.0928703350000000
5.1590_0	2.2056535312708512	0.1479895200000000	0.0974548200000000
5.1590_1	2.1985109101499343	0.1614179900000000	0.1029021950000000
5.1650_0	2.2049713428860440	0.1610955850000000	0.0618456950000000
5.1650_1	2.3302503614712289	0.2672735750000000	0.1337997850000000
5.1690_0	2.2080598225439840	0.1545370700000000	0.0932204200000000
5.1700_0	2.2090673232318672	0.1520098900000000	0.0989673000000000
5.1700_1	2.1929569255513086	0.1614607750000000	0.1015563400000000
5.1701_0	2.2067925570096105	0.1575413200000000	0.1102389600000000
5.1760_1	2.2525923975090669	0.2100430850000000	0.1234039150000000
5.1800_0	2.2108736197133982	0.1519651550000000	0.1018147550000000
5.1800_1	2.1986389039825873	0.1536993250000000	0.0955734650000000
5.1830_0	2.2023462540452887	0.1543923800000000	0.1052600000000000
5.1830_1	2.1901793399780631	0.1401290550000000	0.0967195150000000
5.1900_0	2.2074179991367817	0.1472229100000000	0.1035330300000000
5.1901_0	2.1859967983835191	0.1153335350000000	0.1115748700000000
5.1901_1	2.1946389395321177	0.1438942750000000	0.1108801400000000
5.1902_0	2.2098805628230478	0.1426272300000000	0.0971217250000000
5.2000_0	2.2105960363473423	0.1536958800000000	0.0930791950000000
5.2001_0	2.2095951122621891	0.1434553050000000	0.0996250650000000
5.2002_0	2.2060331416997370	0.1588733100000000	0.1021564400000000
5.2002_1	2.1933045961390181	0.1546672900000000	0.0948538900000000
5.2003_0	2.1947383957022999	0.1695116800000000	0.0877480250000000
5.2003_1	2.1962849360670575	0.1451325600000000	0.0989531650000000
5.2004_0	2.2080186670719759	0.1607034200000000	0.1016142600000000
5.2004_1	2.1963080033829336	0.1656110850000000	0.0981856950000000
5.2005_0	2.2140526407054413	0.1548534300000000	0.1030521000000000
5.2005_1	2.1890790029393630	0.1415083850000000	0.1007746700000000
5.2006_0	2.2086760891210719	0.1528964100000000	0.1004464400000000
5.2006_1	2.1915952761257658	0.1658136650000000	0.1150407550000000
5.2007_0	2.2078317652836139	0.1556371450000000	0.0954348550000000
5.2008_0	2.2057652489442270	0.1479708050000000	0.1011967500000000
5.2020_0	2.2098066744180280	0.1413939350000000	0.0676160050000000
5.2020_1	2.1933337693519426	0.1499249700000000	0.0764227850000000
5.2040_0	2.2078002212158401	0.1388652500000000	0.0957935650000000
5.2040_1	2.1917835458042800	0.1482451500000000	0.1013742250000000
5.2100_0	2.2060348375624685	0.1518866950000000	0.1003836200000000
5.2100_1	2.1901634287655050	0.1389190600000000	0.1020699600000000
5.2101_0	2.2047346667671897	0.1516768100000000	0.0942086900000000
5.2101_1	2.1919957436561859	0.1482727650000000	0.0938957800000000
5.2200_0	2.2093075977314482	0.1529957900000000	0.0973932950000000
5.2200_1	2.2000994295717153	0.1571669400000000	0.0902469000000000
5.2201_0	2.2059339999928249	0.1531517300000000	0.0881541950000000
5.2201_1	2.1867604146319501	0.1582642950000000	0.0933177450000000
5.2202_0	2.2185931961126664	0.1830866300000000	0.1219763100000000
5.2202_1	2.1933352814352078	0.1395811150000000	0.0832420850000000
5.2240_0	2.2098801950946743	0.1509661600000000	0.0893847800000000
5.2240_1	2.1983829205518819	0.1436225750000000	0.0884572550000000
5.2241_0	2.2021809738073364	0.1632329100000000	0.0949730950000000
5.2241_1	2.1952678791756717	0.1536687950000000	0.1032018000000000
5.2250_0	2.2047028831664637	0.1580356850000000	0.0987787600000000
5.2250_1	2.1943155453526400	0.1538950550000000	0.1008958900000000
5.2300_0	2.2080767610745800	0.1592099000000000	0.1027685450000000
5.2300_1	2.1973191097529758	0.1555096950000000	0.0880422000000000
5.2301_0	2.2092270146988540	0.1576717800000000	0.1071720200000000
5.2310_0	2.2026558847844928	0.1628105300000000	0.1016052500000000
5.2370_0	2.2073482211114777	0.1625611050000000	0.0962521900000000
5.2370_1	2.1878014874200780	0.1511598050000000	0.1015871050000000
5.2500_0	2.2090643233217904	0.1550201700000000	0.1034560350000000
5.2500_1	2.1944886506754497	0.1487275950000000	0.0923280200000000
5.2502_0	2.2154407395376539	0.1687918050000000	0.1266114600000000
5.2502_1	2.1950857121781437	0.1524160800000000	0.0945237250000000
5.2560_0	2.2047163661779874	0.1754498650000000	0.1001250800000000
5.2560_1	2.1952206926180464	0.1367873500000000	0.1007234300000000
5.2660_0	2.2033200501274659	0.1518335500000000	0.0911971550000000
5.2660_1	2.1689854399125457	0.1267049400000000	0.0947349650000000
5.2661_1	2.1915298861960109	0.1650992500000000	0.1164614300000000
5.2700_0	2.2028303594741270	0.1488682250000000	0.1051951650000000
5.2710_0	2.2044470816625918	0.1573367700000000	0.0815804450000000
5.2740_0	2.2064435464106538	0.1544659350000000	0.0870501500000000
5.2740_1	2.1968483351109716	0.1504592550000000	0.0982353300000000
5.2770_0	2.2084255777020183	0.1485941650000000	0.1081756650000000
5.2770_1	2.1916116224251536	0.1345401250000000	0.0803412750000000
5.2790_0	2.2086286093890695	0.1551862800000000	0.0857218750000000
5.2790_1	2.2308177933414819	0.2035226250000000	0.1115065800000000
5.2870_0	2.2099302999751607	0.1473402700000000	0.0922310600000000
5.2870_1	2.1925075547388504	0.1472757450000000	0.0854785000000000
5.2880_0	2.2096927128596930	0.1589249200000000	0.0961912400000000
5.2880_1	2.1844568558561410	0.1472767550000000	0.1100877100000000
5.2900_0	2.1984466733331622	0.1545442550000000	0.1082235050000000
5.2901_0	2.2090209621408397	0.1554739350000000	0.1061515450000000
5.2901_1	2.1934001433679553	0.1426638150000000	0.0970259900000000
5.2902_0	2.2107942940217380	0.1502777900000000	0.1130986850000000
5.2902_1	2.1871150937738602	0.1500852650000000	0.0913898700000000
5.2960_0	2.2072180191033342	0.1434041700000000	0.1029816400000000
5.2960_1	2.1965961848348377	0.1556083750000000	0.1003913200000000
5.3000_0	2.2015801371981141	0.1560458900000000	0.0934655100000000
5.3000_1	2.1890897877479385	0.1671172700000000	0.1047794350000000
5.3001_0	2.2084494881623065	0.1480605000000000	0.1002941800000000
5.3001_1	2.1944568363515558	0.1555824650000000	0.1012691500000000
5.3020_0	2.2054620351671912	0.1510386850000000	0.0973904150000000
5.3020_1	2.1920363270661363	0.1418959500000000	0.1079295050000000
5.3060_0	2.2047080243381014	0.1550534750000000	0.0861492250000000
5.3060_1	2.1984996768702447	0.1759344500000000	0.1009461600000000
5.3200_0	2.2103182705998754	0.1534416650000000	0.1023423000000000
5.3230_0	2.2086093065228205	0.1609943150000000	0.0972780300000000
5.3230_1	2.1916366386476929	0.1589387850000000	0.0900540250000000
5.3240_0	2.2087810689420069	0.1505732700000000	0.0922373950000000
5.3240_1	2.1944275868317753	0.1524148600000000	0.0949481550000000
5.3260_0	2.2004012297687803	0.1508713700000000	0.0994606100000000
5.3270_0	2.2100006127636149	0.1440941100000000	0.0906587450000000
5.3270_1	2.1951993916144148	0.1691076750000000	0.0954543800000000
5.3280_0	2.2039360540496808	0.1329837450000000	0.1135381850000000
5.3280_1	2.1934636548552113	0.1683128000000000	0.1131615300000000
5.3350_0	2.2080542282937015	0.1421940450000000	0.0866694000000000
5.3360_0	2.2054458610481671	0.1519414150000000	0.1090420900000000
5.3400_0	2.2084482041372713	0.1456210100000000	0.0963245600000000
5.3400_1	2.1962953313627929	0.1412499400000000	0.1018456750000000
5.3401_0	2.2011291742481824	0.1325625400000000	0.1026591750000000
5.3402_0	2.2057756572669995	0.1563746700000000	0.0994394250000000
5.3402_1	2.1933158602585476	0.1505871000000000	0.0962786000000000
5.3450_0	2.2084664656964557	0.1461754400000000	0.0989765350000000
5.3450_1	2.2910834643046378	0.2509990250000000	0.1050122900000000
5.3480_0	2.2107976238067297	0.1604316400000000	0.1046218800000000
5.3490_0	2.2051749419249660	0.1603473300000000	0.1007622050000000
5.3490_1	2.1910470488116260	0.1524087750000000	0.0946130250000000
5.3600_0	2.2064557021486233	0.1594146650000000	0.0871393550000000
5.3600_1	2.1992409659728223	0.1468465250000000	0.1048452300000000
5.3630_0	2.2109806490124884	0.1475357200000000	0.1040636350000000
5.3630_1	2.1933257029267095	0.1491000200000000	0.0873829450000000
5.3640_0	2.2065102119566817	0.1518430050000000	0.0985990800000000
5.3800_0	2.1999234943603581	0.1477562200000000	0.1080737950000000
5.3800_1	2.1948634051802167	0.1578278300000000	0.0910847100000000
5.3850_0	2.2091416490503892	0.1409121150000000	0.1005350100000000
5.3850_1	2.1920598911438245	0.1604451800000000	0.0980584450000000
5.3851_0	2.2028311076508684	0.1541413900000000	0.0972846350000000
5.3851_1	2.1881685341865089	0.1512082800000000	0.0941718400000000
5.3900_0	2.2088236765846143	0.1492406400000000	0.0901593250000000
5.3900_1	2.1899678509721072	0.1598311550000000	0.1064614200000000
5.3930_0	2.2012101218929021	0.1553172600000000	0.1032253800000000
5.3970_0	2.2040684457913486	0.1383049600000000	0.0922822450000000
5.3970_1	2.1778546987991323	0.1378900150000000	0.1099368900000000
5.4000_0	2.2051052466345507	0.1624485450000000	0.1004278400000000
5.4000_1	2.1806117731621111	0.1545900700000000	0.1027082800000000
5.4001_0	2.2080295251832989	0.1506755200000000	0.1064229950000000
5.4001_1	2.1999197078956145	0.1522462150000000	0.0976139550000000
5.4060_0	2.2080368764423426	0.1518085200000000	0.0964379800000000
5.4200_0	2.2065208327610351	0.1620373350000000	0.0907331150000000
5.4230_1	2.1879005137959617	0.1502630750000000	0.0869547350000000
5.4270_0	2.2050998752265323	0.1474287550000000	0.1052706050000000
5.4270_1	2.2057187897078121	0.2079748600000000	0.1267837150000000
5.4300_0	2.2086458718330433	0.1504447850000000	0.0779212650000000
5.4300_1	2.1951239498994202	0.1577673800000000	0.0812506750000000
5.4350_0	2.2047034141766200	0.1576768700000000	0.0975342800000000
5.4350_1	2.1907381031718001	0.1413589850000000	0.1077410750000000
5.4380_0	2.1976572026400905	0.1579050050000000	0.0953739450000000
5.4390_0	2.2069630914968679	0.1456616550000000	0.1021987300000000
5.4390_1	2.1999407490800644	0.1464682800000000	0.1027961100000000
5.4400_0	2.2092431369640284	0.1587613200000000	0.1103311150000000
5.4400_1	2.1925646884667502	0.1200782900000000	0.0993762250000000
5.4450_0	2.2077756147123093	0.1583992050000000	0.1003421350000000
5.4450_1	2.2001362212469577	0.1541439550000000	0.1033453600000000
5.4500_0	2.2024221029705249	0.1562452600000000	0.1037558250000000
5.4500_1	2.1958707310043395	0.1454343600000000	0.1067501400000000
5.4540_1	2.1818241627522070	0.1572555300000000	0.0803659050000000
5.4570_0	2.2068294956526149	0.1577337050000000	0.1019391850000000
5.4570_1	2.1900120431050007	0.1681995850000000	0.1041439650000000
5.4600_0	2.2052125762650170	0.1467455350000000	0.0741585200000000
5.4600_1	2.1901430737957730	0.1473531600000000	0.0934740650000000
5.4601_0	2.2070055604992462	0.1379738450000000	0.0450641650000000
5.4601_1	2.1906042901829990	0.1568816750000000	0.0931276050000000
5.4602_0	2.1970409198226206	0.1691273400000000	0.1147906300000000
5.4602_1	2.1921616780911588	0.1536764600000000	0.1016165050000000
5.4603_0	2.2039350701288125	0.1542319700000000	0.0969038850000000
5.4603_1	2.1957711889295495	0.1537758750000000	0.1063525800000000
5.4700_0	2.2085523872967219	0.1601651050000000	0.1092428750000000
5.4700_1	2.1984999814481596	0.1463760900000000	0.0992600200000000
5.4701_0	2.2081050040560513	0.1437123600000000	0.0967738000000000
5.4701_1	2.1984389123929158	0.1592194750000000	0.1036010950000000
5.4750_1	2.2013184571821642	0.1527423600000000	0.1030928350000000
5.4800_0	2.2062018655527349	0.1441392900000000	0.1058427400000000
5.4800_1	2.3649809378534847	0.2583416750000000	0.1243158850000000
5.4910_0	2.2084709066448371	0.1443934800000000	0.0913300650000000
5.4910_1	2.1936616915709735	0.1639810500000000	0.1169604050000000
5.4930_0	2.2100239414400673	0.1576871150000000	0.0909259250000000
5.4930_1	2.1906047337743519	0.1444054700000000	0.1020220050000000
5.5000_0	2.2071610966583397	0.1436302850000000	0.0984178350000000
5.5040_0	2.2057243710712529	0.1412071850000000	0.0933365350000000
5.5040_1	2.1904905490622526	0.1208945800000000	0.0883491450000000
5.5100_0	2.2094613876672615	0.1511713050000000	0.0966124700000000
5.5101_1	2.1903919032630861	0.1518177250000000	0.0895322800000000
5.5102_0	2.2576389064592450	0.2183669050000000	0.1308150650000000
5.5102_1	2.2781921704538965	0.2212877400000000	0.0955783000000000
5.5200_1	2.1936085936964784	0.1632325450000000	0.0994601150000000
5.5210_0	2.2051819924817408	0.1523665150000000	0.1110617700000000
5.5210_1	2.1918735069419979	0.1286307700000000	0.0961373150000000
5.5300_0	2.2018725996959363	0.1631164050000000	0.0951162500000000
5.5300_1	2.1938444053914479	0.1543367400000000	0.1090913800000000
5.5320_0	2.2071280017563488	0.1512404850000000	0.0977052050000000
5.5320_1	2.1871461326668507	0.1344064100000000	0.1105887650000000
5.5600_0	2.2100722710643734	0.1583088100000000	0.0940541500000000
5.5600_1	2.1895939697336293	0.1416366850000000	0.1096345400000000
5.5650_0	2.2033575277418431	0.1501070150000000	0.1068063450000000
5.5650_1	2.1984690658368544	0.1448003700000000	0.1045314900000000
5.5660_0	2.2085685343883550	0.1444557800000000	0.1051738100000000
5.5700_0	2.2043860364833439	0.1509586500000000	0.1013007400000000
5.5700_1	2.1963017287197966	0.1554589550000000	0.0929477350000000
5.5701_0	2.2534864498160196	0.1906525950000000	0.1497778500000000
5.5701_1	2.1942599937600664	0.1500019550000000	0.0886550750000000
5.5710_0	2.2048275432753872	0.1465890300000000	0.0982753900000000
5.5710_1	2.1914048595322275	0.1393390400000000	0.1008132450000000
5.5780_0	2.2085295971000938	0.1433243050000000	0.0939014250000000
5.5900_0	2.2050821827315383	0.1492386000000000	0.1028568250000000
5.5900_1	2.1871613778228096	0.1633798400000000	0.0938701500000000
5.6001_0	2.2054636052085277	0.1378733300000000	0.1039886300000000
5.6150_0	2.2087438472191470	0.1624031000000000	0.1073120400000000
5.6160_0	2.2071118057400501	0.1631644750000000	0.1081748300000000
5.6160_1	2.1868050169406983	0.1753102150000000	0.0780303950000000
5.6180_0	2.2046939665756153	0.1422286400000000	0.1006944100000000
5.6180_1	2.1963460161613964	0.1450614150000000	0.0912853000000000
5.6240_0	2.2033300033253558	0.1540087550000000	0.1102269600000000
5.6240_1	2.1949741136660212	0.1697073950000000	0.0957812950000000
5.6260_0	2.2078971697513166	0.1394604800000000	0.0935720350000000
5.6260_1	2.1988881337071846	0.1518140400000000	0.0937539500000000
5.6290_0	2.2049513236526157	0.1503258450000000	0.1086198050000000
5.6300_0	2.2092764964732008	0.1536814950000000	0.0848170500000000
5.6300_1	2.1971877652140153	0.1479976900000000	0.0974877050000000
5.6301_0	2.2013391528783979	0.1434996350000000	0.1018556950000000
5.6301_1	2.1968644584424606	0.1480111550000000	0.0934279100000000
56.3100_0	2.1997440550525069	0.1690973650000000	0.1184804950000000
56.3100_1	2.1989476720206675	0.1473748600000000	0.1097840350000000
5.6370_0	2.2024970404675943	0.1531667700000000	0.1173269750000000
5.6370_1	2.1931438207404588	0.1520150500000000	0.0992911450000000
5.6400_0	2.2052178942200351	0.1510950350000000	0.1034915350000000
5.6400_1	2.1942382378189764	0.1395850500000000	0.1071630250000000
5.6410_0	2.2037733693640362	0.1521412900000000	0.0841315500000000
5.6420_0	2.3399809403014631	0.2648526250000000	0.1190478900000000
5.6420_1	2.1920145136417948	0.1528417350000000	0.1009080800000000
5.6421_0	2.2076238128054100	0.1686711400000000	0.0787455050000000
5.6421_1	2.1962378552727402	0.1462089850000000	0.1008888400000000
5.6500_0	2.2087149566676985	0.1582892350000000	0.1003024100000000
5.6500_1	2.1939281535158552	0.1481437100000000	0.0980224500000000
5.6580_0	2.2045041588364271	0.1434467100000000	0.0451489200000000
5.6640_0	2.2052077338043548	0.1551723650000000	0.1022048200000000
5.6640_1	2.2383887906598865	0.1993467250000000	0.1206706450000000
5.6760_0	2.2080039705506791	0.1618893850000000	0.1021371050000000
5.6800_0	2.2062699236038159	0.1472783250000000	0.1011572200000000
5.6800_1	2.1871689892970902	0.1290844000000000	0.1240353450000000
5.6860_0	2.2005464503081988	0.1591960300000000	0.1107503600000000
5.6890_0	2.1996308730153369	0.1526968650000000	0.0946869100000000
5.6890_1	2.1987941758353018	0.1740995400000000	0.1141906150000000
5.6900_0	2.2085714364572566	0.1436743950000000	0.0891950800000000
5.6900_1	2.1954381348944705	0.1483413000000000	0.0908038800000000
5.6901_0	2.2047157571304270	0.1475088550000000	0.1016575650000000
5.6901_1	2.1804077277961902	0.1618666700000000	0.1187747000000000
5.7160_0	2.2016534981618996	0.1387352250000000	0.1001371950000000
5.7160_1	2.2551036328836327	0.1807838950000000	0.1231015500000000
5.7200_0	2.2042927649712416	0.1423882100000000	0.0982673000000000
5.7210_0	2.2046504781225855	0.1333725500000000	0.0887830100000000
5.7210_1	2.1986435519515912	0.1433577750000000	0.0981147850000000
5.7300_0	2.2052431835718815	0.1410961700000000	0.0937026150000000
5.7330_0	2.2014291030129769	0.1459577700000000	0.0984766550000000
5.7330_1	2.1951556365422826	0.1455345750000000	0.1024937400000000
5.7380_0	2.2093113386616632	0.1556305500000000	0.1008473800000000
5.7400_0	2.1962858590315357	0.1481065400000000	0.0989577450000000
5.7400_1	2.1954375061754896	0.1741389650000000	0.1032202150000000
5.7401_0	2.2065674686427403	0.1596160600000000	0.0828409350000000
5.7401_1	2.1940613676889131	0.1501172650000000	0.1024223750000000
5.7402_0	2.2050144074876035	0.1468025950000000	0.0948658850000000
5.7403_0	2.2048904289955402	0.1579092750000000	0.0986801500000000
5.7403_1	2.1953441372964364	0.1429469650000000	0.1113169800000000
5.7404_1	2.2944081877656863	0.2213309050000000	0.1043578000000000
5.7470_0	2.2083522539649865	0.1564944550000000	0.0928336000000000
5.7500_0	2.2096626542025124	0.1520594550000000	0.1095338350000000
5.7500_1	2.1983564794532877	0.1519111300000000	0.1007745900000000
5.7501_1	2.1934746943341001	0.1581601100000000	0.0891126400000000
5.7600_0	2.2053333536428084	0.1360663300000000	0.1059205300000000
5.7600_1	2.2432081524348981	0.2383664450000000	0.1565534900000000
5.7601_0	2.2014191978562416	0.1536781300000000	0.1036621350000000
5.7601_1	2.1933447982830812	0.1666225300000000	0.0698406600000000
5.7602_0	2.2091812260836412	0.1420973150000000	0.1008463350000000
5.7602_1	2.2664626639759340	0.2078295250000000	0.0802516300000000
5.7700_0	2.2070816723035103	0.1498815200000000	0.0996189150000000
5.7701_0	2.2014165365571556	0.1511916450000000	0.1065303750000000
5.7701_1	2.2793866762239015	0.2131519750000000	0.1219319300000000
5.7702_0	2.2095679241623216	0.1605075500000000	0.0882417250000000
5.7760_0	1.8080646707316141	0.1320962750000000	0.3659024350000000
5.7760_1	2.1953544138238077	0.1541232650000000	0.0638001650000000
5.7820_0	2.2020300253781553	0.1428608750000000	0.0985799500000000
5.7820_1	2.1899063654240578	0.1509319750000000	0.0862112450000000
5.7860_0	2.2061544690116501	0.1558566700000000	0.0969512950000000
5.7860_1	2.2119167197301564	0.1971703900000000	0.1086637300000000
5.8080_0	2.2067082125708990	0.1474062000000000	0.0963641800000000
5.8100_0	2.2057697842165167	0.1492117850000000	0.1003054450000000
5.8120_0	2.2073173859547603	0.1665884800000000	0.0963629900000000
5.8120_1	2.1953022262995185	0.1531350750000000	0.0976435050000000
5.8130_0	2.2064915551296100	0.1458132150000000	0.1008198550000000
5.8130_1	2.1968249374012574	0.1522216800000000	0.0785670700000000
5.8200_0	2.2096639462717169	0.1561415550000000	0.1021094250000000
5.8200_1	2.1982609531961650	0.1523837150000000	0.0975384800000000
5.8201_0	2.2055028194186339	0.1545234450000000	0.1023629700000000
5.8201_1	2.1892678568987312	0.1562048900000000	0.0986506550000000
5.8300_0	2.2033414823669122	0.1560489700000000	0.0914002900000000
5.8300_1	2.1934316359709212	0.1485025500000000	0.0764686050000000
5.8340_1	2.1932930679756826	0.1568557600000000	0.0961318100000000
5.8400_0	2.2207040540506475	0.1671501050000000	0.1058353700000000
5.8440_1	2.1934358386960890	0.1609971650000000	0.1043602200000000
5.8510_0	2.2095881898624885	0.1541574550000000	0.1084725650000000
5.8510_1	2.1940590111073686	0.1569543800000000	0.0935044350000000
5.8700_0	2.2058951005961567	0.1463820350000000	0.1040162300000000
5.8701_0	2.2026876229556231	0.1392146300000000	0.0952738850000000
5.8702_0	2.2090754933491965	0.1670287700000000	0.0951862800000000
5.8702_1	2.1851122718555636	0.1597849950000000	0.0954433850000000
5.8703_0	2.2006722994387369	0.1560242700000000	0.0830577400000000
5.8703_1	2.1974652870612865	0.1528344900000000	0.0924257150000000
5.8750_0	2.2089945904424648	0.1532518600000000	0.1075111900000000
5.8750_1	2.2001362138363421	0.1604089450000000	0.0876211850000000
5.8820_1	2.1933369670455432	0.1597936100000000	0.0994533450000000
5.8900_0	2.2071239397030333	0.1447371800000000	0.0789499550000000
5.8900_1	2.2036292886073912	0.1625327100000000	0.1094755150000000
5.8901_0	2.2056217657045067	0.1484558950000000	0.0978995450000000
5.8901_1	2.1928353553610238	0.1803211050000000	0.1091497000000000
5.9100_0	2.2060406706359967	0.1500786400000000	0.0813524100000000
5.9100_1	2.2176481767338445	0.1996907300000000	0.0797654550000000
5.9140_0	2.2029035035458366	0.1411205650000000	0.0943941600000000
5.9140_1	2.1713210801088398	0.1377594900000000	0.0857211150000000
5.9170_0	2.2042785887262837	0.1552040000000000	0.1048567900000000
5.9170_1	2.1952534022090475	0.1399558500000000	0.0939263600000000
5.9310_0	2.2038877378470447	0.1531085150000000	0.0831876850000000
5.9310_1	2.1905761228729475	0.2006155300000000	0.1257656400000000
5.9430_0	2.2052392589321901	0.1349631050000000	0.0939418350000000
5.9430_1	2.1878444636109724	0.1516382100000000	0.0922223450000000
5.9440_0	2.2065729971134167	0.1513954050000000	0.0807150700000000
5.9441_1	2.1918876836703873	0.1594315600000000	0.0946894950000000
5.9520_0	2.2026450280179142	0.1556259800000000	0.0948497350000000
5.9520_1	2.1913650736942389	0.1361955150000000	0.0870796850000000
5.9600_0	2.2143196787641886	0.1651257650000000	0.1156004350000000
5.9700_0	2.2021852432205455	0.1508118900000000	0.0923215600000000
5.9700_1	2.1924520269516155	0.1638126300000000	0.1156414850000000
5.9750_0	2.2086500412913899	0.1540767350000000	0.1038248000000000
5.9750_1	2.1933198623681838	0.1585000400000000	0.1010076950000000
5.9900_0	2.2062404761136327	0.1546162950000000	0.0987456400000000
6.0100_0	2.2016062472440261	0.1631985250000000	0.0868967950000000
6.0100_1	2.1970795168777184	0.1580053850000000	0.0935534550000000
6.0300_0	2.2250977612589264	0.1833689100000000	0.1147287650000000
6.0300_1	2.3866091883354739	0.2865714200000000	0.1251902600000000
6.0330_0	2.2041156880567669	0.1601718800000000	0.0952788100000000
6.0330_1	2.1941371589978793	0.1571457900000000	0.1013713250000000
6.0450_1	2.1883168966639466	0.1366971450000000	0.0961828500000000
6.0480_0	2.2067822144531681	0.1458754350000000	0.0951485200000000
6.0501_0	2.2068643411520261	0.1402251900000000	0.0882631850000000
6.0501_1	2.1932620807290100	0.1495144400000000	0.0943106950000000
6.0530_0	2.2099397156500058	0.1629042700000000	0.1077651450000000
6.0590_0	2.2024754227389192	0.1549712850000000	0.1009606400000000
6.0590_1	2.1933010208683603	0.1509007150000000	0.0960776650000000
6.0610_0	2.2090359260309818	0.1520882650000000	0.1071896200000000
6.0700_0	2.2091797501084884	0.1578621150000000	0.0979608600000000
6.0701_0	2.2072124723322748	0.1584813900000000	0.1029804750000000
6.0701_1	2.1906688282840405	0.1468017300000000	0.1115238200000000
6.0720_1	2.1934008598410903	0.1773788700000000	0.1055202700000000
6.0800_0	2.2076905667041724	0.1498110700000000	0.1100686450000000
6.0800_1	2.1929905575066817	0.1521770300000000	0.0983670600000000
6.0860_0	2.2057022132603743	0.1438979400000000	0.1009403850000000
6.0860_1	2.1962858635949751	0.1654742300000000	0.0907457200000000
6.0870_0	2.2048934502965971	0.1400460200000000	0.0972365150000000
6.0990_0	2.2086513186478398	0.1461824800000000	0.0974322750000000
6.0990_1	2.1962375573216542	0.1620003350000000	0.1063606050000000
6.1000_0	2.2086593977873497	0.1485631050000000	0.1058961350000000
6.1000_1	2.1992237905643264	0.1656543100000000	0.1046469100000000
6.1001_0	2.2096962205295068	0.1553001700000000	0.1067539250000000
6.1001_1	2.2588768879789858	0.2006276700000000	0.1318684000000000
6.1070_0	2.1984737300719299	0.1768669050000000	0.1082694350000000
6.1070_1	2.1933155302094001	0.1465216850000000	0.1103791950000000
6.1090_0	2.2033669942404757	0.1406248350000000	0.1041251000000000
6.1090_1	2.1936176672019725	0.1536990500000000	0.1114794450000000
6.1210_0	2.2061499390019632	0.1568819050000000	0.0932393350000000
6.1211_0	2.2054102236954054	0.1421753300000000	0.1018153750000000
6.1330_0	2.2026378179437516	0.1494654050000000	0.0945870450000000
6.1380_0	2.2073912865820051	0.1446370800000000	0.0950088400000000
6.1380_1	2.1903553166986502	0.1554838550000000	0.1040058550000000
6.1400_0	2.2057251411454475	0.1447454350000000	0.0910034450000000
6.1400_1	2.2229064160211576	0.1849543800000000	0.1041709000000000
6.1401_0	2.2065848212154564	0.1510566700000000	0.1024978500000000
6.1401_1	2.1558693111262346	0.1459072050000000	0.1083621900000000
6.1530_0	2.2056795265942264	0.1586460550000000	0.1025362800000000
6.1590_0	2.2080447205479872	0.1555773350000000	0.1056417450000000
6.1590_1	2.1951481828976482	0.1441002500000000	0.0954958000000000
6.1600_0	2.2084366777395448	0.1568225400000000	0.1031215050000000
6.1600_1	2.1895471320677919	0.1396889150000000	0.0994278250000000
6.1601_0	2.2013849552724700	0.1598652400000000	0.0960243400000000
6.1700_0	2.2081879699793121	0.1613820850000000	0.1120226750000000
6.1701_1	2.2083789003835288	0.1776433850000000	0.0890297750000000
6.1740_0	2.2044293015802419	0.1461480100000000	0.0983703950000000
6.1800_0	2.2071317936081885	0.1568412550000000	0.1067264050000000
6.1800_1	2.2115872406798260	0.1668297300000000	0.1187105450000000
6.1930_0	2.2034632688287301	0.1441532150000000	0.1003344450000000
6.1930_1	2.2046949496410555	0.1656486100000000	0.1132019350000000
6.2000_0	2.2021786612593757	0.1568762750000000	0.0880298200000000
6.2080_0	2.1983552293495694	0.1599680550000000	0.1133885000000000
6.2080_1	2.1961367412853021	0.1497241650000000	0.1100349450000000
6.2120_0	2.2057072887879072	0.1499725150000000	0.0954946850000000
6.2120_1	2.1919351829514722	0.1460051250000000	0.0932333550000000
6.2170_0	2.2033372153602215	0.1527788000000000	0.1013827300000000
6.2170_1	2.3029842009951866	0.2433879800000000	0.1178416600000000
6.2240_0	2.2014185861354294	0.1358892500000000	0.0926645650000000
6.2240_1	2.1942136357235937	0.1440873100000000	0.0857444700000000
6.2300_0	2.2057666558280462	0.1525801450000000	0.0864750400000000
6.2300_1	2.2667920522140381	0.2175506750000000	0.1449642600000000
6.2400_0	2.2034805303123930	0.1488978200000000	0.0964068700000000
6.2400_1	2.1895465017030369	0.1388102150000000	0.0935755450000000
6.2401_0	2.2052235663254862	0.1540472500000000	0.1038759550000000
6.2401_1	2.1941881489611408	0.1506765050000000	0.0927140500000000
6.2420_0	2.2068343530684147	0.1638201200000000	0.1001482850000000
6.2420_1	2.1944250525635152	0.1585666000000000	0.1019871950000000
6.2500_0	2.2071251636412121	0.1601443950000000	0.1045578650000000
6.2500_1	2.1929582036113331	0.1294568950000000	0.0916201600000000
6.2501_0	2.2062698369192586	0.1541924100000000	0.1067086800000000
6.2501_1	2.1931353701497924	0.1450606100000000	0.0946089200000000
6.2520_0	2.2057226428967365	0.1541453150000000	0.1016648650000000
6.2520_1	2.1946396698051513	0.1464177900000000	0.0856056650000000
6.2600_1	2.1933577466037404	0.1743814550000000	0.1064439150000000
6.2601_0	2.2099680571160869	0.1539384900000000	0.1035340400000000
6.2601_1	2.1607196767399519	0.1432603350000000	0.0866894300000000
6.2620_0	2.2065051649947383	0.1523859400000000	0.0775422850000000
6.2620_1	2.1942711740823890	0.1475053250000000	0.0969229850000000
6.2800_1	2.2203553415468344	0.1886049750000000	0.1141513950000000
6.3000_0	2.2380916984747747	0.1871738700000000	0.1147841150000000
6.3000_1	2.1945075819712736	0.1500237750000000	0.0946408450000000
6.3001_1	2.1913397527121536	0.1459170400000000	0.0892114500000000
6.3300_0	2.2014184116803777	0.1542177600000000	0.0843780250000000
6.3300_1	2.1945588852236657	0.1395609900000000	0.0946819300000000
6.3400_0	2.2087008437065960	0.1508224900000000	0.0996945150000000
6.3401_0	2.2106391453850520	0.1653664600000000	0.0880512050000000
6.3460_1	2.3625396064331210	0.2730665750000000	0.1672045700000000
6.3500_0	2.2218107269833194	0.1729931650000000	0.1256633100000000
6.3620_1	2.1881928852499866	0.1557273200000000	0.0917765050000000
6.3870_0	2.2038967025246929	0.1619849850000000	0.1020299700000000
6.3870_1	2.1969330105462959	0.1418508000000000	0.1024881200000000
6.3880_0	2.2090785115819758	0.1531678800000000	0.0910083900000000
6.3880_1	2.1925469486883236	0.1498258050000000	0.0973725900000000
6.4030_0	2.2358679251846709	0.1908319000000000	0.1191406200000000
6.4110_0	2.2062747681326491	0.1566031600000000	0.1069949200000000
6.4110_1	2.1932680899978050	0.1547619150000000	0.0974491350000000
6.4120_0	2.2065411036244864	0.1569989850000000	0.0921166900000000
6.4300_0	2.2050095851074651	0.1432200100000000	0.1037340250000000
6.4300_1	2.1957872291422742	0.1530104650000000	0.0924679000000000
6.4301_0	2.2080411826634330	0.1558766400000000	0.1083434750000000
6.4500_0	2.2104267353206768	0.1618946600000000	0.1000616650000000
6.4500_1	2.1917828613378294	0.1464278650000000	0.0901929300000000
6.4560_1	2.2197967469542688	0.1900551050000000	0.1021250400000000
6.4600_0	2.2092926259898387	0.1576999950000000	0.1039395550000000
6.4600_1	2.1929312367434228	0.1421773850000000	0.0995350900000000
6.4601_0	2.2076148623027732	0.1537047550000000	0.0934813300000000
6.4800_0	2.2075987442678398	0.1481710750000000	0.1015856450000000
6.4800_1	2.1956152597436378	0.1364245700000000	0.0810680800000000
6.5000_0	2.1984640412458600	0.1354626250000000	0.0992743350000000
6.5000_1	2.1931626103198347	0.1531288900000000	0.0977641550000000
6.5001_0	2.2067057098365925	0.1541338850000000	0.1085776650000000
6.5002_0	2.1984898180805659	0.1544473200000000	0.1015590050000000
6.5070_0	2.2068555452347844	0.1466662650000000	0.0727293500000000
6.5100_0	2.2018572439681829	0.1459372300000000	0.1036288500000000
6.5100_1	2.1963705827605176	0.1536757500000000	0.1076641050000000
6.5220_1	2.1953971986926395	0.1488771200000000	0.0976197000000000
6.5290_0	2.2038591005960582	0.1509560200000000	0.1083841500000000
6.5290_1	2.1889822120324589	0.1493182250000000	0.0962907050000000
6.5300_0	2.2066768817445892	0.1507367750000000	0.1011546350000000
6.5300_1	2.1973753978239290	0.1396783850000000	0.0990660200000000
6.5340_0	2.2041077325124863	0.1551414600000000	0.0993793750000000
6.5340_1	2.1921735507538247	0.1509048400000000	0.0816298150000000
6.5350_0	2.2047176603623786	0.1553278500000000	0.0809610300000000
6.5400_0	2.2076173331911222	0.1517718700000000	0.0993648000000000
6.5400_1	2.1954546294188768	0.1429264600000000	0.1020261950000000
6.5500_0	2.2068457800668266	0.1478867050000000	0.1060675200000000
6.5500_1	2.2065469405990910	0.1855355900000000	0.1202108750000000
6.5600_0	2.2080716383410128	0.1514685300000000	0.0865894950000000
6.5600_1	2.1965933827617552	0.1476713400000000	0.0884437450000000
6.5601_0	2.2057776972563765	0.1507567250000000	0.0893645100000000
6.5601_1	2.1929334760637924	0.1528244300000000	0.1061328800000000
6.5880_0	2.2055347565097927	0.1428840300000000	0.0872367800000000
6.5900_0	2.2069306508250186	0.1519845850000000	0.1027331900000000
6.5900_1	2.1933322678228544	0.1453994850000000	0.0917745100000000
6.5901_0	2.2089297722861772	0.1521899550000000	0.1071856700000000
6.6090_0	2.2014289914063387	0.1564391100000000	0.0829842900000000
6.6090_1	2.1907437720715834	0.1501461000000000	0.1006946850000000
6.6200_1	2.1909798044122724	0.1554396550000000	0.1071318000000000
6.6300_1	2.2008874346725547	0.1474053500000000	0.0992662300000000
6.6400_0	2.2077553028484500	0.1612072800000000	0.1163636900000000
6.6401_0	2.2042197970252042	0.1561451650000000	0.0972686950000000
6.6401_1	2.1974772192283361	0.1740843750000000	0.0629380050000000
6.6460_0	2.1768760994153507	0.1289749900000000	0.1114896000000000
6.7000_0	2.2120979533824920	0.1806107450000000	0.1116848600000000
6.7000_1	2.1908379690217634	0.1552363550000000	0.0971852800000000
6.7100_0	2.2068006228612100	0.1441040650000000	0.1004554700000000
6.7100_1	2.1889935781528140	0.1448184950000000	0.1021829250000000
6.7101_0	2.2047079512413794	0.1491097900000000	0.1091693350000000
6.7101_1	2.1960370658547124	0.1574031500000000	0.1011792150000000
6.7120_0	2.1728123154811843	0.1301674950000000	0.1101308800000000
6.7400_0	2.3369657210624220	0.2385151200000000	0.1226289300000000
6.7500_0	2.1982580682847757	0.1665228800000000	0.1149639250000000
6.7500_1	2.1949564388213481	0.1520373550000000	0.0657461400000000
6.7501_1	2.1944907266599865	0.1537590900000000	0.1060860800000000
6.7700_0	2.2056969904765289	0.1416060350000000	0.0943326850000000
6.7700_1	2.2000568602967951	0.1509593900000000	0.0964452650000000
6.7900_0	2.2071255883214942	0.1559423900000000	0.1017824600000000
6.7900_1	2.1933462657166793	0.1498417000000000	0.0617363150000000
6.7901_0	2.2056472253342121	0.1454429250000000	0.1053650900000000
6.7901_1	2.1929686979502678	0.1667002100000000	0.1075587950000000
6.8000_0	2.2057210145209258	0.1513899100000000	0.1096242800000000
6.8000_1	2.1936861006079047	0.1466214950000000	0.1025729500000000
6.8040_0	2.2052597704084724	0.1426589550000000	0.0974015850000000
6.8040_1	2.1933718379508664	0.1530987300000000	0.0908011150000000
6.8100_0	2.2059217666969579	0.1433576150000000	0.1011070100000000
6.8200_0	2.2054010269747959	0.1577353300000000	0.0853768350000000
6.8300_0	2.1993290429278285	0.1572215350000000	0.1130400400000000
6.8400_0	2.2057215266714119	0.1419598100000000	0.0974188000000000
6.8400_1	2.1871622252205425	0.1377989100000000	0.1042274550000000
6.8640_0	2.1770298677969024	0.1473667200000000	0.1138073000000000
6.8640_1	2.1951528681122996	0.1426107550000000	0.1019937850000000
6.8800_0	2.2060526094669020	0.1528274650000000	0.0792848000000000
6.8801_0	2.2059933119610280	0.1539918550000000	0.1052296150000000
6.8801_1	2.1970327185560747	0.1669399750000000	0.1045518950000000
6.8802_0	2.1997757478078634	0.1457824550000000	0.0831107950000000
6.8802_1	2.1966323923824138	0.1525232500000000	0.0979147650000000
6.8803_0	2.2095407851054558	0.1548735450000000	0.0999768450000000
6.8803_1	2.2563038009120326	0.2154076900000000	0.1140734800000000
6.8900_0	2.2313413340408186	0.1810200250000000	0.1195243850000000
6.9000_0	2.2033615057652156	0.1465097650000000	0.1027487900000000
6.9020_0	2.2084916105589714	0.1524861600000000	0.0982344550000000
6.9020_1	2.1973801292907300	0.1594682500000000	0.0920040300000000
6.9500_0	2.2763853245211023	0.2421494300000000	0.1003336200000000
6.9500_1	2.1917683115602342	0.1471967800000000	0.0897833350000000
6.9700_0	2.2051924578418616	0.1454202800000000	0.0986563400000000
6.9700_1	2.1953532029376830	0.1514265650000000	0.0935040050000000
6.9730_0	2.2071094764813175	0.1524047900000000	0.0921374050000000
6.9800_0	2.2078421673393138	0.1522885150000000	0.0948478300000000
6.9801_1	2.1985165394848325	0.1537702400000000	0.0984517600000000
6.9820_1	2.1857850934190908	0.1557529300000000	0.1052415600000000
6.9900_0	2.2050854993345741	0.1750647800000000	0.0838342900000000
6.9901_0	2.2064505093221523	0.1496217850000000	0.0854765700000000
6.9901_1	2.1924946936139622	0.1402270000000000	0.0848189800000000
7.0000_0	2.2065178850177256	0.1605570100000000	0.1066982100000000
7.0000_1	2.1955159351286917	0.1519451150000000	0.0905475300000000
7.0001_0	2.1995685850886071	0.1488386800000000	0.1024620150000000
7.0001_1	2.1789171980757760	0.1360816350000000	0.1103747050000000
7.0100_0	2.2047113704174843	0.1430646350000000	0.0965463350000000
7.0100_1	2.1869131775410739	0.2155903250000000	0.1407595450000000
7.0101_0	2.2057037846344518	0.1485731900000000	0.1001405600000000
7.0200_0	2.2080018787936209	0.1491645650000000	0.0883333800000000
7.0200_1	2.1916356728483595	0.1530576800000000	0.0846681400000000
7.0220_0	2.2068745266161689	0.1404538700000000	0.0917351800000000
7.0220_1	2.1954815167538810	0.1534125600000000	0.0958014400000000
7.0400_0	2.2083058695649123	0.1472925850000000	0.1124757800000000
7.0400_1	2.1958603224190032	0.1528104500000000	0.0994726350000000
7.0500_0	2.2068254362928683	0.1524237050000000	0.0930038250000000
7.0520_0	2.2108789060746932	0.2059791800000000	0.1386713950000000
7.0520_1	2.1965575501072774	0.1391057400000000	0.0903743800000000
7.0530_0	2.2062275267934641	0.1497023450000000	0.0976370200000000
7.0530_1	2.2001488608239081	0.1472348200000000	0.0955990700000000
7.0600_0	2.2063093535243237	0.1434761350000000	0.1001455650000000
7.0700_1	2.1888386010506102	0.1567683400000000	0.1114444350000000
7.0900_0	2.2047022527728619	0.1564085700000000	0.0973482850000000
7.0900_1	2.1970826538405568	0.1570710650000000	0.1048736750000000
7.0901_0	2.2023571900102876	0.1444493750000000	0.1015005250000000
7.0901_1	2.1985099113633781	0.1731229950000000	0.1079184150000000
7.1000_0	2.2038177097218044	0.1482290250000000	0.0945053950000000
7.1100_0	2.2015277548436667	0.1536210150000000	0.0973058400000000
7.1100_1	2.1963232305018607	0.1400955650000000	0.0887186000000000
7.1200_0	2.2047175978858777	0.1519944450000000	0.0733286700000000
7.1200_1	2.1959839489334616	0.1566220100000000	0.0929256550000000
7.1201_0	2.2084404310868204	0.1550585700000000	0.0960042250000000
7.1201_1	2.1971654370899318	0.1378398550000000	0.0917881800000000
71.3400_0	2.2002781370127895	0.1433757550000000	0.0960566750000000
71.3400_1	2.1993953976302287	0.1498951200000000	0.0949168950000000
7.1500_0	2.2035182801252029	0.1534707400000000	0.0950285000000000
7.1500_1	2.1662470186044911	0.1443948800000000	0.1200838250000000
7.1600_0	2.1984507301458898	0.1438524200000000	0.0995625950000000
7.1600_1	2.1983184579254194	0.1651721750000000	0.1001321300000000
7.1760_0	2.2059031708921681	0.1714895900000000	0.0839916150000000
7.1760_1	2.2015788271874204	0.1789063000000000	0.1063647150000000
7.1800_0	2.2046777353840712	0.1423042950000000	0.1058649000000000
7.1800_1	2.1947567834758499	0.1516903500000000	0.0925528000000000
7.1801_0	2.2031604551527502	0.1594559300000000	0.1029269350000000
7.1801_1	2.1954484037615818	0.1698753200000000	0.0918469350000000
7.2000_0	2.2769919894454214	0.2094152400000000	0.1544928550000000
7.2100_0	2.2041059348819916	0.1500916800000000	0.1017170800000000
7.2100_1	2.1925060511612884	0.1483439700000000	0.1026209450000000
7.2110_0	2.2033229776246075	0.1561358500000000	0.1055658200000000
7.2200_0	2.2074036044352590	0.1595862050000000	0.0754483950000000
7.2230_0	2.1983318855045795	0.1251851900000000	0.0878721150000000
7.2230_1	2.1962712300395157	0.1441509400000000	0.0910576550000000
7.2400_0	2.2093153606915603	0.1480671300000000	0.1052570650000000
7.2400_1	2.1946784718400121	0.1485769800000000	0.0937225300000000
7.2500_0	2.2064735237028952	0.1518883400000000	0.0949349600000000
7.2500_1	2.1957347425199765	0.1560042800000000	0.0873439700000000
7.2600_0	2.2077097946135735	0.1510714800000000	0.1131563350000000
7.2600_1	2.1925472974814184	0.1515447700000000	0.0986999050000000
7.3300_0	2.2054322467811378	0.1487596550000000	0.0986767650000000
7.3500_0	2.2045938269997358	0.1492499400000000	0.0948202750000000
7.3500_1	2.1837851480068209	0.1451207950000000	0.0927091800000000
7.3700_0	2.1752831672156514	0.1927020300000000	0.1321759150000000
7.3700_1	2.2627231242262789	0.2135428450000000	0.1238714300000000
7.3800_0	2.1984657535438163	0.1383297900000000	0.0930437000000000
7.3800_1	2.1844373202801921	0.1448204350000000	0.1026330350000000
7.3810_0	2.2098010706270235	0.1635333450000000	0.0898610450000000
7.3840_0	2.2049638805054763	0.1450595800000000	0.1040066450000000
7.3900_0	2.2047968101996549	0.1483937650000000	0.0893227200000000
7.4120_0	2.2026602187990472	0.1412511600000000	0.0932288300000000
7.4120_1	2.1918734263138893	0.1411234750000000	0.1099965950000000
7.4230_0	2.2032133019045936	0.1535926000000000	0.0812816650000000
7.4500_0	2.2014249638910113	0.1436782050000000	0.0997514650000000
7.4600_0	2.1981741057602142	0.1479305350000000	0.1061895800000000
7.4600_1	2.1993209519711874	0.1652168150000000	0.0796278500000000
7.4601_0	2.2049360288757991	0.1450579500000000	0.1045986400000000
7.4700_0	2.2327819307846268	0.1830913100000000	0.1148704450000000
7.4800_0	2.2074742437816335	0.1526256100000000	0.0816222800000000
7.4800_1	2.1931370943118336	0.1561823300000000	0.1025487100000000
7.4801_0	2.2021197141693793	0.1553534900000000	0.0898461700000000
7.4801_1	2.2208716560706661	0.2136587450000000	0.1024841300000000
7.5000_1	2.3033436606032169	0.2456117750000000	0.0462994400000000
7.5010_1	2.1954284037645273	0.1516749850000000	0.0928107300000000
7.5100_0	2.2046315799079665	0.1533570600000000	0.1070157450000000
7.5100_1	2.1945309863074698	0.1481384150000000	0.1018893850000000
7.5160_0	2.2020262329040690	0.1549968700000000	0.1062226450000000
7.5160_1	2.1935307373543713	0.1596120500000000	0.0840793550000000
7.5300_0	2.2014249736585212	0.1597409800000000	0.0961986800000000
7.5300_1	2.2000882618589350	0.1527971000000000	0.0942705950000000
7.5500_0	2.3264819696264523	0.2533375900000000	0.1138351200000000
7.5500_1	2.1962947013056118	0.1634935450000000	0.1123229600000000
7.5501_0	2.2059276369296379	0.1463104950000000	0.1002288000000000
7.5501_1	2.1910429446897299	0.1545829450000000	0.0819861500000000
7.5700_0	2.2036569614659784	0.1554219000000000	0.0881338000000000
7.5700_1	2.1950615861138205	0.1626844100000000	0.0981268900000000
7.5900_0	2.2047226564556328	0.1600001000000000	0.1079682350000000
7.5900_1	2.1983700586280772	0.1540402850000000	0.1007482550000000
7.5901_0	2.2082838586012152	0.1613735250000000	0.1007764150000000
7.5901_1	2.2054188720248069	0.1545398800000000	0.1056625200000000
7.6000_0	2.2038252265223575	0.1500180050000000	0.0959992850000000
7.6000_1	2.1786268705670806	0.1346243050000000	0.1121124550000000
7.6400_0	2.2034673983254911	0.1513329650000000	0.1081055250000000
7.6420_0	2.2059416197157482	0.1560241250000000	0.0924351900000000
7.6420_1	2.1966478670651606	0.1439255600000000	0.0966058500000000
7.6600_0	2.2023873626872961	0.1574126050000000	0.1011703000000000
7.6600_1	2.1984890835792403	0.1688079050000000	0.1147354900000000
7.6700_0	2.2033328178590104	0.1664816800000000	0.1178698100000000
7.6730_0	2.2000970515415803	0.1638823000000000	0.1066253650000000
7.6730_1	2.1956910987115648	0.1500740150000000	0.1039162050000000
7.6900_0	2.2043052122336646	0.1463772750000000	0.0941503300000000
7.6901_0	2.2039575648841003	0.1426962150000000	0.0993183500000000
7.6902_0	2.2058167414706258	0.1616462350000000	0.1033765350000000
7.6902_1	2.1920405787787458	0.1481485800000000	0.0949376300000000
7.7000_0	2.2060862340341392	0.1471347200000000	0.0970810150000000
7.7000_1	2.1938704906643642	0.1407533200000000	0.0958839900000000
7.7100_0	2.2021914271135308	0.1479440850000000	0.1057547100000000
7.7100_1	2.1948736899395183	0.1362150500000000	0.1048084100000000
7.7101_0	2.2048414488971986	0.1506927600000000	0.0995587050000000
7.7101_1	2.1975713034590441	0.1482274150000000	0.0925811450000000
7.7200_0	2.2007654901674862	0.1511228850000000	0.0866681750000000
7.7600_0	2.2041200730644483	0.1460659450000000	0.0991383900000000
7.7700_0	2.2052066027162573	0.1519211150000000	0.1019797450000000
7.7701_0	2.2052573135079148	0.1634798700000000	0.1022177400000000
7.7701_1	2.1976009239164176	0.1449460150000000	0.0881420250000000
7.7720_0	2.2072435770939820	0.1570039100000000	0.0869544100000000
7.7720_1	2.1942661103549059	0.1577665100000000	0.0970158950000000
7.7800_0	2.2073765670550851	0.1546256350000000	0.1008837250000000
7.7801_0	2.2033682453634591	0.1577956150000000	0.0929497950000000
7.7801_1	2.1964024417932833	0.1527134750000000	0.1093589500000000
7.7802_0	2.2020166386672546	0.1465837800000000	0.0994182900000000
7.7802_1	2.1977919254884717	0.1666609650000000	0.0776601350000000
7.8050_1	2.1951643307769864	0.1575230900000000	0.0964299250000000
7.8100_0	2.2033301897951616	0.1458959100000000	0.0924528450000000
7.8300_0	2.2076600122621586	0.1530771200000000	0.1026741250000000
7.8300_1	2.1932764747218392	0.1456773700000000	0.1022750000000000
7.8380_0	2.2059012947858618	0.1535480500000000	0.0980135300000000
7.8380_1	2.1954222129895045	0.1533282650000000	0.0973078700000000
7.8400_0	2.2033172163648578	0.1601533000000000	0.1022109300000000
7.8490_0	2.2081991639016589	0.1540638800000000	0.0938901850000000
7.8490_1	2.1920248568425311	0.1452079300000000	0.1063339000000000
7.8600_1	2.1947758144900948	0.1479811950000000	0.0942983100000000
7.8601_0	2.4182310563833758	0.2799595100000000	0.0574090400000000
7.8601_1	2.1944267795183148	0.1463338200000000	0.0856255400000000
7.8680_0	2.2162350491508631	0.1813086150000000	0.0599651050000000
7.8680_1	2.1989806999701180	0.1462246950000000	0.0961864800000000
7.8800_0	2.2069130092327174	0.1491635700000000	0.0912611400000000
7.8800_1	2.1949138073621719	0.1513151000000000	0.1056867850000000
7.8900_0	2.2014891123178075	0.1517785450000000	0.0905850250000000
7.8900_1	2.1908431846760079	0.1696436550000000	0.1088490650000000
7.8901_1	2.1988205082969996	0.1606516850000000	0.1062137200000000
7.9100_0	2.2086496868144536	0.1702355900000000	0.1227179400000000
7.9100_1	2.1915706262379233	0.1538923250000000	0.1127461750000000
7.9200_0	2.2057086727566788	0.1476163300000000	0.0997663100000000
7.9200_1	2.1942678232452550	0.1483479300000000	0.0939872000000000
7.9201_0	2.2076248567929642	0.1498709050000000	0.1045009050000000
7.9201_1	2.2013764773375657	0.1503456000000000	0.0950982900000000
7.9202_0	2.2057985336255586	0.1436152700000000	0.1030747250000000
7.9202_1	2.1951483618032586	0.1417418000000000	0.0923424600000000
7.9600_0	2.2036073674376229	0.1438445200000000	0.1025034750000000
7.9700_0	2.2071197255801702	0.1458188900000000	0.0999847050000000
7.9700_1	2.1958182967250184	0.1413505750000000	0.0955482550000000
7.9720_0	2.2057656940527961	0.1632039100000000	0.1091877000000000
7.9720_1	2.1934276539110873	0.1496766350000000	0.0950520850000000
7.9800_0	2.2029842002287769	0.1518431300000000	0.0855973950000000
7.9900_0	2.2027292141612627	0.1336452850000000	0.0869289050000000
7.9900_1	2.1984693371566144	0.1522384050000000	0.1009942950000000
7.9901_0	2.2034885339899573	0.1417918950000000	0.1069024800000000
8.0000_1	2.1978406933196002	0.1624828350000000	0.0970814200000000
8.0001_0	2.2894316342697296	0.2166280600000000	0.0994742450000000
8.0001_1	2.1933303540128959	0.1529530350000000	0.0920616400000000
8.0002_0	2.2203103454615434	0.1728256350000000	0.1074698150000000
8.0002_1	2.2193370451696688	0.1919792050000000	0.1020019500000000
8.0100_1	2.1948576855472854	0.1357386200000000	0.0924621900000000
8.0110_0	2.2050567623088928	0.1372878950000000	0.0975258250000000
8.0450_0	2.2034420596083026	0.1565804800000000	0.1036589400000000
8.0600_1	2.1962595708239765	0.1560111300000000	0.1054798550000000
8.0700_0	2.2043376024943915	0.1676867500000000	0.1039221550000000
8.0700_1	2.2219102914988205	0.1862121950000000	0.1262098400000000
8.0800_0	2.2066513311143767	0.1478089000000000	0.0937974450000000
8.0800_1	2.2020885478559298	0.1630409150000000	0.1101713700000000
8.1000_0	2.3346795764853892	0.2353408700000000	0.0963224850000000
8.1000_1	2.2091822980408433	0.1906635200000000	0.1132514000000000
8.1660_0	2.1870025958882278	0.1689856000000000	0.1109541450000000
8.1700_0	2.2009971632199212	0.1575303050000000	0.0952856600000000
8.2000_0	2.2076266665509441	0.1602644550000000	0.0859209950000000
8.2250_0	2.2014177043740855	0.1569753150000000	0.1055832400000000
8.2250_1	2.2020884427975047	0.1598601950000000	0.1095086250000000
8.2500_0	2.2054288373272284	0.1616691350000000	0.0955158350000000
8.2500_1	2.1995675657695735	0.1567715650000000	0.1025864350000000
8.2630_0	2.2069512830008389	0.1441792550000000	0.0995881400000000
8.2630_1	2.1992067043993169	0.1658784700000000	0.0979220950000000
8.2800_0	2.2052099058466652	0.1459092550000000	0.1030444200000000
8.2800_1	2.1960980457964849	0.1589130800000000	0.0847182500000000
8.3400_0	2.2048488261133343	0.1461292250000000	0.0970927900000000
8.3400_1	2.1932739285311715	0.1576790450000000	0.1004043200000000
8.3500_0	2.2059690988329845	0.1580728650000000	0.0957513300000000
8.3500_1	2.1951021068759431	0.1422935350000000	0.0906990100000000
8.3600_0	2.2033027546833646	0.1568278400000000	0.0984499750000000
8.3600_1	2.1945414719042127	0.1438420650000000	0.1068282950000000
8.3710_1	2.1966262244104260	0.1549590900000000	0.0988388450000000
8.3880_0	2.2033599982040690	0.1447203050000000	0.0940742100000000
8.3880_1	2.2230675067003043	0.2293410100000000	0.1405218500000000
8.4400_0	2.2047393328522715	0.1447871550000000	0.0962624300000000
8.4800_0	2.2033526603649878	0.1519393500000000	0.0994492950000000
8.4800_1	2.1921856916590161	0.1599727900000000	0.0944033800000000
8.6200_0	2.2092766518889269	0.1597039400000000	0.1045775700000000
8.6301_0	2.2050768021385836	0.1562000000000000	0.0975247000000000
8.6301_1	2.1960821635378607	0.1644549300000000	0.1159714950000000
8.7400_0	2.2001442642465623	0.1488655500000000	0.1039447050000000
8.7400_1	2.1918082141141659	0.1669642500000000	0.1013410450000000
8.8200_0	2.1947583898367640	0.1620380550000000	0.1134014050000000
8.8600_0	2.2057165065960653	0.1411052850000000	0.1003225600000000
8.8600_1	2.1956860091596249	0.1603580450000000	0.1075399400000000
8.9300_0	2.2047227466189629	0.1494821300000000	0.1093583750000000
8.9300_1	2.1926982098299694	0.1544641450000000	0.1016249300000000
8.9500_0	2.2091618993534210	0.1513096200000000	0.1155439100000000
8.9500_1	2.1962235392739400	0.1485563250000000	0.0971824100000000
8.9600_0	2.2033240126031104	0.1627232700000000	0.0850066600000000
8.9600_1	2.2003109843327078	0.1528776300000000	0.1199734550000000
8.9800_0	2.2014375327733986	0.1431925050000000	0.1028106400000000
8.9900_0	2.2046239732939199	0.1441155100000000	0.0965538000000000
8.9900_1	2.1945504319396005	0.1502607600000000	0.0981203900000000
9.0101_0	2.2045059879845321	0.1446470600000000	0.1052368050000000
9.0101_1	2.1962908041560336	0.1591539650000000	0.0911454150000000
9.1300_0	2.1984332794268835	0.1335226850000000	0.0864709850000000
9.1300_1	2.1961980385157038	0.1684837900000000	0.0951174550000000
9.1301_0	2.2048917122604315	0.1458466050000000	0.1035365100000000
9.1400_0	2.2053517005358723	0.1540963650000000	0.1073676550000000
9.1400_1	2.2234439857683799	0.1881774400000000	0.1139961850000000
9.1401_0	2.2030510907813108	0.1627152700000000	0.0910688750000000
9.1401_1	2.1983017648281860	0.1555825550000000	0.0987289700000000
9.1402_0	2.1984652264905726	0.1610496900000000	0.0809926150000000
9.1402_1	2.1984189862857031	0.1583117900000000	0.1007194900000000
91.6300_0	2.2017043670575736	0.1524789750000000	0.0962574450000000
91.6300_1	2.1999507324324794	0.1473611900000000	0.1028267350000000
9.1700_1	2.1962688971653659	0.1506484150000000	0.0983350850000000
9.2300_0	2.2026947401291763	0.1452572900000000	0.0967245450000000
9.2300_1	2.1959167076573016	0.1619314300000000	0.0927570400000000
9.2400_0	2.2014249075419516	0.1393861050000000	0.0896588050000000
9.2400_1	2.1956468431749161	0.1454747300000000	0.1034094650000000
9.2401_0	2.2053866037346497	0.1577997650000000	0.0972964850000000
9.2401_1	2.1957470992658359	0.1563594150000000	0.1029433700000000
9.2601_0	2.2040937880166114	0.1674467900000000	0.1094159250000000
9.2601_1	2.2781763840121307	0.2152697750000000	0.1118597050000000
9.3130_0	2.2033477834094390	0.1558980000000000	0.0977173100000000
9.3130_1	2.1919035864109069	0.1384067700000000	0.0917455850000000
9.3300_0	2.2024022487510480	0.1435496700000000	0.0920937900000000
9.3300_1	2.1984558291109106	0.1612794100000000	0.0980907650000000
9.4200_0	2.2060257312786593	0.1608434900000000	0.0894491800000000
9.4200_1	2.1961381148650196	0.1608301900000000	0.0879190500000000
9.4500_0	2.2033770997639017	0.1529747100000000	0.0959100750000000
9.5000_0	2.2043902625004015	0.1586360050000000	0.1022480600000000
9.5400_0	2.2013864271686319	0.1386059000000000	0.0950275300000000
9.5400_1	2.1958194560010909	0.1504027050000000	0.0854493850000000
9.5800_0	2.2053251256455186	0.1433210400000000	0.1040935650000000
9.5800_1	2.1963080806827922	0.1498276850000000	0.1092652900000000
9.5870_0	2.2061945081823007	0.1619405850000000	0.0972009750000000
9.5870_1	2.1984879206653534	0.1511765700000000	0.1020963150000000
9.5900_0	2.2044573268794703	0.1371634350000000	0.0966146400000000
9.5900_1	2.1991819316481984	0.1695811200000000	0.0629658150000000
9.6030_0	2.2024853776961573	0.1454454550000000	0.0936142800000000
9.6600_0	2.2012359993958186	0.1517022300000000	0.1067377150000000
9.6600_1	2.1970753262276013	0.1519344400000000	0.0852342550000000
9.6601_0	2.2042580718839795	0.1408056950000000	0.0951997100000000
9.6700_0	2.2052459831690769	0.1585698600000000	0.0963199000000000
9.7900_0	2.2025566528602671	0.1470230950000000	0.1037374750000000
9.7900_1	2.1952700607517524	0.1519836400000000	0.0989696700000000
