10.0400_0	2.1988936380017345	0.1579043700000000	0.1042087100000000
10.0400_1	2.1977704754839436	0.1520344950000000	0.1017383250000000
10.1000_0	2.1991173538307249	0.1484424200000000	0.1037318450000000
10.1000_1	2.2014159830143121	0.1583568500000000	0.1027207000000000
10.1300_0	2.2016303710086409	0.1521028000000000	0.0967633850000000
10.1300_1	2.1999548782877887	0.1529725100000000	0.0960556150000000
10.1930_0	2.2014523861658968	0.1518047650000000	0.1004973800000000
10.1930_1	2.2009766660972496	0.1489538700000000	0.0978762250000000
10.2700_0	2.1994692653358952	0.1518912700000000	0.1009001250000000
10.2700_1	2.2002020299196841	0.1463060550000000	0.0991321950000000
10.3000_0	2.1984733341228209	0.1623577500000000	0.1117863250000000
10.3000_1	2.1993033242148754	0.1521398850000000	0.1003788700000000
10.3800_0	2.1999824019088661	0.1522603400000000	0.1003415200000000
10.3800_1	2.1978663614666032	0.1547861000000000	0.1007419750000000
10.3900_0	2.1989398383235375	0.1502208800000000	0.1025869300000000
10.3900_1	2.2013337700974742	0.1601058800000000	0.1046149950000000
10.4200_0	2.2006656936925562	0.1465150400000000	0.0991564900000000
10.4200_1	2.1998008277593439	0.1542903350000000	0.0982990700000000
10.6100_0	2.1984547964140644	0.1578306200000000	0.1039265200000000
10.6100_1	2.1992751802732977	0.1533953950000000	0.1020556450000000
10.6200_0	2.2013734407840815	0.1598894000000000	0.1022650750000000
10.6200_1	2.1996125283760128	0.1443300000000000	0.0979936450000000
10.7300_0	2.2001886210136079	0.1538345450000000	0.0997025850000000
10.7300_1	2.2016702582789556	0.1559934000000000	0.1030190400000000
10.7600_0	2.2002553247806009	0.1492282150000000	0.0979009400000000
10.7600_1	2.1984199979045802	0.1520628100000000	0.1028354650000000
10.8800_0	2.2000974079149080	0.1546928850000000	0.1007931250000000
10.8800_1	2.1984281665224805	0.1502662000000000	0.1007307200000000
10.9200_0	2.2018100440064750	0.1503445050000000	0.0971385000000000
10.9200_1	2.1981944147345231	0.1567317600000000	0.1044847550000000
10.9300_0	2.2018188855218352	0.1579773150000000	0.0952280300000000
10.9300_1	2.1995075564771489	0.1525718850000000	0.1005713100000000
10.9600_0	2.1979994446897697	0.1529348350000000	0.1065692450000000
10.9600_1	2.1985246208349833	0.1651173450000000	0.1070118600000000
11.0400_0	2.1982311818647666	0.1530754750000000	0.0986485500000000
11.0400_1	2.2005934174639861	0.1478694400000000	0.1006727550000000
11.0600_0	2.2003957470876325	0.1459276350000000	0.0979677550000000
11.0600_1	2.2002711608149754	0.1560476600000000	0.0966287400000000
11.0800_0	2.2012785080746693	0.1482442250000000	0.0989057250000000
11.0800_1	2.2003666738550129	0.1468969400000000	0.1010387500000000
11.1200_0	2.2001804241281491	0.1519836800000000	0.1016692450000000
11.1200_1	2.1984654169445395	0.1587218800000000	0.1039892050000000
11.1900_0	2.1999157033721581	0.1538150550000000	0.1005389550000000
11.1900_1	2.1991597716752525	0.1559945850000000	0.1002980300000000
11.3800_0	2.2021410279215452	0.1532031900000000	0.0945587750000000
11.3800_1	2.2016070537902048	0.1508051900000000	0.1005496100000000
11.4400_0	2.1984601389506899	0.1798545950000000	0.1128937650000000
11.4400_1	2.1994414621161793	0.1500135050000000	0.1004871500000000
11.4600_0	2.2006780189866362	0.1533306050000000	0.0998529650000000
11.4600_1	2.1996136882350377	0.1477463650000000	0.0990526100000000
11.5300_0	2.2014446986853033	0.1452529450000000	0.0967238400000000
11.5300_1	2.1984649138173835	0.1591557550000000	0.0998979200000000
11.6400_0	2.1996751002793955	0.1535469550000000	0.0993692850000000
11.6400_1	2.2006506624849838	0.1486386050000000	0.1017379900000000
11.7000_0	2.1982503448741078	0.1503381100000000	0.1013251850000000
11.7000_1	2.1978137013594226	0.1544568700000000	0.0994785450000000
11.7001_0	2.2018659570444354	0.1555149450000000	0.0958797750000000
11.7001_1	2.1983976596555168	0.1612042050000000	0.0999746600000000
11.7002_0	2.1989618014621835	0.1513299600000000	0.1009267250000000
11.7002_1	2.1991234999307552	0.1544124800000000	0.1004240900000000
11.7450_0	2.1987999565532541	0.1587192100000000	0.0997293350000000
11.7450_1	2.1982560475097372	0.1510334500000000	0.1024551600000000
11.7600_0	2.2013587795003304	0.1503315500000000	0.0989276450000000
11.7600_1	2.1992190766260751	0.1548714700000000	0.0991939900000000
11.8200_0	2.2005880207454949	0.1557114450000000	0.0973538000000000
11.8200_1	2.1995747931704961	0.1549647850000000	0.1006458350000000
11.8700_0	2.2023159580804079	0.1533428900000000	0.0949979100000000
11.8700_1	2.1994690919962983	0.1546515050000000	0.0976281650000000
11.9600_0	2.1992079481200792	0.1583849450000000	0.0987230100000000
11.9600_1	2.1980288785836750	0.1522998350000000	0.1017224050000000
12.1600_0	2.2001143335337630	0.1527102300000000	0.1012981800000000
12.1600_1	2.1989795756889432	0.1553815300000000	0.0990516000000000
12.2300_0	2.1992125347662617	0.1512286600000000	0.1030123750000000
12.2300_1	2.1996753248062264	0.1552569050000000	0.0972424700000000
12.3100_0	2.2001982548655765	0.1553664250000000	0.0993112200000000
12.3100_1	2.1984577410467963	0.1528666250000000	0.1005655950000000
12.4700_0	2.1984619038892337	0.1693420700000000	0.1109691350000000
12.4700_1	2.1995241779422208	0.1533595650000000	0.0989013950000000
12.5600_0	2.1997943174106878	0.1523132900000000	0.1056662850000000
12.5600_1	2.1990056255956159	0.1522244850000000	0.1044702750000000
12.6200_0	2.2000096081001859	0.1516307850000000	0.1023999450000000
12.6200_1	2.2012705311285008	0.1495650800000000	0.1001537450000000
12.6400_0	2.1999086288930587	0.1549722250000000	0.0988018200000000
12.6400_1	2.1991523838342122	0.1517934300000000	0.1031718700000000
12.8900_0	2.2003234897194264	0.1474159700000000	0.0996507500000000
12.8900_1	2.2005581674756982	0.1564077800000000	0.0997450100000000
13.0600_0	2.2007279472343648	0.1546825150000000	0.0977521550000000
13.0600_1	2.1977360397923982	0.1528989650000000	0.1039239550000000
13.1900_0	2.1984541872998631	0.1571471300000000	0.1022539250000000
13.1900_1	2.1984514750647683	0.1516148850000000	0.1039550400000000
13.2100_0	2.1994555082617326	0.1545699850000000	0.0994441450000000
13.2100_1	2.1990050039218030	0.1533690300000000	0.1047313150000000
13.2101_0	2.1997042809963192	0.1527270150000000	0.1009809150000000
13.2101_1	2.1984436370929363	0.1623547350000000	0.1106003950000000
13.3200_0	2.2021717337279458	0.1542591450000000	0.0954317850000000
13.3200_1	2.2002225272351845	0.1466810950000000	0.0964358200000000
13.4200_0	2.2001258695938368	0.1548235900000000	0.1010347850000000
13.4200_1	2.2013409347938855	0.1553563400000000	0.0980421000000000
13.9800_0	2.2008222470469851	0.1547356250000000	0.0987513900000000
13.9800_1	2.1984366739004169	0.1746496950000000	0.1117630100000000
14.1600_0	2.2009891448529344	0.1574961150000000	0.0987226550000000
14.1600_1	2.1980034686047962	0.1484797650000000	0.1021439700000000
14.7200_0	2.1991448716714856	0.1537097500000000	0.1022457850000000
14.7200_1	2.1976360948039089	0.1507914100000000	0.1025496000000000
147.4900_0	2.1995726740098025	0.1550364250000000	0.0998980550000000
147.4900_1	2.1995817177488632	0.1550540250000000	0.0995948350000000
15.1400_0	2.1993687624082261	0.1522797350000000	0.1000616650000000
15.1400_1	2.1998225543364129	0.1543120550000000	0.1008789650000000
15.4300_0	2.1991157852234275	0.1522010400000000	0.1000739100000000
15.4300_1	2.1983567636623933	0.1692404200000000	0.1064754400000000
16.3900_0	2.2011479167928227	0.1540581500000000	0.0973475350000000
16.3900_1	2.1996567509827196	0.1552734250000000	0.0998218850000000
16.4200_0	2.1995799364776438	0.1550202450000000	0.0997009950000000
16.4200_1	2.2003699888830210	0.1573795600000000	0.0997451650000000
16.7800_0	2.1989501266375080	0.1512751150000000	0.1032553900000000
16.7800_1	2.1998944699405198	0.1490598950000000	0.0972177350000000
17.2000_0	2.2005466987454643	0.1557827900000000	0.1005177350000000
17.2000_1	2.1998903733643718	0.1457779450000000	0.0992389950000000
19.1500_0	2.2005180127664370	0.1480384100000000	0.0970500650000000
19.1500_1	2.1984091233587781	0.1641374550000000	0.1024098800000000
26.7440_0	2.1998137171156120	0.1524739250000000	0.1009681550000000
26.7440_1	2.1977339937346931	0.1546378200000000	0.1008011300000000
27.1600_0	2.2000297647350484	0.1447715150000000	0.0980480750000000
27.1600_1	2.2000751856638341	0.1457632550000000	0.0978687200000000
27.7100_0	2.2002258262213563	0.1526229300000000	0.0961182900000000
27.7100_1	2.2001008247788532	0.1445219000000000	0.0969784600000000
32.8900_0	2.2007811177204517	0.1541633750000000	0.0996031800000000
32.8900_1	2.1995503245117098	0.1538066750000000	0.1008773450000000
35.4700_0	2.1997969159476298	0.1534675750000000	0.1010001350000000
35.4700_1	2.1997973458458437	0.1523705150000000	0.1017742600000000
36.2800_0	2.1998976080690196	0.1527956550000000	0.1016021700000000
36.2800_1	2.1997554836798821	0.1545446200000000	0.1001754400000000
40.8400_0	2.2000699546309548	0.1447893750000000	0.0987749400000000
40.8400_1	2.1989680275463832	0.1552609800000000	0.0988581600000000
46.7500_0	2.1998685014343926	0.1524388000000000	0.1016236400000000
46.7500_1	2.1995506678202541	0.1563977750000000	0.0997038450000000
47.2000_0	2.1992090439186796	0.1521929550000000	0.1039688150000000
47.2000_1	2.1993567806540124	0.1547133850000000	0.0994594600000000
5.0010_0	2.1967977934936220	0.1549352900000000	0.1007142650000000
5.0010_1	2.2005485918360717	0.1570157550000000	0.0959549400000000
5.0030_0	2.2006377641709562	0.1542821050000000	0.1031238350000000
5.0030_1	2.1993289680059172	0.1564025050000000	0.0991384900000000
5.0031_0	2.1988927513345105	0.1513860000000000	0.0978573650000000
5.0031_1	2.1999706626601765	0.1567765800000000	0.1010109400000000
5.0032_0	2.2008747938024387	0.1524146750000000	0.1020526600000000
5.0032_1	2.1962894863877018	0.1533111800000000	0.0999418900000000
5.0040_0	2.1983478768707490	0.1506641450000000	0.1029339950000000
5.0040_1	2.1984487812149545	0.1527984200000000	0.1012057750000000
5.0070_0	2.1984363931347417	0.1788146600000000	0.1206939800000000
5.0070_1	2.2019507094177881	0.1509243750000000	0.0968383350000000
5.0071_0	2.2011148913635026	0.1544563950000000	0.1034962550000000
5.0071_1	2.1978844724811468	0.1509421350000000	0.1037806550000000
5.0100_0	2.2027054959426584	0.1529484900000000	0.1001108000000000
5.0100_1	2.2033866842870320	0.1501977250000000	0.1043084000000000
5.0120_0	2.2018961491086149	0.1526655150000000	0.0979829950000000
5.0120_1	2.2014230997475646	0.1548519700000000	0.1002452150000000
50.1400_0	2.1997707622477436	0.1525433300000000	0.1013236200000000
50.1400_1	2.1994052561288826	0.1532239850000000	0.1003517850000000
5.0140_0	2.2036362774829161	0.1473543450000000	0.0998874600000000
5.0140_1	2.1967152162431240	0.1566598450000000	0.1037282850000000
5.0180_0	2.1995430864684091	0.1549886850000000	0.1067804250000000
5.0180_1	2.1975409587845518	0.1795507700000000	0.1156583950000000
5.0181_0	2.1976363891440354	0.1532019600000000	0.1012606900000000
5.0181_1	2.1994971241247208	0.1535443700000000	0.1002260200000000
5.0182_0	2.2000789682432544	0.1533063600000000	0.0993132050000000
5.0182_1	2.1984346715742547	0.1757925450000000	0.1114486250000000
5.0183_0	2.1967382931312227	0.1516004950000000	0.1017363700000000
5.0183_1	2.1994613839197532	0.1496350850000000	0.0997104600000000
5.0210_0	2.1993393767066038	0.1566081400000000	0.1071536700000000
5.0210_1	2.2000891260867386	0.1570135650000000	0.0976821500000000
5.0230_0	2.1976935686988592	0.1588538200000000	0.1050454500000000
5.0230_1	2.2004618961156575	0.1496647550000000	0.0973509400000000
5.0260_0	2.1974467455807356	0.1575310500000000	0.1020944700000000
5.0260_1	2.1962336271963361	0.1557082700000000	0.1028356750000000
5.0290_0	2.1990358464596920	0.1573983650000000	0.0996965350000000
5.0290_1	2.1990449074398297	0.1503988300000000	0.1030769050000000
5.0300_0	2.2002558552254907	0.1544614250000000	0.1001634400000000
5.0300_1	2.1947211385728003	0.1528472650000000	0.1020308150000000
5.0301_0	2.2018183835507297	0.1468038750000000	0.1010901450000000
5.0301_1	2.1953731800385188	0.1520747150000000	0.1020231200000000
5.0302_0	2.2041344389278548	0.1467926400000000	0.1046345750000000
5.0302_1	2.1947656384259981	0.1556316400000000	0.1033640500000000
5.0310_0	2.2010279944546887	0.1472854450000000	0.1018301600000000
5.0310_1	2.1979048469966016	0.1464164100000000	0.1000259100000000
5.0340_0	2.1974903225265154	0.1602219700000000	0.1060970550000000
5.0340_1	2.1972524115951768	0.1550899700000000	0.1005365600000000
5.0341_0	2.1965937660309010	0.1493008200000000	0.1023834250000000
5.0341_1	2.2018209173905214	0.1458274650000000	0.1006105800000000
5.0370_0	2.2023476698545958	0.1506687500000000	0.0988021850000000
5.0370_1	2.2014314789494915	0.1601942200000000	0.1036813150000000
5.0400_0	2.2008779752268941	0.1543174150000000	0.1005722050000000
5.0400_1	2.2010667269761477	0.1488876800000000	0.0984230650000000
5.0401_0	2.2014325348687125	0.1469809300000000	0.0964287600000000
5.0401_1	2.2008985603060318	0.1508006950000000	0.0955796750000000
5.0402_0	2.2036607261886738	0.1524022850000000	0.0992675200000000
5.0402_1	2.1983119463589964	0.1506221950000000	0.0996007500000000
5.0410_0	2.2013270478136611	0.1517377500000000	0.0982110250000000
5.0410_1	2.1984519044004287	0.1709919100000000	0.1121256600000000
5.0450_0	2.1995008936594020	0.1513322850000000	0.1011188800000000
5.0450_1	2.2033671609352168	0.1575104000000000	0.1015356750000000
5.0500_0	2.2012364447028601	0.1526729900000000	0.1042817950000000
5.0500_1	2.2003386550158268	0.1515992450000000	0.0988521200000000
5.0501_0	2.2000932928426242	0.1532971600000000	0.1006965100000000
5.0501_1	2.1958633252240021	0.1512582100000000	0.1002431700000000
5.0540_0	2.2019569622259372	0.1507914650000000	0.0996192550000000
5.0540_1	2.1959841707755747	0.1514259100000000	0.1035071700000000
5.0600_0	2.2020095247795899	0.1478244650000000	0.0982217000000000
5.0600_1	2.1968210451057972	0.1498526950000000	0.1029471000000000
5.0601_0	2.2000267925224222	0.1509844850000000	0.1000893100000000
5.0601_1	2.1974108979831253	0.1545627050000000	0.1035686450000000
5.0620_0	2.1984843194960373	0.1547990050000000	0.0979823700000000
5.0620_1	2.1977582010570007	0.1521802600000000	0.0979891800000000
5.0700_0	2.2001139914483558	0.1510128650000000	0.0987905100000000
5.0700_1	2.2023056993559544	0.1541775250000000	0.0990036900000000
5.0800_0	2.2021953040995657	0.1543951600000000	0.0969351800000000
5.0800_1	2.1973358932015437	0.1502244400000000	0.1026164300000000
5.0801_0	2.2040202278934351	0.1504954550000000	0.0987216850000000
5.0801_1	2.1993266910208229	0.1520100650000000	0.0988111350000000
5.0900_0	2.1989838617345683	0.1506753200000000	0.0988356700000000
5.0900_1	2.1966600005359740	0.1543236200000000	0.1038503650000000
5.0920_0	2.1978506076995830	0.1581513450000000	0.1037963750000000
5.0920_1	2.1972971178388434	0.1545452150000000	0.1030117750000000
5.1000_0	2.1968232100766536	0.1513921600000000	0.1020425650000000
5.1000_1	2.1984862195962016	0.1691321500000000	0.1139459500000000
5.1001_0	2.2033622908735158	0.1520570000000000	0.0970427500000000
5.1001_1	2.1962335272723874	0.1504390400000000	0.1024954550000000
5.1020_0	2.2006393077057398	0.1463225400000000	0.1013037550000000
5.1020_1	2.1988851922276962	0.1575218600000000	0.0987468150000000
5.1030_0	2.1975442267139882	0.1526191000000000	0.1018418050000000
5.1030_1	2.2034122122019584	0.1521348700000000	0.1015501550000000
5.1040_0	2.2024542605581856	0.1520899100000000	0.0982985600000000
5.1040_1	2.2005527908600624	0.1508981300000000	0.0987687550000000
5.1080_0	2.1983468194513827	0.1786686300000000	0.1131692100000000
5.1080_1	2.2001111579974411	0.1543954350000000	0.1027200100000000
5.1100_0	2.2008135417492976	0.1481521650000000	0.0997733400000000
5.1100_1	2.2009090440464072	0.1494993350000000	0.0970677600000000
5.1170_0	2.2023020373392921	0.1580671850000000	0.1012107800000000
5.1170_1	2.1996905815425576	0.1540329300000000	0.0966465200000000
5.1180_0	2.2006590460567490	0.1500139700000000	0.0995435350000000
5.1180_1	2.1974611524009342	0.1508762450000000	0.1018921250000000
5.1210_0	2.1980165365959832	0.1486334000000000	0.1037706350000000
5.1210_1	2.1990306671117028	0.1534258400000000	0.0966346550000000
5.1270_0	2.1974630618266953	0.1527690700000000	0.1028872250000000
5.1270_1	2.2033043705940218	0.1582424350000000	0.1019955050000000
5.1310_0	2.2039902639152391	0.1488040550000000	0.1008511650000000
5.1310_1	2.2025613592645317	0.1537145300000000	0.0993007200000000
5.1330_0	2.2014140981236197	0.1487711600000000	0.0980731150000000
5.1330_1	2.2022155720593415	0.1458266600000000	0.1013924950000000
5.1340_0	2.2016997843345516	0.1516694500000000	0.0974930200000000
5.1340_1	2.2028333540257461	0.1488874300000000	0.0997028750000000
5.1341_0	2.2019364462323070	0.1589318350000000	0.1000946550000000
5.1341_1	2.2024605540232258	0.1570751400000000	0.1020382850000000
5.1400_0	2.2010205364510469	0.1499249950000000	0.1022178850000000
5.1400_1	2.1971185124378150	0.1566208250000000	0.1034167550000000
5.1401_0	2.1967400414667870	0.1530229500000000	0.1009766300000000
5.1401_1	2.2020819816815469	0.1554129400000000	0.0983793950000000
5.1420_0	2.1972058422699967	0.1510306450000000	0.1024958500000000
5.1420_1	2.2005056725089611	0.1493162850000000	0.0973895800000000
5.1440_0	2.2019136871158365	0.1555822300000000	0.0979862300000000
5.1440_1	2.2018084752018621	0.1447338750000000	0.1011969850000000
5.1441_0	2.2008581808648278	0.1472083200000000	0.1011057900000000
5.1441_1	2.2021930261016709	0.1537198550000000	0.1006133150000000
5.1500_0	2.2023510774700461	0.1550059900000000	0.1005699900000000
5.1500_1	2.2022257138795398	0.1509869750000000	0.0972417450000000
5.1540_0	2.1962981248945468	0.1591084800000000	0.1033653800000000
5.1540_1	2.2009050102218581	0.1499983600000000	0.0992931450000000
5.1590_0	2.1992600135832689	0.1510042950000000	0.1018231700000000
5.1590_1	2.1984480183074493	0.1590421250000000	0.1036258000000000
5.1650_0	2.1970787644331402	0.1541225100000000	0.1010591150000000
5.1650_1	2.1981295969936556	0.1503978000000000	0.0998908150000000
5.1690_0	2.2007973230140174	0.1556927000000000	0.0971990000000000
5.1690_1	2.1984542331740848	0.1510641350000000	0.1018286500000000
5.1700_0	2.2025548874399297	0.1450902600000000	0.1010782750000000
5.1700_1	2.1980371988338185	0.1552288750000000	0.0998559450000000
5.1701_0	2.1987954193963568	0.1531344750000000	0.1077993950000000
5.1701_1	2.1972782390551386	0.1553627050000000	0.1002799400000000
5.1760_0	2.1984369769603593	0.1801586400000000	0.1210796000000000
5.1760_1	2.1992470906662942	0.1517526600000000	0.1000478150000000
5.1800_0	2.2042180165463932	0.1546665700000000	0.0987012000000000
5.1800_1	2.2014182417472057	0.1529298550000000	0.0978357400000000
5.1830_0	2.1983924055137707	0.1524844200000000	0.1003567000000000
5.1830_1	2.1989374866791298	0.1485002550000000	0.1011126750000000
5.1900_0	2.1999809729005477	0.1542684750000000	0.1000623800000000
5.1900_1	2.1945247093247544	0.1528154400000000	0.1040207400000000
5.1901_0	2.2036535515543427	0.1538908400000000	0.1001158900000000
5.1901_1	2.2013097193673823	0.1494824800000000	0.0983758750000000
5.1902_0	2.2025558813342427	0.1515070200000000	0.0987117550000000
5.1902_1	2.1982103595368212	0.1594384250000000	0.1043497750000000
5.2000_0	2.2035906854218843	0.1588914450000000	0.1014735350000000
5.2000_1	2.1992253814285232	0.1521695600000000	0.0994271200000000
5.2001_0	2.2032315179412381	0.1518387300000000	0.0989832350000000
5.2001_1	2.1965185330037422	0.1531121150000000	0.1012118500000000
5.2002_0	2.2006883362542196	0.1529373450000000	0.0991586500000000
5.2002_1	2.1996274377044940	0.1541428200000000	0.1007642200000000
5.2003_0	2.1985850284530186	0.1763547250000000	0.1117672750000000
5.2003_1	2.2006610131294462	0.1498379700000000	0.1022556750000000
5.2004_0	2.2003922162248819	0.1567587500000000	0.0979791950000000
5.2004_1	2.2017743636455878	0.1459538600000000	0.0981205950000000
5.2005_0	2.2039648153777787	0.1523305800000000	0.0997867850000000
5.2005_1	2.1974855941583336	0.1514575300000000	0.1029713400000000
5.2006_0	2.2017971998699601	0.1480651650000000	0.1017322050000000
5.2006_1	2.1971046356638309	0.1566420050000000	0.1025986550000000
5.2007_0	2.2024766578146782	0.1466755600000000	0.1010221550000000
5.2007_1	2.1947872209164245	0.1553489150000000	0.1054321350000000
5.2008_0	2.2003235563530685	0.1516618800000000	0.0978787900000000
5.2008_1	2.1990622744663129	0.1529983500000000	0.1016489300000000
5.2020_0	2.2029205186012204	0.1566201150000000	0.0993512800000000
5.2020_1	2.2012257427798438	0.1502126050000000	0.0969510950000000
5.2040_0	2.2009177991496096	0.1468355750000000	0.1009191100000000
5.2040_1	2.1992188215332718	0.1510387650000000	0.1000604750000000
5.2100_0	2.1994142450433900	0.1498097600000000	0.1028423800000000
5.2100_1	2.1995142779219421	0.1517597700000000	0.1024831950000000
5.2101_0	2.1984770774002498	0.1547897450000000	0.1013469300000000
5.2101_1	2.2008322949476047	0.1538760800000000	0.0976375450000000
5.2200_0	2.2038626117109992	0.1505496600000000	0.0991689050000000
5.2200_1	2.2014333055082052	0.1469873750000000	0.0978837650000000
5.2201_0	2.1985322978309583	0.1605324250000000	0.0962986200000000
5.2201_1	2.1955339094760391	0.1526065150000000	0.1031205300000000
5.2202_0	2.2018518545556791	0.1504619500000000	0.0966482800000000
5.2202_1	2.2006040092413781	0.1511355900000000	0.0989364350000000
5.2240_0	2.2033058381642809	0.1499800100000000	0.1013604200000000
5.2240_1	2.2026507653600906	0.1513268750000000	0.0974089650000000
5.2241_0	2.1963379223535440	0.1544843350000000	0.0999964400000000
5.2241_1	2.2033238196838605	0.1523568600000000	0.0984549750000000
5.2250_0	2.1985351075827082	0.1563769200000000	0.0984356750000000
5.2250_1	2.2018812203087186	0.1467110800000000	0.0990135650000000
5.2300_0	2.2015686509710477	0.1480193150000000	0.1010859500000000
5.2300_1	2.2014379713362837	0.1577767250000000	0.1015705400000000
5.2301_0	2.2014202154713534	0.1495589800000000	0.0978083450000000
5.2301_1	2.1985049305151390	0.1518004150000000	0.1062364300000000
5.2310_0	2.1972723519809509	0.1578449500000000	0.1036899100000000
5.2310_1	2.2000860840013039	0.1534451550000000	0.0997611350000000
5.2370_0	2.2028408678545719	0.1569495800000000	0.0985721000000000
5.2370_1	2.1964702013064694	0.1523048950000000	0.1007156350000000
5.2500_0	2.2041903388366388	0.1515189200000000	0.1024656700000000
5.2500_1	2.2023123992279348	0.1537046700000000	0.0978453950000000
5.2501_0	2.2037697707034987	0.1479385050000000	0.1012929900000000
5.2501_1	2.1978592420554834	0.1492152800000000	0.0983830100000000
5.2502_0	2.1975001897763753	0.1554368600000000	0.1052794100000000
5.2502_1	2.2001826082721232	0.1546009250000000	0.0989736350000000
5.2560_0	2.1963594603036047	0.1526814350000000	0.1018869800000000
5.2560_1	2.2012750886571122	0.1516881050000000	0.0970600750000000
5.2660_0	2.1987279614569646	0.1666807900000000	0.0993079500000000
5.2660_1	2.1984401633173301	0.1584944700000000	0.1071437150000000
5.2661_0	2.1987142468598595	0.1558407600000000	0.1015246700000000
5.2661_1	2.2007247553434848	0.1500829800000000	0.1019526700000000
5.2700_0	2.1968871439987412	0.1520842450000000	0.1021775000000000
5.2700_1	2.2006470756869478	0.1510425100000000	0.1001760350000000
5.2710_0	2.1976434574617478	0.1565049850000000	0.1007803750000000
5.2710_1	2.1984332814231906	0.1761547600000000	0.1130398500000000
5.2740_0	2.2014552726543881	0.1529862950000000	0.0957422250000000
5.2740_1	2.1958959209524833	0.1592634200000000	0.1014814600000000
5.2770_0	2.2002606997726977	0.1539987150000000	0.0996203600000000
5.2770_1	2.1978546919024122	0.1539809150000000	0.0972526750000000
5.2790_0	2.2024954127875569	0.1547158250000000	0.0971124850000000
5.2790_1	2.1998166770020777	0.1528821200000000	0.1027283100000000
5.2870_0	2.2030423543482489	0.1566872850000000	0.1018310800000000
5.2870_1	2.2005219294994043	0.1521539350000000	0.0954833850000000
5.2880_0	2.2036934816795601	0.1543612750000000	0.1009952500000000
5.2880_1	2.1970849110947617	0.1478577150000000	0.1018598350000000
5.2900_0	2.1985325681336301	0.1541397850000000	0.1004751600000000
5.2900_1	2.1950149307321336	0.1517392200000000	0.1017502450000000
5.2901_0	2.2021195684888331	0.1511574350000000	0.0974459800000000
5.2901_1	2.1998053860548752	0.1525806550000000	0.0973539050000000
5.2902_0	2.2037538536691867	0.1502794250000000	0.0990090650000000
5.2902_1	2.1975274068661905	0.1499476850000000	0.0976501800000000
5.2960_0	2.2007822932290853	0.1518456850000000	0.1025891700000000
5.2960_1	2.2033816047273831	0.1528795900000000	0.0994148150000000
5.3000_0	2.1984529146638332	0.1601381450000000	0.1047064150000000
5.3000_1	2.1960110966007784	0.1523498800000000	0.1020879900000000
5.3001_0	2.2007461093572394	0.1529937300000000	0.0970708100000000
5.3001_1	2.1996511755817720	0.1523526950000000	0.0997745100000000
5.3020_0	2.1970879680638280	0.1594865250000000	0.1006457700000000
5.3020_1	2.2009090767183519	0.1523810350000000	0.0963507000000000
5.3060_0	2.1970179640750134	0.1530026400000000	0.1050426200000000
5.3060_1	2.1966042029370705	0.1521248500000000	0.1022276400000000
5.3200_0	2.2021077297560776	0.1495632050000000	0.0973599500000000
5.3200_1	2.1962831014741848	0.1558947900000000	0.1017795050000000
5.3230_0	2.2038501296396609	0.1520348000000000	0.0987458150000000
5.3230_1	2.1991200770738604	0.1545927050000000	0.0970047850000000
5.3240_0	2.2025655213893423	0.1535760500000000	0.0998231700000000
5.3240_1	2.2012863281895285	0.1467760200000000	0.0987946900000000
5.3260_0	2.1984743480657047	0.1470669800000000	0.1024045300000000
5.3260_1	2.1958625232723792	0.1506084250000000	0.0993794700000000
5.3270_0	2.2008316469540379	0.1523667250000000	0.0922676400000000
5.3270_1	2.2022146321579732	0.1546785850000000	0.0987669400000000
5.3280_0	2.1982286694765554	0.1531375050000000	0.1062138950000000
5.3280_1	2.1995396105393303	0.1552178650000000	0.1012023200000000
5.3350_0	2.2033162737923555	0.1503001400000000	0.0977341300000000
5.3350_1	2.1958685123336039	0.1576653000000000	0.1026527050000000
5.3360_0	2.1984233345949895	0.1519260200000000	0.1040694000000000
5.3360_1	2.1990819970252864	0.1539644150000000	0.1015492700000000
5.3400_0	2.2007736825216786	0.1540999600000000	0.0978766800000000
5.3400_1	2.2024944767171410	0.1508323350000000	0.0975784350000000
5.3401_0	2.1984598470795516	0.1447027600000000	0.0972684850000000
5.3401_1	2.1992142199008686	0.1504694650000000	0.1000891800000000
5.3402_0	2.2008332224154321	0.1485066750000000	0.1005977050000000
5.3402_1	2.2006474424216025	0.1612530100000000	0.1018931400000000
5.3450_0	2.2033636463285835	0.1507389950000000	0.0978071300000000
5.3450_1	2.1990606390593896	0.1540780750000000	0.1004267450000000
5.3480_0	2.2024867949216134	0.1490619450000000	0.1018868100000000
5.3480_1	2.1956010817907461	0.1530028500000000	0.1037204950000000
5.3490_0	2.2014463416368666	0.1591127850000000	0.1013431900000000
5.3490_1	2.1976426691475739	0.1461891950000000	0.1000609400000000
5.3600_0	2.1990599142713085	0.1611399700000000	0.1044623450000000
5.3600_1	2.2014675700347643	0.1501867850000000	0.1021548500000000
5.3630_0	2.2039931181804917	0.1481134500000000	0.1046433350000000
5.3630_1	2.1993155068420949	0.1519542300000000	0.0998456250000000
5.3640_0	2.2012919673901630	0.1496771450000000	0.0994020300000000
5.3640_1	2.1973375970017801	0.1592398450000000	0.1014864200000000
5.3800_0	2.1963031708893901	0.1550368950000000	0.1007525400000000
5.3800_1	2.2028172456994048	0.1507191500000000	0.1016972000000000
5.3850_0	2.2033921636912557	0.1512742100000000	0.1021113600000000
5.3850_1	2.2014209442621420	0.1460412800000000	0.0965316200000000
5.3851_0	2.1967929530663466	0.1527545750000000	0.1008653700000000
5.3851_1	2.1987998233298067	0.1506060800000000	0.1001693100000000
5.3900_0	2.2027296703356329	0.1536756000000000	0.0978589100000000
5.3900_1	2.1962829375627257	0.1537999400000000	0.1021985500000000
5.3930_0	2.1969013544063847	0.1597574250000000	0.1001163100000000
5.3930_1	2.1979180375620428	0.1553374000000000	0.1003635250000000
5.3970_0	2.1973230664244343	0.1546120950000000	0.1036552300000000
5.3970_1	2.1950348304018923	0.1509223450000000	0.1003324000000000
5.4000_0	2.2008763047883115	0.1465567900000000	0.1000723100000000
5.4000_1	2.1977466743139917	0.1495761600000000	0.1030740300000000
5.4001_0	2.2020363219835462	0.1572825450000000	0.1019429700000000
5.4001_1	2.2017747743324958	0.1460056000000000	0.0983054800000000
5.4060_0	2.1996123001322991	0.1536300800000000	0.1011911950000000
5.4060_1	2.1985848260850878	0.1511054300000000	0.1013505800000000
5.4200_0	2.2018431442620283	0.1583654300000000	0.1008464900000000
5.4200_1	2.1688525398123732	0.1316423550000000	0.1284273700000000
5.4230_0	2.1885838364187706	0.1645511000000000	0.1068992200000000
5.4230_1	2.1971025131367679	0.1543777250000000	0.1052046000000000
5.4270_0	2.1984089801209312	0.1539284650000000	0.1037272650000000
5.4270_1	2.1998939636661552	0.1455210600000000	0.0992809950000000
5.4300_0	2.2015816876166756	0.1497850050000000	0.0978357700000000
5.4300_1	2.1985626382144283	0.1559073200000000	0.1020077350000000
5.4350_0	2.1997248864872065	0.1518007150000000	0.1033572500000000
5.4350_1	2.1984941915742708	0.1535299050000000	0.1006885600000000
5.4380_0	2.1961819265647047	0.1530904550000000	0.0970524450000000
5.4380_1	2.1992253785482960	0.1528545300000000	0.1002461900000000
5.4390_0	2.2010997017496043	0.1473594750000000	0.1011083400000000
5.4390_1	2.2019448601131688	0.1507722850000000	0.0968475550000000
5.4400_0	2.2028227533505058	0.1516985400000000	0.0988665400000000
5.4400_1	2.1972659000361960	0.1493790800000000	0.1008967350000000
5.4450_0	2.2003970670891331	0.1494193800000000	0.0996233050000000
5.4450_1	2.1972686412450115	0.1539885000000000	0.1060543950000000
5.4500_0	2.1969359761389184	0.1545831250000000	0.1055552200000000
5.4500_1	2.2013764235800437	0.1558254750000000	0.1028041900000000
5.4540_0	2.1973461315856415	0.1536702100000000	0.1015977850000000
5.4540_1	2.1997544929564068	0.1614402700000000	0.1019920050000000
5.4570_0	2.2020456946240881	0.1504819350000000	0.0971573000000000
5.4570_1	2.1971020196562696	0.1541788900000000	0.1057210200000000
5.4600_0	2.1970943414419559	0.1546974750000000	0.1008450150000000
5.4600_1	2.1962067528722069	0.1523771350000000	0.1029997150000000
5.4601_0	2.2004682789069521	0.1535812300000000	0.0989789350000000
5.4601_1	2.1956967739392717	0.1555693950000000	0.1020811400000000
5.4602_0	2.1984671996504939	0.1437782000000000	0.0938645700000000
5.4602_1	2.2022925283686576	0.1519334850000000	0.0986740150000000
5.4603_0	2.1992084429448324	0.1556492050000000	0.1023807700000000
5.4603_1	2.2016805826968446	0.1452365100000000	0.0994774950000000
5.4700_0	2.2030194422991332	0.1525741800000000	0.0984702450000000
5.4700_1	2.2034850735396576	0.1561234500000000	0.1011568350000000
5.4701_0	2.2006630188323912	0.1454292500000000	0.0992563600000000
5.4701_1	2.2014203794017839	0.1546361550000000	0.0990299450000000
5.4750_0	2.2027366232737799	0.1545867100000000	0.0998932000000000
5.4750_1	2.1993974709705126	0.1450659450000000	0.0995430050000000
5.4800_0	2.2017621712881605	0.1443575150000000	0.1001057600000000
5.4800_1	2.1970811663270653	0.1516271750000000	0.1014683800000000
5.4910_0	2.2027117287869591	0.1467226000000000	0.0998591500000000
5.4910_1	2.2007846833259816	0.1499559800000000	0.1020508250000000
5.4930_0	2.2037940845242763	0.1560958300000000	0.0982898850000000
5.4930_1	2.2004080738144820	0.1508585500000000	0.0989904200000000
5.5000_0	2.2014290953071303	0.1501258200000000	0.0993513350000000
5.5000_1	2.1956173910019992	0.1537042650000000	0.1000806950000000
5.5040_0	2.2001825972207025	0.1556425250000000	0.0998169550000000
5.5040_1	2.1945450508695621	0.1501188900000000	0.1034511200000000
5.5100_0	2.2024542527476019	0.1525026400000000	0.0983337300000000
5.5100_1	2.1993267404585737	0.1544934200000000	0.1008641750000000
5.5101_0	2.1984580905336868	0.1618937250000000	0.1027775900000000
5.5101_1	2.1972126040750304	0.1538002300000000	0.1030017200000000
5.5102_0	2.2043959310433454	0.1580526800000000	0.1039508600000000
5.5102_1	2.1962573703648682	0.1593364450000000	0.1038884400000000
5.5200_0	2.1995051137908335	0.1545157150000000	0.1072013350000000
5.5200_1	2.1979329244632519	0.1515837700000000	0.1043418350000000
5.5210_0	2.1990346309364210	0.1520486200000000	0.0981941300000000
5.5210_1	2.1994287981760947	0.1510885050000000	0.1026512500000000
5.5300_0	2.1970005519826081	0.1538504950000000	0.1022927750000000
5.5300_1	2.1970887467525513	0.1565872000000000	0.1009367550000000
5.5320_0	2.2008087706467161	0.1553653400000000	0.0982869150000000
5.5320_1	2.1952169303230007	0.1566169950000000	0.1002421950000000
5.5500_0	2.2039681580018358	0.1536929200000000	0.1007796250000000
5.5500_1	2.2022621637149333	0.1507493500000000	0.0958446800000000
5.5600_0	2.2037439735299515	0.1508364600000000	0.0977138750000000
5.5600_1	2.1969620225577300	0.1559458050000000	0.1066351350000000
5.5601_0	2.1983254194131221	0.1524142600000000	0.1000407800000000
5.5601_1	2.2006716288974091	0.1564799300000000	0.1050303850000000
5.5650_0	2.2004352619648611	0.1451993950000000	0.0973320500000000
5.5650_1	2.1993927306396457	0.1542157100000000	0.1020929750000000
5.5660_0	2.2017013623205290	0.1544030300000000	0.1061429200000000
5.5660_1	2.1983132651682018	0.1725628150000000	0.1190390650000000
5.5700_0	2.1996379588301593	0.1549024700000000	0.1014941500000000
5.5700_1	2.2033189492990082	0.1517715350000000	0.0984080150000000
5.5701_0	2.2020499034339931	0.1518283050000000	0.0989246450000000
5.5701_1	2.2009181840035468	0.1541393150000000	0.0909284700000000
5.5710_0	2.1994425801764996	0.1505049800000000	0.0993697600000000
5.5710_1	2.1993838110150987	0.1529360550000000	0.1008998000000000
5.5780_0	2.2025172346209931	0.1520472950000000	0.0977383200000000
5.5780_1	2.2019253787101616	0.1480489950000000	0.1021102200000000
5.5900_0	2.1974302551902953	0.1543679050000000	0.1008326950000000
5.5900_1	2.2019402142495936	0.1450712800000000	0.1002918050000000
5.6000_0	2.1962506618885991	0.1533224250000000	0.1025583950000000
5.6000_1	2.2001804339536428	0.1591790850000000	0.1003147700000000
5.6001_0	2.2033746727948551	0.1511017100000000	0.0985834250000000
5.6001_1	2.2000511486981433	0.1463351550000000	0.0978438100000000
5.6150_0	2.2002171406673106	0.1528638600000000	0.0993287600000000
5.6150_1	2.2031654370307936	0.1584287350000000	0.0996029050000000
5.6160_0	2.2022062873919155	0.1508375000000000	0.0983820800000000
5.6160_1	2.1976766737527558	0.1483580400000000	0.1000620400000000
5.6180_0	2.2000550687167411	0.1512455050000000	0.1016867750000000
5.6180_1	2.2009999327159462	0.1488506000000000	0.1003726500000000
5.6240_0	2.1978771912077151	0.1579196650000000	0.1030707350000000
5.6240_1	2.1990612866460069	0.1520689800000000	0.1000652900000000
5.6260_0	2.2028183813950286	0.1510999900000000	0.0981460450000000
5.6260_1	2.2016142111097663	0.1504448550000000	0.0987179100000000
5.6290_0	2.1981787538731208	0.1554417100000000	0.1017057400000000
5.6290_1	2.1973368259665818	0.1514113450000000	0.1008271000000000
5.6300_0	2.2033829711733857	0.1499771400000000	0.0974351100000000
5.6300_1	2.2014443426800892	0.1498055250000000	0.0980185100000000
5.6301_0	2.1993088440014916	0.1519193000000000	0.0983233150000000
5.6301_1	2.2017678826394742	0.1520751950000000	0.0964931500000000
56.3100_0	2.1995792712157396	0.1534339000000000	0.0997050900000000
56.3100_1	2.1994193707241223	0.1510108250000000	0.1001496550000000
5.6370_0	2.1980745762470404	0.1514229550000000	0.0963649350000000
5.6370_1	2.1985707914373189	0.1547781750000000	0.0998334250000000
5.6400_0	2.2008901894805377	0.1538198550000000	0.0985721950000000
5.6400_1	2.2001384600667566	0.1488013000000000	0.0998516750000000
5.6410_0	2.1974626080439092	0.1580462850000000	0.1036405300000000
5.6410_1	2.1997970841613217	0.1575658900000000	0.0991387000000000
5.6420_0	2.2006971834866849	0.1479558000000000	0.1026367400000000
5.6420_1	2.1992151477762696	0.1521458200000000	0.0995611600000000
5.6421_0	2.2021822889679648	0.1561160700000000	0.0989825750000000
5.6421_1	2.2009632186210411	0.1518597550000000	0.1017541000000000
5.6500_0	2.2004296717775595	0.1537113900000000	0.0996181550000000
5.6500_1	2.2004369739556235	0.1477114450000000	0.0971047800000000
5.6580_0	2.1983214495789940	0.1574654400000000	0.0990054600000000
5.6580_1	2.1955917963500249	0.1530345500000000	0.1036350450000000
5.6640_0	2.2004548424929258	0.1551057250000000	0.0991737900000000
5.6640_1	2.2007756398156366	0.1502474900000000	0.1011678300000000
5.6760_0	2.2021965577259888	0.1497535100000000	0.0975813800000000
5.6760_1	2.1984515347235454	0.1689640100000000	0.1084683000000000
5.6800_0	2.2001820670903038	0.1544739400000000	0.1019104900000000
5.6800_1	2.2008406134023679	0.1442824850000000	0.0985619600000000
5.6860_0	2.1983603244575014	0.1510910450000000	0.1060170850000000
5.6860_1	2.2013678326301478	0.1562099050000000	0.1000876850000000
5.6890_0	2.1963161845317751	0.1545605450000000	0.1018983800000000
5.6890_1	2.1976671890735919	0.1539666450000000	0.1054559500000000
5.6900_0	2.2029735117724960	0.1537433200000000	0.0981962850000000
5.6900_1	2.1984879336129652	0.1476629350000000	0.0945568800000000
5.6901_0	2.2019097400826873	0.1517364650000000	0.0972830250000000
5.6901_1	2.1963148958820242	0.1518049200000000	0.1037239850000000
5.7160_0	2.2011158075234194	0.1484720500000000	0.1000380650000000
5.7160_1	2.1956744888427395	0.1552494450000000	0.1047038400000000
5.7200_0	2.1987258432703274	0.1546233850000000	0.0981149200000000
5.7200_1	2.1978496999764858	0.1506416800000000	0.0992693450000000
5.7210_0	2.2003847923923914	0.1497563350000000	0.0987400400000000
5.7210_1	2.2013928198109145	0.1505354850000000	0.1004042350000000
5.7300_0	2.1995214339086320	0.1451636300000000	0.0971245800000000
5.7300_1	2.1986152802068646	0.1803182750000000	0.1128152800000000
5.7330_0	2.1989552916221582	0.1524282100000000	0.1030327250000000
5.7330_1	2.2024847335491309	0.1505802750000000	0.0954498350000000
5.7380_0	2.2019566234915602	0.1493240700000000	0.0966428600000000
5.7380_1	2.1954979684358373	0.1513766900000000	0.1028497350000000
5.7400_0	2.1873847283274497	0.1585882550000000	0.1092199600000000
5.7400_1	2.1975872061504615	0.1509938050000000	0.0984559300000000
5.7401_0	2.2020047789862622	0.1548271750000000	0.0944877200000000
5.7401_1	2.1978538932858882	0.1554266400000000	0.1008426850000000
5.7402_0	2.2014211279062823	0.1517218950000000	0.0972226700000000
5.7402_1	2.1961008997302303	0.1528556000000000	0.1007692400000000
5.7403_0	2.2006442622764206	0.1514213550000000	0.0955013300000000
5.7403_1	2.2009171430600603	0.1500968950000000	0.1006797900000000
5.7404_0	2.1984099779221626	0.1687212350000000	0.1058309100000000
5.7404_1	2.1948226556767754	0.1546112850000000	0.1014753500000000
5.7470_0	2.2004561090176833	0.1534422700000000	0.0977451350000000
5.7470_1	2.1971320891060384	0.1571662100000000	0.1035461400000000
5.7500_0	2.2024024411006322	0.1609418950000000	0.0974509800000000
5.7500_1	2.1998902361630033	0.1555196700000000	0.0987020300000000
5.7501_0	2.2026207404881073	0.1462058250000000	0.1020238750000000
5.7501_1	2.1984568664793414	0.1615776200000000	0.1005131850000000
5.7600_0	2.1979668865109305	0.1528485500000000	0.1045636850000000
5.7600_1	2.1963203251821537	0.1538235300000000	0.1025414150000000
5.7601_0	2.1968122002868493	0.1577210250000000	0.1044503600000000
5.7601_1	2.1975032676687811	0.1505107100000000	0.1021451050000000
5.7602_0	2.2036314111401802	0.1482314300000000	0.1040314450000000
5.7602_1	2.1972308026011134	0.1563706300000000	0.0973019050000000
5.7700_0	2.2000376774974786	0.1506629350000000	0.1006327600000000
5.7700_1	2.1981399798350894	0.1494223000000000	0.0998041300000000
5.7701_0	2.2011100658273604	0.1460019450000000	0.0997645200000000
5.7701_1	2.2026002391954944	0.1509607500000000	0.0959640700000000
5.7702_0	2.2043264281967532	0.1572562400000000	0.0937719600000000
5.7702_1	2.2018043530767226	0.1497223150000000	0.0986794750000000
5.7760_0	2.1995418019322459	0.1577496700000000	0.1010237850000000
5.7760_1	2.1998106232020920	0.1598475350000000	0.1010050000000000
5.7820_0	2.1947064161063667	0.1510076700000000	0.1013620700000000
5.7820_1	2.1980979393492226	0.1476411000000000	0.1026022850000000
5.7860_0	2.2009172921926887	0.1533543250000000	0.0994813050000000
5.7860_1	2.1991601232582738	0.1454870100000000	0.0980980100000000
5.8080_0	2.2018910088516144	0.1546634050000000	0.0997041400000000
5.8080_1	2.1986414653868640	0.1578584350000000	0.1001125950000000
5.8100_0	2.2003583119089618	0.1542097750000000	0.1010553800000000
5.8100_1	2.1994658157245999	0.1480809550000000	0.0989600850000000
5.8120_0	2.2023538836543355	0.1494109800000000	0.1019499450000000
5.8120_1	2.2010477130522332	0.1462417700000000	0.0981062750000000
5.8130_0	2.2000631103644146	0.1562811100000000	0.1013383850000000
5.8130_1	2.1991114927179374	0.1517924500000000	0.0985250850000000
5.8200_0	2.2038099981784471	0.1500282850000000	0.1007690950000000
5.8200_1	2.2014206046915459	0.1455023100000000	0.0958145300000000
5.8201_0	2.2000728099948299	0.1529009700000000	0.1020079350000000
5.8201_1	2.1990980929936730	0.1542415500000000	0.0999444700000000
5.8300_0	2.2009848151840061	0.1503033150000000	0.0963131350000000
5.8300_1	2.1968118163972035	0.1550283300000000	0.0997018600000000
5.8340_0	2.1993150970095026	0.1522703600000000	0.1019001750000000
5.8340_1	2.1995464356545411	0.1480428050000000	0.1000911650000000
5.8400_0	2.2015564888517285	0.1503423100000000	0.1014776450000000
5.8400_1	2.1954058328436634	0.1542579900000000	0.1032110150000000
5.8440_0	2.1984584388044657	0.1611501150000000	0.1064249500000000
5.8440_1	2.1961334213675383	0.1599320950000000	0.0993143200000000
5.8500_0	2.2002005124485464	0.1534438350000000	0.0960985500000000
5.8500_1	2.1984600557608882	0.1682249250000000	0.1076833900000000
5.8510_0	2.2024827795206070	0.1523726150000000	0.0979538400000000
5.8510_1	2.1998289127423769	0.1548557500000000	0.1013957800000000
5.8700_0	2.2003792648845977	0.1506205300000000	0.0985993850000000
5.8700_1	2.1996773363931506	0.1618489200000000	0.1024120050000000
5.8701_0	2.1982953863753596	0.1516808800000000	0.1015530650000000
5.8701_1	2.1968655051465675	0.1533184750000000	0.1016043800000000
5.8702_0	2.2005867106024328	0.1496153750000000	0.0995750500000000
5.8702_1	2.1989931410086418	0.1556126300000000	0.0978379600000000
5.8703_0	2.1984145102465642	0.1562499200000000	0.1017197350000000
5.8703_1	2.2024728496681703	0.1523283400000000	0.0967708050000000
5.8750_0	2.2022578180334791	0.1477111150000000	0.0987606900000000
5.8750_1	2.2014085388983164	0.1542151500000000	0.1024846550000000
5.8820_0	2.2030379818511303	0.1512534550000000	0.0968980350000000
5.8820_1	2.1993474544677016	0.1493861650000000	0.0995903650000000
5.8900_0	2.2018536562958051	0.1495806900000000	0.0972480900000000
5.8900_1	2.2019731135928851	0.1488365600000000	0.1028167450000000
5.8901_0	2.2010087785367061	0.1466251450000000	0.1001744800000000
5.8901_1	2.1957026942720526	0.1545311900000000	0.1018242600000000
5.9100_0	2.1975451714024117	0.1550094400000000	0.1035681850000000
5.9100_1	2.1957791239325779	0.1591855700000000	0.1024147000000000
5.9140_0	2.1973997863536154	0.1495956750000000	0.1004617300000000
5.9140_1	2.1968156340060552	0.1560762200000000	0.0960733150000000
5.9170_0	2.1993335848670741	0.1541987550000000	0.1041360000000000
5.9170_1	2.2002921437610041	0.1490036800000000	0.0982670750000000
5.9310_0	2.1977332352828900	0.1537640150000000	0.1020791200000000
5.9310_1	2.1994665661209716	0.1482436150000000	0.0998010650000000
5.9430_0	2.2014311247540737	0.1557895550000000	0.1014429050000000
5.9430_1	2.1985046504723686	0.1500078850000000	0.0991073950000000
5.9440_0	2.2027445218371637	0.1508722250000000	0.0977615850000000
5.9440_1	2.1990707338065065	0.1524508050000000	0.1003574200000000
5.9441_0	2.1985037414420883	0.1612733850000000	0.1043928200000000
5.9441_1	2.2014509523358137	0.1540970250000000	0.1022068600000000
5.9520_0	2.2003925588527933	0.1552349700000000	0.1004157000000000
5.9520_1	2.1992161403464427	0.1519486450000000	0.0993127950000000
5.9600_0	2.2038028475876845	0.1526314250000000	0.0997325850000000
5.9600_1	2.1985001918024434	0.1562171500000000	0.1064087000000000
5.9700_0	2.1998988365837002	0.1539229650000000	0.1021573850000000
5.9700_1	2.1990087223858827	0.1537122400000000	0.1005932000000000
5.9750_0	2.2040742594304814	0.1501077650000000	0.0984999000000000
5.9750_1	2.1964657615636303	0.1529121250000000	0.1002570850000000
5.9900_0	2.1990091539449357	0.1513813300000000	0.0992318700000000
5.9900_1	2.1996453710197748	0.1534370700000000	0.1004276050000000
6.0100_0	2.1989619235510021	0.1520511650000000	0.0937031600000000
6.0100_1	2.2007433357534265	0.1495735100000000	0.0982076650000000
6.0300_0	2.1991128385392140	0.1530704350000000	0.1024283800000000
6.0300_1	2.1991607320075137	0.1509152750000000	0.0999576050000000
6.0330_0	2.2005047234427524	0.1488109100000000	0.1001239050000000
6.0330_1	2.1995194845353447	0.1517834150000000	0.0985660600000000
6.0450_0	2.2025410856740075	0.1559476000000000	0.0986560000000000
6.0450_1	2.1974962617562683	0.1548345700000000	0.1021213850000000
6.0480_0	2.2005237493744318	0.1473599550000000	0.1005367950000000
6.0480_1	2.1984274988413444	0.1750362450000000	0.1086603000000000
6.0500_0	2.1976413824520860	0.1545942850000000	0.1048366650000000
6.0500_1	2.1962549091900923	0.1571443600000000	0.1029490200000000
6.0501_0	2.2029190945008241	0.1531253600000000	0.0977566650000000
6.0501_1	2.1956612633387800	0.1538702950000000	0.1040732800000000
6.0530_0	2.2035018056204931	0.1535352050000000	0.0995845750000000
6.0530_1	2.1967699423476228	0.1570544000000000	0.1019304150000000
6.0590_0	2.1978273749379382	0.1594654950000000	0.1046844900000000
6.0590_1	2.1997974308478572	0.1555971650000000	0.0965053450000000
6.0610_0	2.2028092076195391	0.1563844150000000	0.0987020500000000
6.0610_1	2.1956667027259007	0.1525380850000000	0.1047197300000000
6.0700_0	2.2022966335948095	0.1507817250000000	0.0980597350000000
6.0700_1	2.2009680609861380	0.1567571550000000	0.0979218300000000
6.0701_0	2.2019544746265787	0.1614715100000000	0.1042891050000000
6.0701_1	2.2020392849396622	0.1471009100000000	0.1006682300000000
6.0720_0	2.1984494853691099	0.1768413300000000	0.1231860600000000
6.0720_1	2.1976796919274566	0.1539751700000000	0.0978562350000000
6.0800_0	2.2027756179071036	0.1518897750000000	0.0983264950000000
6.0800_1	2.1982565859544612	0.1514436700000000	0.1000070800000000
6.0860_0	2.2033227934939461	0.1510027250000000	0.1020178150000000
6.0860_1	2.2018458452170293	0.1520195100000000	0.0967847950000000
6.0870_0	2.2005544372759025	0.1493414550000000	0.0997696600000000
6.0870_1	2.1977992788997316	0.1540138350000000	0.1043339150000000
6.0990_0	2.2032591227916054	0.1502349400000000	0.0987499250000000
6.0990_1	2.1993234295421007	0.1484071550000000	0.0991398650000000
6.1000_0	2.2030005484424349	0.1525822300000000	0.0978830200000000
6.1000_1	2.1975113654371192	0.1527049400000000	0.1054593650000000
6.1001_0	2.2026183505223869	0.1495156100000000	0.1018777750000000
6.1001_1	2.2018689340983992	0.1492905200000000	0.0990791700000000
6.1070_0	2.1967950739769817	0.1531976400000000	0.1024288950000000
6.1070_1	2.2015125287017110	0.1587362800000000	0.1015930150000000
6.1090_0	2.1992027695715497	0.1541154350000000	0.1013493950000000
6.1090_1	2.1971171714927942	0.1548877750000000	0.0956483450000000
6.1210_0	2.2023047889687888	0.1566639500000000	0.0992281900000000
6.1210_1	2.1980918593581240	0.1516904200000000	0.1044952400000000
6.1211_0	2.1991602906055046	0.1497233450000000	0.1015243000000000
6.1211_1	2.1959850955957223	0.1528135600000000	0.1022222350000000
6.1330_0	2.1962533055054072	0.1531931950000000	0.1016020150000000
6.1330_1	2.1978483273001137	0.1507708000000000	0.1000172800000000
6.1380_0	2.2022204896557644	0.1485739200000000	0.1005307100000000
6.1380_1	2.1993622197057090	0.1458096800000000	0.0987560400000000
6.1400_0	2.1978424916642836	0.1510679550000000	0.1003345600000000
6.1400_1	2.2003378398978675	0.1601224700000000	0.0988731800000000
6.1401_0	2.2017976029863648	0.1451230700000000	0.0983710150000000
6.1401_1	2.1970382619302926	0.1550580900000000	0.1048364200000000
6.1530_0	2.2015365837409862	0.1472989650000000	0.1016385450000000
6.1530_1	2.1956704314508086	0.1519916950000000	0.1046220600000000
6.1590_0	2.2021027166102165	0.1485878800000000	0.1021720850000000
6.1590_1	2.2015579921703430	0.1501283150000000	0.1027466300000000
6.1600_0	2.2024187746933639	0.1514290950000000	0.0985621250000000
6.1600_1	2.1970581394534769	0.1528138850000000	0.1037838650000000
6.1601_0	2.1985390667392068	0.1514495900000000	0.0979082750000000
6.1601_1	2.1997168249024099	0.1529985250000000	0.1025224700000000
6.1700_0	2.2032032809946940	0.1529648200000000	0.0983756550000000
6.1700_1	2.1958230876350231	0.1538608450000000	0.1015768900000000
6.1701_0	2.2014129795359461	0.1612834700000000	0.1013447450000000
6.1701_1	2.2023116202802862	0.1512691400000000	0.0970811900000000
6.1740_0	2.1977557192576076	0.1534576700000000	0.1033586900000000
6.1740_1	2.2013437620814345	0.1767311450000000	0.1175867400000000
6.1800_0	2.2024568044838730	0.1536934900000000	0.0975271600000000
6.1800_1	2.1958290478104283	0.1525099750000000	0.1036816950000000
6.1930_0	2.1976995609574002	0.1536046850000000	0.1035925150000000
6.1930_1	2.2006442141600906	0.1493121700000000	0.0972707500000000
6.2000_0	2.1975473444326186	0.1544733450000000	0.1031816500000000
6.2000_1	2.1967945820195012	0.1546827950000000	0.1036502850000000
6.2080_0	2.2006176511603592	0.1486419300000000	0.1009368900000000
6.2080_1	2.1987701504875252	0.1482569000000000	0.1025588500000000
6.2120_0	2.2021111524189720	0.1513677000000000	0.0977902800000000
6.2120_1	2.2000654775251887	0.1547766500000000	0.0986767700000000
6.2170_0	2.2001612607147094	0.1533894850000000	0.1007258500000000
6.2170_1	2.2007649364715123	0.1509594750000000	0.1014958700000000
6.2240_0	2.1985754075535842	0.1536212200000000	0.1025680600000000
6.2240_1	2.2010169347437349	0.1497842800000000	0.1019290350000000
6.2300_0	2.1978622757920725	0.1566973450000000	0.1035380550000000
6.2300_1	2.2014833803136109	0.1501508150000000	0.1022983250000000
6.2400_0	2.1977508061125586	0.1530388250000000	0.1000959650000000
6.2400_1	2.1973701161246524	0.1545805050000000	0.1021640800000000
6.2401_0	2.1982629178363600	0.1562352850000000	0.1019501650000000
6.2401_1	2.1989266659911673	0.1536005250000000	0.0990478600000000
6.2420_0	2.2029844647023369	0.1528388050000000	0.0993338350000000
6.2420_1	2.1996945176189158	0.1528756600000000	0.1022782950000000
6.2500_0	2.2041381955648389	0.1569090700000000	0.1019518750000000
6.2500_1	2.1962914793311650	0.1531246300000000	0.1047769150000000
6.2501_0	2.2014823128912271	0.1496843100000000	0.0979023700000000
6.2501_1	2.1994052817585392	0.1480467400000000	0.0985132500000000
6.2520_0	2.2014344882185601	0.1575156900000000	0.1026006300000000
6.2520_1	2.2008765192514170	0.1590726750000000	0.1002187800000000
6.2600_0	2.1995426264054703	0.1577459600000000	0.0989136850000000
6.2600_1	2.1993769573178015	0.1520679600000000	0.0986062550000000
6.2601_0	2.2029423423992545	0.1512712850000000	0.0965552100000000
6.2601_1	2.2000895357886354	0.1527297050000000	0.1018158300000000
6.2620_0	2.2033284215394704	0.1545456750000000	0.0980996700000000
6.2620_1	2.2000212361887392	0.1466710200000000	0.1011292350000000
6.2800_0	2.2126461346210440	0.1967547200000000	0.1114585450000000
6.2800_1	2.1980606310665629	0.1550887950000000	0.1026547750000000
6.3000_0	2.1978941431845018	0.1553676200000000	0.1050064600000000
6.3000_1	2.2023965677514479	0.1506383400000000	0.0954064850000000
6.3001_0	2.1970653740880586	0.1581274350000000	0.1037786600000000
6.3001_1	2.1996376119866778	0.1581023850000000	0.0983900150000000
6.3200_0	2.1998871445872661	0.1515260450000000	0.1000707250000000
6.3200_1	2.1989379716962105	0.1519975250000000	0.1022903100000000
6.3300_0	2.2010019939618961	0.1536524900000000	0.0990515450000000
6.3300_1	2.2007669187563628	0.1509731600000000	0.0976441950000000
6.3400_0	2.2041462673149739	0.1541752300000000	0.1005994900000000
6.3400_1	2.1967755319550015	0.1583150150000000	0.1033395100000000
6.3401_0	2.1973245027571413	0.1587794000000000	0.1040975250000000
6.3401_1	2.1959792015745858	0.1520598850000000	0.1022878800000000
6.3460_0	2.2024334639151952	0.1503765100000000	0.0998945850000000
6.3460_1	2.1970720552793348	0.1523003200000000	0.1024031650000000
6.3500_0	2.2009360087827861	0.1464107250000000	0.1003359700000000
6.3500_1	2.1970394296974400	0.1595104400000000	0.1023451250000000
6.3620_0	2.1983580791233188	0.1545263050000000	0.1014052200000000
6.3620_1	2.1976021675407331	0.1524226750000000	0.1029194750000000
6.3870_0	2.1997672296981294	0.1531868050000000	0.0993769900000000
6.3870_1	2.2024284974569048	0.1514970350000000	0.0960254450000000
6.3880_0	2.2036700592213871	0.1519407950000000	0.0977380700000000
6.3880_1	2.1991543175760011	0.1524798350000000	0.1031749950000000
6.3900_0	2.2000201806171815	0.1552238700000000	0.1000609050000000
6.3900_1	2.1997442002756027	0.1578526250000000	0.0996365150000000
6.4030_0	2.1970721539425888	0.1578692650000000	0.1033198900000000
6.4030_1	2.1976546349029480	0.1537961450000000	0.1059686050000000
6.4110_0	2.2014963018045157	0.1479329750000000	0.0983596700000000
6.4110_1	2.1972446311355900	0.1551390800000000	0.1014318200000000
6.4120_0	2.2006971488525271	0.1515839500000000	0.0959878650000000
6.4120_1	2.1980768550080603	0.1530310400000000	0.1046490650000000
6.4300_0	2.1991276469134982	0.1550568000000000	0.1004722150000000
6.4300_1	2.2014064785237437	0.1511872400000000	0.0986981250000000
6.4301_0	2.2027338671774239	0.1455731800000000	0.1012692550000000
6.4301_1	2.1988327615690952	0.1517707350000000	0.1038843450000000
6.4500_0	2.2014230291298853	0.1552350850000000	0.1016106150000000
6.4500_1	2.1994597758588514	0.1446675600000000	0.0967035900000000
6.4560_0	2.2021443012107969	0.1482771450000000	0.1025668000000000
6.4560_1	2.1977319598210965	0.1486704950000000	0.1003878800000000
6.4600_0	2.2036501126574484	0.1506937250000000	0.0963523850000000
6.4600_1	2.1998206595564112	0.1467244650000000	0.1010030500000000
6.4601_0	2.2030248253756035	0.1514161450000000	0.0967798750000000
6.4601_1	2.1987729645180538	0.1557368350000000	0.1021832100000000
6.4800_0	2.2021820359551048	0.1480372050000000	0.0991755950000000
6.4800_1	2.1983734935140080	0.1521732050000000	0.1007555800000000
6.5000_0	2.1984092711642709	0.1522390550000000	0.0997408900000000
6.5000_1	2.1976325021763343	0.1554700650000000	0.0998822300000000
6.5001_0	2.2022327482897559	0.1556140800000000	0.0973490050000000
6.5001_1	2.1966861259489470	0.1466506650000000	0.1005377750000000
6.5002_0	2.1980660330114898	0.1604963150000000	0.1046674200000000
6.5002_1	2.2005537814121761	0.1523104300000000	0.0968294750000000
6.5070_0	2.2022946067410269	0.1496969850000000	0.0975938750000000
6.5070_1	2.1952898930120779	0.1473693250000000	0.0992441900000000
6.5100_0	2.1996617662431364	0.1529308250000000	0.1013683050000000
6.5100_1	2.2007147332444639	0.1518327950000000	0.0997354550000000
6.5220_0	2.2036541767943230	0.1515548050000000	0.0978064650000000
6.5220_1	2.1974751710563294	0.1538780450000000	0.1072388850000000
6.5290_0	2.1999168845063171	0.1500612600000000	0.1001858900000000
6.5290_1	2.1963276214372383	0.1529081700000000	0.1013737600000000
6.5300_0	2.2018849753480709	0.1515622900000000	0.0985470550000000
6.5300_1	2.2013551036143966	0.1488415150000000	0.0989957000000000
6.5340_0	2.1978506376593625	0.1519860950000000	0.1016258800000000
6.5340_1	2.1961710582580820	0.1574644050000000	0.1003495650000000
6.5350_0	2.1992361962117992	0.1527542400000000	0.0966261000000000
6.5350_1	2.2002380412793343	0.1524388500000000	0.1014427250000000
6.5400_0	2.2021298913826559	0.1490367300000000	0.1026492150000000
6.5400_1	2.2009135872979813	0.1493414950000000	0.1006517000000000
6.5500_0	2.2024676217900065	0.1477964000000000	0.1010507500000000
6.5500_1	2.1974570644682303	0.1600933150000000	0.1019714700000000
6.5600_0	2.2026651819968879	0.1511849750000000	0.0959870400000000
6.5600_1	2.2024493453184171	0.1515273300000000	0.0973907050000000
6.5601_0	2.2006825966941905	0.1559855800000000	0.1004386650000000
6.5601_1	2.1987235100416731	0.1521468700000000	0.1015155650000000
6.5880_0	2.2010632875831218	0.1514423650000000	0.0948965850000000
6.5880_1	2.1971569991345818	0.1518980500000000	0.1040067300000000
6.5900_0	2.2017928777669447	0.1508493000000000	0.0976651300000000
6.5900_1	2.2001282907333315	0.1506171300000000	0.0978628200000000
6.5901_0	2.2029442238199897	0.1515432850000000	0.0969861000000000
6.5901_1	2.1962696962867008	0.1577595000000000	0.1066547900000000
6.6090_0	2.2014074794048941	0.1510988900000000	0.0967416200000000
6.6090_1	2.1952862961358179	0.1547633500000000	0.1018092400000000
6.6200_0	2.1994301589389536	0.1557303550000000	0.1026181150000000
6.6200_1	2.1977332153668705	0.1551217750000000	0.1002373800000000
6.6300_0	2.1970623102391276	0.1576201300000000	0.1043548300000000
6.6300_1	2.2016659478444893	0.1569409950000000	0.1033739400000000
6.6400_0	2.2005960416885091	0.1469919800000000	0.1012163750000000
6.6400_1	2.2015211243542590	0.1510679550000000	0.0967783000000000
6.6401_0	2.2014078971450193	0.1506996050000000	0.0962893250000000
6.6401_1	2.1959544783625051	0.1585515050000000	0.0996091450000000
6.6460_0	2.1994676974059342	0.1560886850000000	0.0998826850000000
6.6460_1	2.1956827090965900	0.1551965350000000	0.1019581250000000
6.6600_0	2.1986987847167740	0.1552322850000000	0.1021074250000000
6.6600_1	2.2007452883886702	0.1481442950000000	0.0974668000000000
6.7000_0	2.1988301877087650	0.1509813650000000	0.0948492800000000
6.7000_1	2.1971687637748962	0.1545245350000000	0.1044895500000000
6.7100_0	2.1997012724500649	0.1570119650000000	0.1005546250000000
6.7100_1	2.1971613379224277	0.1523309900000000	0.1020936700000000
6.7101_0	2.2000365616660686	0.1543779200000000	0.1014920750000000
6.7101_1	2.2013846469198155	0.1497646200000000	0.1003815350000000
6.7120_0	2.1972877217836939	0.1576865350000000	0.1033551200000000
6.7120_1	2.1992612823251974	0.1527921600000000	0.1015308750000000
6.7400_0	2.1984455658384725	0.1691196300000000	0.1095492600000000
6.7400_1	2.2005713095932498	0.1509499800000000	0.0976753650000000
6.7500_0	2.1984128507205969	0.1627614600000000	0.1100890850000000
6.7500_1	2.1965660170385926	0.1539887050000000	0.1030356950000000
6.7501_0	2.1978455210746950	0.1562056000000000	0.1054156000000000
6.7501_1	2.2018479482495970	0.1528823700000000	0.0967947850000000
6.7700_0	2.2005064282584428	0.1526870600000000	0.0964185700000000
6.7700_1	2.2018145388044719	0.1462429250000000	0.1019812950000000
6.7900_0	2.2020076699270215	0.1528904350000000	0.1006611050000000
6.7900_1	2.1968817626132280	0.1594848250000000	0.1020008900000000
6.7901_0	2.2001368264499055	0.1550069800000000	0.0981875100000000
6.7901_1	2.1995317192534669	0.1480253200000000	0.0999041150000000
6.8000_0	2.2010277859636505	0.1563679900000000	0.0992575400000000
6.8000_1	2.1976821007021159	0.1523990050000000	0.1029375350000000
6.8040_0	2.2002368838512147	0.1498473500000000	0.0996520050000000
6.8040_1	2.1995340787066548	0.1563171250000000	0.0967308100000000
6.8100_0	2.2018156588109612	0.1519092650000000	0.1009099950000000
6.8100_1	2.1984396595921765	0.1641750550000000	0.1033691900000000
6.8200_0	2.1998512878334444	0.1532796300000000	0.1016009850000000
6.8200_1	2.1984497494460551	0.1781558350000000	0.1190267850000000
6.8300_0	2.1993785942412245	0.1577917800000000	0.1001101750000000
6.8300_1	2.1984780011444300	0.1590084950000000	0.1027757100000000
6.8400_0	2.2014054970466317	0.1502040850000000	0.0987829750000000
6.8400_1	2.1957168531264624	0.1532285600000000	0.1021612250000000
6.8640_0	2.1984385163967364	0.1677150500000000	0.1135190900000000
6.8640_1	2.2007841413980969	0.1470725150000000	0.0994138050000000
6.8800_0	2.1996826243870489	0.1545767600000000	0.0992767250000000
6.8800_1	2.1995984098656050	0.1534936950000000	0.1019886400000000
6.8801_0	2.2007342882279430	0.1539187800000000	0.0982644100000000
6.8801_1	2.1999782647217621	0.1455299650000000	0.1010293450000000
6.8802_0	2.1984782002546486	0.1532010150000000	0.0985243150000000
6.8802_1	2.2018202700651113	0.1447828650000000	0.1008453300000000
6.8803_0	2.2028472127576055	0.1550309450000000	0.0988665500000000
6.8803_1	2.1967814477382084	0.1599276750000000	0.1010188050000000
6.8900_0	2.2014751343657846	0.1461155750000000	0.0981221800000000
6.8900_1	2.1994878533075837	0.1549207550000000	0.0993652250000000
6.9000_0	2.2014109865711160	0.1487048650000000	0.1007123600000000
6.9000_1	2.1975679514316715	0.1552925050000000	0.1005410300000000
6.9020_0	2.2027216403645546	0.1568921550000000	0.0985637700000000
6.9020_1	2.2016854539811095	0.1502367350000000	0.1012825150000000
6.9500_0	2.1976813794701355	0.1548968400000000	0.1048375850000000
6.9500_1	2.2000718614705335	0.1620165750000000	0.0992282450000000
6.9700_0	2.2025079025915946	0.1505167650000000	0.0978533300000000
6.9700_1	2.1994521314026563	0.1525099000000000	0.1010691800000000
6.9730_0	2.2027227951825710	0.1536976600000000	0.0984140700000000
6.9730_1	2.2003400302729870	0.1590856250000000	0.0975925150000000
6.9800_0	2.2028353751904564	0.1525985050000000	0.0978140200000000
6.9800_1	2.2010676407010910	0.1524133300000000	0.0987745650000000
6.9801_0	2.1972525735375026	0.1489484500000000	0.0998379900000000
6.9801_1	2.2014208267415531	0.1482446150000000	0.0987814600000000
6.9820_0	2.2033548685077546	0.1562270100000000	0.1019196950000000
6.9820_1	2.1977595196439155	0.1505007650000000	0.0988631150000000
6.9900_0	2.1974097285400420	0.1551536650000000	0.1056650700000000
6.9900_1	2.2002777051580731	0.1512609950000000	0.0957724500000000
6.9901_0	2.2008442328379130	0.1534722050000000	0.1026521300000000
6.9901_1	2.1972689749314389	0.1539176050000000	0.1033121050000000
7.0000_0	2.2023023867927956	0.1507473000000000	0.0984939350000000
7.0000_1	2.2008617313520733	0.1496887400000000	0.0968742550000000
7.0001_0	2.1985229473811843	0.1479406700000000	0.0992171000000000
7.0001_1	2.1947349317114129	0.1498976750000000	0.1008486450000000
7.0100_0	2.1994109389741041	0.1487948000000000	0.1032437950000000
7.0100_1	2.2002650356923059	0.1464162950000000	0.1017126900000000
7.0101_0	2.2003986838956187	0.1548592700000000	0.0999593750000000
7.0101_1	2.2014813322941080	0.1580755700000000	0.1030708000000000
7.0200_0	2.2010650830723866	0.1501117200000000	0.0960416400000000
7.0200_1	2.1968400750732884	0.1601369250000000	0.1016323750000000
7.0220_0	2.2028316072026217	0.1526125400000000	0.0980614250000000
7.0220_1	2.1988581805150096	0.1505712400000000	0.1026341050000000
7.0400_0	2.2017511849673599	0.1476676500000000	0.1008413450000000
7.0400_1	2.1998033147990208	0.1538584150000000	0.0978036400000000
7.0500_0	2.2023723839670835	0.1517099400000000	0.0987414750000000
7.0500_1	2.1966523543131853	0.1551657950000000	0.1023886550000000
7.0520_0	2.1984939755801194	0.1662354600000000	0.1054661350000000
7.0520_1	2.2011062554021552	0.1499094650000000	0.0980698550000000
7.0530_0	2.2020157020407414	0.1506392250000000	0.0970568150000000
7.0530_1	2.2005451034443135	0.1572547150000000	0.0952709950000000
7.0600_0	2.2018557509013394	0.1456174100000000	0.0979221300000000
7.0600_1	2.1964906345385393	0.1540334750000000	0.1050286450000000
7.0700_0	2.2014883612157581	0.1541253700000000	0.0989879600000000
7.0700_1	2.1964832890199970	0.1524591550000000	0.1016810400000000
7.0900_0	2.2008567147461964	0.1475726550000000	0.1006915300000000
7.0900_1	2.1984216850204787	0.1608222800000000	0.1009680450000000
7.0901_0	2.1987400707049023	0.1515818300000000	0.0998529800000000
7.0901_1	2.1983194696486432	0.1535640000000000	0.1037588250000000
7.1000_0	2.1994100203183313	0.1492464950000000	0.0977607200000000
7.1000_1	2.1976754303883963	0.1528849350000000	0.1045279450000000
7.1100_0	2.1966938674420535	0.1536274900000000	0.1042045450000000
7.1100_1	2.2009754647109965	0.1484986000000000	0.0987018250000000
7.1200_0	2.1991150017112235	0.1512306900000000	0.0942875000000000
7.1200_1	2.2011095238915881	0.1490563700000000	0.1021190300000000
7.1201_0	2.2019669894567766	0.1461412150000000	0.0998874100000000
7.1201_1	2.2014112515940565	0.1580802000000000	0.1025746150000000
71.3400_0	2.1998702308532589	0.1534412200000000	0.1009552600000000
71.3400_1	2.1996686054580157	0.1543928950000000	0.0994692000000000
7.1500_0	2.2014330431613462	0.1532410250000000	0.0988308450000000
7.1500_1	2.1985799028497812	0.1599250000000000	0.0994770150000000
7.1501_0	2.2094057343648141	0.1718159300000000	0.1130955000000000
7.1501_1	2.1984761365219865	0.1506216200000000	0.1015627900000000
7.1600_0	2.1977776780935465	0.1544876450000000	0.1054165500000000
7.1600_1	2.1998988046454073	0.1470509200000000	0.0994967450000000
7.1760_0	2.2014672358719012	0.1459305050000000	0.0972179100000000
7.1760_1	2.2007683024328766	0.1507461400000000	0.0975383400000000
7.1800_0	2.1998403185038828	0.1554821750000000	0.0998687050000000
7.1800_1	2.1995800115892714	0.1523396450000000	0.1022806950000000
7.1801_0	2.2005733437775734	0.1556223000000000	0.0991487650000000
7.1801_1	2.2014799489741677	0.1546804650000000	0.1030442250000000
7.2000_0	2.1990433101526512	0.1581768350000000	0.1025160800000000
7.2000_1	2.1972013407177236	0.1580053450000000	0.1022650050000000
7.2100_0	2.1998966314054824	0.1525450850000000	0.0996450550000000
7.2100_1	2.1977503552427549	0.1525519500000000	0.1015384700000000
7.2110_0	2.2022703753547517	0.1484225600000000	0.0990633750000000
7.2110_1	2.1974228994511082	0.1578041300000000	0.0984384850000000
7.2200_0	2.2004517945199877	0.1532166850000000	0.0996288250000000
7.2200_1	2.1973397716158729	0.1505727300000000	0.1000597350000000
7.2230_0	2.1984269115002970	0.1555572750000000	0.1006123350000000
7.2230_1	2.2001882935804860	0.1531717950000000	0.1024205950000000
7.2300_1	2.1984629097852530	0.1750829150000000	0.1160368650000000
7.2400_0	2.2030989427698406	0.1542338500000000	0.0982527050000000
7.2400_1	2.2011150331473526	0.1505345100000000	0.1019814950000000
7.2500_0	2.2021593471619840	0.1478914550000000	0.0992707750000000
7.2500_1	2.2022541619063567	0.1524680800000000	0.0968643650000000
7.2600_0	2.2027667391474997	0.1528028500000000	0.0983376050000000
7.2600_1	2.1994174770452419	0.1512919600000000	0.1030181350000000
7.3300_0	2.1998452848735206	0.1561279350000000	0.0992095000000000
7.3300_1	2.1968662450867820	0.1523043100000000	0.1015931900000000
7.3500_0	2.2028487545554434	0.1517345650000000	0.0990254400000000
7.3500_1	2.1972064404665081	0.1580151100000000	0.0980935300000000
7.3700_0	2.2014856225061692	0.1524810000000000	0.0978878750000000
7.3700_1	2.2011089505269874	0.1503639500000000	0.1014060500000000
7.3800_0	2.1985174499220235	0.1525213200000000	0.1049635450000000
7.3800_1	2.1995811856633654	0.1471834050000000	0.0983960250000000
7.3810_0	2.1997382120782851	0.1553664850000000	0.1031633400000000
7.3810_1	2.2001864798301964	0.1613280850000000	0.1017690400000000
7.3840_0	2.2004767305828987	0.1534163350000000	0.1002176700000000
7.3840_1	2.1984167028158481	0.1520128000000000	0.1006799750000000
7.3900_0	2.2013801018564405	0.1510590450000000	0.0999073650000000
7.3900_1	2.1839997859297977	0.1682338100000000	0.1115817250000000
7.4120_0	2.1977584468490283	0.1514590900000000	0.1021321900000000
7.4120_1	2.1995467686087604	0.1500937050000000	0.0993774300000000
7.4230_0	2.1991455932329997	0.1536835800000000	0.1062889500000000
7.4230_1	2.1963053734747682	0.1512869900000000	0.1048804450000000
7.4500_0	2.1994502905390196	0.1555958150000000	0.1061639250000000
7.4500_1	2.2007631497064017	0.1486687550000000	0.0979899700000000
7.4600_0	2.1970718950003389	0.1543925600000000	0.1029780850000000
7.4600_1	2.2008582374632599	0.1507869300000000	0.0974304050000000
7.4601_0	2.2022761024650404	0.1513370100000000	0.0985026050000000
7.4601_1	2.1977848367399959	0.1483604750000000	0.1006401450000000
7.4700_0	2.1984656049748743	0.1608048100000000	0.1059813400000000
7.4700_1	2.1998855953815055	0.1584552950000000	0.0993008650000000
7.4800_0	2.2021380344388941	0.1543408950000000	0.0967734950000000
7.4800_1	2.1993047370679717	0.1516206000000000	0.1006058800000000
7.4801_0	2.1980682640418401	0.1550722200000000	0.1013843900000000
7.4801_1	2.2008252397173687	0.1563690100000000	0.0969668550000000
7.5000_0	2.1985521317173449	0.1637197200000000	0.1089501000000000
7.5000_1	2.1979793517364490	0.1514739600000000	0.1051939100000000
7.5010_0	2.2001124004326873	0.1545673250000000	0.1011443900000000
7.5010_1	2.1985862717954827	0.1533630400000000	0.1018331450000000
7.5100_0	2.2028360809940688	0.1533772100000000	0.0981518400000000
7.5100_1	2.1973273722377740	0.1534690400000000	0.1036875950000000
7.5160_0	2.1995569763186560	0.1541661300000000	0.1017178450000000
7.5160_1	2.1975336830890431	0.1543496650000000	0.1054083150000000
7.5300_0	2.2001563128103334	0.1534653800000000	0.1018193500000000
7.5300_1	2.2014213763153712	0.1511431150000000	0.0990599350000000
7.5500_0	2.1999104767290567	0.1553296250000000	0.0996496050000000
7.5500_1	2.1997987880417691	0.1519548750000000	0.0978849350000000
7.5501_0	2.2008755038334362	0.1551725150000000	0.0994251600000000
7.5501_1	2.1977780349407308	0.1597556200000000	0.1033390500000000
7.5700_0	2.1996138680274506	0.1532970800000000	0.0991603050000000
7.5700_1	2.2006323091869677	0.1510980800000000	0.0983621950000000
7.5900_0	2.1985630996072141	0.1499972500000000	0.0999156000000000
7.5900_1	2.2010063729661438	0.1469676650000000	0.0981865850000000
7.5901_0	2.2020561503920217	0.1497325450000000	0.0968897250000000
7.5901_1	2.2014672680147815	0.1471727900000000	0.0971506900000000
7.6000_0	2.1986208877148563	0.1527763300000000	0.1064555100000000
7.6000_1	2.1996386893172328	0.1507652150000000	0.1041399050000000
7.6400_0	2.1991345836349110	0.1545710600000000	0.1021889100000000
7.6400_1	2.2008984635820741	0.1489859450000000	0.0984161800000000
7.6420_0	2.1978798109530189	0.1511411200000000	0.1015198300000000
7.6420_1	2.2011411137948853	0.1453983300000000	0.0987704150000000
7.6600_0	2.1989957228751762	0.1527159200000000	0.1004805400000000
7.6600_1	2.2011218733266511	0.1485011800000000	0.0970842900000000
7.6700_0	2.1996270108669242	0.1523298750000000	0.1010748350000000
7.6700_1	2.1984293100075312	0.1527360000000000	0.1077609600000000
7.6730_0	2.2016182060469696	0.1515291000000000	0.0979083650000000
7.6730_1	2.1992858981266390	0.1463683500000000	0.0978532500000000
7.6900_0	2.1994613979288777	0.1546779450000000	0.0991678600000000
7.6900_1	2.1972514094265803	0.1608087700000000	0.1029901150000000
7.6901_0	2.1983322817621982	0.1536561500000000	0.1010760700000000
7.6901_1	2.2008882736982640	0.1486671950000000	0.0970978350000000
7.6902_0	2.2002086022211031	0.1549068300000000	0.1001355250000000
7.6902_1	2.1992294353741197	0.1546871050000000	0.1040952200000000
7.7000_0	2.2008254887892500	0.1548134100000000	0.0998289450000000
7.7000_1	2.1998000318651574	0.1449110950000000	0.0979348500000000
7.7100_0	2.1976782440667311	0.1532677950000000	0.1021343100000000
7.7100_1	2.2007179119326632	0.1516826500000000	0.0995124250000000
7.7101_0	2.2004188325644760	0.1480043350000000	0.1006714900000000
7.7101_1	2.2001731306258487	0.1606919900000000	0.1019930350000000
7.7200_0	2.1989327442263233	0.1549589300000000	0.1026290600000000
7.7200_1	2.2004698284540818	0.1572031100000000	0.0979587000000000
7.7600_0	2.1990432813621617	0.1529960250000000	0.1021036050000000
7.7600_1	2.1984739106864133	0.1616205000000000	0.1026779400000000
7.7700_0	2.2009666829180614	0.1540191600000000	0.0996837700000000
7.7700_1	2.1991097072473167	0.1556665900000000	0.0990841900000000
7.7701_0	2.1981997497431620	0.1538299150000000	0.0977025800000000
7.7701_1	2.2013575189520775	0.1497812700000000	0.0977028350000000
7.7720_0	2.2004974982513144	0.1559114550000000	0.0983162100000000
7.7720_1	2.1976422155601134	0.1554675150000000	0.0995240750000000
7.7800_0	2.2004481304779562	0.1542196800000000	0.1004987650000000
7.7800_1	2.1976832909776922	0.1542630050000000	0.0966152500000000
7.7801_0	2.2010637746900894	0.1447597400000000	0.0990822650000000
7.7801_1	2.1983933168576764	0.1618410300000000	0.1012506200000000
7.7802_0	2.1978562854068415	0.1507438150000000	0.1011248600000000
7.7802_1	2.1996210213611915	0.1457004650000000	0.0965034200000000
7.8050_0	2.2013951491996551	0.1713857499999999	0.1152233800000000
7.8050_1	2.1999324967363911	0.1493952450000000	0.1009480250000000
7.8100_0	2.2012641213540256	0.1477203800000000	0.0993999300000000
7.8100_1	2.1861777180103497	0.1667244050000000	0.1088134300000000
7.8300_0	2.2030147139446643	0.1531986300000000	0.0991288550000000
7.8300_1	2.1970891388121134	0.1586902450000000	0.0985915800000000
7.8380_0	2.2021856322153974	0.1507755700000000	0.0987239200000000
7.8380_1	2.2000361671324571	0.1443462550000000	0.0968551250000000
7.8400_0	2.2001339322722777	0.1505707000000000	0.0993963750000000
7.8400_1	2.1969521868098880	0.1568914350000000	0.1036789100000000
7.8490_0	2.2024597372723420	0.1512353750000000	0.0997565600000000
7.8490_1	2.1995413505476962	0.1483805300000000	0.0995553250000000
7.8600_0	2.1991953501873058	0.1574815850000000	0.0999695550000000
7.8600_1	2.1988385753539741	0.1501558400000000	0.1022101550000000
7.8601_0	2.1981491582220727	0.1515420750000000	0.0988260500000000
7.8601_1	2.2001647146794814	0.1468178150000000	0.1013082550000000
7.8680_0	2.1983244145836158	0.1574991650000000	0.1003967050000000
7.8680_1	2.2014380417111945	0.1476224200000000	0.0984653550000000
7.8800_0	2.2011071017852060	0.1466538300000000	0.0991450200000000
7.8800_1	2.1994260161363268	0.1528017700000000	0.1000160800000000
7.8900_0	2.2000741950049703	0.1539362450000000	0.0985542750000000
7.8900_1	2.1999636719999440	0.1550156550000000	0.0982740550000000
7.8901_0	2.1985561885090421	0.1738205100000000	0.1156314600000000
7.8901_1	2.1996278892805869	0.1537571300000000	0.1015396000000000
7.9100_0	2.1999106314981516	0.1527342150000000	0.1053572050000000
7.9100_1	2.1979114836965294	0.1530767600000000	0.1021592200000000
7.9200_0	2.2007381215943380	0.1461618250000000	0.1020871700000000
7.9200_1	2.1974079741107557	0.1520228800000000	0.1017421850000000
7.9201_0	2.2023690662424347	0.1499798200000000	0.0984280100000000
7.9201_1	2.2011034974527721	0.1487610900000000	0.0983744400000000
7.9202_0	2.2001633181010254	0.1529224700000000	0.1016815100000000
7.9202_1	2.1996609389798767	0.1452824900000000	0.0978785750000000
7.9600_0	2.1993395434772958	0.1524858850000000	0.0993349650000000
7.9600_1	2.1984864622201181	0.1627490200000000	0.1111858950000000
7.9700_0	2.2025187449904657	0.1528647750000000	0.0978512150000000
7.9700_1	2.1997005954057260	0.1456786300000000	0.0969942550000000
7.9720_0	2.1993271741245262	0.1513561300000000	0.1016734650000000
7.9720_1	2.1977366419092332	0.1517930950000000	0.1043992250000000
7.9800_0	2.1979239663770045	0.1511151450000000	0.1002346600000000
7.9800_1	2.1970748792663697	0.1556642600000000	0.1053040150000000
7.9900_0	2.1991241680845599	0.1523624450000000	0.1016896150000000
7.9900_1	2.2002195163843452	0.1561484000000000	0.0996714500000000
7.9901_0	2.1997894130473337	0.1546333700000000	0.0994350800000000
7.9901_1	2.1985344496762318	0.1672196450000000	0.1041787650000000
8.0000_0	2.1984144517790254	0.1711481000000000	0.1125978200000000
8.0000_1	2.2003526079903275	0.1605308850000000	0.1018568650000000
8.0001_0	2.1995159753572309	0.1498406650000000	0.1028103300000000
8.0001_1	2.1973267331908692	0.1578793300000000	0.0993117050000000
8.0002_0	2.2001463522804272	0.1596567900000000	0.0993692550000000
8.0002_1	2.1962919485039385	0.1561365550000000	0.1030911150000000
8.0100_0	2.2001299052677159	0.1528823150000000	0.1000053400000000
8.0100_1	2.1989884385500948	0.1509709550000000	0.1009630300000000
8.0110_0	2.2007145949814979	0.1524941850000000	0.0962083550000000
8.0110_1	2.1974051282343150	0.1535163100000000	0.1050094400000000
8.0450_0	2.1976307264113810	0.1510764800000000	0.1020319300000000
8.0450_1	2.1995589514818552	0.1535357750000000	0.1016989300000000
8.0600_0	2.2000615888418760	0.1548594400000000	0.1008326900000000
8.0600_1	2.2009014752604190	0.1500152750000000	0.1010966700000000
8.0700_0	2.1989371443065027	0.1526480800000000	0.1007325800000000
8.0700_1	2.1973348127443111	0.1563606400000000	0.1068581600000000
8.0800_0	2.2005857578499137	0.1525182250000000	0.0994005600000000
8.0800_1	2.1971861163069533	0.1517737700000000	0.1003303800000000
8.1000_0	2.1984547603167135	0.1663382300000000	0.1113653150000000
8.1000_1	2.2014273055759950	0.1569695500000000	0.1036322400000000
8.1400_0	2.1994779904510318	0.1535034400000000	0.1006905000000000
8.1400_1	2.1973860518286181	0.1544507800000000	0.1053994650000000
8.1660_0	2.1986749054406944	0.1591732200000000	0.0998198300000000
8.1660_1	2.1992177726150968	0.1524003900000000	0.1002423650000000
8.1700_0	2.1977069258735251	0.1515462400000000	0.0967386100000000
8.1700_1	2.1984524881705507	0.1630916850000000	0.1033988650000000
8.2000_0	2.2006113956834983	0.1522618300000000	0.0964533450000000
8.2000_1	2.2012394465856127	0.1553425500000000	0.1032198700000000
8.2250_0	2.1999835279837923	0.1515200800000000	0.1002389600000000
8.2250_1	2.1984426453332784	0.1580563000000000	0.1027581150000000
8.2500_0	2.2018732902479443	0.1503200050000000	0.1020968300000000
8.2500_1	2.2014358779843413	0.1472856950000000	0.0975675800000000
8.2630_0	2.2025064063368163	0.1529397900000000	0.0974893450000000
8.2630_1	2.1998112226388900	0.1545745500000000	0.0962690650000000
8.2800_0	2.2003810067107161	0.1442462550000000	0.0988013850000000
8.2800_1	2.1975565639351617	0.1554329300000000	0.1011762650000000
8.3300_0	2.1975867213764833	0.1534976550000000	0.1034308450000000
8.3300_1	2.1956859880304482	0.1557240850000000	0.1068829700000000
8.3400_0	2.2014395147563146	0.1524462650000000	0.0977852600000000
8.3400_1	2.1978728446020890	0.1527134550000000	0.0991141300000000
8.3500_0	2.2014522035888806	0.1512664400000000	0.0972850450000000
8.3500_1	2.1999844411688647	0.1448029650000000	0.0985032600000000
8.3600_0	2.2002220647186590	0.1558208150000000	0.1004129750000000
8.3600_1	2.1993007139539928	0.1515206300000000	0.1008929050000000
8.3710_0	2.1984201947112090	0.1664451050000000	0.1084875000000000
8.3710_1	2.2000828179468774	0.1456427450000000	0.0973402700000000
8.3880_0	2.1995767082268967	0.1536728850000000	0.1001717200000000
8.3880_1	2.2004770277826835	0.1567297100000000	0.0959986150000000
8.4400_0	2.2012066092951792	0.1546940500000000	0.0985745200000000
8.4400_1	2.2494346227052016	0.2370317300000000	0.1087627600000000
8.4800_0	2.1979045435245208	0.1577683100000000	0.1021021300000000
8.4800_1	2.1978066419346676	0.1505822550000000	0.1015505350000000
8.6200_0	2.2008674196109559	0.1551190300000000	0.0973853700000000
8.6200_1	2.1976124261706227	0.1538025550000000	0.1051776400000000
8.6300_0	2.1984496294950056	0.1594070250000000	0.1055378850000000
8.6300_1	2.2014108484919612	0.1580070150000000	0.1045330800000000
8.6301_0	2.2001634949338578	0.1546991100000000	0.1010182700000000
8.6301_1	2.2011118502554869	0.1449194000000000	0.1007672100000000
8.7400_0	2.1989033968875740	0.1536642350000000	0.1043020100000000
8.7400_1	2.1978590931329078	0.1555309100000000	0.1066279950000000
8.8200_0	2.1997235085628053	0.1559588500000000	0.1010734650000000
8.8200_1	2.1995811195080424	0.1475490450000000	0.0969695200000000
8.8600_0	2.2023528223300226	0.1501732000000000	0.0981963350000000
8.8600_1	2.1998415598501970	0.1504037250000000	0.1012202750000000
8.9300_0	2.1999583499963467	0.1526978150000000	0.1001320800000000
8.9300_1	2.1977300428847513	0.1535223300000000	0.1044500800000000
8.9500_0	2.1984160410873432	0.1595752750000000	0.1029843750000000
8.9500_1	2.2003507223314824	0.1479971750000000	0.1019047200000000
8.9600_0	2.1985655027975670	0.1537934200000000	0.1021443150000000
8.9600_1	2.1993858991857382	0.1547153450000000	0.1016075200000000
8.9800_0	2.1988268032441343	0.1535094800000000	0.0974670550000000
8.9800_1	2.1998914213673233	0.1474798450000000	0.1012828500000000
8.9900_0	2.2014143437634708	0.1560432050000000	0.0988692500000000
8.9900_1	2.1976560185876512	0.1554012950000000	0.1003424150000000
9.0100_0	2.1984397556258717	0.1490438850000000	0.1025419500000000
9.0100_1	2.1990241470591654	0.1516517600000000	0.1043382550000000
9.0101_0	2.2013826344639988	0.1499775000000000	0.0988237900000000
9.0101_1	2.1995519929353531	0.1523264550000000	0.0990528350000000
9.1300_0	2.1984268294354710	0.1434723300000000	0.0931812850000000
9.1300_1	2.2006480142557701	0.1507583450000000	0.0977849750000000
9.1301_0	2.2018781447318641	0.1573446150000000	0.1009979800000000
9.1301_1	2.1976815061101100	0.1550611900000000	0.0987808450000000
9.1400_0	2.2005196947189174	0.1527756700000000	0.1012716500000000
9.1400_1	2.1972582957648181	0.1552833350000000	0.1003542900000000
9.1401_0	2.1987154595408338	0.1521241650000000	0.1023497450000000
9.1401_1	2.1992330299070764	0.1525492850000000	0.1006212400000000
9.1402_0	2.1984865163023097	0.1736128650000000	0.1055905150000000
9.1402_1	2.1983475903901541	0.1503570000000000	0.1023308600000000
91.6300_0	2.1998660460423434	0.1528305200000000	0.1011824050000000
91.6300_1	2.1998669793960235	0.1529690350000000	0.1015650100000000
9.1700_0	2.2020082982283915	0.1502946200000000	0.0980586550000000
9.1700_1	2.2001731239897886	0.1522067100000000	0.0969450800000000
9.1900_0	2.2014525999178356	0.1541691900000000	0.0952381050000000
9.1900_1	2.1998197121226530	0.1488053400000000	0.1012634300000000
9.2300_0	2.2004131541249392	0.1456013300000000	0.0990697700000000
9.2300_1	2.2004708232638683	0.1596758750000000	0.1017445250000000
9.2400_0	2.2013830054146895	0.1486815900000000	0.0963078750000000
9.2400_1	2.1994610772498184	0.1463869200000000	0.1002200850000000
9.2401_0	2.2019965173386384	0.1520635250000000	0.0981374850000000
9.2401_1	2.1981003442924085	0.1515984300000000	0.1042066500000000
9.2600_0	2.1985302305679681	0.1600541300000000	0.1081771300000000
9.2600_1	2.1987670047482890	0.1525000700000000	0.1036228800000000
9.2601_0	2.2002575307709376	0.1515676250000000	0.1027414400000000
9.2601_1	2.1996390195395432	0.1547908500000000	0.1004734400000000
9.3130_0	2.2001315359982394	0.1509143000000000	0.1005807600000000
9.3130_1	2.1957651859224936	0.1538807650000000	0.1026770950000000
9.3300_0	2.2013472314896498	0.1507967150000000	0.0984519850000000
9.3300_1	2.2008880738549594	0.1550497050000000	0.1037602200000000
9.4200_0	2.1990660439314627	0.1584771900000000	0.1001390050000000
9.4200_1	2.2005330988089140	0.1612699050000000	0.1026447300000000
9.4500_0	2.1997709285898055	0.1536071650000000	0.0992685800000000
9.4500_1	2.1938327269112672	0.1740205450000000	0.1246595250000000
9.5000_0	2.2000676194606403	0.1494778600000000	0.1006973250000000
9.5000_1	2.1975662134894973	0.1513230450000000	0.1027433000000000
9.5400_0	2.2014214677089536	0.1471929300000000	0.1007290900000000
9.5400_1	2.1993337300167743	0.1516647650000000	0.1018444950000000
9.5800_0	2.2020831732856547	0.1542153450000000	0.0987857350000000
9.5800_1	2.2005183708543297	0.1552296650000000	0.0994021400000000
9.5870_0	2.1984270405257078	0.1531292600000000	0.1002122050000000
9.5870_1	2.1994819552065907	0.1519131550000000	0.1020271500000000
9.5900_0	2.2003165855594338	0.1514320950000000	0.1027428700000000
9.5900_1	2.2018115885291696	0.1584901400000000	0.1013335550000000
9.6030_0	2.1990411929706517	0.1536922050000000	0.1028401850000000
9.6030_1	2.2011954577611159	0.1561793750000000	0.1017486500000000
9.6600_0	2.1990110705436683	0.1547755150000000	0.1072996150000000
9.6600_1	2.2001175825482080	0.1608640050000000	0.0986389100000000
9.6601_0	2.1994898657612540	0.1513251950000000	0.1043099450000000
9.6601_1	2.1984232603049905	0.1521760900000000	0.1006662350000000
9.6700_0	2.2001646714678613	0.1529093800000000	0.0992395150000000
9.6700_1	2.1982819824292119	0.1540843700000000	0.1013758750000000
9.7900_0	2.1980637015391524	0.1497964100000000	0.0969967050000000
9.7900_1	2.1992139069055820	0.1509068750000000	0.1007319800000000
