10.0400_0	2.2062627287553380	0.1589599700000000	0.0790624450000000
10.0400_1	2.1923859834285691	0.1533264550000000	0.1097282500000000
10.1000_0	2.2046733915390102	0.1628516600000000	0.1040600600000000
10.1300_0	2.2080087674811208	0.1738460450000000	0.0825702450000000
10.1300_1	2.1957620883259641	0.1476353200000000	0.0999312100000000
10.1930_1	2.1944200676237928	0.1388549600000000	0.0848509600000000
10.2700_1	2.1987496808803728	0.1517362050000000	0.0981580450000000
10.3000_1	2.1984687304418036	0.1455715850000000	0.1023076100000000
10.3800_0	2.2014242881061516	0.1657589850000000	0.0947108950000000
10.3800_1	2.1932210779566503	0.1582979000000000	0.1001062900000000
10.3900_0	2.2003295006983454	0.1441751700000000	0.1031799600000000
10.3900_1	2.3492980360424172	0.2343461800000000	0.0961775300000000
10.4200_0	2.2054271476794676	0.1524335400000000	0.0919393800000000
10.4200_1	2.1923912609471197	0.1514735950000000	0.0934695550000000
10.6200_0	2.2078211728037171	0.1586161350000000	0.1106989900000000
10.6200_1	2.1948994260774417	0.1457604300000000	0.1033137700000000
10.7300_0	2.2058627271989426	0.1633467750000000	0.0814491350000000
10.7600_0	2.2046580333875356	0.1517661500000000	0.0957120950000000
10.8800_0	2.2049034390105549	0.1467954450000000	0.0866019900000000
10.8800_1	2.1982441538302524	0.1518912300000000	0.0929590200000000
10.9200_0	2.2046802558082872	0.1364774650000000	0.0952144300000000
10.9300_1	2.1947311058909498	0.1440527450000000	0.0967629000000000
11.0400_0	2.2019084249088752	0.1612866700000000	0.1044652000000000
11.0400_1	2.1955277150905612	0.1416087500000000	0.1155704600000000
11.0600_1	2.1958390788361224	0.1568850650000000	0.0963413800000000
11.0800_0	2.1993101008450080	0.1654906800000000	0.1010147750000000
11.0800_1	2.1945431572108225	0.1616821000000000	0.0989050100000000
11.1200_0	2.2035821608910169	0.1454777400000000	0.0978287650000000
11.1900_0	2.2014341995448636	0.1561628200000000	0.1012136700000000
11.3800_1	2.1984502408146751	0.1462453650000000	0.0947773400000000
11.4400_1	2.1940956902591875	0.1467847100000000	0.1014451850000000
11.4600_0	2.2036489311432668	0.1524189500000000	0.0995386050000000
11.5300_0	2.2038895931382587	0.1404663150000000	0.0923052600000000
11.6400_0	2.2038723393126864	0.1589289050000000	0.1022623900000000
11.7000_1	2.1873489009436233	0.1681061200000000	0.1144827600000000
11.7001_0	2.2034704784301495	0.1527512250000000	0.0968124250000000
11.7002_0	2.2123065251207605	0.1894798100000000	0.0964522250000000
11.7002_1	2.1913965842511152	0.1503607100000000	0.0957150150000000
11.7450_1	2.3516745770612033	0.2655383300000000	0.1190285350000000
11.7600_0	2.2030475559092064	0.1489011250000000	0.0928268750000000
11.7600_1	2.1936031627874031	0.1476748700000000	0.1029216650000000
11.8200_0	2.2046946425829566	0.1520251700000000	0.1043087550000000
11.8200_1	2.1945569915450522	0.1489729900000000	0.0993689000000000
11.8700_0	2.2057385150764075	0.1490659050000000	0.0951167750000000
11.8700_1	2.1949389641803356	0.1511159600000000	0.0917510000000000
11.9600_0	2.3019873317224340	0.2349586950000000	0.1196122400000000
11.9600_1	2.1920180402648644	0.1519919150000000	0.1027941650000000
12.1600_0	2.2053833891920380	0.1465295400000000	0.0859068350000000
12.1600_1	2.1913114235984867	0.1476694400000000	0.1013379400000000
12.2300_1	2.1984899794375119	0.1506855600000000	0.0865124100000000
12.3100_0	2.2036213151387276	0.1491107500000000	0.0769832750000000
12.3100_1	2.1922489148164623	0.1500577000000000	0.0932501300000000
12.4700_1	2.1963873371284213	0.1631242350000000	0.1139728650000000
12.5600_1	2.1946504889847653	0.1431808750000000	0.0845633850000000
12.6200_0	2.2033727500493927	0.1410066800000000	0.0990027900000000
12.6400_0	2.2035525795180231	0.1469888550000000	0.0887738000000000
12.6400_1	2.1949905047649474	0.1577425300000000	0.0967129150000000
12.8900_0	2.2047745604926905	0.1384631700000000	0.0917970050000000
13.0600_0	2.2059063118378646	0.1513019250000000	0.0925028700000000
13.0600_1	2.3270818023825770	0.2653863550000000	0.1143895800000000
13.2100_0	2.2033632610397595	0.1580552150000000	0.1013944950000000
13.2100_1	2.1824696588401049	0.1646616150000000	0.0451141750000000
13.2101_0	2.2055330749306630	0.1464615200000000	0.0953299750000000
13.2101_1	2.1974992809220706	0.1483489200000000	0.0971782550000000
13.3200_0	2.2081570476963663	0.1665476500000000	0.1060328550000000
13.3200_1	2.1992694035461255	0.1670958100000000	0.0884538500000000
13.9800_0	2.2033327221807428	0.1418114800000000	0.0946414000000000
14.1600_0	2.2054957153700823	0.1546564900000000	0.0978617650000000
14.1600_1	2.1962210332773937	0.1413056800000000	0.0976099150000000
14.7200_0	2.2017584843497811	0.1489242800000000	0.0972093800000000
147.4900_0	2.2003574533791643	0.1395807500000000	0.0913744300000000
147.4900_1	2.1958925410058185	0.1455423000000000	0.1100056500000000
15.1400_0	2.2019609594480833	0.1481874650000000	0.1101070400000000
15.1400_1	2.1984542176831838	0.1434898100000000	0.0906602150000000
15.4300_0	2.2040530720928992	0.1580432050000000	0.0893413950000000
16.3900_0	2.2043409560828713	0.1577528750000000	0.0841895950000000
16.4200_0	2.2030789907622537	0.1577015450000000	0.0981017300000000
16.4200_1	2.1981071915811787	0.1450630850000000	0.0890202200000000
16.7800_0	2.2023144202799623	0.1507353650000000	0.1081719300000000
16.7800_1	2.1963233939477735	0.1537545700000000	0.0951552500000000
17.2000_1	2.1955649721447603	0.1461773800000000	0.0979710100000000
19.1500_0	2.2024723350657549	0.1488602600000000	0.0989174450000000
26.7440_0	2.2006842407636467	0.1524086250000000	0.0954580450000000
27.1600_0	2.2005661968949415	0.1613227700000000	0.0970469000000000
27.1600_1	2.1994791965095017	0.1608140350000000	0.0957967450000000
27.7100_0	2.2029326526327262	0.1434384850000000	0.0941466750000000
32.8900_1	2.1986400880509760	0.1670260050000000	0.0951991450000000
35.4700_0	2.2007288774356915	0.1435861100000000	0.0965314250000000
35.4700_1	2.1980128378388604	0.1607899750000000	0.0948958700000000
36.2800_0	2.2014825099000097	0.1526572350000000	0.0979434900000000
36.2800_1	2.1985202364418837	0.1406417150000000	0.0897687500000000
40.8400_0	2.2004309284796726	0.1408831900000000	0.1069167200000000
40.8400_1	2.1984030127681873	0.1545556700000000	0.0870859000000000
46.7500_0	2.2018383383514957	0.1557901050000000	0.1093452650000000
47.2000_0	2.1984509263938117	0.1751813250000000	0.0901862000000000
47.2000_1	2.1972142156780872	0.1694169150000000	0.1006581500000000
5.0030_0	2.2087769656831999	0.1522450550000000	0.1072016950000000
5.0030_1	2.1907035564037880	0.1577180100000000	0.0962487550000000
5.0031_0	2.2078689758125125	0.1538817650000000	0.0830416800000000
5.0032_0	2.2122569131616534	0.1448207750000000	0.0883621700000000
5.0032_1	2.1860919773889584	0.1532712250000000	0.0888856500000000
5.0040_0	2.2033492464883184	0.1478694350000000	0.1000164500000000
5.0070_1	2.1716164324920699	0.1529456650000000	0.1063699800000000
5.0071_0	2.2041173231976288	0.1369678100000000	0.0978035150000000
5.0100_0	2.2104569821492634	0.1506618250000000	0.1007810800000000
5.0100_1	2.1974413126260766	0.1535509850000000	0.0840913450000000
5.0120_0	2.2097471257154679	0.1480147250000000	0.0968450700000000
5.0120_1	2.2197546277359645	0.1689802850000000	0.1281035450000000
50.1400_0	2.1997745644566269	0.1429960550000000	0.1050905750000000
5.0140_0	2.2153907513458133	0.1676879600000000	0.0870905900000000
5.0140_1	2.1874300221502527	0.1478602550000000	0.0650524700000000
5.0180_0	2.2089181867560521	0.1367886150000000	0.1074907250000000
5.0181_0	2.2085997052535253	0.1487885800000000	0.0985090250000000
5.0182_0	2.2013327001860983	0.1502401550000000	0.1178819000000000
5.0183_0	2.2089064925671722	0.1610343900000000	0.1003427700000000
5.0210_0	2.2089259915102657	0.1319016500000000	0.1232549250000000
5.0210_1	2.1894256375756505	0.1482951650000000	0.0981054600000000
5.0230_0	2.2039169014667888	0.1536473600000000	0.0973374250000000
5.0230_1	2.1879227503711176	0.1646389100000000	0.1112296300000000
5.0260_0	2.2075500814968425	0.1492928650000000	0.1031181700000000
5.0290_0	2.2074338261959259	0.1535778600000000	0.1101768900000000
5.0301_0	2.1546617505017402	0.1592488900000000	0.1281470750000000
5.0301_1	2.1883642033478061	0.1513637250000000	0.0951354400000000
5.0302_0	2.2138141454757845	0.1412587300000000	0.1131060200000000
5.0310_0	2.2084145080002697	0.1250936300000000	0.1009383450000000
5.0310_1	2.1908680360974118	0.1463969200000000	0.0942627700000000
5.0340_0	2.2060475165286721	0.1666165850000000	0.0978813950000000
5.0341_0	2.2340223987748828	0.1770004900000000	0.1188913850000000
5.0341_1	2.1975318384396623	0.1586513100000000	0.0905020900000000
5.0370_0	2.2108783359930668	0.1507244650000000	0.1100441750000000
5.0400_0	2.2071865741702283	0.1423052050000000	0.0985930850000000
5.0400_1	2.1959689848595327	0.1407161050000000	0.0881295250000000
5.0401_0	2.2089542451163933	0.1477550900000000	0.0968436050000000
5.0401_1	2.2132288461934002	0.1460967000000000	0.0842823250000000
5.0402_0	2.2156033735121383	0.1559213450000000	0.1099543350000000
5.0402_1	2.1916816249320639	0.1544265050000000	0.0877554450000000
5.0410_0	2.2068847456824709	0.1518487500000000	0.0930124500000000
5.0450_0	2.2084588933282054	0.1542715750000000	0.1013281000000000
5.0500_0	2.2100942835716615	0.1501936950000000	0.0939910650000000
5.0500_1	2.1879381991909144	0.1647431900000000	0.0803906700000000
5.0501_0	2.2085762433013265	0.1484386700000000	0.1050604150000000
5.0540_0	2.2103706271015549	0.1530993950000000	0.1027688400000000
5.0600_0	2.2143854740809301	0.1605297100000000	0.1013406000000000
5.0601_0	2.2050480950873577	0.1405494550000000	0.0886975450000000
5.0601_1	2.1907748510582379	0.1601276050000000	0.1124634150000000
5.0620_0	2.2080146866461465	0.1501154550000000	0.1057268550000000
5.0700_0	2.2050976199391008	0.1530535300000000	0.1008426200000000
5.0700_1	2.1905771118101018	0.1633071850000000	0.0665130250000000
5.0800_0	2.2090083788876105	0.1467029200000000	0.1023806500000000
5.0800_1	2.1887660205127197	0.1546716950000000	0.0980610100000000
5.0801_0	2.2112751925480101	0.1489546400000000	0.0867324750000000
5.0900_0	2.2071419596047837	0.1526405650000000	0.0941423100000000
5.0920_0	2.2056775490797946	0.1413414000000000	0.1022108500000000
5.0920_1	2.1760634721552710	0.1440778400000000	0.1081892400000000
5.1000_0	2.2028729310531063	0.1526103400000000	0.1020942200000000
5.1000_1	2.2287226392386787	0.1922537300000000	0.0776316150000000
5.1001_0	2.2117099524829129	0.1402339800000000	0.0683771000000000
5.1001_1	2.1649942588980076	0.1505959700000000	0.0887199950000000
5.1020_0	2.2078920612810045	0.1418137250000000	0.1087775450000000
5.1030_0	2.1917837310538166	0.1147347600000000	0.1058702600000000
5.1030_1	2.1990865267795687	0.1634887500000000	0.1175084500000000
5.1040_0	2.2099199798555245	0.1547720700000000	0.1101868100000000
5.1080_0	2.1905192247436593	0.1333752150000000	0.1138995450000000
5.1080_1	2.2065670215737656	0.1696834200000000	0.1209603900000000
5.1100_0	2.2085049235824012	0.1547541150000000	0.1024583950000000
5.1100_1	2.1858952986007281	0.1616760500000000	0.0950870700000000
5.1170_0	2.2101150289804643	0.1506097000000000	0.0985807050000000
5.1170_1	2.1908287366413073	0.1485598250000000	0.1027079750000000
5.1180_0	2.2101885709549633	0.1533457450000000	0.0878276250000000
5.1180_1	2.1844415214728516	0.1476430800000000	0.0855307750000000
5.1210_0	2.2092596611961937	0.1514712200000000	0.1089475250000000
5.1210_1	2.1949938776198272	0.1400572200000000	0.0765678200000000
5.1270_0	2.2105117958417257	0.1644874300000000	0.1032433700000000
5.1270_1	2.1932939786030565	0.1556912400000000	0.0861743550000000
5.1310_0	2.2092045795808146	0.1481825500000000	0.1067431700000000
5.1310_1	2.1955727909985585	0.1433688400000000	0.0874480950000000
5.1330_0	2.2079346521144370	0.1428748950000000	0.0996127700000000
5.1330_1	2.1932181548205065	0.1574191550000000	0.1427326250000000
5.1340_0	2.2117148161239468	0.1468649800000000	0.1011091800000000
5.1340_1	2.1951662264733720	0.1413618250000000	0.0891418150000000
5.1400_0	2.2083220347550658	0.1417902800000000	0.1087907650000000
5.1401_1	2.1932322335534487	0.1472373050000000	0.0859124350000000
5.1440_0	2.2068694478561990	0.1533024450000000	0.1024581400000000
5.1440_1	2.1914318209363066	0.1766266800000000	0.1116848450000000
5.1441_0	2.2100911109658776	0.1488753400000000	0.1005598450000000
5.1500_0	2.2107393333522185	0.1597238700000000	0.1029086400000000
5.1500_1	2.1967734425458727	0.1559168000000000	0.1054334950000000
5.1590_0	2.2068145616970276	0.1469398400000000	0.0961385700000000
5.1590_1	2.1983654144594986	0.1747502800000000	0.1087249750000000
5.1650_0	2.2076151636261776	0.1682259350000000	0.0774444650000000
5.1650_1	2.3101551035056715	0.2667763950000000	0.0932835950000000
5.1690_0	2.2101153514968566	0.1507055400000000	0.0947853700000000
5.1700_0	2.2141374674181167	0.1558477100000000	0.1037169950000000
5.1701_0	2.2094330453772573	0.1483495550000000	0.1097543050000000
5.1760_1	2.3125105907014292	0.2384931850000000	0.1034554300000000
5.1800_0	2.2154048910489372	0.1599266900000000	0.1043542100000000
5.1800_1	2.1971694563117898	0.1529323600000000	0.0967073100000000
5.1830_0	2.2047553605968351	0.1509552800000000	0.1001231150000000
5.1830_1	2.1871251265184712	0.1442513500000000	0.0965571900000000
5.1900_0	2.2091553722893820	0.1448694250000000	0.1046954350000000
5.1901_0	2.1883718435130688	0.1162578750000000	0.1094952350000000
5.1901_1	2.1948124279237549	0.1694291900000000	0.1126792700000000
5.1902_0	2.2125224340101095	0.1433329500000000	0.1056758050000000
5.2000_0	2.2131288892119647	0.1491312850000000	0.0839925650000000
5.2001_0	2.2124491934447619	0.1369796550000000	0.0984089700000000
5.2002_0	2.2073810649585575	0.1619552600000000	0.0980707000000000
5.2002_1	2.1915710632695427	0.1426315750000000	0.0956750250000000
5.2003_1	2.1953524878518493	0.1405284700000000	0.1068246700000000
5.2004_0	2.2083909590552775	0.1623338400000000	0.1013312700000000
5.2004_1	2.1926200587676234	0.1569574500000000	0.0922313300000000
5.2005_0	2.2168735998632125	0.1587145200000000	0.0975355900000000
5.2005_1	2.1882130124169326	0.1393356650000000	0.0913901650000000
5.2006_0	2.2106272610491811	0.1544724550000000	0.1059331350000000
5.2006_1	2.1894268350565302	0.1360058600000000	0.1055363200000000
5.2007_0	2.2102992511386534	0.1550209250000000	0.0920803900000000
5.2008_0	2.2078715627391743	0.1484932800000000	0.0979471100000000
5.2020_0	2.2112823158779995	0.1398446800000000	0.0641887300000000
5.2020_1	2.1938827278312631	0.1371304200000000	0.0703502550000000
5.2040_0	2.2099488518171286	0.1407296800000000	0.0988339100000000
5.2040_1	2.2110708393321747	0.1977159350000000	0.1151815550000000
5.2100_0	2.2070218199065175	0.1462202350000000	0.1031386950000000
5.2100_1	2.1876865408169630	0.1450758200000000	0.1076399200000000
5.2101_0	2.2072107990807299	0.1513056950000000	0.0864427100000000
5.2101_1	2.1899752036406039	0.1555588700000000	0.0961838050000000
5.2200_0	2.2108552076874499	0.1522137800000000	0.0971934350000000
5.2200_1	2.1976394488007345	0.1569208500000000	0.0788550800000000
5.2201_0	2.2078866660206833	0.1548864900000000	0.0951282600000000
5.2201_1	2.1827911805997635	0.1563288100000000	0.0890457600000000
5.2202_0	2.4683027582968560	0.2843281700000000	0.1202677500000000
5.2202_1	2.1933547193395642	0.1552172750000000	0.0930016150000000
5.2240_0	2.2135468348501361	0.1472361850000000	0.0944316300000000
5.2240_1	2.1962535242820360	0.1387878750000000	0.0889734150000000
5.2241_0	2.2052341160512450	0.1644187500000000	0.0990985400000000
5.2241_1	2.1896151678700915	0.1547872650000000	0.0992539400000000
5.2250_0	2.2047093502617678	0.1510818600000000	0.1061466000000000
5.2250_1	2.1914121084917699	0.1523000000000000	0.1034598100000000
5.2300_0	2.2090261984539357	0.1546343300000000	0.0965063150000000
5.2300_1	2.1943288608017828	0.1596287050000000	0.0943317350000000
5.2301_0	2.2121252820137562	0.1556230850000000	0.1101056550000000
5.2310_0	2.2039020058467975	0.1699917400000000	0.0939779150000000
5.2370_0	2.2091327426084657	0.1582352050000000	0.0805042750000000
5.2370_1	2.1856019032149097	0.1566323400000000	0.0869090800000000
5.2500_0	2.2143862169804520	0.1594693500000000	0.1190621350000000
5.2500_1	2.1932534585668124	0.1472907550000000	0.0974858850000000
5.2502_0	2.2120454063009118	0.2127520500000000	0.1389865400000000
5.2502_1	2.1925217517352942	0.1516530250000000	0.0952958150000000
5.2560_0	2.2058569890563429	0.1751909150000000	0.0630320350000000
5.2560_1	2.1929718139669059	0.1427022050000000	0.1006221450000000
5.2660_0	2.2044850159715099	0.1507406400000000	0.0977433900000000
5.2661_1	2.1885898768940479	0.1443646450000000	0.1013933550000000
5.2700_0	2.2052222607161709	0.1499043000000000	0.1082317050000000
5.2710_0	2.2059420677145245	0.1520518400000000	0.0824811100000000
5.2740_0	2.2080840740864058	0.1561133800000000	0.0827949700000000
5.2740_1	2.1951157661563339	0.1511740350000000	0.0971840800000000
5.2770_0	2.2101898011213565	0.1589642350000000	0.1054109900000000
5.2770_1	2.1891324311012403	0.1378631550000000	0.0808306800000000
5.2790_0	2.2106095831096999	0.1512264900000000	0.0933559900000000
5.2790_1	2.2009379365233914	0.1730701900000000	0.0899019750000000
5.2870_0	2.2140004992474536	0.1358351100000000	0.0688756600000000
5.2870_1	2.1910010537099796	0.1474539300000000	0.0810187800000000
5.2880_0	2.2135586541423806	0.1619051400000000	0.0994803500000000
5.2880_1	2.1780501030629509	0.1447815500000000	0.1069935850000000
5.2900_0	2.1984273502573770	0.1649750750000000	0.1103913650000000
5.2901_0	2.2153624835407038	0.1621442500000000	0.1043855250000000
5.2901_1	2.1918280879781111	0.1463284750000000	0.1014816400000000
5.2902_0	2.2148614022217292	0.1545559750000000	0.1118526100000000
5.2902_1	2.1866690139569944	0.1749154150000000	0.1047050050000000
5.2960_0	2.2094838496567952	0.1447816850000000	0.1039946550000000
5.2960_1	2.1936889101803199	0.1585233600000000	0.0977605000000000
5.3000_0	2.2040190336200363	0.1543079800000000	0.0923160850000000
5.3000_1	2.1906087338789586	0.1714526000000000	0.0899787250000000
5.3001_0	2.2098762671993599	0.1472183050000000	0.1012185700000000
5.3001_1	2.1913374491997923	0.1501991000000000	0.0988611300000000
5.3020_0	2.2081776538517297	0.1526601250000000	0.0965243850000000
5.3020_1	2.1894255504578966	0.1278942250000000	0.1024414350000000
5.3060_0	2.2057221728215088	0.1500141500000000	0.0826874200000000
5.3060_1	2.2119275408113133	0.1688598850000000	0.1003919500000000
5.3200_0	2.2154288553048911	0.1534049050000000	0.1071645650000000
5.3230_0	2.2140306557424121	0.1669279400000000	0.0989158750000000
5.3230_1	2.2000419930244939	0.1687088100000000	0.0938171350000000
5.3240_0	2.2109985166800881	0.1458070650000000	0.0823428600000000
5.3240_1	2.1902765085976927	0.1500119450000000	0.0907853700000000
5.3260_0	2.2014215550511147	0.1572484250000000	0.1027191000000000
5.3270_0	2.2141320316194899	0.1483707350000000	0.0905634800000000
5.3270_1	2.2033819088809818	0.1683593050000000	0.1024302300000000
5.3280_0	2.2047096817131382	0.1337809300000000	0.1149741100000000
5.3280_1	2.2750132765801676	0.2416739400000000	0.1289862050000000
5.3350_0	2.2098180264117633	0.1425509550000000	0.0864126450000000
5.3360_0	2.2072133614090341	0.1518855350000000	0.1039078250000000
5.3400_0	2.2101315051223795	0.1409793050000000	0.0962001600000000
5.3400_1	2.1944620926615284	0.1415510800000000	0.0973836150000000
5.3401_0	2.2014259580350330	0.1292402300000000	0.1050627550000000
5.3402_0	2.2078439234313754	0.1591253100000000	0.1002754850000000
5.3402_1	2.1934261660724133	0.1280023700000000	0.0932934200000000
5.3450_0	2.2102349397806020	0.1466173600000000	0.1004642900000000
5.3480_0	2.2215768425765003	0.1885976350000000	0.1222380900000000
5.3490_0	2.2069555395845986	0.1555392750000000	0.1070704450000000
5.3490_1	2.1897907706929085	0.1561534300000000	0.0931544100000000
5.3600_0	2.2071380629054018	0.1577534500000000	0.0848480600000000
5.3600_1	2.1962953233026816	0.1480900500000000	0.1053858750000000
5.3630_0	2.2153721287378416	0.1465824900000000	0.1021560850000000
5.3630_1	2.1919375774166427	0.1421655450000000	0.0820227100000000
5.3640_0	2.2091529569420216	0.1490418900000000	0.1119035250000000
5.3800_0	2.2014560453677205	0.1471541550000000	0.1070759550000000
5.3800_1	2.1934347555535569	0.1467396950000000	0.0923309750000000
5.3850_0	2.2116015036786147	0.1407060250000000	0.1027911000000000
5.3851_0	2.2039921798681008	0.1489846700000000	0.0908364200000000
5.3851_1	2.2424625474647808	0.2085253300000000	0.1268074100000000
5.3900_0	2.2100770158047989	0.1466810650000000	0.0919430850000000
5.3900_1	2.1846246003560577	0.1587529350000000	0.0962605800000000
5.3930_0	2.2035363242302637	0.1612204900000000	0.0950848400000000
5.3970_0	2.2064793419358359	0.1395927750000000	0.0948396050000000
5.4000_0	2.2074100793165403	0.1597358200000000	0.0988278050000000
5.4001_0	2.2098654827267068	0.1514427500000000	0.1097007100000000
5.4001_1	2.1980972678802626	0.1467545000000000	0.0973752650000000
5.4060_0	2.2098190022122264	0.1498525350000000	0.1030683250000000
5.4200_0	2.2081610807628467	0.1577266100000000	0.0901231850000000
5.4230_1	2.1878813672117574	0.1535016500000000	0.0853149900000000
5.4270_0	2.2070864092288729	0.1583301800000000	0.1095728800000000
5.4300_0	2.2101704959390656	0.1345620550000000	0.0573226800000000
5.4300_1	2.1921491583788724	0.1582248550000000	0.0734421000000000
5.4350_0	2.2055554614317114	0.1546143550000000	0.0952098950000000
5.4350_1	2.2056709563994241	0.1675627400000000	0.1221624350000000
5.4380_0	2.1990362361681708	0.1584183150000000	0.0879583750000000
5.4390_0	2.2088218601631016	0.1408465050000000	0.1027826200000000
5.4390_1	2.1970667230131022	0.1460913200000000	0.1104200900000000
5.4400_0	2.2230642151371982	0.1881277350000000	0.1464610200000000
5.4400_1	2.1912087796018982	0.1211504250000000	0.0961269750000000
5.4450_0	2.2089454532059163	0.1600625450000001	0.1048067350000000
5.4450_1	2.2137231768277932	0.1903474300000000	0.0926445900000000
5.4500_0	2.2051517127571554	0.1461899350000000	0.1075887950000000
5.4500_1	2.1939203031385750	0.1328714200000000	0.1013068700000000
5.4540_1	2.1824404549266738	0.1480847700000000	0.0969978500000000
5.4570_0	2.2081482648924031	0.1562540100000000	0.1010277900000000
5.4600_0	2.2067837769378449	0.1463603650000000	0.0807348500000000
5.4600_1	2.1884705508651923	0.1504682100000000	0.0941356800000000
5.4601_0	2.2081995910926562	0.1400887200000000	0.0459163100000000
5.4601_1	2.1889154716594894	0.1502123900000000	0.0945047100000000
5.4602_1	2.1909324348075163	0.1512415500000000	0.0984536750000000
5.4603_0	2.2065336250531611	0.1571514700000000	0.0943207950000000
5.4603_1	2.1923320229664895	0.1731243400000000	0.1057971450000000
5.4700_0	2.2140825659587171	0.1641755750000000	0.1027057700000000
5.4700_1	2.1984644024765423	0.1636561800000000	0.1120054400000000
5.4701_0	2.2101036512382337	0.1456587450000000	0.0932668250000000
5.4701_1	2.1968603794674402	0.1544954550000000	0.1017060250000000
5.4800_0	2.2085187987790134	0.1451360300000000	0.1047045350000000
5.4800_1	2.3059233824733254	0.2280576550000000	0.1111837850000000
5.4910_0	2.2104434585516208	0.1430302550000000	0.0853822350000000
5.4930_0	2.2141882083625366	0.1656522850000000	0.0875579450000000
5.4930_1	2.1882460936341528	0.1470117150000000	0.0946721850000000
5.5000_0	2.2085902102368822	0.1430685900000000	0.1014011300000000
5.5040_0	2.2064166932980385	0.1420483300000000	0.0941837800000000
5.5040_1	2.1882723792634264	0.1169681950000000	0.0829719200000000
5.5100_0	2.2110908197010919	0.1492269800000000	0.0928799850000000
5.5101_1	2.1888517572115447	0.1564434600000000	0.0934855750000000
5.5102_0	2.2688253948825543	0.2236400400000000	0.1426425800000000
5.5102_1	2.1988528608070372	0.1843686250000000	0.1053336700000000
5.5210_0	2.2077488109217178	0.1532716050000000	0.1056208150000000
5.5210_1	2.1907038130503076	0.1287149300000000	0.0975941350000000
5.5300_0	2.2031491825538736	0.1657667450000000	0.0838229850000000
5.5300_1	2.4358908233421945	0.2957647850000000	0.0797423000000000
5.5320_0	2.2088419917982689	0.1467034000000000	0.0957292800000000
5.5320_1	2.2278576888032542	0.2076620400000000	0.1206476000000000
5.5600_0	2.2146403447999026	0.1580186450000000	0.0999862000000000
5.5600_1	2.1870670778317320	0.1120455850000000	0.1050623950000000
5.5650_0	2.2033800784996433	0.1492946000000000	0.1051131450000000
5.5650_1	2.1984894577249570	0.1501857100000000	0.1085629500000000
5.5660_0	2.2105863170018898	0.1438658150000000	0.1061299950000000
5.5700_0	2.2071301328988890	0.1511058650000000	0.1038003000000000
5.5700_1	2.1947402503620883	0.1574283300000000	0.0932151650000000
5.5701_0	2.2617482676774872	0.2410668300000000	0.1563311900000000
5.5701_1	2.1926296540262071	0.1448806350000000	0.0817046900000000
5.5710_0	2.2066491483890465	0.1438265950000000	0.0979706450000000
5.5710_1	2.1896176809731926	0.1406196350000000	0.1035299150000000
5.5780_0	2.2100741068855134	0.1444762100000000	0.0955771650000000
5.5900_0	2.2061831823295051	0.1546236500000000	0.1026217950000000
5.5900_1	2.4469319737690891	0.3037333950000000	0.1054761900000000
5.6001_0	2.2074820241632729	0.1383420200000000	0.1013337400000000
5.6150_0	2.2105191595145581	0.1539115900000000	0.1084055800000000
5.6160_0	2.2086309813977225	0.1625046700000000	0.1056265200000000
5.6160_1	2.1780757043222243	0.1707802750000000	0.0317451400000000
5.6180_0	2.2060555891976379	0.1406809550000000	0.0984104250000000
5.6180_1	2.1949283317521675	0.1518973000000000	0.0942939300000000
5.6240_0	2.2040146179278519	0.1533922500000000	0.1109335050000000
5.6260_0	2.2100202142690111	0.1407221600000000	0.0922201300000000
5.6260_1	2.1966527215620073	0.1592568100000000	0.0835784500000000
5.6290_0	2.2072074302784377	0.1486405650000000	0.1100963500000000
5.6300_0	2.2108692524190805	0.1586829200000000	0.0809173400000000
5.6300_1	2.1942361788482891	0.1470650800000000	0.0927219700000000
5.6301_0	2.2033185838766070	0.1405827000000000	0.0990317450000000
5.6301_1	2.1946307981401736	0.1361274400000000	0.0946357500000000
56.3100_1	2.1989697983714427	0.1516249150000000	0.1119781750000000
5.6370_0	2.2095901079504534	0.1659765250000000	0.1248606400000000
5.6370_1	2.1911557925253855	0.1407609600000000	0.0912840850000000
5.6400_0	2.2076388814196566	0.1613063800000000	0.1082670150000000
5.6400_1	2.1933624251564794	0.1613227200000000	0.1084739050000000
5.6410_0	2.2060682884332428	0.1550225750000000	0.0752127550000000
5.6420_1	2.1914394266078601	0.1501503150000000	0.0988424850000000
5.6421_0	2.2086118512781576	0.1730382550000000	0.0829452000000000
5.6421_1	2.1942781842344394	0.1445347250000000	0.1011180250000000
5.6500_0	2.2095020430870402	0.1610834300000000	0.1013479700000000
5.6500_1	2.1933041328609706	0.1348198600000000	0.0827859650000000
5.6580_0	2.2062798762588747	0.1470047750000000	0.0463137550000000
5.6640_0	2.2060153974881072	0.1514146750000000	0.1018083300000000
5.6760_0	2.2100621351422469	0.1646508550000000	0.0941705500000000
5.6800_0	2.2083611832543526	0.1480095800000000	0.0998171000000000
5.6800_1	2.1872080712895965	0.1321480050000000	0.1324562750000000
5.6890_0	2.2009967988790584	0.1435158250000000	0.0980411150000000
5.6890_1	2.1647578212525667	0.1419415250000000	0.1344729650000000
5.6900_0	2.2105177424187574	0.1501563550000000	0.0852750200000000
5.6900_1	2.1926127139813634	0.1582136650000000	0.0922801750000000
5.6901_0	2.2062570000152872	0.1626969900000000	0.1142559750000000
5.6901_1	2.2633740674790808	0.2130498050000000	0.1070448750000000
5.7160_0	2.2014295564532729	0.1435421450000000	0.1045438500000000
5.7160_1	2.2548475053395829	0.1590191550000000	0.0915152600000000
5.7200_0	2.2047683591220477	0.1428841950000000	0.0980082400000000
5.7210_0	2.2065399074909142	0.1342993900000000	0.0916215050000000
5.7210_1	2.1973332871459381	0.1495265350000000	0.1018327800000000
5.7300_0	2.2067881938383023	0.1417122050000000	0.0925284750000000
5.7330_0	2.2014763888069790	0.1462014400000000	0.1030303300000000
5.7330_1	2.2078942830191663	0.1966986100000000	0.1392829850000000
5.7380_0	2.2141616543342351	0.1579895400000000	0.1087166800000000
5.7400_0	2.1966572760051837	0.1462345150000000	0.0977068500000000
5.7400_1	2.2183447963669121	0.1912706350000000	0.0997028200000000
5.7401_0	2.2094917902333577	0.1613975500000000	0.0854099200000000
5.7401_1	2.1933494513662231	0.1449945800000000	0.0902096200000000
5.7402_0	2.2066830080788207	0.1491438950000000	0.0968585050000000
5.7403_0	2.2065191353848514	0.1541692500000000	0.0970646100000000
5.7403_1	2.1925451682117143	0.1493820150000000	0.0990772400000000
5.7404_1	2.2302568991818639	0.1910824650000000	0.1281456200000000
5.7470_0	2.2101258349584278	0.1541625950000000	0.0988772200000000
5.7500_0	2.2116257033411344	0.1461948050000000	0.1068815700000000
5.7500_1	2.1977019131618767	0.1531188650000000	0.1078747800000000
5.7501_1	2.2072592140042393	0.1749621900000000	0.1084731800000000
5.7600_0	2.2077352319459855	0.1499408000000000	0.1059968550000000
5.7601_0	2.2014028689812655	0.1502478550000000	0.1085834050000000
5.7601_1	2.1940015106325661	0.1748851650000000	0.0865153600000000
5.7602_0	2.2108387134869716	0.1438976600000000	0.0970809100000000
5.7602_1	2.2695948882530286	0.2105861050000000	0.0800297000000000
5.7700_0	2.2086050121717333	0.1494015450000000	0.1033751950000000
5.7701_0	2.2024906746627591	0.1363124200000000	0.0961680950000000
5.7701_1	2.3079734454652630	0.2263004650000000	0.1197181550000000
5.7702_0	2.2146422107053900	0.1567087900000000	0.0855468200000000
5.7760_1	2.1919290973781083	0.1537437850000000	0.0704967350000000
5.7820_0	2.2043541768482986	0.1527762200000000	0.1010349700000000
5.7820_1	2.1871664031323266	0.1572344100000000	0.0799922550000000
5.7860_0	2.2074879870644266	0.1556175200000000	0.0913932150000000
5.8080_0	2.2082063682332222	0.1477958750000000	0.0952887550000000
5.8100_0	2.2076765029501484	0.1536070200000000	0.0932361600000000
5.8120_0	2.2097307962223489	0.1630874950000000	0.0947395650000000
5.8120_1	2.1930219584694441	0.1501938200000000	0.0959219100000000
5.8130_0	2.2085427893270482	0.1475696300000000	0.1022388800000000
5.8130_1	2.1947786658235771	0.1552665100000000	0.0842737000000000
5.8200_0	2.2142957829319334	0.1605637500000000	0.1084788150000000
5.8200_1	2.1946647566379704	0.1567207050000000	0.1027320000000000
5.8201_0	2.2055058526261266	0.1552389400000000	0.0979280250000000
5.8300_0	2.2053878520281680	0.1549663950000000	0.0851156850000000
5.8300_1	2.1933363209342116	0.1500552550000000	0.0761831200000000
5.8400_0	2.2231976002914680	0.1634666950000000	0.0882875250000000
5.8510_0	2.2111047149352059	0.1455336950000000	0.1025388350000000
5.8510_1	2.1934404352696704	0.1601102950000000	0.0959302000000000
5.8700_0	2.2080165672742891	0.1508452100000000	0.1070566800000000
5.8701_0	2.2045345930250106	0.1342995950000000	0.0978772550000000
5.8702_0	2.2106304548314100	0.1700700600000000	0.1121595800000000
5.8702_1	2.1890048038651773	0.1532545300000000	0.0938609050000000
5.8703_0	2.2027084428326673	0.1547540200000000	0.0878593250000000
5.8703_1	2.1963906349851046	0.1517987800000000	0.0899617000000000
5.8750_0	2.2111538865520948	0.1464650300000000	0.1065563900000000
5.8750_1	2.1990629262056993	0.1620999750000000	0.0850978900000000
5.8900_0	2.2089498550147102	0.1371192150000000	0.0764308250000000
5.8901_0	2.2070316230582310	0.1460730050000000	0.1009493450000000
5.8901_1	2.1785326540706631	0.1494239100000000	0.0818366100000000
5.9100_0	2.2068517600057422	0.1566128300000000	0.0904930800000000
5.9140_0	2.2049465377192967	0.1415917350000000	0.0968947400000000
5.9140_1	2.1701947038654299	0.1462921200000000	0.0881452600000000
5.9170_0	2.2062310619959793	0.1527668000000000	0.0984713550000000
5.9170_1	2.1925189092655271	0.1382651300000000	0.0883328150000000
5.9310_0	2.2062760842736742	0.1486507150000000	0.0786307950000000
5.9310_1	2.1900556074566331	0.1631137450000000	0.1340535100000000
5.9430_0	2.2067479220818891	0.1423244500000000	0.1013386950000000
5.9430_1	2.1854367533783345	0.1384001550000000	0.0813095900000000
5.9440_0	2.2085646871806861	0.1463965500000000	0.0863766550000000
5.9441_1	2.1860624824052106	0.1707993700000000	0.1054620600000000
5.9520_0	2.2049647651459177	0.1533391900000000	0.0865955800000000
5.9520_1	2.1896376802842430	0.1451858050000000	0.0864842050000000
5.9600_0	2.2162537208495761	0.1618495650000000	0.1054413650000000
5.9700_0	2.2043645641862590	0.1496345850000000	0.0875424550000000
5.9700_1	2.1890453380449832	0.1466555750000000	0.1119152500000000
5.9750_0	2.2103830300089555	0.1547998950000000	0.0999636700000000
5.9750_1	2.1933209682035244	0.1444997700000000	0.0858531100000000
5.9900_0	2.2076863941829750	0.1519149850000000	0.1005874200000000
6.0100_0	2.2026546529202964	0.1574579500000000	0.0854697850000000
6.0100_1	2.1950048739172310	0.1553766650000000	0.0947206550000000
6.0300_0	2.2273899763084581	0.1975632950000000	0.1216503200000000
6.0330_0	2.2068994904759660	0.1657217350000000	0.0914441450000000
6.0450_1	2.1873502973066539	0.1503295650000000	0.0974698650000000
6.0480_0	2.2086810486513238	0.1447341350000000	0.0996085200000000
6.0501_0	2.2084914465280625	0.1401477900000000	0.0901872750000000
6.0501_1	2.1933253409725384	0.1432811150000000	0.0888311800000000
6.0530_0	2.2142701547695625	0.1575029650000000	0.0998941050000000
6.0590_0	2.2050628175807545	0.1555057550000000	0.1001489300000000
6.0590_1	2.1933825592177114	0.1492907450000000	0.0918094850000000
6.0610_0	2.2107022208644631	0.1486377850000000	0.1123287800000000
6.0700_0	2.2106256136634426	0.1561568850000000	0.0913501750000000
6.0701_0	2.2085698830966951	0.1601876400000000	0.0957809600000000
6.0701_1	2.1923479870343061	0.1345880900000000	0.1084578950000000
6.0800_0	2.2096877239019324	0.1540241500000000	0.1123825250000000
6.0860_0	2.2065198475336256	0.1446098900000000	0.1008880000000000
6.0860_1	2.1934507898455369	0.1671945000000000	0.0873570550000000
6.0870_0	2.2069447045265345	0.1418639250000000	0.0975166600000000
6.0990_0	2.2105718348414420	0.1451648550000000	0.1041021300000000
6.1000_0	2.2104377441349476	0.1509313000000000	0.1084095450000000
6.1000_1	2.1901500414039816	0.1518615250000000	0.1031036350000000
6.1001_0	2.2142165047353473	0.1578281200000000	0.0930359900000000
6.1070_0	2.2212006715654047	0.1799747700000000	0.1032569200000000
6.1070_1	2.1933003364245542	0.1630020350000000	0.1235397850000000
6.1090_0	2.2051969492841317	0.1418368100000000	0.1061110950000000
6.1090_1	2.1926898879840890	0.1695151350000000	0.1221123500000000
6.1210_0	2.2070087789121242	0.1556547250000000	0.0972670650000000
6.1211_0	2.2064397104396258	0.1425309050000000	0.1040278050000000
6.1330_0	2.2046983557972109	0.1545647850000000	0.0965773350000000
6.1380_0	2.2091907797158492	0.1402482400000000	0.0963901000000000
6.1380_1	2.1834952263092511	0.1741354500000000	0.1175095500000000
6.1400_0	2.2074184857728851	0.1436893450000000	0.0893456200000000
6.1400_1	2.2248192585544087	0.1887967800000000	0.1073942650000000
6.1401_0	2.2078558372989634	0.1515676600000000	0.1027602800000000
6.1401_1	2.1953528604059573	0.1640171150000000	0.1044778650000000
6.1530_0	2.2067760442000974	0.1636966800000000	0.1133995750000000
6.1590_0	2.2098156959361503	0.1511644000000000	0.1019582150000000
6.1590_1	2.1931095725601479	0.1482668450000000	0.1122575600000000
6.1600_0	2.2101973594497784	0.1553418300000000	0.1026848050000000
6.1600_1	2.1877369045819304	0.1581511550000000	0.0958243850000000
6.1601_0	2.2011212828891598	0.1567155600000000	0.1057388250000000
6.1700_0	2.2083349683430735	0.1575750000000000	0.1069273050000000
6.1701_1	2.2484158139391202	0.2288664750000000	0.1090484300000000
6.1740_0	2.2063909380148079	0.1427313900000000	0.0970432250000000
6.1800_0	2.2090537749950463	0.1492090500000000	0.1037606600000000
6.1800_1	2.2125432001687093	0.2057587000000000	0.0931429150000000
6.1930_0	2.2046905191649273	0.1405601950000000	0.0986934650000000
6.1930_1	2.3333502916076174	0.3124788750000000	0.1638342050000000
6.2000_0	2.2037604097993948	0.1601242750000000	0.0892957450000000
6.2080_0	2.1738660285807452	0.1308083500000000	0.1338846150000000
6.2080_1	2.2054503652646331	0.1789769700000000	0.1162841000000000
6.2120_0	2.2056251808033775	0.1491785550000000	0.0939166100000000
6.2120_1	2.1901622321870424	0.1366195850000000	0.0971122850000000
6.2170_0	2.2051206602165134	0.1514698200000000	0.0970826650000000
6.2240_0	2.2021511482417786	0.1335926750000000	0.0835614650000000
6.2240_1	2.1919561290490437	0.1365541600000000	0.0864196800000000
6.2300_0	2.2073437999741672	0.1523910400000000	0.0865994750000000
6.2300_1	2.3699594703979860	0.2676426500000000	0.1339273500000000
6.2400_0	2.2058003576092178	0.1494366350000000	0.1001636650000000
6.2400_1	2.1878413554224316	0.1387225650000000	0.0950780200000000
6.2401_0	2.2067908523730857	0.1565599100000000	0.1062673000000000
6.2401_1	2.1918362909535034	0.1566103900000000	0.0955004300000000
6.2420_0	2.2079966155728568	0.1620122750000000	0.0817792150000000
6.2420_1	2.1971502590101490	0.1709172800000000	0.1163962250000000
6.2500_0	2.2085795407475914	0.1630761150000000	0.0959598350000000
6.2500_1	2.1913626149292296	0.1303658950000000	0.0920684700000000
6.2501_0	2.2088862799124787	0.1605637750000000	0.1177833650000000
6.2501_1	2.1907323760113937	0.1472869350000000	0.0939585100000000
6.2520_0	2.2069351957644616	0.1546241650000000	0.1073233250000000
6.2520_1	2.1933068239238733	0.1527330250000000	0.0806398150000000
6.2601_0	2.2112538057520914	0.1583239250000000	0.0957713350000000
6.2601_1	2.1596548595496419	0.1700744700000000	0.0936539600000000
6.2620_0	2.2081165587928084	0.1522524400000000	0.0849763400000000
6.2620_1	2.1918523176174958	0.1401664950000000	0.1059278800000000
6.3000_0	2.2415698769641565	0.1924951600000000	0.1156060400000000
6.3000_1	2.1930854385668654	0.1592915250000000	0.0917465550000000
6.3001_1	2.1887333765130026	0.1468927600000000	0.0923743950000000
6.3300_0	2.2013577533290047	0.1483046050000000	0.0831602800000000
6.3300_1	2.1918827797278979	0.1417713950000000	0.1013960950000000
6.3400_0	2.2104037602217099	0.1503728600000000	0.0937979350000000
6.3401_0	2.2159702606028322	0.1667149050000000	0.0779009350000000
6.3500_0	2.2229177586435416	0.1731583150000000	0.1185348250000000
6.3620_1	2.1865405840508454	0.1543455950000000	0.0961239100000000
6.3870_0	2.2714816392525323	0.2078288200000000	0.1131894600000000
6.3870_1	2.1954988329374472	0.1325357500000000	0.0956147400000000
6.3880_0	2.2108731201446465	0.1533821500000000	0.1074841300000000
6.3880_1	2.1898161793193625	0.1547372950000000	0.0973785600000000
6.4110_0	2.2092290009831999	0.1559833900000000	0.1142125100000000
6.4110_1	2.1933799136834233	0.1696362750000000	0.0966626100000000
6.4120_0	2.2085711104693591	0.1571977250000000	0.0907733550000000
6.4300_0	2.2066728529625101	0.1436614200000000	0.1048439900000000
6.4300_1	2.1947256409703333	0.1573698350000000	0.0928741350000000
6.4301_0	2.2096098827854669	0.1577300650000000	0.1156861850000000
6.4500_0	2.2146612580041962	0.1659387000000000	0.0946489700000000
6.4500_1	2.1900531386111735	0.1455441400000000	0.0861754750000000
6.4600_0	2.2101438490390786	0.1559809850000000	0.1048775450000000
6.4600_1	2.1923868081351578	0.1401045200000000	0.0978318500000000
6.4601_0	2.2098064790119047	0.1514802500000000	0.0990256450000000
6.4800_0	2.2091341862886522	0.1484639300000000	0.0985991000000000
6.4800_1	2.1946302109848457	0.1369502950000000	0.0812174600000000
6.5000_0	2.1988548749654280	0.1259242300000000	0.0953811350000000
6.5000_1	2.1935342521420527	0.1484958550000000	0.1033456150000000
6.5001_0	2.2080365189048101	0.1539837400000000	0.1056269950000000
6.5070_0	2.2081510578295966	0.1366611050000000	0.0724228800000000
6.5100_0	2.2030379091257895	0.1444424250000000	0.1080902550000000
6.5100_1	2.1949597209925380	0.1525443050000000	0.1055321850000000
6.5220_1	2.1944521910951593	0.1633876250000000	0.1172997550000000
6.5290_0	2.2046983766372734	0.1565534850000000	0.1025036550000000
6.5290_1	2.1888768010145196	0.1379982250000000	0.0932857000000000
6.5300_0	2.2212017681246365	0.1931582850000000	0.1210221150000000
6.5300_1	2.1952550085776679	0.1448280500000000	0.0982265500000000
6.5340_0	2.2057140152764236	0.1599160300000000	0.0968683650000000
6.5340_1	2.1907209864924408	0.1521982250000000	0.0749517100000000
6.5350_0	2.2068755034156720	0.1602473900000000	0.0699194350000000
6.5400_0	2.2091426684793412	0.1492026500000000	0.0811605500000000
6.5400_1	2.1924619341381706	0.1451519150000000	0.0885337100000000
6.5500_0	2.2086776669366439	0.1491326150000000	0.1071381900000000
6.5600_0	2.2096454582136906	0.1511868300000000	0.0891973200000000
6.5600_1	2.1941853802986468	0.1400869350000000	0.0829205800000000
6.5601_0	2.2065069295490356	0.1580184400000000	0.1095806750000000
6.5880_0	2.2072088022786960	0.1440791750000000	0.0825729000000000
6.5900_0	2.2091639505313316	0.1453386950000000	0.1119779900000000
6.5900_1	2.1910262059710566	0.1519062550000000	0.1045477300000000
6.5901_0	2.2106093505875148	0.1589538100000000	0.1083055050000000
6.6090_0	2.2014027175919924	0.1531026950000000	0.0998768050000000
6.6090_1	2.1895561276436295	0.1480558250000000	0.1030220700000000
6.6300_1	2.1989744011655543	0.1505299350000000	0.0991673700000000
6.6400_0	2.2066234187229350	0.1704048550000000	0.1170194600000000
6.6401_0	2.2064057398850725	0.1586272700000000	0.0978953850000000
6.6401_1	2.1781733045838214	0.1682517550000000	0.0692308550000000
6.6460_0	2.1784627191487225	0.1340138800000000	0.1161835250000000
6.7000_0	2.2407068700957451	0.2349786700000000	0.1302251950000000
6.7000_1	2.1861127475885493	0.1458168350000000	0.0967100200000000
6.7100_0	2.2087204348560383	0.1463204550000000	0.1002237950000000
6.7100_1	2.1883543890670376	0.1434320750000000	0.0991029600000000
6.7101_0	2.2062899219462362	0.1744291950000000	0.1170627800000000
6.7101_1	2.1944224749327219	0.1566907700000000	0.0978881600000000
6.7120_0	2.1746352291100775	0.1244953000000000	0.1026727750000000
6.7400_0	2.3348160318910915	0.2367994800000000	0.1252442450000000
6.7500_0	2.1880469416207999	0.1518582400000000	0.1130148000000000
6.7500_1	2.1933952939943127	0.1597895200000000	0.0695683300000000
6.7501_1	2.1923160651380802	0.1459399450000000	0.0974341800000000
6.7700_0	2.2075809718649504	0.1366950450000000	0.0892394350000000
6.7700_1	2.1986943698466117	0.1493706750000000	0.0954044000000000
6.7900_0	2.2074898176584195	0.1551659000000000	0.1047194800000000
6.7900_1	2.1925238962112901	0.1522825050000000	0.0610313300000000
6.7901_0	2.2063101300143799	0.1609275950000000	0.1131416500000000
6.7901_1	2.1903921793849848	0.1631032200000000	0.0971543000000000
6.8000_0	2.2155865180397578	0.1877251900000000	0.1125975900000000
6.8000_1	2.1924317656390397	0.1576171000000000	0.0991846800000000
6.8040_0	2.2066504531461568	0.1419500300000000	0.0987654450000000
6.8040_1	2.1911725229220260	0.1605287550000000	0.1081011300000000
6.8100_0	2.2069023597704653	0.1427926700000000	0.1023815400000000
6.8200_0	2.2065590103788848	0.1542660200000000	0.0844269100000000
6.8300_0	2.2020407879049917	0.1550536000000000	0.1151101800000000
6.8400_0	2.2071258302616017	0.1423546450000000	0.0986141250000000
6.8400_1	2.1860498767642813	0.1252252150000000	0.1034618950000000
6.8640_0	2.2506943626017479	0.2391935900000000	0.1104187750000000
6.8640_1	2.1984163048879335	0.1682201850000000	0.1176032300000000
6.8800_0	2.2075290752568337	0.1583696750000000	0.0833665050000000
6.8801_0	2.2075122458652019	0.1623060650000000	0.0993866850000000
6.8801_1	2.1891783498254114	0.1669827800000000	0.1108893900000000
6.8802_0	2.2009009773247863	0.1408772000000000	0.0813786800000000
6.8802_1	2.1946832931882185	0.1473008700000000	0.0993355050000000
6.8803_0	2.2140393730333026	0.1623978500000000	0.0927631450000000
6.8900_0	2.2249914401814275	0.1822982550000000	0.1445693350000000
6.9000_0	2.2042951502302999	0.1402204300000000	0.0978316250000000
6.9020_0	2.2101082533094192	0.1537810200000000	0.1000300700000000
6.9020_1	2.1970862543950549	0.1609858600000000	0.0961544150000000
6.9500_1	2.1914014012322944	0.1474690350000000	0.0926347850000000
6.9700_0	2.2062479201808394	0.1440185550000000	0.0969305650000000
6.9700_1	2.1942467189971158	0.1615279050000000	0.0981539800000000
6.9730_0	2.2075312866834813	0.1521457650000000	0.0979465450000000
6.9800_0	2.2095596805408477	0.1499794450000000	0.0937178250000000
6.9801_1	2.1985077593893347	0.1681462650000000	0.1102811100000000
6.9900_0	2.2295479114662471	0.1915604500000000	0.1082640600000000
6.9901_0	2.2076748121212297	0.1512633150000000	0.0819773950000000
6.9901_1	2.1910189044255226	0.1390712900000000	0.0829496850000000
7.0000_0	2.2062905693956427	0.1562365750000000	0.1058203950000000
7.0000_1	2.1942776800687169	0.1521372600000000	0.0894528000000000
7.0001_0	2.2007171363636990	0.1341738850000000	0.1067551900000000
7.0001_1	2.1738934942983330	0.1343312200000000	0.1106586450000000
7.0100_0	2.2056434040662771	0.1385255550000000	0.0917375600000000
7.0101_0	2.2067508803077023	0.1486340100000000	0.1012985900000000
7.0200_0	2.2090875920751070	0.1520051300000000	0.0886130350000000
7.0200_1	2.1894484312090041	0.1465184950000000	0.0892100600000000
7.0220_0	2.2081303224054665	0.1398480800000000	0.0878922450000000
7.0220_1	2.1932037945952443	0.1503862300000000	0.0960349900000000
7.0400_0	2.2096508803075028	0.1499096500000000	0.1204614350000000
7.0400_1	2.1920401439277875	0.1556311300000000	0.0985173500000000
7.0500_0	2.2080171036884186	0.1513996000000000	0.0930077900000000
7.0520_1	2.1945370277134990	0.1326694050000000	0.0910136800000000
7.0530_0	2.2076413221443607	0.1511798050000000	0.1050830200000000
7.0530_1	2.1989832007057828	0.1528219850000000	0.1003176000000000
7.0600_0	2.2074815533308465	0.1426502450000000	0.1001826850000000
7.0700_1	2.1872497275780827	0.1351502850000000	0.1110252250000000
7.0900_0	2.2052502169808319	0.1570977250000000	0.0881211450000000
7.0900_1	2.2058256524608728	0.1800574700000000	0.1133394600000000
7.0901_0	2.2032734707921136	0.1362735800000000	0.0956937500000000
7.0901_1	2.1984543108550176	0.1706974050000000	0.1007678700000000
7.1000_0	2.2047146205133035	0.1486602350000000	0.0927349550000000
7.1100_0	2.2014518778685330	0.1474825350000000	0.0979915700000000
7.1100_1	2.1947442268683783	0.1447651350000000	0.1011913550000000
7.1200_0	2.2056881474431518	0.1526064800000000	0.0774093450000000
7.1200_1	2.1943397819923200	0.1485992150000000	0.0921050050000000
7.1201_0	2.2100358262538786	0.1581692850000000	0.0990202300000000
7.1201_1	2.1954985466631323	0.1337166650000000	0.0898909250000000
71.3400_0	2.2000241455512088	0.1386135750000000	0.1007750350000000
71.3400_1	2.2020489717204237	0.1637225600000000	0.0980957500000000
7.1500_0	2.2051969046580675	0.1544339650000000	0.1019136800000000
7.1600_0	2.1980240167419871	0.1447456550000000	0.0990460850000000
7.1760_0	2.2060397343873235	0.1716575950000000	0.0909399100000000
7.1800_0	2.2060434540287184	0.1420218700000000	0.1051768750000000
7.1800_1	2.1938410070454921	0.1396057900000000	0.0882185650000000
7.1801_0	2.2041033826715077	0.1586098800000000	0.0990893100000000
7.1801_1	2.1943835066797512	0.1700233350000000	0.0967787650000000
7.2100_0	2.2053772405216803	0.1575158150000000	0.0974423450000000
7.2100_1	2.1902400950131100	0.1506243150000000	0.1014359200000000
7.2110_0	2.2044106890726223	0.1586355800000000	0.1047259700000000
7.2200_0	2.2087354038043956	0.1594508950000000	0.0845368000000000
7.2230_0	2.1984636113423686	0.1185589350000000	0.0805828250000000
7.2230_1	2.1961690342965636	0.1491821850000000	0.0950723650000000
7.2400_0	2.2108763509619012	0.1471867300000000	0.0956220300000000
7.2400_1	2.1915420893128710	0.1481739900000000	0.0963408650000000
7.2500_0	2.2074456424339823	0.1530296650000000	0.1007030600000000
7.2500_1	2.1932696800890996	0.1600056100000000	0.0880213450000000
7.2600_0	2.2092389194489743	0.1420361700000000	0.1108166800000000
7.2600_1	2.1906012846833307	0.1470942000000000	0.1091711600000000
7.3300_0	2.2072449062370261	0.1490905700000000	0.0947008750000000
7.3500_0	2.2053884604829723	0.1477501150000000	0.0895133600000000
7.3500_1	2.1836576423822112	0.1453006800000000	0.0896055800000000
7.3700_1	2.2946837016800159	0.2293634650000000	0.1184243200000000
7.3800_0	2.1984427530894020	0.1348092550000000	0.0923166600000000
7.3810_0	2.2145995692017881	0.1719306800000000	0.1030130350000000
7.3840_0	2.2059242792575140	0.1466133850000000	0.1044965000000000
7.3900_0	2.2063777795339514	0.1452584850000000	0.0922355150000000
7.4120_0	2.2042842896138071	0.1404185050000000	0.0951520650000000
7.4120_1	2.1899634464765976	0.1457712000000000	0.1227057950000000
7.4230_0	2.2052228183527074	0.1603394150000000	0.0809361000000000
7.4500_0	2.2014168765390054	0.1446020550000000	0.0980862650000000
7.4600_0	2.1980991724517884	0.1463505350000000	0.1178353800000000
7.4600_1	2.1946315266435841	0.1734618800000000	0.0711894700000000
7.4601_0	2.2064927720439926	0.1380691300000000	0.1037829300000000
7.4700_0	2.2337053285158710	0.1830319400000000	0.1125997650000000
7.4800_0	2.2088188909318016	0.1467167500000000	0.0754141650000000
7.4800_1	2.1903137173454632	0.1550763050000000	0.1039608100000000
7.4801_0	2.2032615556881781	0.1510893050000000	0.0855320900000000
7.5010_1	2.1942412805195723	0.1489862700000000	0.0936793300000000
7.5100_0	2.2066080582815029	0.1456566450000000	0.1099986300000000
7.5100_1	2.1755601046169724	0.1496198500000000	0.1142386100000000
7.5160_0	2.2042792384998955	0.1654471700000000	0.0971400900000000
7.5160_1	2.1882252969850304	0.1618181150000000	0.0924073800000000
7.5300_0	2.2014205865751073	0.1559090250000000	0.0963702050000000
7.5300_1	2.1988845245500142	0.1480491250000000	0.0978695950000000
7.5500_1	2.2103710858843768	0.1726673350000000	0.0705166000000000
7.5501_0	2.2071693046810323	0.1480749250000000	0.1001557750000000
7.5501_1	2.1897984543896944	0.1528151850000000	0.0802102000000000
7.5700_0	2.2047006575413439	0.1596250000000000	0.0937887150000000
7.5700_1	2.1996847521966365	0.1750242200000000	0.1101796150000000
7.5900_0	2.2068082038685710	0.1487008850000000	0.1086380650000000
7.5900_1	2.1971857660972978	0.1472185200000000	0.0940716700000000
7.5901_0	2.2089869445629291	0.1629517000000000	0.1038950650000000
7.5901_1	2.2031006299601712	0.1659137200000000	0.1091444700000000
7.6000_0	2.2058131168893289	0.1510187550000000	0.0957402950000000
7.6000_1	2.1773498099934203	0.1109341600000000	0.1063037600000000
7.6400_0	2.2052595809399911	0.1515557250000000	0.1100773800000000
7.6420_0	2.2078713623274200	0.1537725100000000	0.0903903200000000
7.6420_1	2.1950226006445632	0.1486392750000000	0.0915481100000000
7.6600_0	2.2042503695966649	0.1553512200000000	0.1008003650000000
7.6600_1	2.1984791201000515	0.1797852250000000	0.1222871750000000
7.6730_0	2.2126349756171524	0.1685794250000000	0.0856356750000000
7.6730_1	2.1940969588257779	0.1533828750000000	0.1025226100000000
7.6900_0	2.2055185853384289	0.1416806750000000	0.0936385000000000
7.6901_0	2.2054838283493470	0.1425635800000000	0.1009565950000000
7.6902_0	2.2076422432346430	0.1649439300000000	0.0883350100000000
7.6902_1	2.1900631452655945	0.1600045650000000	0.0968431950000000
7.7000_0	2.2071894919017989	0.1425887900000000	0.0937070150000000
7.7000_1	2.1927220555107638	0.1480882750000000	0.0847841350000000
7.7100_0	2.2033878434611438	0.1520800600000000	0.1042109300000000
7.7100_1	2.1924253372094280	0.1314268250000000	0.1042211650000000
7.7101_0	2.2060168376253890	0.1449563850000000	0.0983479900000000
7.7101_1	2.1962462471738808	0.1506770750000000	0.0927352450000000
7.7200_0	2.2028375852210598	0.1529426300000000	0.0825248650000000
7.7600_0	2.2056279212228018	0.1460180400000000	0.1005536300000000
7.7700_0	2.2064076452753048	0.1466903700000000	0.1011760150000000
7.7701_0	2.2056944627363024	0.1627625200000000	0.1034754650000000
7.7701_1	2.1965915303316788	0.1440598100000000	0.0829488900000000
7.7720_0	2.2085652271700216	0.1541722050000000	0.0843067800000000
7.7720_1	2.1932800921744064	0.1570825550000000	0.0909529300000000
7.7800_0	2.2091184797640691	0.1609092750000000	0.1060487450000000
7.7801_0	2.2033489206568451	0.1593131700000000	0.0938952850000000
7.7801_1	2.1861551450897894	0.1496519600000000	0.1088369500000000
7.7802_0	2.2026621811060689	0.1484347400000000	0.1023529450000000
7.7802_1	2.1897989353134619	0.1665821350000000	0.0871205250000000
7.8050_1	2.1933449949061212	0.1766037650000000	0.1018472200000000
7.8100_0	2.2051347497461151	0.1461153200000000	0.0869041750000000
7.8300_0	2.2091474604841563	0.1554685700000000	0.1138707500000000
7.8300_1	2.1917101227657136	0.1408914150000000	0.1028522750000000
7.8380_0	2.2072976387554641	0.1573178250000000	0.1061833000000000
7.8380_1	2.1946950027594210	0.1523877550000000	0.0959762900000000
7.8400_0	2.2032647346473384	0.1560706900000000	0.1006644050000000
7.8490_0	2.2096006250186546	0.1531766600000000	0.0956660700000000
7.8490_1	2.1903748890771846	0.1456918350000000	0.1034161300000000
7.8600_1	2.1918253582408265	0.1504388000000000	0.0931584950000000
7.8601_1	2.1932067723970601	0.1462436700000000	0.0842434700000000
7.8680_0	2.2177407024947535	0.1710155400000000	0.0538317150000000
7.8680_1	2.1968172844179352	0.1387328500000000	0.1000798750000000
7.8800_0	2.2076564480557805	0.1486591000000000	0.0857123000000000
7.8800_1	2.1986772579431118	0.1661225350000000	0.1138794750000000
7.8900_0	2.2012296514232310	0.1544520250000000	0.0959155500000000
7.8901_1	2.1926964978864572	0.1467500100000000	0.1163074300000000
7.9100_0	2.2024747633398101	0.1700563900000000	0.1160162250000000
7.9100_1	2.1921757856576498	0.1547229100000000	0.1201743650000000
7.9200_0	2.2071096336882063	0.1499210450000000	0.1044159600000000
7.9200_1	2.1933221619803027	0.1439110650000000	0.0857925450000000
7.9201_0	2.2080764683735254	0.1527828500000000	0.1025275900000000
7.9201_1	2.2013712539665082	0.1597821800000000	0.1046710750000000
7.9202_0	2.2065813238489240	0.1493054550000000	0.1067643850000000
7.9202_1	2.1923902390212797	0.1417712550000000	0.0783812550000000
7.9600_0	2.2053129557582305	0.1445357950000000	0.1003187250000000
7.9700_0	2.2080857446590993	0.1447541050000000	0.0990134350000000
7.9700_1	2.1942561835437195	0.1456552850000000	0.0984345100000000
7.9720_0	2.2158117428912667	0.1855856850000000	0.1312801550000000
7.9720_1	2.1933119957643910	0.1522150550000000	0.0823492200000000
7.9800_0	2.2048205287755986	0.1529610200000000	0.0971033950000000
7.9900_0	2.2037415520420143	0.1354856100000000	0.1059093700000000
7.9900_1	2.1977932874274679	0.1591846400000000	0.1077399050000000
7.9901_0	2.2042303109972874	0.1364445500000000	0.1041534250000000
8.0000_1	2.2561545504574525	0.1976544950000000	0.1346423650000000
8.0001_0	2.2890091227446154	0.2138235050000000	0.0963210400000000
8.0001_1	2.2005387105185563	0.1783322650000000	0.1145605850000000
8.0002_0	2.2208067480831737	0.1731694950000000	0.1122759750000000
8.0100_1	2.1930695632501043	0.1359769750000000	0.0836173850000000
8.0110_0	2.2064257299305789	0.1349785550000000	0.0980505550000000
8.0450_0	2.2044752057617809	0.1523289700000000	0.1095243600000000
8.0600_1	2.1950545255497174	0.1494574700000000	0.1069640350000000
8.0700_0	2.2061782921847963	0.1601977750000000	0.1057240650000000
8.0700_1	2.2375832144182133	0.1990175550000000	0.1243186800000000
8.0800_0	2.2083001439728651	0.1481937750000000	0.0878745500000000
8.0800_1	2.2207106914158090	0.2035011900000000	0.1108857450000000
8.1000_0	2.3372738625915837	0.2409798600000000	0.0993137750000000
8.1000_1	2.2504398027454378	0.1841207750000000	0.1147564950000000
8.1660_0	2.1547284985972928	0.1218448150000000	0.0917171100000000
8.1700_0	2.2023665537713359	0.1604195500000000	0.0980851150000000
8.2000_0	2.2090258895626356	0.1612777100000000	0.0917203800000000
8.2250_0	2.2001292707767983	0.1655873800000000	0.1065128750000000
8.2250_1	2.2138641886777197	0.1768192850000000	0.1321328900000000
8.2500_0	2.2073339425386491	0.1589814250000000	0.0858151350000000
8.2630_0	2.2085365370134333	0.1438142400000000	0.0985266600000000
8.2630_1	2.1893285647555776	0.1800626750000000	0.1068459450000000
8.2800_0	2.2065871607007344	0.1404165900000000	0.1026256350000000
8.2800_1	2.1951249368005499	0.1614643500000000	0.0675593100000000
8.3400_0	2.2049685028503108	0.1435392700000000	0.0971423250000000
8.3500_0	2.2070277524464941	0.1546348300000000	0.1002534600000000
8.3500_1	2.1931925986270762	0.1522311550000000	0.0837766200000000
8.3600_0	2.2031558567625447	0.1594222100000000	0.0968162100000000
8.3600_1	2.1841584478806748	0.1747340800000000	0.1185300900000000
8.3710_1	2.1942939857166048	0.1533391750000000	0.0989787150000000
8.3880_0	2.2044561765678274	0.1407161450000000	0.0909047850000000
8.4400_0	2.2056232307962560	0.1408344850000000	0.0955469700000000
8.4800_0	2.2061796284077890	0.1600769350000000	0.0922204700000000
8.4800_1	2.1914697695955492	0.1651346450000000	0.1001235200000000
8.6200_0	2.2107476413218667	0.1635155200000000	0.0967997100000000
8.6301_0	2.2068853028543014	0.1554955950000000	0.0966871150000000
8.6301_1	2.1914479127319426	0.1550698050000000	0.1131457150000000
8.7400_0	2.2006156670394987	0.1544357450000000	0.1057575350000000
8.8200_0	2.2000858390445188	0.1586402900000000	0.1132362700000000
8.8600_0	2.2065563109398050	0.1414704600000000	0.0983190700000000
8.8600_1	2.2938599355025189	0.3009089400000000	0.1734691500000000
8.9300_0	2.2063860323270235	0.1603219550000000	0.1110184700000000
8.9300_1	2.1910021841593035	0.1506346550000000	0.1027398150000000
8.9500_0	2.2104151080128371	0.1679004750000000	0.1285147350000000
8.9500_1	2.1963480198618166	0.1601105050000000	0.0913522850000000
8.9600_0	2.2054359503780110	0.1630369900000000	0.0730674350000000
8.9600_1	2.1996761102223501	0.1485151250000000	0.1126419000000000
8.9800_0	2.2013539882614026	0.1482074850000000	0.1039486850000000
8.9900_0	2.2057276928624163	0.1447295150000000	0.0966914400000000
8.9900_1	2.1919966060747096	0.1525949750000000	0.0958770600000000
9.0101_0	2.2055440889366440	0.1570525550000000	0.1085586050000000
9.0101_1	2.1929906245179698	0.1721161900000000	0.1104156000000000
9.1300_0	2.1987620124185385	0.1317155350000000	0.0888455550000000
9.1301_0	2.2056409886218731	0.1464900400000000	0.1048430250000000
9.1400_0	2.2077634725776023	0.1569782350000000	0.1002238450000000
9.1400_1	2.2238603731034039	0.1924758400000000	0.1002832600000000
9.1401_0	2.2033296254190158	0.1629524750000000	0.0941472950000000
9.1401_1	2.1990284363151851	0.1547564550000000	0.0966608250000000
9.1402_0	2.1984764195201527	0.1632771900000000	0.0847783600000000
9.1402_1	2.1971172731883035	0.1564292600000000	0.0930854400000000
91.6300_0	2.2013909325350096	0.1473713700000000	0.0968247750000000
91.6300_1	2.2000334092401221	0.1461248650000000	0.1050361550000000
9.1700_1	2.1953810331106487	0.1523920250000000	0.0977022150000000
9.2300_0	2.2041283522217543	0.1375334850000000	0.0901558800000000
9.2300_1	2.1968264888745610	0.1594778850000000	0.0910957350000000
9.2400_0	2.2013837860572387	0.1377490250000000	0.0900148900000000
9.2400_1	2.1945364956701070	0.1426337600000000	0.1090399900000000
9.2401_0	2.2062751432617871	0.1505990900000000	0.0992688400000000
9.2401_1	2.1789432211941686	0.1627974200000000	0.1154124200000000
9.2601_0	2.3061005959846654	0.2510747100000000	0.1455384550000000
9.2601_1	2.2909123238601459	0.2151573750000000	0.1089084250000000
9.3130_0	2.2033446647796922	0.1655271600000000	0.1099398250000000
9.3130_1	2.1906451311923263	0.1350773350000000	0.0905034850000000
9.3300_0	2.2036234308894342	0.1430430850000000	0.0889299250000000
9.3300_1	2.2005178903644840	0.1809151000000000	0.1103873200000000
9.4200_0	2.2082347883057993	0.1582561000000000	0.0927752650000000
9.4200_1	2.1951372831853018	0.1643809700000000	0.0821666800000000
9.4500_0	2.2040998585944718	0.1572860850000000	0.0950114500000000
9.5000_0	2.2049003664826725	0.1577245450000000	0.0999672750000000
9.5400_0	2.2016542215383823	0.1395591900000000	0.0919522050000000
9.5400_1	2.1945342223606357	0.1525130500000000	0.0828931100000000
9.5800_0	2.2060349309360534	0.1422388250000000	0.1057227900000000
9.5800_1	2.1952054546605719	0.1420139650000000	0.1014359450000000
9.5870_0	2.2068180231077279	0.1599199700000000	0.0907260850000000
9.5870_1	2.1984680437070345	0.1450573450000000	0.0944274800000000
9.5900_0	2.2059532921728198	0.1414506500000000	0.0991487100000000
9.6030_0	2.2044156108629043	0.1474700300000000	0.0920922350000000
9.6600_0	2.2024658674470854	0.1425671400000000	0.1052384400000000
9.6600_1	2.1962871540744406	0.1493124500000000	0.0826274000000000
9.6601_0	2.2060671432546255	0.1387814450000000	0.0907635600000000
9.6700_0	2.2065700986856065	0.1591439700000000	0.0903000500000000
9.7900_0	2.2045859756131749	0.1591790700000000	0.1062777050000000
9.7900_1	2.1939377689121247	0.1537350700000000	0.1035641050000000
