10.0400_0	2.2079893223159424	0.1554231300000000	0.0814529650000000
10.0400_1	2.1909918842550917	0.1379444400000000	0.1066185100000000
10.1000_0	2.2057319691089088	0.1591937900000000	0.1061291750000000
10.1300_0	2.2165562266179135	0.1824238950000000	0.1013357850000000
10.1300_1	2.1925792830102875	0.1377785250000000	0.1046353050000000
10.1930_1	2.1934109802761923	0.1302810250000000	0.0860242150000000
10.2700_1	2.1970809429032614	0.1471897200000000	0.0957469650000000
10.3000_1	2.1983715582981334	0.1341862050000000	0.1016877500000000
10.3800_0	2.2014212248079641	0.1482915500000000	0.0799760800000000
10.3900_0	2.2011943455422300	0.1365776400000000	0.0985368300000000
10.3900_1	2.3375639119235658	0.2371361750000000	0.1118867850000000
10.4200_0	2.2073058461482717	0.1539971250000000	0.1000279150000000
10.4200_1	2.1931860945227650	0.1515998300000000	0.0942406350000000
10.6200_0	2.2080554764436489	0.1524577400000000	0.1145478700000000
10.6200_1	2.1924013598024850	0.1299108550000000	0.1093677350000000
10.7300_0	2.2073506646599368	0.1624601800000000	0.0908642900000000
10.7600_0	2.2046585378954546	0.1479451400000000	0.0914298900000000
10.8800_0	2.2058110662994097	0.1456607400000000	0.0879661950000000
10.8800_1	2.1977506673037368	0.1544299200000000	0.0929359350000000
10.9200_0	2.2046964970793415	0.1343657150000000	0.0979447550000000
10.9300_1	2.1925279984820771	0.1527610250000000	0.0994628750000000
11.0400_0	2.2045715353160156	0.1659614000000000	0.0939243000000000
11.0400_1	2.1933997678788533	0.1739956800000000	0.1357726400000000
11.0600_1	2.1944730520740245	0.1569421900000000	0.0988204100000000
11.0800_0	2.2034868170912767	0.1605491450000000	0.0973220450000000
11.0800_1	2.1933282846138971	0.1540712750000000	0.0954263550000000
11.1200_0	2.2036590984151929	0.1460589850000000	0.1009540650000000
11.1900_0	2.2015231637024990	0.1452115050000000	0.1013989250000000
11.3800_1	2.1989068723232923	0.1498490400000000	0.0958358500000000
11.4400_1	2.1924809724432044	0.1458372350000000	0.0992499700000000
11.4600_0	2.2047416358466423	0.1604513150000000	0.1077179650000000
11.5300_0	2.2048352782540377	0.1421571150000000	0.0946965800000000
11.6400_0	2.2068582170117992	0.1599561500000000	0.1062575900000000
11.7000_1	2.2710820021824007	0.2102869700000000	0.0948051900000000
11.7001_0	2.2049267944502713	0.1543945300000000	0.0772052650000000
11.7002_0	2.2127138049888324	0.1962121550000000	0.1097977400000000
11.7002_1	2.1928368937917528	0.1582554850000000	0.1035935650000000
11.7600_0	2.2050524232273196	0.1534109700000000	0.0953148200000000
11.7600_1	2.1912906070871139	0.1625413150000000	0.1169566200000000
11.8200_0	2.2046961260616276	0.1509602750000000	0.1044223650000000
11.8200_1	2.1950420410599141	0.1549025650000000	0.0984535850000000
11.8700_0	2.2068210389890024	0.1476874250000000	0.0963371800000000
11.8700_1	2.1927344050066333	0.1462242550000000	0.0830898400000000
11.9600_1	2.1909015406784609	0.1606686650000000	0.1182321800000000
12.1600_0	2.2061270552704610	0.1445720400000000	0.0739341300000000
12.1600_1	2.1888583464915716	0.1440847900000000	0.0921776800000000
12.2300_1	2.1986112776481246	0.1635269500000000	0.0938989100000000
12.3100_0	2.2044473043400794	0.1507912700000000	0.0811251250000000
12.3100_1	2.1906692723953189	0.1531043750000000	0.0974614950000000
12.4700_1	2.2175988498798400	0.1791429350000000	0.1206493200000000
12.5600_1	2.1925682409135621	0.1434263950000000	0.0827160800000000
12.6200_0	2.2044351393159687	0.1353776300000000	0.0957510950000000
12.6400_0	2.2034768327129739	0.1448549900000000	0.0833022750000000
12.6400_1	2.1942728901905726	0.1549209250000000	0.0948653150000000
12.8900_0	2.2047369846293852	0.1410003800000000	0.0962710250000000
13.0600_0	2.2070049702575942	0.1539028500000000	0.0864856000000000
13.2100_0	2.2046601976559717	0.1537389950000000	0.0884776150000000
13.2100_1	2.1825386577478092	0.1741853950000000	0.0544395000000000
13.2101_0	2.2063498741276875	0.1436347650000000	0.0894740150000000
13.2101_1	2.1970695398930142	0.1478032900000000	0.0947643350000000
13.3200_0	2.1993277424662034	0.1541966800000000	0.1048322200000000
13.3200_1	2.2016877130936829	0.1666904250000000	0.0838399400000000
13.9800_0	2.2033855291912952	0.1357136900000000	0.0933196000000000
14.1600_0	2.2078055662764831	0.1580586750000000	0.1016474600000000
14.1600_1	2.1951671793509449	0.1353591150000000	0.0995398600000000
14.7200_0	2.2031720798206567	0.1549616600000000	0.0913064800000000
147.4900_0	2.2006802648003836	0.1454526950000000	0.0892930400000000
147.4900_1	2.1958609233644522	0.1515287150000000	0.1128991400000000
15.1400_0	2.2024483723637349	0.1524740550000000	0.1180107750000000
15.1400_1	2.1984496823463062	0.1581003000000000	0.0964347100000000
15.4300_0	2.2054498082266432	0.1561151300000000	0.0883354450000000
16.3900_0	2.2057250266119137	0.1548375650000000	0.0779581100000000
16.4200_0	2.2033865897922049	0.1606515750000000	0.0960795700000000
16.4200_1	2.1974488647305854	0.1432408000000000	0.0956894400000000
16.7800_0	2.2036652958429022	0.1488471650000000	0.1086459050000000
16.7800_1	2.1956539117704983	0.1461866050000000	0.0872960850000000
17.2000_1	2.1949846947866991	0.1465130500000000	0.0977962950000000
19.1500_0	2.2029803828559253	0.1531576750000000	0.0881085750000000
26.7440_0	2.1766876645498132	0.1280076900000000	0.1113451400000000
27.1600_0	2.2006996394657858	0.1613004250000000	0.0949915400000000
27.1600_1	2.1989018025330167	0.1619813150000000	0.1023004000000000
27.7100_0	2.2038606218588699	0.1458907650000000	0.0932467750000000
32.8900_1	2.2554870580872017	0.2460229700000000	0.1475724950000000
35.4700_0	2.2018651928382189	0.1424704550000000	0.1008645100000000
35.4700_1	2.1978456766350125	0.1526327050000000	0.0849684700000000
36.2800_0	2.2018032153648712	0.1394436300000000	0.0931603550000000
36.2800_1	2.1984219983222664	0.1457086750000000	0.0957489100000000
40.8400_0	2.2006961106120579	0.1456292550000000	0.1017126400000000
40.8400_1	2.1984574808653692	0.1595188150000000	0.0959405350000000
46.7500_0	2.2216360036216494	0.1892923350000000	0.1197383800000000
47.2000_0	2.1807194024169974	0.1671863750000000	0.1117369500000000
47.2000_1	2.2292687568075249	0.2002596100000000	0.1101549100000000
5.0030_0	2.2140837139867542	0.1594353200000000	0.1035953850000000
5.0030_1	2.1888667345031170	0.1539933200000000	0.0931261700000000
5.0031_0	2.2104450760433072	0.1552346200000000	0.0821384650000000
5.0032_0	2.2154466362150926	0.1480066700000000	0.0922213650000000
5.0040_0	2.2042627849240697	0.1454548750000000	0.1003930350000000
5.0071_0	2.2065022903514606	0.1344635550000000	0.1006917100000000
5.0100_0	2.2154177810967957	0.1541845950000000	0.1069425750000000
5.0100_1	2.1951860280549935	0.1536978650000000	0.0838931900000000
5.0120_0	2.2125729489550561	0.1459808050000000	0.1006955550000000
5.0120_1	2.2175539862825762	0.1545581850000000	0.1185410100000000
50.1400_0	2.2000665209375754	0.1506698050000000	0.1053320100000000
5.0140_0	2.2174689145962292	0.1662492600000000	0.0899086750000000
5.0140_1	2.1842601725682331	0.1479091800000000	0.0599422550000000
5.0180_0	2.2140919104980790	0.1434697000000000	0.1078144800000000
5.0181_0	2.2108723620885335	0.1470435000000000	0.1022777600000000
5.0182_0	2.1953659984041773	0.1675521350000000	0.1269198850000000
5.0183_0	2.2145810915509072	0.1572640450000000	0.1110294500000000
5.0210_0	2.2101823914654775	0.1563958950000000	0.1444046800000000
5.0210_1	2.2289374076331638	0.2033254000000000	0.0898179500000000
5.0230_0	2.2067559975897582	0.1464248350000000	0.1013159650000000
5.0260_0	2.2096802333661616	0.1491621450000000	0.1030323350000000
5.0290_0	2.2102214609478454	0.1578939950000000	0.1023245400000000
5.0301_1	2.1857047179512081	0.1588303650000000	0.1022998200000000
5.0302_0	2.2166980315906963	0.1426642200000000	0.1113437100000000
5.0310_0	2.2108496606851786	0.1234211650000000	0.1027419000000000
5.0310_1	2.1883408152837611	0.1471239700000000	0.0962755050000000
5.0340_0	2.2059705947261055	0.1624038800000000	0.0615440000000000
5.0341_0	2.1882938609683293	0.1421242400000000	0.1425595650000000
5.0341_1	2.1911152041864299	0.1578979450000000	0.0608474300000000
5.0370_0	2.2165857469866341	0.1481057850000000	0.1082359650000000
5.0400_0	2.2096430164552814	0.1436757400000000	0.0988992800000000
5.0400_1	2.1933536839791241	0.1493075200000000	0.0958686750000000
5.0401_0	2.2138445979187509	0.1460440850000000	0.0958780050000000
5.0401_1	2.2097774530731722	0.1259390250000000	0.0751453550000000
5.0402_0	2.2293279944187576	0.1870807800000000	0.1368783350000000
5.0402_1	2.1868910319698087	0.1567747550000000	0.0963193950000000
5.0410_0	2.2086191970899494	0.1515482300000000	0.0902330150000000
5.0450_0	2.2111251396972813	0.1544820250000000	0.1033543850000000
5.0500_0	2.2124353792116009	0.1537251750000000	0.0883568900000000
5.0500_1	2.1945408787599141	0.1731455950000000	0.0762717350000000
5.0501_0	2.2112344770030821	0.1461361500000000	0.1044938350000000
5.0540_0	2.2124537556079171	0.1556725050000000	0.0886484900000000
5.0600_0	2.2172790097729784	0.1608516700000000	0.1119547950000000
5.0601_0	2.2079052029428037	0.1465833350000000	0.0961434400000000
5.0601_1	2.1862347531728306	0.1579148450000000	0.1101853450000000
5.0620_0	2.2099950171260021	0.1537762700000000	0.1029904300000000
5.0700_0	2.2081353644676107	0.1554546900000000	0.0964437900000000
5.0700_1	2.1885579617884305	0.1611556250000000	0.0924817500000000
5.0800_0	2.2110117767657740	0.1469048650000000	0.0986790500000000
5.0800_1	2.2358261414944995	0.2106327900000000	0.1253073550000000
5.0801_0	2.2126321080719529	0.1230380900000000	0.0604425150000000
5.0900_0	2.2089212281799511	0.1575320450000000	0.1067591500000000
5.0920_0	2.2081098424733341	0.1387994800000000	0.1043977550000000
5.0920_1	2.1753536915702201	0.1529818650000000	0.0965940800000000
5.1000_0	2.2051746456641133	0.1505636150000000	0.1025641500000000
5.1000_1	2.2363190167428262	0.2720159950000000	0.1157507450000000
5.1001_0	2.2125364242531873	0.1523758150000000	0.0869514650000000
5.1001_1	2.3976825356759792	0.2585239400000000	0.0986286900000000
5.1020_0	2.2095757318275355	0.1445496300000000	0.1110761700000000
5.1030_0	2.1951072349724456	0.1174640950000000	0.1096070600000000
5.1030_1	2.2387767809472572	0.2071568100000000	0.1278058850000000
5.1040_0	2.2124469880422595	0.1522344500000000	0.1014901350000000
5.1080_0	2.2066200171032313	0.1742885650000000	0.1293223350000000
5.1080_1	2.2425413385066162	0.1990202250000000	0.1148713900000000
5.1100_0	2.2104912492726108	0.1534673600000000	0.1009016200000000
5.1170_0	2.2130902594176223	0.1497089700000000	0.0909644850000000
5.1180_0	2.2154146659747345	0.1506995300000000	0.0906199550000000
5.1180_1	2.1837506216726306	0.1553639850000000	0.0735170200000000
5.1210_0	2.2139081210885445	0.1427808200000000	0.1016610900000000
5.1210_1	2.1934891984557545	0.1385355950000000	0.0890822100000000
5.1270_0	2.1866162904016111	0.1670995350000000	0.1144335450000000
5.1270_1	2.1934280865312523	0.1575670300000000	0.0964893250000000
5.1310_0	2.2140164015761745	0.1493080100000000	0.1099509350000000
5.1310_1	2.1933891141265205	0.1532089850000000	0.0866275100000000
5.1330_0	2.2103039269743721	0.1474782700000000	0.1007455000000000
5.1340_0	2.2161967285139101	0.1416097300000000	0.1023341250000000
5.1340_1	2.1919999104329899	0.1471430150000000	0.0930446400000000
5.1400_0	2.2105593707749240	0.1480920250000000	0.1115367550000000
5.1401_1	2.1916701987552640	0.1450925550000000	0.0799057650000000
5.1440_0	2.2088143791117303	0.1569502950000000	0.0939669450000000
5.1441_0	2.2158286850089741	0.1471485100000000	0.1015530950000000
5.1500_0	2.2225828436556161	0.2074702050000000	0.1170387400000000
5.1500_1	2.1949130170070514	0.1564908700000000	0.0964842650000000
5.1590_0	2.2092536397427480	0.1486638650000000	0.0848476400000000
5.1590_1	2.2037494371491548	0.2326680100000000	0.1151559900000000
5.1650_0	2.2099626749055408	0.1638762950000000	0.0772240350000000
5.1690_0	2.2162029776184147	0.1552317000000000	0.0986220050000000
5.1700_0	2.2169876969396380	0.1589642100000000	0.0947074950000000
5.1701_0	2.2142375584764822	0.1540224450000000	0.1171240500000000
5.1800_0	2.2185939989256376	0.1647966350000000	0.1059225350000000
5.1800_1	2.1956528368836921	0.1629475900000000	0.1011905400000000
5.1830_0	2.2069645031076099	0.1503942500000000	0.0991243450000000
5.1830_1	2.1855971927375699	0.1390081500000000	0.0967000050000000
5.1900_0	2.2140349110266273	0.1482842850000000	0.1027672750000000
5.1901_0	2.1906972684443633	0.1230424300000000	0.1131605650000000
5.1901_1	2.2590090981291233	0.1996899100000000	0.1132846900000000
5.1902_0	2.2125541250228835	0.1959800300000000	0.1390106600000000
5.2000_0	2.2127986656193954	0.1891789200000000	0.1102465850000000
5.2001_0	2.2125009120931796	0.2025113850000000	0.1199197900000000
5.2002_0	2.2092953342342470	0.1576619100000000	0.0957167100000000
5.2002_1	2.1878268291558074	0.1499537700000000	0.0842726350000000
5.2003_1	2.1916309260246019	0.1353413550000000	0.1037246350000000
5.2004_0	2.2101629868695616	0.1651520100000000	0.0960587400000000
5.2004_1	2.1750859119790413	0.1678533600000000	0.1083326450000000
5.2005_0	2.2199672539402444	0.1658225800000000	0.1269335450000000
5.2005_1	2.1844177299809626	0.1501341500000000	0.1064668650000000
5.2006_0	2.2157178117760488	0.1682952400000000	0.1232960950000000
5.2006_1	2.1859434458275113	0.1337832200000000	0.1068724100000000
5.2007_0	2.2149685970671791	0.1587960500000000	0.0947553750000000
5.2008_0	2.2104067676208428	0.1513324050000000	0.0891401050000000
5.2020_0	2.2158823362187361	0.1527126900000000	0.0805604850000000
5.2020_1	2.1913967312846441	0.1327804350000000	0.0595059450000000
5.2040_0	2.2153501686850965	0.1468845550000000	0.1122708900000000
5.2100_0	2.2097126388907387	0.1525017500000000	0.1006578800000000
5.2100_1	2.2376428304299374	0.2320823000000000	0.1215174350000000
5.2101_0	2.2098833876389978	0.1484208750000000	0.0953200650000000
5.2101_1	2.1933536676536312	0.1790344100000000	0.1196373050000000
5.2200_0	2.2125476389452721	0.1347599850000000	0.0994304700000000
5.2200_1	2.1947027636600360	0.1534474450000000	0.0611142600000000
5.2201_0	2.2101985672340634	0.1565448100000000	0.0973620850000000
5.2201_1	2.2208831324673741	0.2023797900000000	0.0890527700000000
5.2202_1	2.2024225797382893	0.1753185700000000	0.0927303300000000
5.2240_0	2.2163025097936662	0.1453810650000000	0.0916604150000000
5.2240_1	2.1944949622646339	0.1452697100000000	0.0820840550000000
5.2241_0	2.2064667545412808	0.1692952400000000	0.0883748450000000
5.2241_1	2.1871980490410805	0.1397797500000000	0.0922975600000000
5.2250_0	2.2080004086933149	0.1578096800000000	0.1020352350000000
5.2250_1	2.1754627757493723	0.1888586700000000	0.1268838150000000
5.2300_0	2.2109216414993318	0.1557443100000000	0.0909250950000000
5.2300_1	2.1899078334424797	0.1523212150000000	0.0951597700000000
5.2301_0	2.2166090204528919	0.1586368400000000	0.1010855300000000
5.2310_0	2.2090401082382964	0.1706368950000000	0.0965996200000000
5.2370_0	2.2145032319787101	0.1688343700000000	0.1005170100000000
5.2370_1	2.1807164374481012	0.1493122150000000	0.0693974600000000
5.2500_0	2.2223457456274009	0.1747805500000000	0.1276555150000000
5.2500_1	2.1900147576404487	0.1567470250000000	0.0994764950000000
5.2502_1	2.1910467853395947	0.1565721800000000	0.0978704850000000
5.2560_0	2.2083416049215328	0.1658896300000000	0.0697530800000000
5.2560_1	2.1933225553316396	0.1303865250000000	0.0956215450000000
5.2660_0	2.2056364776075945	0.1431110950000000	0.0999372750000000
5.2661_1	2.1849473759144549	0.1372731150000000	0.1011062850000000
5.2700_0	2.2086995961632963	0.1493867550000000	0.1007598750000000
5.2710_0	2.2085712821268508	0.1509708450000000	0.0848192450000000
5.2740_0	2.2102880181514029	0.1545777000000000	0.0845594500000000
5.2740_1	2.1933247141461027	0.1500186350000000	0.0933919150000000
5.2770_0	2.2154658921335173	0.1520406100000000	0.1092261950000000
5.2770_1	2.1874741946981571	0.1402981050000000	0.0835350650000000
5.2790_0	2.2124946826951173	0.1674996500000000	0.1067912050000000
5.2790_1	2.1825443704361338	0.1772136250000000	0.0848267950000000
5.2870_0	2.2164462809826664	0.1362838900000000	0.0566010850000000
5.2870_1	2.1883324177976458	0.1421716300000000	0.0597939350000000
5.2880_0	2.2130043644795681	0.1533306950000000	0.0978789050000000
5.2900_0	2.4594654994003093	0.2906167099999999	0.1101590450000000
5.2901_0	2.2180210766097037	0.1587461200000000	0.1050791500000000
5.2901_1	2.1900879563173294	0.1395109550000000	0.1002646400000000
5.2902_0	2.2176178068661496	0.1560511100000000	0.1025543850000000
5.2960_0	2.2143398073039706	0.1463480650000000	0.1045006000000000
5.2960_1	2.3389810422512469	0.2423616350000000	0.1272176350000000
5.3000_0	2.2071818196840218	0.1530137050000000	0.0955451350000000
5.3001_0	2.2146559631160629	0.1487063700000000	0.1043316150000000
5.3001_1	2.1906727178507195	0.1335610300000000	0.0857591200000000
5.3020_0	2.2105966086487507	0.1550594350000000	0.0962911750000000
5.3020_1	2.1874002872114233	0.1308663000000000	0.0990620050000000
5.3060_0	2.2074354592124390	0.1569375800000000	0.0857695000000000
5.3060_1	2.2413547078448910	0.2084620550000000	0.0957328250000000
5.3200_0	2.2186642463365716	0.1584529450000000	0.1140124400000000
5.3230_0	2.2014300242222489	0.1803943200000000	0.0932764500000000
5.3240_0	2.2156389845193400	0.1431355250000000	0.0744849900000000
5.3240_1	2.1878460740660741	0.1548572150000000	0.0928061000000000
5.3260_0	2.2036366521175186	0.1494958900000000	0.0993136650000000
5.3270_0	2.2162111753874494	0.1478317500000000	0.0988936850000000
5.3270_1	2.1752132448651942	0.1649457000000000	0.1117146850000000
5.3280_0	2.2069175588950825	0.1311109350000000	0.1118452800000000
5.3350_0	2.2141684326436386	0.1457058650000000	0.1027742750000000
5.3360_0	2.2098886400843027	0.1634775850000000	0.1115757750000000
5.3400_0	2.2148301342661187	0.1462120350000000	0.0924651500000000
5.3400_1	2.1913410738694581	0.1425586250000000	0.0983802500000000
5.3401_0	2.2028108986951818	0.1237879400000000	0.1063527750000000
5.3402_0	2.2101691631922820	0.1695452800000000	0.1107284750000000
5.3402_1	2.1910484408005941	0.1372174200000000	0.0878482750000000
5.3450_0	2.2125987424842330	0.1295217700000000	0.0971157550000000
5.3490_0	2.2095644355185975	0.1589115200000000	0.1071385100000000
5.3600_0	2.2089620056726376	0.1613408750000000	0.0751796700000000
5.3600_1	2.1947059522147914	0.1585137400000000	0.1094629200000000
5.3630_0	2.2168395498379199	0.1421415600000000	0.1074006550000000
5.3630_1	2.1890572762444358	0.1382113600000000	0.0563128000000000
5.3640_0	2.2118278174194179	0.1514656650000000	0.1102571450000000
5.3800_0	2.2014541168224069	0.1428961500000000	0.1113783500000000
5.3800_1	2.1933363313470355	0.1534272650000000	0.0876537700000000
5.3850_0	2.2168049370296390	0.1454589900000000	0.1083456100000000
5.3851_0	2.2069276214216531	0.1417182750000000	0.0869087050000000
5.3851_1	2.2960358849390805	0.2264386550000000	0.1262529500000000
5.3900_0	2.2125154166091527	0.1548449450000000	0.0910364400000000
5.3930_0	2.2063797955544233	0.1599215350000000	0.0920564300000000
5.3970_0	2.2090459340711548	0.1360521450000000	0.0924916000000000
5.4000_0	2.2101837579708010	0.1629821150000000	0.0980806200000000
5.4001_0	2.2149517220772696	0.1511574300000000	0.1032341550000000
5.4001_1	2.1984107573164100	0.1429995300000000	0.0987059650000000
5.4060_0	2.2148671515000058	0.1577334050000000	0.1039340300000000
5.4200_0	2.2104207345777858	0.1590535100000000	0.0933903150000000
5.4230_1	2.1855675529398639	0.1562451400000000	0.0728143400000000
5.4270_0	2.2070792870050830	0.1723000800000000	0.1187566400000000
5.4300_0	2.2126824324043555	0.1513834750000000	0.0724811350000000
5.4300_1	2.1933708523347724	0.1700636950000000	0.0748251550000000
5.4350_0	2.2086641497323161	0.1528318700000000	0.1008741400000000
5.4380_0	2.2016029650407933	0.1560930600000000	0.0723373250000000
5.4390_0	2.2108855697479539	0.1402741350000000	0.1033990200000000
5.4390_1	2.1963127131114368	0.1457606850000000	0.0978270700000000
5.4400_1	2.1887406744972022	0.1236923500000000	0.0963634800000000
5.4450_0	2.2110304879941833	0.1581433850000000	0.0953143050000000
5.4500_0	2.2073656262487669	0.1531725400000000	0.1143726200000000
5.4500_1	2.1903039305862926	0.1352140350000000	0.1040412450000000
5.4540_1	2.1804818116653553	0.1427456650000000	0.0831888650000000
5.4570_0	2.2099773943352541	0.1513444800000000	0.1026355650000000
5.4600_0	2.2086935710546953	0.1376847350000000	0.0637769600000000
5.4600_1	2.2349909185483430	0.2074350250000000	0.1150521000000000
5.4601_0	2.2105115943894447	0.1504284750000000	0.0663551300000000
5.4601_1	2.1851709513583697	0.1484443650000000	0.0907279850000000
5.4602_1	2.1618560381420173	0.1388577400000000	0.1157966600000000
5.4603_0	2.2083082614070682	0.1597952650000000	0.0912949050000000
5.4700_0	2.2154750886725765	0.1585144650000000	0.1057323700000000
5.4700_1	2.1784566846527702	0.1290811500000000	0.1134483550000000
5.4701_0	2.2149904314860009	0.1547752650000000	0.0900668150000000
5.4701_1	2.1791374830155439	0.1361217750000000	0.1133542400000000
5.4800_0	2.2106817893950699	0.1446918700000000	0.1061236750000000
5.4800_1	2.3743862981516459	0.2621029600000000	0.0789129550000000
5.4910_0	2.2124889807529797	0.1246160800000000	0.0747711250000000
5.4930_0	2.2176083727880362	0.1794052350000000	0.1186390950000000
5.4930_1	2.1871110895520220	0.1482952900000000	0.0926412550000000
5.5000_0	2.2108318653665506	0.1440383650000000	0.0987565000000000
5.5040_0	2.2082345667906433	0.1390464100000000	0.0929808000000000
5.5040_1	2.1859485489034065	0.1096938000000000	0.0785623000000000
5.5100_0	2.2164052695322489	0.1461449050000000	0.0895600950000000
5.5101_1	2.1950974182597407	0.1620208950000000	0.0862520900000000
5.5210_0	2.2098403409136242	0.1489351200000000	0.1055533950000000
5.5210_1	2.1884728956322830	0.1239660750000000	0.0969126750000000
5.5300_0	2.2034114088428738	0.1690046300000000	0.0883859400000000
5.5320_0	2.2112739531807510	0.1468688600000000	0.1003689800000000
5.5600_0	2.2174195600316122	0.1603017700000000	0.0992027750000000
5.5600_1	2.1848452543361785	0.1266230600000000	0.1071961750000000
5.5650_0	2.2054230927558511	0.1410834600000000	0.1028369000000000
5.5650_1	2.1984885060795571	0.1763006500000000	0.1018737000000000
5.5660_0	2.2161862919138380	0.1424425250000000	0.1033574850000000
5.5700_0	2.2092403114925885	0.1520570300000000	0.1052334150000000
5.5700_1	2.1912080128453795	0.1530203500000000	0.0968071850000000
5.5701_1	2.1906922202308960	0.1536942900000000	0.0868368350000000
5.5710_0	2.2085955859419313	0.1450965450000000	0.0998970200000000
5.5710_1	2.1867083852632794	0.1357051950000000	0.0984967750000000
5.5780_0	2.2127798689840938	0.1418773250000000	0.1023109100000000
5.5900_0	2.2085887814984866	0.1475540600000000	0.0971979850000000
5.5900_1	2.4002871503262249	0.2840582400000000	0.1524718200000000
5.6001_0	2.2104551683655775	0.1402289450000000	0.1043832500000000
5.6150_0	2.2161516765750520	0.1559568100000000	0.1086426450000000
5.6160_0	2.2142684282659939	0.1710370600000000	0.1151307350000000
5.6160_1	2.2096200511588147	0.1850475900000000	0.0669309750000000
5.6180_0	2.2084438086425520	0.1410205300000000	0.0973104000000000
5.6180_1	2.1919367986337557	0.1427678450000000	0.0955196550000000
5.6240_0	2.2065882441573246	0.1385957250000000	0.1061504450000000
5.6260_0	2.2125443233886593	0.1403987850000000	0.0851454100000000
5.6260_1	2.1963096443532648	0.1563833050000000	0.0864798550000000
5.6290_0	2.2086922869350318	0.1455674450000000	0.1095785600000000
5.6300_0	2.2158653879847257	0.1563944200000000	0.0778742550000000
5.6300_1	2.1896740812666837	0.1480669700000000	0.0943712200000000
5.6301_0	2.2048682658033818	0.1421323700000000	0.1016418250000000
5.6301_1	2.1920411796029340	0.1301890850000000	0.0881658650000000
56.3100_1	2.1977561058289594	0.1447249300000000	0.1007861550000000
5.6370_0	2.2124438609217298	0.1510096050000000	0.1003319400000000
5.6370_1	2.1888341762752304	0.1504034050000000	0.0991639300000000
5.6400_0	2.2519782297593283	0.2274578900000000	0.1441545800000000
5.6400_1	2.1653186107595439	0.1205650100000000	0.0949371950000000
5.6410_0	2.2071149176915368	0.1608617000000000	0.0597187950000000
5.6420_1	2.1890541819494267	0.1425698800000000	0.0893447500000000
5.6421_0	2.2081628946247438	0.1731620500000000	0.1059149400000000
5.6421_1	2.1914062639950673	0.1410679750000000	0.0951784500000000
5.6500_0	2.2152349788511412	0.1693784550000000	0.1045017200000000
5.6500_1	2.1921364732785906	0.1367214100000000	0.0839449050000000
5.6580_0	2.2082188867541439	0.1446383350000000	0.0476159350000000
5.6640_0	2.2085408088841731	0.1527389750000000	0.0995037200000000
5.6760_0	2.2153229613690288	0.1632075200000000	0.1023627650000000
5.6800_0	2.2103182652932194	0.1424915600000000	0.0945282550000000
5.6800_1	2.1848697956783805	0.1555461950000000	0.1402501850000000
5.6890_0	2.2044317395184390	0.1466077800000000	0.0993862300000000
5.6900_0	2.2160773390072062	0.1474663400000000	0.0901506500000000
5.6900_1	2.1885388038864590	0.1576531400000000	0.0870691950000000
5.6901_0	2.2499063173142111	0.2086042950000000	0.1407416250000000
5.7160_0	2.2030079902241173	0.1422076400000000	0.1060277050000000
5.7160_1	2.2285874750074557	0.2032995400000000	0.0748651000000000
5.7200_0	2.2055922886156720	0.1365547350000000	0.0916531250000000
5.7210_0	2.2090203773380881	0.1344503650000000	0.0933076450000000
5.7210_1	2.2345896767220164	0.1940048750000000	0.0983685550000000
5.7300_0	2.2088020156720924	0.1387705900000000	0.0904852350000000
5.7330_0	2.2034113640749959	0.1480609650000000	0.0988725300000000
5.7380_0	2.2174126597451425	0.1572895150000000	0.0980455800000000
5.7400_0	2.1984397029137650	0.1417523200000000	0.0978568650000000
5.7400_1	2.2339986971220647	0.1967640250000000	0.0790123350000000
5.7401_0	2.2110868896931040	0.1615360550000000	0.0795396850000000
5.7401_1	2.1903419272337170	0.1510915950000000	0.0880651900000000
5.7402_0	2.2097055208773617	0.1472485450000000	0.0912591550000000
5.7403_0	2.2077617159180272	0.1551709850000000	0.1020239850000000
5.7403_1	2.1909540801858838	0.1507921300000000	0.0951695700000000
5.7404_1	2.2350803581789882	0.1909396950000000	0.1256411200000000
5.7470_0	2.2126008689777685	0.1538217450000000	0.0825531150000000
5.7500_0	2.2154825647850815	0.1428708000000000	0.1097291950000000
5.7500_1	2.1962456954811067	0.1432166050000000	0.1078510100000000
5.7600_0	2.2094293559268223	0.1560113600000000	0.1115883350000000
5.7601_0	2.2014335568914625	0.1514825300000000	0.1092858300000000
5.7602_0	2.2158822716319886	0.1502333750000000	0.0994595600000000
5.7602_1	2.2696106659016420	0.2061933050000000	0.0679258100000000
5.7700_0	2.2119524314448338	0.1521886550000000	0.1094565800000000
5.7701_0	2.2049722032752852	0.1349865250000000	0.0976450400000000
5.7701_1	2.3656062683596750	0.2492384400000000	0.1282109000000000
5.7702_0	2.2174647516449126	0.1550172400000000	0.0778137250000000
5.7760_1	2.1893598511315751	0.1561129700000000	0.0708107000000000
5.7820_0	2.2071435479871226	0.1486902700000000	0.1025540250000000
5.7820_1	2.1852461471936930	0.1519973600000000	0.0795487750000000
5.7860_0	2.2095610773054619	0.1544138350000000	0.0931456650000000
5.8080_0	2.2099755432730679	0.1452641750000000	0.0969632600000000
5.8100_0	2.2099837369651296	0.1464097600000000	0.0929290400000000
5.8120_0	2.2167845628120126	0.1632012150000000	0.1006308450000000
5.8120_1	2.2101570933356793	0.2138429750000000	0.1006955200000000
5.8130_0	2.2103350468018235	0.1498248200000000	0.1038692600000000
5.8130_1	2.1933816724534569	0.1603257300000000	0.0897008400000000
5.8200_1	2.1858179802667292	0.1585952050000000	0.1072988150000000
5.8201_0	2.2084876291711328	0.1562179450000000	0.0989324950000000
5.8300_0	2.2085605099821382	0.1550529750000000	0.0697610600000000
5.8300_1	2.1921701176734167	0.1459835600000000	0.0779470450000000
5.8400_0	2.2259280585446404	0.1584978500000000	0.0774283450000000
5.8510_0	2.2110360168842536	0.1628429400000000	0.0990563600000000
5.8510_1	2.1931769736094893	0.1425444350000000	0.0830114150000000
5.8700_0	2.2094144626179726	0.1429127750000000	0.1073527450000000
5.8701_0	2.2064092401150894	0.1314822250000000	0.1007572750000000
5.8702_0	2.1586202735866631	0.1318616500000000	0.1209037250000000
5.8702_1	2.1890875550115498	0.1494565450000000	0.0850818500000000
5.8703_0	2.2033933990168340	0.1557657800000000	0.0917635400000000
5.8703_1	2.1922395687243559	0.1591818900000000	0.0866638350000000
5.8750_0	2.2122323459614468	0.1739605950000000	0.1314516750000000
5.8750_1	2.1935965555745094	0.1677222000000000	0.0870198400000000
5.8900_0	2.2107673220357085	0.1354181450000000	0.0794538900000000
5.8901_0	2.2090699195502612	0.1459530900000000	0.0998512150000000
5.8901_1	2.1753688692475017	0.1630324050000000	0.0743299900000000
5.9100_0	2.2096304007618954	0.1586297250000000	0.0945293600000000
5.9140_0	2.2072891465957150	0.1409801300000000	0.0978544050000000
5.9170_0	2.2087620072479290	0.1523659250000000	0.1100367650000000
5.9170_1	2.1904976540437930	0.1307727200000000	0.0863010900000000
5.9310_0	2.2088892599086041	0.1505857800000000	0.0779785550000000
5.9430_0	2.2090086056959852	0.1464759700000000	0.1014448600000000
5.9430_1	2.1840813941102288	0.1409330700000000	0.0713418850000000
5.9440_0	2.2094458590026993	0.1412297800000000	0.0863437350000000
5.9520_0	2.2056775104900548	0.1573821850000000	0.0835776100000000
5.9520_1	2.1864305021202171	0.1398675050000000	0.0822394800000000
5.9600_0	2.2198619118475795	0.1584885200000000	0.1084553800000000
5.9700_0	2.2062484255793295	0.1453571650000000	0.0833479800000000
5.9700_1	2.2000966439520715	0.1786440300000000	0.1095349200000000
5.9750_0	2.2152354102846750	0.1654469850000000	0.1120358100000000
5.9750_1	2.1914502551018455	0.1479463300000000	0.0829099400000000
5.9900_0	2.2095758018250735	0.1489289500000000	0.0978055000000000
6.0100_0	2.2059853455910559	0.1571345900000000	0.0920232900000000
6.0100_1	2.2283761100530484	0.2108150800000000	0.1137320800000000
6.0330_0	2.2092369617440015	0.1726838650000000	0.0829339950000000
6.0450_1	2.1643012044188752	0.1254151950000000	0.1035176300000000
6.0480_0	2.2104855710507549	0.1457391600000000	0.1001188600000000
6.0501_0	2.2106443307686567	0.1424212800000000	0.0933769700000000
6.0501_1	2.1933596293416828	0.1537316350000000	0.0889119000000000
6.0530_0	2.2166228807249277	0.1597494400000000	0.0883141600000000
6.0590_0	2.2086637880446109	0.1587420000000000	0.1004315300000000
6.0590_1	2.1932918302492999	0.1539150050000000	0.0873018800000000
6.0610_0	2.2123730871874594	0.1729100400000000	0.1218544850000000
6.0700_0	2.2162801053411725	0.1673310150000000	0.0910564800000000
6.0701_0	2.2102015814286062	0.1564737800000000	0.0963952800000000
6.0701_1	2.2178149560606761	0.1908872900000000	0.1201911450000000
6.0800_0	2.2142363479351652	0.1594776500000000	0.1175277000000000
6.0860_0	2.2076479551175576	0.1450410250000000	0.1012961350000000
6.0860_1	2.1906083377682615	0.1721577750000000	0.0676283800000000
6.0870_0	2.2089103988447967	0.1457885900000000	0.1007628200000000
6.0990_0	2.2157042171706189	0.1424603950000000	0.0976587200000000
6.1000_0	2.2161239485862749	0.1488349250000000	0.1119649550000000
6.1000_1	2.2992555469848326	0.2698352900000001	0.1429060450000000
6.1001_0	2.2159136751424917	0.1640523850000000	0.0979736500000000
6.1090_0	2.2076811660911355	0.1368425700000000	0.1067822100000000
6.1210_0	2.2092415539100063	0.1562264650000000	0.0987691400000000
6.1211_0	2.2080208641982781	0.1388019700000000	0.1021209650000000
6.1330_0	2.2076323553729593	0.1526246800000000	0.0815648500000000
6.1380_0	2.2139224501197456	0.1428923900000000	0.0944978500000000
6.1400_0	2.2095427323384538	0.1430290700000000	0.0905992400000000
6.1400_1	2.2190037484159939	0.1783717900000000	0.1101256350000000
6.1401_0	2.2094177392121939	0.1552859850000000	0.1074739250000000
6.1530_0	2.2182953620683410	0.1861105400000000	0.0940637650000000
6.1590_0	2.2111859607078714	0.1544536350000000	0.1011324300000000
6.1590_1	2.1942321000708800	0.1573566700000000	0.1192580450000000
6.1600_0	2.2145119667939377	0.1567226200000000	0.0794760350000000
6.1600_1	2.1871678075074161	0.1516209750000000	0.0889970100000000
6.1601_0	2.2014140258512485	0.1465709400000000	0.1054156500000000
6.1700_0	2.2100058691764888	0.1559620700000000	0.1001550600000000
6.1701_1	2.3073732397186744	0.2338316150000000	0.1194250950000000
6.1740_0	2.2086534403307505	0.1476678300000000	0.1012301000000000
6.1800_0	2.2107287590877460	0.1425244350000000	0.1041039400000000
6.1930_0	2.2068391629952715	0.1396407350000000	0.0952016100000000
6.2000_0	2.2050600779915870	0.1601173100000000	0.0891347500000000
6.2080_0	2.0936116064374599	0.1233941950000000	0.3853967350000000
6.2080_1	2.2070447000603997	0.1614650100000000	0.0769106950000000
6.2120_0	2.2078068025581712	0.1481060950000000	0.0945207850000000
6.2120_1	2.1890532496074289	0.1561700450000000	0.0985960800000000
6.2170_0	2.2062143034831396	0.1546621150000000	0.0985680650000000
6.2240_0	2.2042073992292499	0.1305800750000000	0.0800408350000000
6.2240_1	2.1899399483507822	0.1366348850000000	0.0923137350000000
6.2300_0	2.2097994713132181	0.1496274250000000	0.0971102350000000
6.2400_0	2.2077557918583999	0.1523979800000000	0.1044099400000000
6.2400_1	2.1860300905941124	0.1349759250000000	0.0982102000000000
6.2401_0	2.2080577704078910	0.1571610500000000	0.1049771450000000
6.2401_1	2.1896443354947341	0.1514378350000000	0.0949748650000000
6.2420_0	2.2100533018916209	0.1597256400000000	0.0870894750000000
6.2500_0	2.2095133986851327	0.1645978600000000	0.0894392600000000
6.2500_1	2.1898797991050802	0.1366184200000000	0.0910841750000000
6.2501_1	2.1951732834737374	0.1665375050000000	0.0917243850000000
6.2520_0	2.2092731860753285	0.1558718600000000	0.1002298800000000
6.2520_1	2.1920077346807205	0.1656593350000000	0.0786177000000000
6.2601_0	2.2126700650455775	0.2197883150000000	0.1117836950000000
6.2620_0	2.2099859089022136	0.1563760450000000	0.0834440350000000
6.2620_1	2.1886612561598664	0.1492604550000000	0.1189939300000000
6.3000_1	2.1911488176958489	0.1547343750000000	0.0890044200000000
6.3001_1	2.1871645249805400	0.1479607150000000	0.0849232200000000
6.3300_0	2.2013967689930225	0.1500564500000000	0.0852676150000000
6.3300_1	2.1896633702644803	0.1401932650000000	0.0991364450000000
6.3400_0	2.2159342635697632	0.1492390950000000	0.0968298050000000
6.3401_0	2.2189228462955239	0.1717371850000000	0.0713321550000000
6.3500_0	2.2216882005828684	0.1664633750000000	0.1270716800000000
6.3620_1	2.1836545205991662	0.1507649950000000	0.0896730550000000
6.3870_0	2.2584079924193388	0.2164382250000000	0.1488070650000000
6.3870_1	2.1939716435822612	0.1401405750000000	0.0987122900000000
6.3880_0	2.2154904304560921	0.1496606400000000	0.1142902600000000
6.3880_1	2.1876796425531633	0.1524006450000000	0.0954530900000000
6.4110_0	2.2109897757276689	0.1594216300000000	0.1125312400000000
6.4120_0	2.2103460570875626	0.1551212000000000	0.0899360500000000
6.4300_0	2.2080743347569820	0.1424854500000000	0.1033282400000000
6.4300_1	2.1963251786064508	0.1665012500000000	0.0863613700000000
6.4301_0	2.2156797402788819	0.1517041050000000	0.1121999600000000
6.4500_0	2.2177620579802810	0.1638603900000000	0.0936067300000000
6.4500_1	2.1882168327328908	0.1428747900000000	0.0898013350000000
6.4600_0	2.2125813369805942	0.1894442150000000	0.1170400250000000
6.4600_1	2.1903568260447082	0.1409970350000000	0.1001844850000000
6.4601_0	2.2141412592521355	0.1463162450000000	0.0998233300000000
6.4800_0	2.2110101042035848	0.1420776300000000	0.0965366250000000
6.4800_1	2.1914772569990970	0.1383532650000000	0.0801208050000000
6.5000_0	2.2001049639212864	0.1228722700000000	0.0971306000000000
6.5000_1	2.1933587690337446	0.1278114800000000	0.0924701200000000
6.5001_0	2.2100498789372196	0.1494193850000000	0.1118736900000000
6.5070_0	2.2101489899393942	0.1388984750000000	0.0668529300000000
6.5100_0	2.2041226446643218	0.1489658400000000	0.1081260400000000
6.5100_1	2.1919353008117564	0.1439820950000000	0.0934797500000000
6.5290_0	2.2072197302605647	0.1481936600000000	0.1043532750000000
6.5290_1	2.1878928937888902	0.1314856150000000	0.0931233900000000
6.5300_0	2.2123944133752684	0.1724820400000000	0.1287047350000000
6.5300_1	2.1934465729737549	0.1612427650000000	0.0988400100000000
6.5340_0	2.2086578208823329	0.1664008500000000	0.1078573950000000
6.5340_1	2.1880569578758662	0.1561064900000000	0.0746458750000000
6.5350_0	2.2097766960568022	0.1578614050000000	0.0944678050000000
6.5400_0	2.2108702152552779	0.1501253250000000	0.1088395300000000
6.5400_1	2.1904684172552296	0.1399792000000000	0.0941278450000000
6.5500_0	2.2107491254597011	0.1574690700000000	0.1160260550000000
6.5600_0	2.2144739548899426	0.1624411250000000	0.0875597650000000
6.5600_1	2.1907788158814023	0.1466217400000000	0.0966429800000000
6.5601_0	2.2083497068372595	0.1530359450000000	0.1110681050000000
6.5880_0	2.2091219228793406	0.1423355050000000	0.0845803650000000
6.5900_0	2.2109451717151516	0.1455698650000000	0.1057143300000000
6.6090_0	2.2026371112980687	0.1445777750000000	0.0941147500000000
6.6090_1	2.1890494314414366	0.1543058200000000	0.0971727850000000
6.6300_1	2.1968441199219453	0.1484847450000000	0.1001476600000000
6.6401_0	2.2086271179841988	0.1626557300000000	0.1004765800000000
6.6460_0	2.1872292836408667	0.1556283750000000	0.1041593200000000
6.7000_1	2.2207965615086600	0.1928020850000000	0.0893617050000000
6.7100_0	2.2108694834966620	0.1436554350000000	0.0968267800000000
6.7100_1	2.1859396510336779	0.1491781000000000	0.0910321250000000
6.7101_1	2.1975214704126342	0.1673009650000000	0.1041617200000000
6.7120_0	2.1760502171664684	0.1029225500000000	0.0992100000000000
6.7400_0	2.2686521298041540	0.2109139900000000	0.1193889150000000
6.7500_1	2.1937962752955285	0.1585496700000000	0.0657123000000000
6.7501_1	2.1911291732533149	0.1481831600000000	0.0959833200000000
6.7700_0	2.2087675329902763	0.1359442450000000	0.0858368250000000
6.7700_1	2.1986886942812593	0.1800277900000000	0.1133037500000000
6.7900_0	2.2088536866100688	0.1556364400000000	0.1022571500000000
6.7900_1	2.1904061637759695	0.1516887550000000	0.0610474050000000
6.7901_0	2.2092417521936172	0.1524793350000000	0.1110134750000000
6.7901_1	2.1863787540276003	0.1495680600000000	0.0953049900000000
6.8000_1	2.1930341421794717	0.1536772950000000	0.1056330200000000
6.8040_0	2.2084434606066528	0.1451293850000000	0.0991090850000000
6.8040_1	2.1962854766150008	0.1648367100000000	0.0973029000000000
6.8100_0	2.2082070691684650	0.1447840700000000	0.1044037000000000
6.8200_0	2.2082014993278656	0.1564518400000000	0.0892908850000000
6.8300_0	2.1969849966411030	0.1654113950000000	0.1233219700000000
6.8400_0	2.2080397489821442	0.1374552100000000	0.0975472450000000
6.8400_1	2.1847577144609560	0.1212554750000000	0.0937749100000000
6.8800_0	2.2095151084499558	0.1552593450000000	0.0827026300000000
6.8801_0	2.2102416684413231	0.1611062900000000	0.0953796850000000
6.8802_0	2.2030852344579155	0.1400061250000000	0.0807128600000000
6.8802_1	2.1933702461322926	0.1363900950000000	0.0951294950000000
6.8803_0	2.2153431048795804	0.1665501850000000	0.0941299350000000
6.8900_0	2.2218091936565942	0.1767574000000000	0.1279276700000000
6.9000_0	2.2062870306341713	0.1412523150000000	0.0971053950000000
6.9020_0	2.2150841729875510	0.1598275000000000	0.0981357300000000
6.9020_1	2.1945674658490586	0.1618799200000000	0.0940032450000000
6.9500_1	2.1883363715687554	0.1545286450000000	0.0812859600000000
6.9700_0	2.2078709878553813	0.1415920150000000	0.0912802700000000
6.9700_1	2.1480788214807394	0.1619541050000000	0.1215333800000000
6.9730_0	2.2094353856430797	0.1492899250000000	0.0920738150000000
6.9800_0	2.2126546098822013	0.1504523000000000	0.0894403150000000
6.9801_1	2.3035926027320248	0.2342069150000000	0.1230944100000000
6.9900_0	2.2746355457345842	0.2399769350000000	0.1321124550000000
6.9901_0	2.2098495584465652	0.1527533850000000	0.0938072450000000
6.9901_1	2.1891048640290105	0.1464446650000000	0.0860278500000000
7.0000_0	2.2064942242311583	0.1617509250000000	0.1256866950000000
7.0000_1	2.1932952779962078	0.1574874350000000	0.0829849550000000
7.0001_0	2.2030119698031156	0.1414524800000000	0.1102960050000000
7.0001_1	2.1752305319753642	0.1361815100000000	0.1069515350000000
7.0100_0	2.2062372711125677	0.1382555600000000	0.0880603650000000
7.0101_0	2.2082069442163803	0.1489257000000000	0.1016380150000000
7.0200_0	2.2110070429807021	0.1528465300000000	0.0918179750000000
7.0200_1	2.1890375136458928	0.1745737500000000	0.1107610000000000
7.0220_0	2.2097394564113553	0.1388854200000000	0.0881573000000000
7.0220_1	2.1925484838376303	0.1493570200000000	0.0895856700000000
7.0400_0	2.2122640617380949	0.1491759250000000	0.1221997000000000
7.0400_1	2.1855084912078033	0.1525789300000000	0.1060204700000000
7.0500_0	2.2089205761574804	0.1514627450000000	0.0923412250000000
7.0520_1	2.1916073273812051	0.1404687350000000	0.0912670600000000
7.0530_0	2.2090039819131264	0.1523081500000000	0.1091161300000000
7.0530_1	2.1974420542348283	0.1492177300000000	0.0982100050000000
7.0600_0	2.2095308889169551	0.1436921300000000	0.1013637450000000
7.0700_1	2.1872153889347943	0.1388675900000000	0.1128077750000000
7.0900_0	2.2072408079398409	0.1555306450000000	0.0913927550000000
7.0901_0	2.2048104179404366	0.1418344550000000	0.0968685550000000
7.0901_1	2.2064375619615872	0.1758160400000000	0.1082065850000000
7.1000_0	2.2063491937310209	0.1495053950000000	0.0927385950000000
7.1100_0	2.2013718842505368	0.1409737600000000	0.0934167600000000
7.1100_1	2.1918174957606986	0.1521331200000000	0.0950295200000000
7.1200_0	2.2078844693598749	0.1523792300000000	0.0823043050000000
7.1200_1	2.3264028159418473	0.2520900600000000	0.0998767650000000
7.1201_0	2.2155036016255858	0.1621504100000000	0.0987150350000000
7.1201_1	2.1925168347437771	0.1421186800000000	0.0946471800000000
71.3400_0	2.2002690682505071	0.1358952350000000	0.1169375450000000
71.3400_1	2.2086524709208315	0.1901777450000000	0.1153129200000000
7.1500_0	2.2064385921481762	0.1524029600000000	0.0936326200000000
7.1600_0	2.1989781523488432	0.1359622400000000	0.0894093450000000
7.1760_0	2.2149397538348667	0.1739800200000000	0.0860898950000000
7.1800_0	2.2076342570859402	0.1405369000000000	0.1042514450000000
7.1800_1	2.1931290319407108	0.1448001450000000	0.0952844450000000
7.1801_0	2.2068081931782451	0.1662512900000000	0.0962772700000000
7.2100_0	2.2071469715623611	0.1593703750000000	0.0962346050000000
7.2100_1	2.1889849805599790	0.1605947150000000	0.1001872100000000
7.2110_0	2.2047212838635906	0.1574432100000000	0.0998396950000000
7.2200_0	2.2102673577610044	0.1650661250000000	0.0965251550000000
7.2230_0	2.1996510349804512	0.1063675700000000	0.0680370900000000
7.2230_1	2.1942242625267938	0.1561612450000000	0.0933615700000000
7.2400_0	2.2144938736706976	0.1461842300000000	0.1029776250000000
7.2400_1	2.1897690386837692	0.1486460350000000	0.0868493200000000
7.2500_0	2.2092753946529839	0.1527615250000000	0.0989336150000000
7.2500_1	2.1932662353455044	0.1567379300000000	0.0747415150000000
7.2600_0	2.2105487134785413	0.1402733700000000	0.1114339850000000
7.2600_1	2.1786258536010714	0.1425347400000000	0.1004177650000000
7.3300_0	2.2086946824334164	0.1463594950000000	0.1001231350000000
7.3500_0	2.2068682489035583	0.1482949650000000	0.0903066250000000
7.3500_1	2.1802965320033949	0.1416116500000000	0.0862417450000000
7.3700_1	2.3100065383053292	0.2490331100000000	0.1148641200000000
7.3800_0	2.1995603574393021	0.1347380750000000	0.0911505550000000
7.3810_0	2.2098275919026289	0.1715965250000000	0.0888270850000000
7.3840_0	2.2076165214977408	0.1417949500000000	0.1013229400000000
7.3900_0	2.2083946412199054	0.1481786900000000	0.0930274350000000
7.4120_0	2.2057141538351157	0.1409850700000000	0.0949266500000000
7.4120_1	2.1885229928081911	0.1141146850000000	0.1104885750000000
7.4230_0	2.2070951906980163	0.1641233900000000	0.0776712550000000
7.4500_0	2.2016835466130900	0.1448080350000000	0.0982011350000000
7.4600_0	2.2018000065285888	0.1487564350000000	0.1162783150000000
7.4600_1	2.1669088494949422	0.1502801750000000	0.0775809450000000
7.4601_0	2.2082107849552188	0.1383830600000000	0.1032670900000000
7.4700_0	2.2325492598797134	0.1823777450000000	0.1078043300000000
7.4800_0	2.2106188725637148	0.1444963800000000	0.0856672050000000
7.4801_0	2.2051009177086605	0.1566787350000000	0.0783997350000000
7.5010_1	2.1903910077780373	0.1566598750000000	0.1142208450000000
7.5100_0	2.2092050046747826	0.1530518350000000	0.1125563300000000
7.5160_0	2.2064953357755672	0.1630291400000000	0.1012809000000000
7.5160_1	2.3291606613384852	0.2527322350000000	0.1270697800000000
7.5300_0	2.2023832452004206	0.1563486700000000	0.0774526500000000
7.5300_1	2.1962832801505523	0.1571915000000000	0.1049141650000000
7.5501_0	2.2086747608526580	0.1492452250000000	0.0992533350000000
7.5501_1	2.1868526914027346	0.1562681200000000	0.0755445450000000
7.5700_0	2.2068662136512747	0.1579823400000000	0.0695978800000000
7.5900_0	2.2078192827740328	0.1495289050000000	0.1055028200000000
7.5900_1	2.1950874440710306	0.1400961550000000	0.0786715300000000
7.5901_0	2.2106055594817673	0.1554322900000000	0.1035245300000000
7.6000_0	2.2074135181557022	0.1496563200000000	0.0940619100000000
7.6400_0	2.2062712876062225	0.1460450450000000	0.1125784550000000
7.6420_0	2.2087403515309454	0.1510921950000000	0.0862552350000000
7.6420_1	2.1920796552195787	0.1430588450000000	0.0925264850000000
7.6600_0	2.2046999135666030	0.1627197300000000	0.1038660100000000
7.6600_1	2.2235907928837020	0.1729349850000000	0.1192016450000000
7.6730_0	2.2124305898128998	0.2397141650000000	0.1349820150000000
7.6730_1	2.3023693746041434	0.2469864500000000	0.1187741050000000
7.6900_0	2.2066544867394691	0.1431294100000000	0.0959008200000000
7.6901_0	2.2066799922026177	0.1443467400000000	0.1006949050000000
7.6902_0	2.2084746373328574	0.1576753000000000	0.0984712000000000
7.6902_1	2.1890436653618397	0.1544961600000000	0.0817471100000000
7.7000_0	2.2086380490130018	0.1390668500000000	0.0916091000000000
7.7000_1	2.1912159569680254	0.1518419900000000	0.0812287750000000
7.7100_0	2.2038279913502583	0.1537392600000000	0.0982926800000000
7.7100_1	2.1906500914057982	0.1284080150000000	0.1030198650000000
7.7101_0	2.2075194428869387	0.1413275500000000	0.0995182100000000
7.7101_1	2.1949071750345159	0.1576068550000000	0.0939324150000000
7.7200_0	2.2033138058258968	0.1544760150000000	0.0849185150000000
7.7600_0	2.2075447014587937	0.1457152800000000	0.1012264000000000
7.7700_0	2.2085756765073921	0.1503970400000000	0.0996473050000000
7.7701_0	2.2082670094234285	0.1558215200000000	0.1128022400000000
7.7701_1	2.1959227849270992	0.1434121500000000	0.0743174950000000
7.7720_0	2.2099947170159675	0.1599644600000000	0.0742796150000000
7.7720_1	2.1939308430771849	0.1644380900000000	0.0813051850000000
7.7800_0	2.2103570211064789	0.1453304150000000	0.1109980000000000
7.7801_0	2.2054151172914684	0.1535781800000000	0.0910079150000000
7.7801_1	2.1859614291541107	0.1397760800000000	0.1018936350000000
7.7802_0	2.2047917848704395	0.1476077900000000	0.1051642900000000
7.8100_0	2.2059717048175980	0.1456408050000000	0.0853588700000000
7.8300_0	2.2103853260601487	0.1464137500000000	0.1132257000000000
7.8300_1	2.1959659668037523	0.1657868150000000	0.1102308400000000
7.8380_0	2.2083677134347983	0.1576701900000000	0.1001287850000000
7.8380_1	2.2166130752747977	0.1927326750000000	0.1014414700000000
7.8400_0	2.2038651656139052	0.1521956050000000	0.0921896800000000
7.8490_0	2.2108911145111620	0.1560067500000000	0.0926872800000000
7.8490_1	2.1885520001921419	0.1404620500000000	0.1017726000000000
7.8600_1	2.1898193989751542	0.1534245000000000	0.0976388350000000
7.8601_1	2.1933424970304038	0.1527181700000000	0.0796011050000000
7.8680_0	2.2190550398958004	0.1739631900000000	0.0601157950000000
7.8680_1	2.1961512251413127	0.1443569000000000	0.1065521100000000
7.8800_0	2.2091944980741074	0.1484833750000000	0.0894077500000000
7.8800_1	2.2325012914082234	0.2530870400000000	0.1033315450000000
7.8900_0	2.2051873338479009	0.1639239050000000	0.0989120900000000
7.8901_1	2.1959560049296822	0.1659867700000000	0.1121223600000000
7.9100_1	2.1987414682906841	0.1655242450000000	0.1164410900000000
7.9200_0	2.2080120642051417	0.1503643950000000	0.0999427750000000
7.9200_1	2.1925517070767251	0.1528221700000000	0.0971634350000000
7.9201_0	2.2094991298998923	0.1561741500000000	0.1084460950000000
7.9201_1	2.2013637945465221	0.1676707400000000	0.1174486450000000
7.9202_0	2.2082068441081928	0.1455743700000000	0.1067202250000000
7.9202_1	2.1907910613335946	0.1466038750000000	0.0729451100000000
7.9600_0	2.2069710905904047	0.1409278250000000	0.1028914250000000
7.9700_0	2.2096566377660865	0.1417433250000000	0.0954046200000000
7.9720_1	2.1908753438254926	0.1478581250000000	0.0900438000000000
7.9800_0	2.2055390058759756	0.1542841700000000	0.0920055400000000
7.9900_0	2.2052438736181861	0.1363309000000000	0.1095785350000000
7.9900_1	2.1954832879198083	0.1586096500000000	0.1080602900000000
7.9901_0	2.2055531544601581	0.1444243500000000	0.1087229700000000
8.0001_0	2.2907175692721360	0.2155026950000000	0.1005530100000000
8.0001_1	2.2578879723081680	0.2244213500000000	0.0730050700000000
8.0002_0	2.2240646701707183	0.1799551600000000	0.1130551400000000
8.0100_1	2.1932640798129914	0.1316888050000000	0.0846235150000000
8.0110_0	2.2084403249093927	0.1369821600000000	0.0969478250000000
8.0450_0	2.2046397705679155	0.1459492100000000	0.1080369800000000
8.0600_1	2.2000164249847374	0.1659480200000000	0.1171774700000000
8.0700_0	2.2071219723142268	0.1558828700000000	0.0978546050000000
8.0700_1	2.2126597482841399	0.2363996050000000	0.1530408650000000
8.0800_0	2.2098365405019438	0.1510042800000000	0.0855171000000000
8.0800_1	2.2474117630647892	0.2133578850000000	0.1217116650000000
8.1000_0	2.3398401499915416	0.2346531350000000	0.0728275350000000
8.1000_1	2.2478973809895759	0.1851858150000000	0.1180454950000000
8.1700_0	2.2035368329457472	0.1572657100000000	0.0966358950000000
8.2000_0	2.2110929374602706	0.1527532750000000	0.0800743900000000
8.2250_1	2.2125348838204055	0.1502136650000000	0.1403617950000000
8.2500_0	2.2088423214008315	0.1527127150000000	0.0825125400000000
8.2630_0	2.2100573742873437	0.1376330000000000	0.0961653550000000
8.2800_0	2.2082119283071040	0.1366356950000000	0.1001572850000000
8.2800_1	2.1921632756768288	0.1563202350000000	0.0662599300000000
8.3400_0	2.2057312896419075	0.1426911600000000	0.0996411950000000
8.3500_0	2.2078752819449128	0.1580438500000000	0.0971484600000000
8.3500_1	2.1921677756185942	0.1523169200000000	0.0829117250000000
8.3600_0	2.2039606866701416	0.1604144850000000	0.0948018150000000
8.3710_1	2.2026254292973952	0.1840344250000000	0.1139884850000000
8.3880_0	2.2059694842390996	0.1410624400000000	0.0891052600000000
8.4400_0	2.2076205681405390	0.1407246850000000	0.0962700100000000
8.4800_0	2.2084373488741402	0.1586460600000000	0.0897868900000000
8.4800_1	2.2961476977586495	0.2290240400000000	0.1050735300000000
8.6200_0	2.2125790415128317	0.1682368850000000	0.1050235950000000
8.6301_0	2.2087586349878743	0.1556211750000000	0.0994265900000000
8.6301_1	2.1778922974910517	0.1432411450000000	0.1111730250000000
8.7400_0	2.2023059865826990	0.1429748000000000	0.1005998200000000
8.8600_0	2.2083445176652265	0.1395455700000000	0.0930513950000000
8.9300_0	2.2072270951346344	0.1562630050000000	0.1039278100000000
8.9300_1	2.2056497053417727	0.1621197600000000	0.1128949350000000
8.9500_0	2.2772462236858964	0.2389995300000000	0.1660963150000000
8.9500_1	2.1947746526931216	0.1580069300000000	0.0785226600000000
8.9600_0	2.2071886527336164	0.1654034350000000	0.0738536700000000
8.9800_0	2.2014274536675762	0.1586415900000000	0.1066977050000000
8.9900_0	2.2070041967905882	0.1428717750000000	0.0984781600000000
8.9900_1	2.1898067623145190	0.1514052000000000	0.0968203550000000
9.0101_0	2.2083191700335241	0.1495801500000000	0.1139900000000000
9.0101_1	2.1709473839938904	0.1218689150000000	0.0963692050000000
9.1300_0	2.1999903064455424	0.1389246350000000	0.0886338600000000
9.1301_0	2.2069832460740986	0.1509145900000000	0.1030080950000000
9.1400_0	2.2085556139275937	0.1554299500000000	0.1005574100000000
9.1400_1	2.3725718109667833	0.2659924650000000	0.0951934700000000
9.1401_0	2.2046718927699298	0.1704068050000000	0.1065081750000000
9.1401_1	2.1970221097197453	0.1487257150000000	0.0952087050000000
9.1402_0	2.1984506800376939	0.1616862700000000	0.0880585650000000
9.1402_1	2.1914741831000661	0.1589781500000000	0.0889120250000000
91.6300_0	2.2013872225111601	0.1324728900000000	0.0966210400000000
91.6300_1	2.1998604219562274	0.1413422800000000	0.0987608750000000
9.1700_1	2.1952040531485228	0.1505367250000000	0.0989472650000000
9.2300_0	2.2052755556705983	0.1382061400000000	0.0968427700000000
9.2300_1	2.1951778517249418	0.1499000500000000	0.0832283700000000
9.2400_0	2.2014371699143243	0.1457234700000000	0.1004087850000000
9.2400_1	2.1933264216088695	0.1538752600000000	0.0988378700000000
9.2401_0	2.2071208147834813	0.1507648000000000	0.1010629800000000
9.2601_1	2.2788217001776614	0.2085639950000000	0.1124629650000000
9.3130_1	2.1885780149496221	0.1272268400000000	0.0896989850000000
9.3300_0	2.2053600785199996	0.1467873950000000	0.0894037650000000
9.4200_0	2.2092605335885036	0.1548282600000000	0.0862003850000000
9.4200_1	2.1916924104429141	0.1615706400000000	0.0767680800000000
9.4500_0	2.2046892134841496	0.1510109900000000	0.0995795300000000
9.5000_0	2.2030460794005271	0.1665480150000000	0.1039134900000000
9.5400_0	2.2028593301500243	0.1394033000000000	0.0913652950000000
9.5400_1	2.1933793906722792	0.1582861800000000	0.0824273300000000
9.5800_0	2.2071816383296596	0.1414114750000000	0.1036062900000000
9.5800_1	2.1936009307663564	0.1378315750000000	0.0938737400000000
9.5870_0	2.2090361898005155	0.1617296300000000	0.0906919900000000
9.5870_1	2.1984601441060723	0.1502227250000000	0.0919613350000000
9.5900_0	2.2071834883982180	0.1391173700000000	0.0957173700000000
9.6030_0	2.2054640878107397	0.1472383700000000	0.0962134700000000
9.6600_0	2.2033352824185566	0.1427288350000000	0.0999395300000000
9.6600_1	2.1950898416046813	0.1542692250000000	0.0853180850000000
9.6601_0	2.2076152125992143	0.1395426850000000	0.0915787550000000
9.6700_0	2.2088570298510368	0.1638459250000000	0.0959617350000000
9.7900_0	2.2047086129513547	0.1541824900000000	0.0959402300000000
9.7900_1	2.1938318952833846	0.1581591100000000	0.1015559750000000
