10.0400_0	2.1991536052775622	0.1599658650000000	0.1049248450000000
10.0400_1	2.1975151351464643	0.1565186850000000	0.1007197300000000
10.1000_0	2.1993049690668931	0.1544658950000000	0.1031503150000000
10.1000_1	2.2012447402615951	0.1523447450000000	0.1013218100000000
10.1300_0	2.2020633268507943	0.1549903650000000	0.0982670150000000
10.1300_1	2.1998036519637707	0.1517882550000000	0.0970328550000000
10.1930_0	2.2019696949837737	0.1542521300000000	0.1012198850000000
10.1930_1	2.2006499990504622	0.1508425500000000	0.0999752450000000
10.2700_0	2.1998134728990353	0.1562622550000000	0.1016357550000000
10.2700_1	2.2001247099682337	0.1461529300000000	0.0976976500000000
10.3000_0	2.1984493778759848	0.1576844900000000	0.1111114100000000
10.3000_1	2.1991447537186848	0.1541807150000000	0.1000172500000000
10.3800_0	2.2001180332675072	0.1526736750000000	0.0993064650000000
10.3800_1	2.1976539176008982	0.1549281950000000	0.1006761850000000
10.3900_0	2.1980441818853231	0.1564242150000000	0.1027235450000000
10.3900_1	2.2014431433655068	0.1574218150000000	0.1048945200000000
10.4200_0	2.2005917441608926	0.1478222150000000	0.0999266000000000
10.4200_1	2.1996675799512344	0.1519967600000000	0.0983578550000000
10.6100_0	2.1984183384288456	0.1743625150000000	0.1141679050000000
10.6100_1	2.1990678806288315	0.1542417200000000	0.1045373350000000
10.6200_0	2.2021689046509727	0.1583558600000000	0.0979298850000000
10.6200_1	2.1995581857234296	0.1445072650000000	0.0966085050000000
10.7300_0	2.2003780487315518	0.1498522900000000	0.0996910400000000
10.7300_1	2.2015132445259540	0.1517393550000000	0.1037499250000000
10.7600_0	2.2004202866563576	0.1515476250000000	0.0975446950000000
10.7600_1	2.1984880863165248	0.1542948200000000	0.1032243350000000
10.8800_0	2.2000959094196499	0.1514541450000000	0.0992526700000000
10.8800_1	2.1980077729927729	0.1484142250000000	0.1027185750000000
10.9200_0	2.2020200549610545	0.1461285850000000	0.0951745950000000
10.9200_1	2.1982051745716116	0.1501328050000000	0.1045548300000000
10.9300_0	2.2019195222355061	0.1601067200000000	0.0913367800000000
10.9300_1	2.1991936886326879	0.1509734900000000	0.0991733750000000
10.9600_0	2.1985759021022764	0.1525830300000000	0.1054105300000000
10.9600_1	2.1984614535969618	0.1655921550000000	0.1015568450000000
11.0400_0	2.1987569109400074	0.1487341850000000	0.1000814350000000
11.0400_1	2.2002591968059790	0.1495483800000000	0.1013086750000000
11.0600_0	2.2009139764884926	0.1480959900000000	0.0992709900000000
11.0600_1	2.1998038426486146	0.1501006450000000	0.0951970900000000
11.0800_0	2.2015431261406437	0.1504293750000000	0.0997534850000000
11.0800_1	2.2001022042624880	0.1492402150000000	0.0997639700000000
11.1200_0	2.2001142063820271	0.1487334100000000	0.1021654850000000
11.1200_1	2.1984792670806890	0.1680779700000000	0.1114160650000000
11.1900_0	2.2000480380687932	0.1574446350000000	0.1003925900000000
11.1900_1	2.1970839329525673	0.1513881550000000	0.1023834600000000
11.3800_0	2.2025150399790121	0.1612854000000000	0.0993984050000000
11.3800_1	2.2016281289419846	0.1517736350000000	0.0953933500000000
11.4400_0	2.1984578548613527	0.1704551550000000	0.1048531900000000
11.4400_1	2.1992761903786575	0.1537591600000000	0.1026995050000000
11.4600_0	2.2007643352131430	0.1503284600000000	0.0998123500000000
11.4600_1	2.1996094008961231	0.1466869650000000	0.1012167500000000
11.5300_0	2.2014307583123274	0.1497440450000000	0.0953800800000000
11.5300_1	2.1984150147777686	0.1758886150000000	0.1097234900000000
11.6400_0	2.1997341107294952	0.1575580000000000	0.1008064600000000
11.6400_1	2.2003493831812628	0.1481178600000000	0.1012401900000000
11.7000_0	2.1982659984524022	0.1499014900000000	0.1030259400000000
11.7000_1	2.1976696761559871	0.1565487850000000	0.0976723950000000
11.7001_0	2.2019294925725243	0.1576787200000000	0.0946778950000000
11.7001_1	2.1987777418426866	0.1623696500000000	0.0996476100000000
11.7002_0	2.1990646249713528	0.1542883750000000	0.1022904300000000
11.7002_1	2.1980951035502105	0.1530766500000000	0.1041557700000000
11.7450_0	2.1990716284854193	0.1554730000000000	0.1019479400000000
11.7450_1	2.1980053629636878	0.1531718200000000	0.1024935400000000
11.7600_0	2.2014839842379694	0.1491948000000000	0.0983094200000000
11.7600_1	2.1975159018149277	0.1534748550000000	0.1014940200000000
11.8200_0	2.2004609884526878	0.1546364400000000	0.0982888300000000
11.8200_1	2.1993077397918066	0.1514731650000000	0.1002482800000000
11.8700_0	2.2024871012740506	0.1559560100000000	0.0964437250000000
11.8700_1	2.1992838785907676	0.1537141700000000	0.0959367550000000
11.9600_0	2.1995531264749903	0.1533604650000000	0.1008217600000000
11.9600_1	2.1975538795063780	0.1542128600000000	0.1009422800000000
12.1600_0	2.2007772941978097	0.1575700700000000	0.1036289450000000
12.1600_1	2.1977920318834290	0.1537947350000000	0.1023279000000000
12.2300_0	2.1993260114583815	0.1518181800000000	0.1049451250000000
12.2300_1	2.1996758925795912	0.1537477300000000	0.0976718000000000
12.3100_0	2.2002036180592013	0.1485248650000000	0.0993994700000000
12.3100_1	2.1984373956899406	0.1646705250000000	0.1011066700000000
12.4700_0	2.1984798858073171	0.1772647550000000	0.1155744050000000
12.4700_1	2.1991851815311092	0.1563066000000000	0.1005743250000000
12.5600_0	2.2004555479468260	0.1580256600000000	0.1047438950000000
12.5600_1	2.1980700726075608	0.1538533600000000	0.1022027550000000
12.6200_0	2.2001255172951626	0.1522691250000000	0.1031916750000000
12.6200_1	2.2014792235277745	0.1513560900000000	0.1008946700000000
12.6400_0	2.1999738746181547	0.1519635200000000	0.0970201800000000
12.6400_1	2.1980094743931815	0.1510523400000000	0.1013072950000000
12.8900_0	2.2006172570735334	0.1488917100000000	0.0998699550000000
12.8900_1	2.2004494364254810	0.1562753900000000	0.1013286100000000
13.0600_0	2.2017946858752282	0.1538098750000000	0.0991151750000000
13.0600_1	2.1976048869887248	0.1496264000000000	0.1025525900000000
13.1900_0	2.1984499623180715	0.1702154900000000	0.1098319950000000
13.1900_1	2.1986769141249063	0.1466709450000000	0.1045809500000000
13.2100_0	2.1995998790885798	0.1578495150000000	0.1007551550000000
13.2100_1	2.1980502746491988	0.1542966600000000	0.1028474900000000
13.2101_0	2.2004005780244364	0.1512885700000000	0.1008450100000000
13.2101_1	2.1984356401121716	0.1575845600000000	0.1068875250000000
13.3200_0	2.2021759578122921	0.1563247850000000	0.0939219550000000
13.3200_1	2.2001599241782390	0.1496856850000000	0.0955992350000000
13.4200_0	2.2003530298570819	0.1574168150000000	0.1047247750000000
13.4200_1	2.2014178135500386	0.1619514100000000	0.1043228550000000
13.9800_0	2.2009554351479497	0.1498484350000000	0.0974984700000000
13.9800_1	2.1985618597494256	0.1745162500000000	0.1063222800000000
14.1600_0	2.2021503276326717	0.1557545450000000	0.0961829300000000
14.1600_1	2.1988993511410553	0.1555330350000000	0.1037050350000000
14.7200_0	2.1990372399416072	0.1532919600000000	0.1018932550000000
14.7200_1	2.1972486927770678	0.1561948850000000	0.1025368350000000
147.4900_0	2.1997195016972664	0.1524578800000000	0.0992211050000000
147.4900_1	2.1995876763739650	0.1495003200000000	0.0969322800000000
15.1400_0	2.1998665137086286	0.1532374050000000	0.1001105000000000
15.1400_1	2.1997002517367141	0.1565924050000000	0.1035134700000000
15.4300_0	2.1994880439623126	0.1506964500000000	0.0979118950000000
15.4300_1	2.1989202241007937	0.1756101300000000	0.1079264400000000
16.3900_0	2.2017226623473847	0.1525579250000000	0.0997608900000000
16.3900_1	2.1996462094377307	0.1596384550000000	0.1041787650000000
16.4200_0	2.1995165944619290	0.1568661050000000	0.1003642200000000
16.4200_1	2.2005725094646498	0.1590626000000000	0.0947039100000000
16.7800_0	2.1978916130428239	0.1506658150000000	0.1020069100000000
16.7800_1	2.1997893113365308	0.1493421850000000	0.0959925900000000
17.2000_0	2.2007809840852959	0.1514210750000000	0.1025198850000000
17.2000_1	2.1997568137991732	0.1505973950000000	0.0996871050000000
19.1500_0	2.2005690716954813	0.1486724150000000	0.0996443300000000
19.1500_1	2.1983934001484768	0.1588666000000000	0.0956325150000000
26.7440_0	2.2002623233719336	0.1496136750000000	0.1000512250000000
26.7440_1	2.1973469554477223	0.1541166950000000	0.0989152750000000
27.1600_0	2.2001223975039350	0.1440653850000000	0.0982333500000000
27.1600_1	2.2001271743071995	0.1490077700000000	0.0977341100000000
27.7100_0	2.2001095470800478	0.1484829350000000	0.0953854900000000
27.7100_1	2.2001357267539219	0.1541794900000000	0.1012606900000000
32.8900_0	2.2009077879839869	0.1532749750000000	0.0996623200000000
32.8900_1	2.1993885676232354	0.1554874850000000	0.1000478000000000
35.4700_0	2.2005319681128235	0.1502060400000000	0.0998449200000000
35.4700_1	2.1998825109476439	0.1535841950000000	0.1031936650000000
36.2800_0	2.2001191358979950	0.1545386100000000	0.1022205900000000
36.2800_1	2.1995631925043222	0.1490920900000000	0.0966414300000000
40.8400_0	2.2000955561476911	0.1440319500000000	0.0951912150000000
40.8400_1	2.1984689356978295	0.1586521100000000	0.0993916600000000
46.7500_0	2.1998949537379904	0.1492421450000000	0.0987409550000000
46.7500_1	2.1994689717298952	0.1568451350000000	0.1009195850000000
47.2000_0	2.1993292326837648	0.1558264400000000	0.1026927950000000
47.2000_1	2.1993126934842917	0.1575698000000000	0.0998396600000000
5.0010_0	2.1971144446544324	0.1560355200000000	0.1040172050000000
5.0010_1	2.1993425920634579	0.1630645800000000	0.1021757700000000
5.0030_0	2.2010073210942660	0.1493803350000000	0.1021198350000000
5.0030_1	2.1980768815688756	0.1570696300000000	0.0975437150000000
5.0031_0	2.1992729506476114	0.1537715300000000	0.1006205100000000
5.0031_1	2.1995125756789564	0.1576883900000000	0.1037613600000000
5.0032_0	2.2020027452265816	0.1563231500000000	0.1016415500000000
5.0032_1	2.1960181139054713	0.1506597850000000	0.0956866400000000
5.0040_0	2.1983421973510375	0.1504303050000000	0.1036448450000000
5.0040_1	2.1984360496445836	0.1559506200000000	0.1011822150000000
5.0070_0	2.1985751464837642	0.1635108800000000	0.1130588350000000
5.0070_1	2.2015870451099948	0.1446158350000000	0.0971030550000000
5.0071_0	2.2013105217006168	0.1496417300000000	0.1023970450000000
5.0071_1	2.1974747802290628	0.1472848500000000	0.1023902600000000
5.0100_0	2.2031691797998270	0.1479436000000000	0.0992592500000000
5.0100_1	2.2029983356439216	0.1538329000000000	0.1045153750000000
5.0120_0	2.2024436862924994	0.1489532050000000	0.0943144600000000
5.0120_1	2.2013714229921315	0.1547160200000000	0.0991553150000000
50.1400_0	2.1998124228642970	0.1507714750000000	0.0995018450000000
50.1400_1	2.1996129035022318	0.1511145950000000	0.1000966600000000
5.0140_0	2.2041109879886065	0.1491385850000000	0.0988734650000000
5.0140_1	2.1959277940585711	0.1595658700000000	0.1011478500000000
5.0180_0	2.2000839517961870	0.1536982450000000	0.1071788550000000
5.0180_1	2.1697512065534559	0.2011309700000000	0.1324713700000000
5.0181_0	2.1991017360034744	0.1524795250000000	0.0990762450000000
5.0181_1	2.1989981436248822	0.1488449400000000	0.0981544700000000
5.0182_0	2.2001760350698074	0.1504135950000000	0.0982457800000000
5.0182_1	2.1984422324206259	0.1730382750000000	0.1091117050000000
5.0183_0	2.1970107365060474	0.1578089650000000	0.1028086400000000
5.0183_1	2.1991325831615454	0.1439845500000000	0.0992818900000000
5.0210_0	2.2001259740222454	0.1544583700000000	0.1070856950000000
5.0210_1	2.1997427418964901	0.1557297350000000	0.1003741200000000
5.0230_0	2.1991660838615834	0.1583512000000000	0.1072198100000000
5.0230_1	2.1998525850734452	0.1544739950000000	0.0963915750000000
5.0260_0	2.1978652309105233	0.1546233600000000	0.1044756150000000
5.0260_1	2.1964434830038431	0.1548120650000000	0.1026950700000000
5.0290_0	2.1994521200442199	0.1535326950000000	0.1022393350000000
5.0290_1	2.1974463083511497	0.1554329100000000	0.1023455200000000
5.0300_0	2.2006052978469506	0.1561508400000000	0.1005693300000000
5.0300_1	2.1946262374683707	0.1577965100000000	0.1023126500000000
5.0301_0	2.2021867178753731	0.1515535850000000	0.1005254550000000
5.0301_1	2.1945712566722797	0.1559691200000000	0.1046549400000000
5.0302_0	2.2048012825866388	0.1498445900000000	0.1057097950000000
5.0302_1	2.1941921988074893	0.1560615450000000	0.1054374500000000
5.0310_0	2.2020234407652106	0.1466392050000000	0.1022028850000000
5.0310_1	2.1975046741843900	0.1498157400000000	0.0983756100000000
5.0340_0	2.1975757672458469	0.1575300600000000	0.1041578450000000
5.0340_1	2.1974808142402327	0.1574441650000000	0.1039842600000000
5.0341_0	2.1969117089972499	0.1522840800000000	0.1050167050000000
5.0341_1	2.2008304692587153	0.1482148250000000	0.1011572450000000
5.0370_0	2.2027932727224693	0.1575349950000000	0.1010092550000000
5.0370_1	2.2014398353989133	0.1580888000000000	0.1053994350000000
5.0400_0	2.2015291852198513	0.1514736350000000	0.1000097200000000
5.0400_1	2.2007628416540848	0.1513670800000000	0.0973983850000000
5.0401_0	2.2015428170800573	0.1537541250000000	0.0991609350000000
5.0401_1	2.2002608984300593	0.1465197400000000	0.0959100600000000
5.0402_0	2.2041289059970679	0.1480962550000000	0.0978702700000000
5.0402_1	2.1983741554996574	0.1543348900000000	0.1032221000000000
5.0410_0	2.2014463459234439	0.1507616700000000	0.0993554400000000
5.0410_1	2.2242762994309127	0.2064642650000000	0.1210757550000000
5.0450_0	2.1999577974611704	0.1563404050000000	0.0991418850000000
5.0450_1	2.2030610790300313	0.1572581800000000	0.0989812050000000
5.0500_0	2.2014531108257374	0.1496081650000000	0.1037300200000000
5.0500_1	2.1998479173251559	0.1500989550000000	0.1000953700000000
5.0501_0	2.2001748809252302	0.1495982200000000	0.0993140800000000
5.0501_1	2.1955861902380054	0.1507483550000000	0.1022184000000000
5.0540_0	2.2023173290304081	0.1531979400000000	0.1020631550000000
5.0540_1	2.1944073527875463	0.1554950050000000	0.1048651750000000
5.0600_0	2.2023406554353504	0.1525032850000000	0.0958918500000000
5.0600_1	2.1959716651825829	0.1542557300000000	0.1039084050000000
5.0601_0	2.2002696809255524	0.1478085900000000	0.0982321150000000
5.0601_1	2.1970638908113886	0.1552972200000000	0.1039662250000000
5.0620_0	2.1987811274224258	0.1564168650000000	0.0978081250000000
5.0620_1	2.1974271479170802	0.1562433400000000	0.0972806050000000
5.0700_0	2.2002359596148269	0.1486088900000000	0.1001326400000000
5.0700_1	2.2018813665643027	0.1555961150000000	0.1006033050000000
5.0800_0	2.2027837036388869	0.1553736100000000	0.0975864250000000
5.0800_1	2.1970074557255499	0.1525461000000000	0.1033279200000000
5.0801_0	2.2040888788875437	0.1540192250000000	0.0972859550000000
5.0801_1	2.1979166747064345	0.1498483000000000	0.0954488650000000
5.0900_0	2.1994234569583622	0.1567528500000000	0.1006077300000000
5.0900_1	2.1961537571202032	0.1513274400000000	0.1061281400000000
5.0920_0	2.1987888325985199	0.1599306050000000	0.1066527300000000
5.0920_1	2.1972776524471778	0.1532320250000000	0.1039098900000000
5.1000_0	2.1972291972494662	0.1538415500000000	0.0988074500000000
5.1000_1	2.1890221496364153	0.1544808100000000	0.0995696850000000
5.1001_0	2.2034639446750726	0.1517504450000000	0.0980067800000000
5.1001_1	2.1965324027502144	0.1537484550000000	0.1034601600000000
5.1020_0	2.2009127209211825	0.1427945500000000	0.1031869100000000
5.1020_1	2.1989118668004934	0.1639334100000000	0.1022690550000000
5.1030_0	2.1976881542076683	0.1471387350000000	0.1048643700000000
5.1030_1	2.2033547184993054	0.1533990000000000	0.1008387400000000
5.1040_0	2.2026288736008999	0.1517831500000000	0.1005877100000000
5.1040_1	2.2000610866618042	0.1530146700000000	0.0989143600000000
5.1080_0	2.1984893648245087	0.1786820350000000	0.1169480200000000
5.1080_1	2.2001579552751105	0.1507536150000000	0.1002398150000000
5.1100_0	2.2018159874747623	0.1517742200000000	0.1006376100000000
5.1100_1	2.2007545562302959	0.1545396200000000	0.0981005350000000
5.1170_0	2.2023918847314774	0.1572052700000000	0.1014891050000000
5.1170_1	2.1992019824244493	0.1544576150000000	0.0978894700000000
5.1180_0	2.2010610553674606	0.1478850150000000	0.0972048950000000
5.1180_1	2.1967822441860121	0.1562498100000000	0.1001825900000000
5.1210_0	2.1990381860970221	0.1534449200000000	0.1031744850000000
5.1210_1	2.1987809313906097	0.1526790950000000	0.0965621250000000
5.1270_0	2.1978463146109655	0.1568335200000000	0.1056191000000000
5.1270_1	2.2030243721184974	0.1551938050000000	0.0969344700000000
5.1310_0	2.2044479038538802	0.1511800900000000	0.1014307550000000
5.1310_1	2.2021300979478444	0.1529341300000000	0.1003521100000000
5.1330_0	2.2015729475097574	0.1489345050000000	0.0976250800000000
5.1330_1	2.2011529201913973	0.1467933350000000	0.0997463000000000
5.1340_0	2.2020763378828199	0.1461208000000000	0.0960119550000000
5.1340_1	2.2024969990358274	0.1537160850000000	0.1007059850000000
5.1341_0	2.2009467899363382	0.1575925500000000	0.1009537250000000
5.1341_1	2.2021786421461136	0.1569028450000000	0.1043743050000000
5.1400_0	2.2018539978262632	0.1468776750000000	0.1030856850000000
5.1400_1	2.1970853700360644	0.1588079700000000	0.1032722150000000
5.1401_0	2.1971129462632457	0.1586447200000000	0.1007518400000000
5.1401_1	2.2009104283485956	0.1529198050000000	0.0993469200000000
5.1420_0	2.1975960771400294	0.1542036600000000	0.1000098200000000
5.1420_1	2.1999863694087116	0.1559885950000000	0.0933695250000000
5.1440_0	2.2022580587069229	0.1572283800000000	0.0995044500000000
5.1440_1	2.2007652478702084	0.1496763600000000	0.1004971100000000
5.1441_0	2.2012926270963895	0.1447336900000000	0.1008855100000000
5.1441_1	2.2018918184048175	0.1536082450000000	0.0983814450000000
5.1500_0	2.2026814739778171	0.1543840850000000	0.0993203500000000
5.1500_1	2.2017771935133181	0.1459812350000000	0.0980303550000000
5.1540_0	2.1965102799253038	0.1565340250000000	0.1037072250000000
5.1540_1	2.2005230530558655	0.1532351700000000	0.0977932700000000
5.1590_0	2.1995405722291665	0.1539125050000000	0.1000358900000000
5.1590_1	2.1984533604967114	0.1558768050000000	0.1051064700000000
5.1650_0	2.1979476957521031	0.1555445550000000	0.1043460300000000
5.1650_1	2.1977691541587769	0.1500473950000000	0.0972052450000000
5.1690_0	2.2020747570733210	0.1537919700000000	0.0974398050000000
5.1690_1	2.1984540309886795	0.1629312750000000	0.1057239650000000
5.1700_0	2.2029454999479889	0.1476611450000000	0.1015122600000000
5.1700_1	2.1989611524608352	0.1523588950000000	0.1024164350000000
5.1701_0	2.1997738044599902	0.1520522050000000	0.1103266750000000
5.1701_1	2.1970663354141826	0.1501309650000000	0.0998742200000000
5.1760_0	2.1716536096049750	0.1618772600000000	0.1397827200000000
5.1760_1	2.1978330154535186	0.1531417750000000	0.1015898050000000
5.1800_0	2.2050921569840942	0.1585434250000000	0.0991278900000000
5.1800_1	2.2013954749509654	0.1557440750000000	0.1027378950000000
5.1830_0	2.1984611926444453	0.1471274000000000	0.0977134500000000
5.1830_1	2.1977751818440310	0.1468065250000000	0.1047400250000000
5.1900_0	2.2000931161380604	0.1486187550000000	0.0982862900000000
5.1900_1	2.1940748223077677	0.1493996300000000	0.0998606950000000
5.1901_0	2.2042326022183136	0.1523152000000000	0.1040835450000000
5.1901_1	2.2009039181529539	0.1538264550000000	0.0966925400000000
5.1902_0	2.2030142561283679	0.1446853850000000	0.0990656000000000
5.1902_1	2.1985072386568572	0.1650691400000000	0.1045164750000000
5.2000_0	2.2041217413556766	0.1521842600000000	0.0969170050000000
5.2000_1	2.1989415435386817	0.1536207350000000	0.1002023350000000
5.2001_0	2.2033134406000445	0.1469676950000000	0.1000097450000000
5.2001_1	2.1962416261323785	0.1538576950000000	0.0999862200000000
5.2002_0	2.2012301500531266	0.1555778900000000	0.0949885900000000
5.2002_1	2.1991128892265643	0.1568327950000000	0.1025019600000000
5.2003_0	2.2013611175833563	0.1846829150000000	0.1102937450000000
5.2003_1	2.2002104836688732	0.1551719750000000	0.1055501550000000
5.2004_0	2.2008183931518284	0.1571250750000000	0.0999899000000000
5.2004_1	2.2012207885657631	0.1497632900000000	0.1009045300000000
5.2005_0	2.2045266004767634	0.1537639250000000	0.1007314250000000
5.2005_1	2.1970910512124928	0.1449304350000000	0.0991376450000000
5.2006_0	2.2020615160690853	0.1536621100000000	0.1020376300000000
5.2006_1	2.1970867688814097	0.1525350650000000	0.0990425750000000
5.2007_0	2.2027805474724862	0.1567683500000000	0.1016030300000000
5.2007_1	2.1946312140573649	0.1568953050000000	0.1059324650000000
5.2008_0	2.2008842475184198	0.1457492550000000	0.0973398950000000
5.2008_1	2.1989744527128292	0.1519250250000000	0.1042705800000000
5.2020_0	2.2037706168853131	0.1561514050000000	0.1000657650000000
5.2020_1	2.2009318558786202	0.1579803800000000	0.0974267700000000
5.2040_0	2.2016787999956038	0.1484423150000000	0.1038704850000000
5.2040_1	2.1979790193421782	0.1534957300000000	0.1005617550000000
5.2100_0	2.1997557857822514	0.1498065300000000	0.1036814850000000
5.2100_1	2.1990983156779427	0.1507929150000000	0.1011670850000000
5.2101_0	2.1986012438137110	0.1527614600000000	0.1011957600000000
5.2101_1	2.2004599006329415	0.1551558550000000	0.0964338500000000
5.2200_0	2.2043962053202431	0.1549918100000000	0.0985895000000000
5.2200_1	2.2014007180543866	0.1455691550000000	0.0964222850000000
5.2201_0	2.1991557828445618	0.1623351900000000	0.0947363000000000
5.2201_1	2.1959291943923671	0.1500982350000000	0.0983465200000000
5.2202_0	2.2021285494254186	0.1569233050000000	0.0957406350000000
5.2202_1	2.1998402544630404	0.1525310650000000	0.0989312500000000
5.2240_0	2.2031932192652004	0.1488817250000000	0.0997228000000000
5.2240_1	2.2021052399523215	0.1482138650000000	0.0994990500000000
5.2241_0	2.1964065000227690	0.1555310250000000	0.1003113300000000
5.2241_1	2.2030358975261533	0.1511232200000000	0.0969144650000000
5.2250_0	2.1979437369056396	0.1560500800000000	0.0959196150000000
5.2250_1	2.2018031725525042	0.1474264050000000	0.0997410550000000
5.2300_0	2.2021926862045049	0.1445132800000000	0.1005404700000000
5.2300_1	2.2011653712384023	0.1573302900000000	0.1020610050000000
5.2301_0	2.2018185993725208	0.1583387700000000	0.0977937700000000
5.2301_1	2.1984876648221925	0.1382111700000000	0.1001146550000000
5.2310_0	2.1979337972791302	0.1545652350000000	0.1025493250000000
5.2310_1	2.2004729397471148	0.1576496300000000	0.1030690750000000
5.2370_0	2.2032615172349388	0.1517203250000000	0.1012494250000000
5.2370_1	2.1958470841333892	0.1461476050000000	0.0993953300000000
5.2500_0	2.2046199904662065	0.1549571100000000	0.1031797850000000
5.2500_1	2.2018884108642638	0.1526180350000000	0.0988855200000000
5.2501_0	2.2040269757973161	0.1519304500000000	0.1044154350000000
5.2501_1	2.1976036424544390	0.1471885600000000	0.1005158550000000
5.2502_0	2.1976661199889609	0.1562138850000000	0.1017900950000000
5.2502_1	2.2001026901097407	0.1537472850000000	0.0989500950000000
5.2560_0	2.1978369554550179	0.1611246650000000	0.1011925850000000
5.2560_1	2.2013929000702541	0.1460957300000000	0.0961151550000000
5.2660_0	2.1970845676102515	0.1618988400000000	0.0966808800000000
5.2660_1	2.1984567268826156	0.1708730900000000	0.1140691250000000
5.2661_0	2.1985011533922618	0.1547411750000000	0.1028761250000000
5.2661_1	2.2006513263192886	0.1481106350000000	0.0995944350000000
5.2700_0	2.1971664694332955	0.1595550200000000	0.1029944250000000
5.2700_1	2.2003083887129344	0.1471815450000000	0.0991087850000000
5.2710_0	2.1981485071273075	0.1560315000000000	0.1053211350000000
5.2710_1	2.1984731514345563	0.1751905450000000	0.1082078350000000
5.2740_0	2.2013730439928163	0.1515434600000000	0.0948750600000000
5.2740_1	2.1954000648483665	0.1531615650000000	0.0975323500000000
5.2770_0	2.2008119119483873	0.1501364950000000	0.0983586700000000
5.2770_1	2.1976075630212177	0.1490339800000000	0.0957655450000000
5.2790_0	2.2027877864601799	0.1559505100000000	0.0983489850000000
5.2790_1	2.1993343130920242	0.1508911300000000	0.1046593400000000
5.2870_0	2.2033134082808328	0.1563744650000000	0.0976346850000000
5.2870_1	2.2004442033668830	0.1475266050000000	0.0947321300000000
5.2880_0	2.2040442691150792	0.1520233600000000	0.1008817650000000
5.2880_1	2.1968489032287670	0.1545442850000000	0.1005645800000000
5.2900_0	2.1983427945060483	0.1448400500000000	0.0968764300000000
5.2900_1	2.1946612434293278	0.1510827400000000	0.1008288650000000
5.2901_0	2.2026658334329938	0.1469324450000000	0.0973128950000000
5.2901_1	2.1994171788024630	0.1531588800000000	0.0975643600000000
5.2902_0	2.2038907298647405	0.1497784150000000	0.0986478950000000
5.2902_1	2.1970845169568212	0.1476818550000000	0.0999011900000000
5.2960_0	2.2010098100274513	0.1495506800000000	0.1025831450000000
5.2960_1	2.2032908592968874	0.1566998500000000	0.0997462950000000
5.3000_0	2.1983600851076988	0.1585236550000000	0.1033184550000000
5.3000_1	2.1955825178030235	0.1526136000000000	0.1029756500000000
5.3001_0	2.2015887837644490	0.1486990800000000	0.0961776400000000
5.3001_1	2.1991069488692601	0.1537858100000000	0.1010873150000000
5.3020_0	2.1975580908061727	0.1560806500000000	0.1009375950000000
5.3020_1	2.2003760727518840	0.1464004400000000	0.0939061850000000
5.3060_0	2.1976652201785432	0.1520869000000000	0.1023705850000000
5.3060_1	2.1961440355197981	0.1533051900000000	0.1017665650000000
5.3200_0	2.2027595543730523	0.1528657950000000	0.0959640900000000
5.3200_1	2.1963080156305024	0.1548231750000000	0.1025864650000000
5.3230_0	2.2043815879826796	0.1523010550000000	0.1006854750000000
5.3230_1	2.1979470988950527	0.1518142150000000	0.0961936150000000
5.3240_0	2.2026095996780066	0.1512637100000000	0.0995259100000000
5.3240_1	2.2014365304847656	0.1486863700000000	0.0992051350000000
5.3260_0	2.1984328414104115	0.1454515150000000	0.1020518550000000
5.3260_1	2.1956056430805764	0.1535340750000000	0.1003944950000000
5.3270_0	2.2018946515286935	0.1514263200000000	0.0934693700000000
5.3270_1	2.2011288434299821	0.1504669450000000	0.1001604600000000
5.3280_0	2.1986217359129303	0.1593400150000000	0.1054053950000000
5.3280_1	2.1994073556605680	0.1588634550000000	0.1031476050000000
5.3350_0	2.2033470672998878	0.1502096650000000	0.0948262700000000
5.3350_1	2.1954699307754511	0.1573094300000000	0.0995198100000000
5.3360_0	2.1986708079924537	0.1514020800000000	0.1032312600000000
5.3360_1	2.1976981667943223	0.1458798200000000	0.1022989550000000
5.3400_0	2.2009165248572908	0.1559172300000000	0.0995596100000000
5.3400_1	2.2020359196125252	0.1457375900000000	0.0980534300000000
5.3401_0	2.1984135917854255	0.1403704950000000	0.0969510650000000
5.3401_1	2.1988474990888878	0.1545443750000000	0.1007684500000000
5.3402_0	2.2012477101128693	0.1533547050000000	0.1018570750000000
5.3402_1	2.2002637096377300	0.1570636450000000	0.0962590000000000
5.3450_0	2.2033088918215555	0.1495231050000000	0.0987920050000000
5.3450_1	2.1982308723733968	0.1567817600000000	0.1016492550000000
5.3480_0	2.2029406058492729	0.1496633100000000	0.1014558950000000
5.3480_1	2.1960886189282385	0.1773324000000000	0.1162105300000000
5.3490_0	2.2013690555905971	0.1573089500000000	0.0959381250000000
5.3490_1	2.1972716115175430	0.1465052750000000	0.0959430200000000
5.3600_0	2.1996560697607537	0.1582517050000000	0.0999913550000000
5.3600_1	2.2013995432309432	0.1523027950000000	0.1006181450000000
5.3630_0	2.2044479249406637	0.1457810300000000	0.1013651250000000
5.3630_1	2.1988849410077864	0.1539171850000000	0.1001870200000000
5.3640_0	2.2014830553494975	0.1484597700000000	0.0981131200000000
5.3640_1	2.1969137494104078	0.1610341900000000	0.1033568550000000
5.3800_0	2.1967740969140022	0.1604773250000000	0.1020672500000000
5.3800_1	2.2023237916193499	0.1552213100000000	0.1010767350000000
5.3850_0	2.2039551667368333	0.1526138900000000	0.0996757550000000
5.3850_1	2.2015163761734975	0.1493161900000000	0.0951803200000000
5.3851_0	2.1967542830338598	0.1532129600000000	0.1005326150000000
5.3851_1	2.1976265927694567	0.1500973200000000	0.0979163700000000
5.3900_0	2.2037340776937930	0.1527173750000000	0.0982380400000000
5.3900_1	2.1956816610575824	0.1520789150000000	0.1006659550000000
5.3930_0	2.1973198215832168	0.1620229750000000	0.0998460000000000
5.3930_1	2.1975639998072634	0.1552786150000000	0.1004979900000000
5.3970_0	2.1974941714907743	0.1535425600000000	0.1056201600000000
5.3970_1	2.1946676775408096	0.1571320550000000	0.1039640600000000
5.4000_0	2.2018114098665214	0.1471568350000000	0.1005840350000000
5.4000_1	2.1974059650261646	0.1511750650000000	0.1014903600000000
5.4001_0	2.2026628839269207	0.1579995250000000	0.1004873850000000
5.4001_1	2.2014526590560237	0.1487955750000000	0.0997821600000000
5.4060_0	2.2007515760391034	0.1562350900000000	0.1024074750000000
5.4060_1	2.1988539067075963	0.1490599050000000	0.1008755300000000
5.4200_0	2.2021112375154543	0.1550778100000000	0.1024303900000000
5.4200_1	2.1591182226060712	0.1803662700000000	0.1330317100000000
5.4230_0	2.1882257541473971	0.1627647550000000	0.1129324100000000
5.4230_1	2.1965959998889426	0.1535626850000000	0.1035041500000000
5.4270_0	2.1985864867098455	0.1526577800000000	0.1061170150000000
5.4270_1	2.1994436779020727	0.1531892100000000	0.1002014750000000
5.4300_0	2.2020991465353652	0.1539152450000000	0.0950470000000000
5.4300_1	2.1984594353629032	0.1552788250000000	0.1019020400000000
5.4350_0	2.2001527315291920	0.1489315000000000	0.1022314050000000
5.4350_1	2.1981705838318630	0.1559809650000000	0.1014665250000000
5.4380_0	2.1962873437737458	0.1502752050000000	0.0951785150000000
5.4380_1	2.1977666488917165	0.1541887500000000	0.0996354150000000
5.4390_0	2.2017803429041050	0.1487438900000000	0.0997346600000000
5.4390_1	2.2012444100196475	0.1459508400000000	0.0970366050000000
5.4400_0	2.2038114229373633	0.1444926950000000	0.1004100950000000
5.4400_1	2.1966314523927157	0.1532918250000000	0.1046329850000000
5.4450_0	2.2006195942292441	0.1520192600000000	0.0999526350000000
5.4450_1	2.1967638029079084	0.1510865200000000	0.1046091900000000
5.4500_0	2.1971028471634475	0.1519765050000000	0.1066589950000000
5.4500_1	2.2013984422591681	0.1509316500000000	0.1019369250000000
5.4540_0	2.1976305572041803	0.1554157650000000	0.0994800000000000
5.4540_1	2.1978607987429890	0.1581961150000000	0.0964657750000000
5.4570_0	2.2021511930857884	0.1574437900000000	0.1012615750000000
5.4570_1	2.1965706635791156	0.1519105450000000	0.1042557100000000
5.4600_0	2.1973351581289386	0.1567433550000000	0.0997682050000000
5.4600_1	2.1957337241169301	0.1523790900000000	0.0995795900000000
5.4601_0	2.2007112149004593	0.1535523600000000	0.0952852550000000
5.4601_1	2.1958599472586999	0.1544423750000000	0.1017893200000000
5.4602_0	2.1984397983331010	0.1489401300000000	0.0970047750000000
5.4602_1	2.2019637776020629	0.1487617950000000	0.0985018150000000
5.4603_0	2.1995663514848363	0.1532022500000000	0.1022959400000000
5.4603_1	2.2011122638341409	0.1489700750000000	0.1016698650000000
5.4700_0	2.2034534767218399	0.1564977150000000	0.0991424000000000
5.4700_1	2.2029196126810620	0.1568007600000000	0.1026224350000000
5.4701_0	2.2010359332006275	0.1485665450000000	0.1005760150000000
5.4701_1	2.2015124261549057	0.1578066000000000	0.0994078400000000
5.4750_0	2.2029337361541121	0.1545907450000000	0.1005918900000000
5.4750_1	2.1990406532004680	0.1469258550000000	0.1025794600000000
5.4800_0	2.2020244646999951	0.1429392750000000	0.0993398650000000
5.4800_1	2.1968315835855146	0.1486443400000000	0.0985025050000000
5.4910_0	2.2030640022410748	0.1484629400000000	0.1001351550000000
5.4910_1	2.2004808887886385	0.1498266700000000	0.0999752750000000
5.4930_0	2.2042178568647679	0.1562516100000000	0.0926158550000000
5.4930_1	2.1996732345351666	0.1518801100000000	0.0993983400000000
5.5000_0	2.2013780362724322	0.1430598000000000	0.0957356950000000
5.5000_1	2.1949614786595877	0.1461741700000000	0.0968447450000000
5.5040_0	2.2004513369554912	0.1530733100000000	0.1022113150000000
5.5040_1	2.1941374481474449	0.1494975600000000	0.1065702500000000
5.5100_0	2.2027312733550874	0.1459364250000000	0.0997781900000000
5.5100_1	2.1979901646943989	0.1537361750000000	0.1021217500000000
5.5101_0	2.1984635460439317	0.1617500700000000	0.1008873000000000
5.5101_1	2.1967476215776065	0.1485966700000000	0.0989331850000000
5.5102_0	2.2047774107442550	0.1566396950000000	0.1025699200000000
5.5102_1	2.1951188625495801	0.1588516450000000	0.1044089300000000
5.5200_0	2.1996596611104033	0.1615050900000000	0.1135051900000000
5.5200_1	2.1976839640502055	0.1488241300000000	0.1023721100000000
5.5210_0	2.1991401149769412	0.1516276450000000	0.1042628200000000
5.5210_1	2.1991748345891633	0.1504217000000000	0.1021633000000000
5.5300_0	2.1968997790248510	0.1533036500000000	0.0998723650000000
5.5300_1	2.1966811416922432	0.1524785600000000	0.1030757100000000
5.5320_0	2.2010686109191271	0.1466203300000000	0.0964224600000000
5.5320_1	2.1951082569982798	0.1512929750000000	0.0978574400000000
5.5500_0	2.2050114204709943	0.1470242550000000	0.0993180400000000
5.5500_1	2.2018870059209830	0.1527214100000000	0.0942147500000000
5.5600_0	2.2041130580434056	0.1561668600000000	0.0978161050000000
5.5600_1	2.1956043772662355	0.1548962550000000	0.1031955500000000
5.5601_0	2.1991733187792004	0.1499782350000000	0.1016988300000000
5.5601_1	2.2004113892676211	0.1550261750000000	0.1046791300000000
5.5650_0	2.2007228271768029	0.1505775700000000	0.0946916750000000
5.5650_1	2.1990284769385218	0.1548319800000000	0.1026985550000000
5.5660_0	2.2022141074233166	0.1581314850000000	0.1092578450000000
5.5660_1	2.1763878249959436	0.1614226350000000	0.1136089450000000
5.5700_0	2.2006210843373974	0.1560568650000000	0.1004859500000000
5.5700_1	2.2030278148905835	0.1493837750000000	0.0943399500000000
5.5701_0	2.2024980634133859	0.1575791900000000	0.1017781350000000
5.5701_1	2.2003227393513698	0.1533243500000000	0.0935646650000000
5.5710_0	2.1997820705479705	0.1507182400000000	0.0989909150000000
5.5710_1	2.1988975943638871	0.1496278950000000	0.0986924100000000
5.5780_0	2.2029534561142654	0.1462429000000000	0.0977987100000000
5.5780_1	2.2017074811327682	0.1507096600000000	0.1016760000000000
5.5900_0	2.1978504525534737	0.1508733950000000	0.1002934700000000
5.5900_1	2.2017779744686239	0.1477289350000000	0.1014317650000000
5.6000_0	2.1962881820817572	0.1566274900000000	0.1020104100000000
5.6000_1	2.2001247841188056	0.1621477600000000	0.1046795350000000
5.6001_0	2.2033607315213231	0.1490197000000000	0.1011119600000000
5.6001_1	2.1998117738493526	0.1489042100000000	0.0973149100000000
5.6150_0	2.2008302324006443	0.1514587400000000	0.0979419150000000
5.6150_1	2.2026231679175843	0.1499548900000000	0.0986666300000000
5.6160_0	2.2027022723423908	0.1572481350000000	0.1017344600000000
5.6160_1	2.1971825932820352	0.1521708100000000	0.0998375500000000
5.6180_0	2.2002474994356516	0.1533415150000000	0.1002256700000000
5.6180_1	2.2007369343786380	0.1506425300000000	0.0981322550000000
5.6240_0	2.1989896036093191	0.1543912900000000	0.1055873000000000
5.6240_1	2.1979496733916912	0.1539629450000000	0.0998229400000000
5.6260_0	2.2034772931369320	0.1441327500000000	0.0996184100000000
5.6260_1	2.2011976399501250	0.1527275300000000	0.0996249500000000
5.6290_0	2.1989817029635916	0.1560355650000000	0.1070314850000000
5.6290_1	2.1974999102603916	0.1579087300000000	0.1055743400000000
5.6300_0	2.2033840710531813	0.1501658400000000	0.0953161950000000
5.6300_1	2.2014183217204781	0.1517576200000000	0.0982692150000000
5.6301_0	2.1998199722986329	0.1507135550000000	0.0962958250000000
5.6301_1	2.2016492694445700	0.1459718750000000	0.0959936900000000
56.3100_0	2.1997036064527200	0.1500123400000000	0.0986436950000000
56.3100_1	2.1994413021766368	0.1539189850000000	0.1012062000000000
5.6370_0	2.1990700534596108	0.1510200100000000	0.0989792350000000
5.6370_1	2.1979900523811025	0.1516662450000000	0.0996683350000000
5.6400_0	2.2017968072002669	0.1567496500000000	0.1009516100000000
5.6400_1	2.2000566020253189	0.1522644450000000	0.1004861600000000
5.6410_0	2.1980664781767754	0.1579773650000000	0.1066301000000000
5.6410_1	2.1995526217911014	0.1629650450000000	0.1061913050000000
5.6420_0	2.2018826149119959	0.1465937350000000	0.1026948250000000
5.6420_1	2.1978933315360973	0.1539495250000000	0.1007657100000000
5.6421_0	2.2026766263037474	0.1610747900000000	0.0948049100000000
5.6421_1	2.2005960076629805	0.1470903550000000	0.1038831850000000
5.6500_0	2.2008891973674114	0.1509071300000000	0.1003195000000000
5.6500_1	2.1997052953035157	0.1535268550000000	0.1001115000000000
5.6580_0	2.1983966030399551	0.1567473500000000	0.0995502200000000
5.6580_1	2.2001217252372500	0.1819464700000000	0.1160506750000000
5.6640_0	2.2006531921338368	0.1504652350000000	0.0968330400000000
5.6640_1	2.1999036844422131	0.1457938050000000	0.1044499050000000
5.6760_0	2.2028598746200845	0.1564712100000000	0.0994808600000000
5.6760_1	2.1984605199317855	0.1717660000000000	0.1065228800000000
5.6800_0	2.2005454224152898	0.1499630800000000	0.1002327100000000
5.6800_1	2.2001353980496163	0.1455166300000000	0.1000853900000000
5.6860_0	2.1982430552815453	0.1556940550000000	0.1046358600000000
5.6860_1	2.2015070350489423	0.1535723100000000	0.0989863850000000
5.6890_0	2.1962839808798247	0.1556159700000000	0.1023139050000000
5.6890_1	2.1975950247965530	0.1533722200000000	0.1025090000000000
5.6900_0	2.2033128417428132	0.1506697300000000	0.0994597300000000
5.6900_1	2.1984465642070909	0.1492008200000000	0.0956816800000000
5.6901_0	2.2023622764206858	0.1453863950000000	0.0976199100000000
5.6901_1	2.1965438789097722	0.1532856200000000	0.1054117000000000
5.7160_0	2.2013596581095074	0.1474396900000000	0.1002912900000000
5.7160_1	2.1952945522291460	0.1543379800000000	0.1068018400000000
5.7200_0	2.1991260656979188	0.1567094950000000	0.0980250900000000
5.7200_1	2.1972864479098542	0.1473915600000000	0.0994959450000000
5.7210_0	2.2006071398268743	0.1507618200000000	0.1010398450000000
5.7210_1	2.2014586908095111	0.1474091950000000	0.0977755750000000
5.7300_0	2.1999865680940403	0.1448153150000000	0.0948520700000000
5.7300_1	2.1958891053165233	0.1773880700000000	0.1166179700000000
5.7330_0	2.1991652472121594	0.1517004850000000	0.1000756400000000
5.7330_1	2.2020778106812307	0.1519314100000000	0.0946852950000000
5.7380_0	2.2023219914603600	0.1527425350000000	0.0950031150000000
5.7380_1	2.1951523925933212	0.1509978800000000	0.1023261350000000
5.7400_0	2.1901678746990356	0.1606241600000000	0.1126048750000000
5.7400_1	2.1970747506782233	0.1472918650000000	0.0993607300000000
5.7401_0	2.2021566060746749	0.1554048600000000	0.0960232200000000
5.7401_1	2.1974921880893215	0.1528465500000000	0.1034442150000000
5.7402_0	2.2014547036461116	0.1475821000000000	0.0934863300000000
5.7402_1	2.1963923147167419	0.1600587850000000	0.1033896000000000
5.7403_0	2.2018217772304070	0.1557249400000000	0.1028845800000000
5.7403_1	2.2005846069158248	0.1492003150000000	0.1009927650000000
5.7404_0	2.1986532575204127	0.1722307550000000	0.1111342150000000
5.7404_1	2.1944090836904242	0.1580363600000000	0.1040244200000000
5.7470_0	2.2007850935582836	0.1533571550000000	0.0988321600000000
5.7470_1	2.1965824290482372	0.1574860900000000	0.1023376750000000
5.7500_0	2.2023977127316612	0.1562563150000000	0.0995518250000000
5.7500_1	2.1994282280631423	0.1551692400000000	0.0980706000000000
5.7501_0	2.2029046400803014	0.1500803150000000	0.1030490900000000
5.7501_1	2.1984283951194059	0.1606643750000000	0.0950856300000000
5.7600_0	2.1990099334239441	0.1520440250000000	0.1027847100000000
5.7600_1	2.1963109042098830	0.1574898650000000	0.1075196900000000
5.7601_0	2.1971371654485830	0.1557220800000000	0.1010549300000000
5.7601_1	2.1968495332432560	0.1550761950000000	0.0999307450000000
5.7602_0	2.2034559144695982	0.1520287200000000	0.1022812150000000
5.7602_1	2.1956137478322111	0.1581251300000000	0.0996891550000000
5.7700_0	2.2001839937109611	0.1549390700000000	0.1009466050000000
5.7700_1	2.1977440370759189	0.1492441550000000	0.0972262000000000
5.7701_0	2.2014536628367485	0.1537486000000000	0.1023609800000000
5.7701_1	2.2023134475704049	0.1537495400000000	0.0963843400000000
5.7702_0	2.2044788975390857	0.1556506450000000	0.0947893400000000
5.7702_1	2.2016397365835174	0.1493280050000000	0.0958951450000000
5.7760_0	2.2000162901619285	0.1538315600000000	0.1002000750000000
5.7760_1	2.1992210959722596	0.1602980950000000	0.0941009200000000
5.7820_0	2.1947954076409837	0.1559807500000000	0.1045207450000000
5.7820_1	2.1978226675760824	0.1503407850000000	0.1041582350000000
5.7860_0	2.2018379376637252	0.1462654550000000	0.0979703800000000
5.7860_1	2.1979691199008893	0.1448050350000000	0.0942814900000000
5.8080_0	2.2022705991956810	0.1467768050000000	0.0971916700000000
5.8080_1	2.1984719880535755	0.1666102950000000	0.1041164450000000
5.8100_0	2.2005982111552567	0.1488797450000000	0.1003375350000000
5.8100_1	2.1991181964700712	0.1482148650000000	0.1025245250000000
5.8120_0	2.2029923024408102	0.1492637350000000	0.1034644550000000
5.8120_1	2.2006153436216440	0.1501133500000000	0.1000415500000000
5.8130_0	2.2003045949725872	0.1574247750000000	0.1014138950000000
5.8130_1	2.1983907791021982	0.1485412000000000	0.0986385800000000
5.8200_0	2.2040918804407741	0.1534495000000000	0.1016468650000000
5.8200_1	2.2015087441533527	0.1503965000000000	0.0972804500000000
5.8201_0	2.2006106872086741	0.1535623600000000	0.1017549350000000
5.8201_1	2.1978591142398978	0.1494805000000000	0.0993393950000000
5.8300_0	2.2013071251839915	0.1599649950000000	0.0964251800000000
5.8300_1	2.1961431736915435	0.1538651650000000	0.0967606250000000
5.8340_0	2.1997527193552902	0.1571605350000000	0.0988011000000000
5.8340_1	2.1991869816658123	0.1430910350000000	0.0982686500000000
5.8400_0	2.2011704495024977	0.1489550750000000	0.1014596950000000
5.8400_1	2.1942666703277443	0.1770061700000000	0.1141997100000000
5.8440_0	2.1985594187603450	0.1729241850000000	0.1169763250000000
5.8440_1	2.1989123918688831	0.1578950200000000	0.0975350600000000
5.8500_0	2.2006697764668108	0.1512704500000000	0.0973625800000000
5.8500_1	2.1984397082989089	0.1767672550000000	0.1051687700000000
5.8510_0	2.2029733678448338	0.1474529250000000	0.0974639650000000
5.8510_1	2.1996576762134143	0.1543983100000000	0.1004906350000000
5.8700_0	2.2005183315159798	0.1497255150000000	0.0995688050000000
5.8700_1	2.1989654424825589	0.1621459800000000	0.0996508200000000
5.8701_0	2.1984143884060225	0.1571878350000000	0.1035650550000000
5.8701_1	2.1959776047063966	0.1467208800000000	0.1019581650000000
5.8702_0	2.2010084975198594	0.1510698000000000	0.0996018800000000
5.8702_1	2.1994407149628468	0.1563367800000000	0.0968766350000000
5.8703_0	2.1984599499746267	0.1503762600000000	0.1039086000000000
5.8703_1	2.2023385454554711	0.1536360000000000	0.0977944050000000
5.8750_0	2.2025879663113250	0.1527328950000000	0.0999999500000000
5.8750_1	2.2014269629759204	0.1510181550000000	0.1010758850000000
5.8820_0	2.2032947995539338	0.1522500850000000	0.0978306250000000
5.8820_1	2.1989509188925291	0.1513558500000000	0.0989057250000000
5.8900_0	2.2021534940672742	0.1532493550000000	0.0949493300000000
5.8900_1	2.2017163110269187	0.1536379900000000	0.1025341050000000
5.8901_0	2.2017057987337929	0.1458900100000000	0.1001062200000000
5.8901_1	2.1950228871244919	0.1509913750000000	0.0993532550000000
5.9100_0	2.1990539200442352	0.1502303650000000	0.1028378700000000
5.9100_1	2.1947494819181030	0.1570809250000000	0.1004485200000000
5.9140_0	2.1978114429570832	0.1570703500000000	0.1025688550000000
5.9140_1	2.1960037348726340	0.1525192500000000	0.0948333650000000
5.9170_0	2.1995180425605469	0.1465978100000000	0.1045938450000000
5.9170_1	2.2001922079788025	0.1488822050000000	0.0970250800000000
5.9310_0	2.1980294017176458	0.1552554700000000	0.0990783900000000
5.9310_1	2.1989991502067046	0.1437488400000000	0.0980564750000000
5.9430_0	2.2014226663576832	0.1498339850000000	0.1011029200000000
5.9430_1	2.1983791435883475	0.1482236700000000	0.1006453250000000
5.9440_0	2.2030176566137758	0.1457322450000000	0.0996321200000000
5.9440_1	2.1977923443905678	0.1537637400000000	0.1010310750000000
5.9441_0	2.1982990929376127	0.1601909750000000	0.0969097700000000
5.9441_1	2.2014307053939950	0.1512366400000000	0.1020396750000000
5.9520_0	2.2004325493860142	0.1487681550000000	0.1000786150000000
5.9520_1	2.1989221870555182	0.1542199000000000	0.1004983050000000
5.9600_0	2.2042432087153769	0.1537306950000000	0.1004691350000000
5.9600_1	2.1984487726890745	0.1723192250000000	0.1129919250000000
5.9700_0	2.2001196857068721	0.1563362050000000	0.1007783150000000
5.9700_1	2.1985011518930659	0.1551230100000000	0.1001303900000000
5.9750_0	2.2043484155643158	0.1531876300000000	0.1023134300000000
5.9750_1	2.1962871051554913	0.1480009650000000	0.0998925400000000
5.9900_0	2.1993934823031092	0.1535899000000000	0.0977847000000000
5.9900_1	2.1992040139692248	0.1504781900000000	0.0992611700000000
6.0100_0	2.1984885789509780	0.1506682850000000	0.0909110200000000
6.0100_1	2.2005976847511972	0.1498177300000000	0.0954381350000000
6.0300_0	2.1993939254020556	0.1549010050000000	0.1072880200000000
6.0300_1	2.1978009844861615	0.1518619300000000	0.0999598150000000
6.0330_0	2.2010453998720227	0.1528273750000000	0.1001609400000000
6.0330_1	2.1993422185339737	0.1531817600000000	0.0998267250000000
6.0450_0	2.2023277773706278	0.1546655500000000	0.0992687700000000
6.0450_1	2.1969532674207244	0.1519199450000000	0.1025173850000000
6.0480_0	2.2005903157540709	0.1428954150000000	0.1004127450000000
6.0480_1	2.1987794787516601	0.1763353950000000	0.1033404400000000
6.0500_0	2.1990993342346750	0.1490043750000000	0.1050892500000000
6.0500_1	2.1963020909846347	0.1561995550000000	0.1004216550000000
6.0501_0	2.2034401672249442	0.1486582750000000	0.0984456850000000
6.0501_1	2.1953676004341505	0.1539926500000000	0.1022256550000000
6.0530_0	2.2039884015867433	0.1595607550000000	0.0961023400000000
6.0530_1	2.1953887258707727	0.1525184700000000	0.1009589250000000
6.0590_0	2.1990781338101519	0.1562913950000000	0.1063173200000000
6.0590_1	2.1995023180005910	0.1488596100000000	0.0947258800000000
6.0610_0	2.2037102959605490	0.1520217350000000	0.1000862400000000
6.0610_1	2.1976723930189372	0.1586186950000000	0.1054698850000000
6.0700_0	2.2027182512223473	0.1518204250000000	0.0967780600000000
6.0700_1	2.2018036073795666	0.1583142250000000	0.1026533150000000
6.0701_0	2.2023402174198616	0.1649105700000000	0.1079978350000000
6.0701_1	2.2008832742369711	0.1515263700000000	0.1001751100000000
6.0720_0	2.1922013883236571	0.1865957650000000	0.1231653000000000
6.0720_1	2.1973242508372302	0.1484217300000000	0.0953626750000000
6.0800_0	2.2030265292710456	0.1520671750000000	0.1013854500000000
6.0800_1	2.1983789846912720	0.1534246150000000	0.0988591900000000
6.0860_0	2.2033980430813171	0.1526879450000000	0.1007165050000000
6.0860_1	2.2008874485294685	0.1464791000000000	0.0974566650000000
6.0870_0	2.2009176549732974	0.1479375050000000	0.1000350000000000
6.0870_1	2.1973029431572546	0.1565700500000000	0.1055400400000000
6.0990_0	2.2033565525817096	0.1542072300000000	0.0994559000000000
6.0990_1	2.1989623061618757	0.1438257600000000	0.0979061400000000
6.1000_0	2.2033296554828059	0.1514360800000000	0.1007626400000000
6.1000_1	2.1972846805343176	0.1546962900000000	0.1020262550000000
6.1001_0	2.2031599108384858	0.1509751750000000	0.1007761050000000
6.1001_1	2.2017114610652078	0.1540073100000000	0.0991486300000000
6.1070_0	2.1970527002585354	0.1481894100000000	0.0992932150000000
6.1070_1	2.2014393423930181	0.1544181250000000	0.1004076850000000
6.1090_0	2.1994967898228586	0.1523202900000000	0.1014241850000000
6.1090_1	2.1969123998007700	0.1556913250000000	0.0939782400000000
6.1210_0	2.2029025618313471	0.1580729700000000	0.1041686050000000
6.1210_1	2.1984253945319412	0.1505572400000000	0.1013984200000000
6.1211_0	2.1996052949459965	0.1498279500000000	0.1019989450000000
6.1211_1	2.1958669562839015	0.1492847200000000	0.0999532050000000
6.1330_0	2.1968016861011210	0.1531912250000000	0.0997414200000000
6.1330_1	2.1973206111598995	0.1562431900000000	0.1031588250000000
6.1380_0	2.2028067038732080	0.1517189650000000	0.0994841950000000
6.1380_1	2.1990438962950849	0.1496094250000000	0.1007397150000000
6.1400_0	2.1991708741333187	0.1552074800000000	0.0994409300000000
6.1400_1	2.1995436984894097	0.1597153600000000	0.0920390300000000
6.1401_0	2.2021127067843422	0.1470674900000000	0.0991982500000000
6.1401_1	2.1970739562616988	0.1519827900000000	0.1043293250000000
6.1530_0	2.2013207369891177	0.1482655850000000	0.1008056100000000
6.1530_1	2.1954014289075423	0.1518252200000000	0.1045115600000000
6.1590_0	2.2023336304094392	0.1485057200000000	0.1015416400000000
6.1590_1	2.2011150657455407	0.1508426450000000	0.1009591750000000
6.1600_0	2.2028124323209868	0.1462173050000000	0.0988779650000000
6.1600_1	2.1966173555591175	0.1562662650000000	0.0999203400000000
6.1601_0	2.1985510866261304	0.1536857750000000	0.0997660600000000
6.1601_1	2.1993417433152644	0.1481118700000000	0.1054457950000000
6.1700_0	2.2032939801237439	0.1504921350000000	0.1002681300000000
6.1700_1	2.1951620612926455	0.1525645000000000	0.1004493400000000
6.1701_0	2.2014184278477802	0.1532962300000000	0.1003803150000000
6.1701_1	2.2019821351489006	0.1507007250000000	0.0996158500000000
6.1740_0	2.1987747040538865	0.1505252100000000	0.0986334000000000
6.1740_1	2.2014220966576192	0.1849540800000000	0.1127473900000000
6.1800_0	2.2027467951256905	0.1507247900000000	0.0977165050000000
6.1800_1	2.1960730899763758	0.1535073550000000	0.1044178800000000
6.1930_0	2.1992261645147071	0.1558892200000000	0.1028583550000000
6.1930_1	2.2003081498467645	0.1509420300000000	0.0998635500000000
6.2000_0	2.1979885445152290	0.1510082750000000	0.1002300950000000
6.2000_1	2.1964177894988230	0.1570581200000000	0.1003661300000000
6.2080_0	2.2008540336135400	0.1479462600000000	0.0980022450000000
6.2080_1	2.1982752265166532	0.1472737250000000	0.1015161450000000
6.2120_0	2.2023137643006372	0.1454101250000000	0.0979238500000000
6.2120_1	2.1997068837063773	0.1563036500000000	0.0963356900000000
6.2170_0	2.2000707374254156	0.1470480900000000	0.0985453600000000
6.2170_1	2.2005892135725311	0.1467031950000000	0.1039532650000000
6.2240_0	2.1963047517463359	0.1555845050000000	0.1046928200000000
6.2240_1	2.2008995256208572	0.1511898350000000	0.0997600900000000
6.2300_0	2.1980724402358782	0.1543216150000000	0.1044244200000000
6.2300_1	2.2010129833475034	0.1544963100000000	0.1029895750000000
6.2400_0	2.1991212974940080	0.1569789150000000	0.0974697300000000
6.2400_1	2.1969221252424953	0.1570165200000000	0.1038374450000000
6.2401_0	2.1984537818311560	0.1524821750000000	0.1007323450000000
6.2401_1	2.1981431962161966	0.1578158600000000	0.0988117650000000
6.2420_0	2.2032699158830535	0.1527156450000000	0.1010950450000000
6.2420_1	2.1995644322377150	0.1539249300000000	0.1023786900000000
6.2500_0	2.2047547379470180	0.1497871450000000	0.1014584950000000
6.2500_1	2.1960246715582379	0.1484117600000000	0.1002004050000000
6.2501_0	2.2017312652015035	0.1556857050000000	0.1012808450000000
6.2501_1	2.1991118972684784	0.1462165300000000	0.1013224850000000
6.2520_0	2.2012879750587251	0.1536102200000000	0.1025544500000000
6.2520_1	2.2008156672156427	0.1606172000000000	0.1007056750000000
6.2600_0	2.1996375998385016	0.1633958500000000	0.1030027350000000
6.2600_1	2.1988870354496908	0.1491824350000000	0.0970517750000000
6.2601_0	2.2038029814152589	0.1545422750000000	0.0992551750000000
6.2601_1	2.2002017176385968	0.1578138600000000	0.1058148750000000
6.2620_0	2.2032775930142838	0.1571254650000000	0.1004404950000000
6.2620_1	2.1999981718233022	0.1450960800000000	0.1006949000000000
6.2800_0	2.2125163210476573	0.1630184600000000	0.1026833700000000
6.2800_1	2.1985776299204516	0.1525768450000000	0.1002633700000000
6.3000_0	2.1980488804314504	0.1530232150000000	0.1044460850000000
6.3000_1	2.2020891301179906	0.1488709750000000	0.0928137450000000
6.3001_0	2.1970627149145776	0.1581569950000000	0.1047275450000000
6.3001_1	2.1991805972332239	0.1568673500000000	0.0980768300000000
6.3200_0	2.2004729063593231	0.1583123850000000	0.1013357100000000
6.3200_1	2.1978504856744916	0.1559034700000000	0.1042599100000000
6.3300_0	2.2015538663976044	0.1540656550000000	0.1004262000000000
6.3300_1	2.2004723068631771	0.1479805300000000	0.0980591800000000
6.3400_0	2.2050688786753763	0.1491392100000000	0.1003204750000000
6.3400_1	2.1958813986894370	0.1581956350000000	0.1027865050000000
6.3401_0	2.1977727308155450	0.1576702400000000	0.1068431150000000
6.3401_1	2.1957068546407323	0.1547195100000000	0.1030310850000000
6.3460_0	2.2027377044788961	0.1554919600000000	0.0992683700000000
6.3460_1	2.1968562628245456	0.1525487650000000	0.1044922950000000
6.3500_0	2.2019471091585441	0.1479136850000000	0.1002015500000000
6.3500_1	2.1963280209597293	0.1542348100000000	0.0993321600000000
6.3620_0	2.1987147405859369	0.1572910200000000	0.1034694900000000
6.3620_1	2.1971202964267209	0.1522389700000000	0.1010636100000000
6.3870_0	2.1999740688437388	0.1556396400000000	0.1008683900000000
6.3870_1	2.2024947954968259	0.1541870650000000	0.1007685050000000
6.3880_0	2.2040727328011576	0.1516979400000000	0.0992165950000000
6.3880_1	2.1987639204305185	0.1534326850000000	0.1011042400000000
6.3900_0	2.2000232687565688	0.1511020650000000	0.1001473450000000
6.3900_1	2.1996734915926828	0.1592018900000000	0.1040444850000000
6.4030_0	2.1971823270625488	0.1542834350000000	0.1017994250000000
6.4030_1	2.1973543328229512	0.1521804000000000	0.1042428250000000
6.4110_0	2.2014555649202250	0.1490748100000000	0.0983974700000000
6.4110_1	2.1970815126715357	0.1546737100000000	0.1013787800000000
6.4120_0	2.2010013862863351	0.1542321100000000	0.0939199900000000
6.4120_1	2.1975761964881406	0.1521885600000000	0.1040490200000000
6.4300_0	2.1998275434258958	0.1541176850000000	0.0992062650000000
6.4300_1	2.2016921781216094	0.1478900700000000	0.0989569000000000
6.4301_0	2.2029801579238728	0.1494368850000000	0.0990216350000000
6.4301_1	2.1984481757610475	0.1536625000000000	0.1035504650000000
6.4500_0	2.2014116175170968	0.1555025450000000	0.1037189900000000
6.4500_1	2.1991759217905273	0.1447955100000000	0.0973234200000000
6.4560_0	2.2023462773890805	0.1539084300000000	0.1042345250000000
6.4560_1	2.1973730851685032	0.1491882100000000	0.0993592450000000
6.4600_0	2.2037289012034336	0.1559091400000000	0.1006246150000000
6.4600_1	2.1995538697305874	0.1438582750000000	0.1009834650000000
6.4601_0	2.2039012711485824	0.1553721550000000	0.0986779850000000
6.4601_1	2.1984400765297565	0.1660145950000000	0.1001237500000000
6.4800_0	2.2025805164492125	0.1457315650000000	0.0990827500000000
6.4800_1	2.1984494480222416	0.1517634450000000	0.0991492000000000
6.5000_0	2.1984213755440658	0.1537601300000000	0.1026846100000000
6.5000_1	2.1970602264522832	0.1561478050000000	0.0998377800000000
6.5001_0	2.2024497048910416	0.1538095700000000	0.0979243600000000
6.5001_1	2.1958353648257507	0.1538474350000000	0.1017733850000000
6.5002_0	2.1986101371202262	0.1540124350000000	0.1048086600000000
6.5002_1	2.2005766772263247	0.1580872000000000	0.1020793950000000
6.5070_0	2.2027024274079947	0.1544792150000000	0.0980684450000000
6.5070_1	2.1948191559153112	0.1526834850000000	0.0981675950000000
6.5100_0	2.1997394557979231	0.1545646650000000	0.1028705550000000
6.5100_1	2.2003900649591510	0.1476653900000000	0.0983771050000000
6.5220_0	2.2038233399530109	0.1552832150000000	0.0994565450000000
6.5220_1	2.1969329125179464	0.1530601900000000	0.1016417350000000
6.5290_0	2.2000791190372646	0.1473593000000000	0.0985835100000000
6.5290_1	2.1962825767436094	0.1471158850000000	0.1015140650000000
6.5300_0	2.2022581692316376	0.1480805900000000	0.0978896500000000
6.5300_1	2.2014194661467097	0.1487497750000000	0.1021727750000000
6.5340_0	2.1991766666911294	0.1519350950000000	0.0985383000000000
6.5340_1	2.1962916738167286	0.1520808750000000	0.1007320150000000
6.5350_0	2.2005121311787912	0.1590342100000000	0.0952736950000000
6.5350_1	2.1999698308112805	0.1497564600000000	0.0990676200000000
6.5400_0	2.2023904623751904	0.1541925700000000	0.1035680250000000
6.5400_1	2.2007177271802121	0.1499157100000000	0.0999782250000000
6.5500_0	2.2024359077405995	0.1486960700000000	0.1003006000000000
6.5500_1	2.1967842700333611	0.1549092400000000	0.1023664650000000
6.5600_0	2.2030363901406531	0.1527013750000000	0.0968117350000000
6.5600_1	2.2018717913290242	0.1516401600000000	0.0942751300000000
6.5601_0	2.2010192033890772	0.1506351250000000	0.1010858150000000
6.5601_1	2.1983122825872816	0.1491036250000000	0.1012962900000000
6.5880_0	2.2011536138573828	0.1477602900000000	0.0947050800000000
6.5880_1	2.1972028388430331	0.1605426700000000	0.1022695250000000
6.5900_0	2.2022265849886189	0.1579839250000000	0.0989774900000000
6.5900_1	2.1998164373090328	0.1484745550000000	0.0965668200000000
6.5901_0	2.2038266408383693	0.1529733500000000	0.0970126650000000
6.5901_1	2.1935186401331879	0.1756184500000000	0.1135520300000000
6.6090_0	2.2014675375873711	0.1514828500000000	0.1002506000000000
6.6090_1	2.1949640120411820	0.1551435150000000	0.1018609200000000
6.6200_0	2.1998932259701736	0.1538615050000000	0.1052833550000000
6.6200_1	2.1975008197416974	0.1558075200000000	0.0995490150000000
6.6300_0	2.1978031095070354	0.1582787400000000	0.1041830250000000
6.6300_1	2.2016940605304502	0.1578328300000000	0.1029825700000000
6.6400_0	2.2008550011951269	0.1428269250000000	0.0996431450000000
6.6400_1	2.2014361644468869	0.1542444550000000	0.0964930650000000
6.6401_0	2.2014231910501052	0.1560372950000000	0.1003940350000000
6.6401_1	2.1957640615831231	0.1507433300000000	0.1008150700000000
6.6460_0	2.1999239641454964	0.1592988350000000	0.0997198200000000
6.6460_1	2.1953932714253077	0.1549035000000000	0.1055628350000000
6.6600_0	2.1991117011484302	0.1560146300000000	0.1020566550000000
6.6600_1	2.1996998224480597	0.1475052450000000	0.0992692850000000
6.7000_0	2.1991595439780052	0.1555005400000000	0.0938173600000000
6.7000_1	2.1956973245370799	0.1535354350000000	0.1027623100000000
6.7100_0	2.2008501602545238	0.1619593200000000	0.1041762800000000
6.7100_1	2.1969764947992174	0.1509513250000000	0.1026605550000000
6.7101_0	2.2005129094548068	0.1500968600000000	0.0999511700000000
6.7101_1	2.2006621795162364	0.1451467300000000	0.0981692950000000
6.7120_0	2.1974987564979078	0.1545966200000000	0.1018757950000000
6.7120_1	2.1988986829679913	0.1540508750000000	0.1048770350000000
6.7400_0	2.1984785607937982	0.1755855200000000	0.1125077650000000
6.7400_1	2.2006249251201631	0.1515320500000000	0.0939365950000000
6.7500_0	2.1984097616008489	0.1651592200000000	0.1108145650000000
6.7500_1	2.1956818508348777	0.1567645650000000	0.1005101900000000
6.7501_0	2.1990954612430382	0.1562449350000000	0.1033459350000000
6.7501_1	2.2011672949374796	0.1454204850000000	0.0976760500000000
6.7700_0	2.2007650124845832	0.1459995650000000	0.0966820100000000
6.7700_1	2.2010999283820687	0.1518346900000000	0.1010156950000000
6.7900_0	2.2022958782554070	0.1529841600000000	0.1004526050000000
6.7900_1	2.1971006495910492	0.1536452900000000	0.1016151600000000
6.7901_0	2.2006673006700663	0.1562968200000000	0.0991463950000000
6.7901_1	2.1992386396145149	0.1432662550000000	0.0980467450000000
6.8000_0	2.2027003276417960	0.1553025400000000	0.1089015800000000
6.8000_1	2.1975924270376304	0.1584263950000000	0.1028514950000000
6.8040_0	2.2007724867379514	0.1447692200000000	0.0992604000000000
6.8040_1	2.1990600511898211	0.1496493150000000	0.0947564350000000
6.8100_0	2.2019300477232830	0.1506814350000000	0.1007644150000000
6.8100_1	2.1984725457464713	0.1776941400000000	0.1138270200000000
6.8200_0	2.2004591535553368	0.1533517200000000	0.1000856050000000
6.8200_1	2.1984581737831346	0.1848755900000000	0.1172224500000000
6.8300_0	2.1996227545965450	0.1620548650000000	0.1022010950000000
6.8300_1	2.2262185865805364	0.2056709850000000	0.1143949400000000
6.8400_0	2.2014432483503414	0.1469110050000000	0.0978245850000000
6.8400_1	2.1949057879762410	0.1565324550000000	0.1068847550000000
6.8640_0	2.1993312124533930	0.1686821750000000	0.1148013650000000
6.8640_1	2.2005185057904257	0.1518766050000000	0.1016043600000000
6.8800_0	2.2006116159867668	0.1555212750000000	0.0994080850000000
6.8800_1	2.1991473336641718	0.1548746800000000	0.1012052450000000
6.8801_0	2.2010620407517112	0.1539865900000000	0.0990473350000000
6.8801_1	2.1997895049697735	0.1492513050000000	0.1023709650000000
6.8802_0	2.1983890880450239	0.1437166550000000	0.0933945050000000
6.8802_1	2.2013883033386601	0.1478139800000000	0.1019823050000000
6.8803_0	2.2031450473957501	0.1566803650000000	0.1008054000000000
6.8803_1	2.1969324092095532	0.1551147250000000	0.1027566750000000
6.8900_0	2.2015706765695793	0.1521161750000000	0.1013395700000000
6.8900_1	2.1990942864211283	0.1563139250000000	0.1034003900000000
6.9000_0	2.2014457775546226	0.1526121800000000	0.1039649150000000
6.9000_1	2.1972567377677334	0.1535325300000000	0.0994751800000000
6.9020_0	2.2030698421732864	0.1504745950000000	0.0986364800000000
6.9020_1	2.2008446901728442	0.1502456150000000	0.1003086450000000
6.9500_0	2.1978415732830814	0.1564007050000000	0.1016336050000000
6.9500_1	2.1995819611882266	0.1611183600000000	0.0937709250000000
6.9700_0	2.2024698032455245	0.1473534800000000	0.0964902200000000
6.9700_1	2.1992834364788458	0.1558622500000000	0.1010042350000000
6.9730_0	2.2037323267523847	0.1515591200000000	0.0990754500000000
6.9730_1	2.2003855835771859	0.1573498050000000	0.1016033950000000
6.9800_0	2.2030424137457887	0.1518355650000000	0.0966937350000000
6.9800_1	2.2014065344892426	0.1548927300000000	0.1029673700000000
6.9801_0	2.1975123036581974	0.1527647350000000	0.0990100900000000
6.9801_1	2.2014233075733642	0.1479423150000000	0.0980558850000000
6.9820_0	2.2033689956681983	0.1568757800000000	0.1044552750000000
6.9820_1	2.1973223405165934	0.1487754800000000	0.0998757900000000
6.9900_0	2.1973215724522754	0.1564236300000000	0.1055126350000000
6.9900_1	2.2002376779441053	0.1534631150000000	0.0992605050000000
6.9901_0	2.2018490221064866	0.1482857050000000	0.1020022100000000
6.9901_1	2.1971584800810389	0.1591127650000000	0.1012575300000000
7.0000_0	2.2026032358540837	0.1581708450000000	0.1050254450000000
7.0000_1	2.2002928279022043	0.1562899800000000	0.0954910500000000
7.0001_0	2.1985340646398353	0.1469663350000000	0.1015526500000000
7.0001_1	2.1943417767942388	0.1483929900000000	0.0998010050000000
7.0100_0	2.1995757467721537	0.1500966250000000	0.1024581500000000
7.0100_1	2.1999120435558028	0.1425363150000000	0.1022546250000000
7.0101_0	2.2008473274271600	0.1516791150000000	0.0996809050000000
7.0101_1	2.2008694494682954	0.1547170650000000	0.0988754100000000
7.0200_0	2.2011550124497621	0.1511929550000000	0.0957291450000000
7.0200_1	2.1967000565626593	0.1573842250000000	0.1048288400000000
7.0220_0	2.2030354436574981	0.1465679750000000	0.0970798050000000
7.0220_1	2.1984382147374042	0.1537837200000000	0.0984117350000000
7.0400_0	2.2021734590751545	0.1539252150000000	0.0990402000000000
7.0400_1	2.1995755204313996	0.1531849850000000	0.0975283850000000
7.0500_0	2.2026408746276269	0.1489162100000000	0.0959868750000000
7.0500_1	2.1965872299842322	0.1534548400000000	0.1033842150000000
7.0520_0	2.1984702417770730	0.1674871700000000	0.1127980450000000
7.0520_1	2.2008235436557055	0.1486228650000000	0.0975228900000000
7.0530_0	2.2026079078025771	0.1565691850000000	0.0991530800000000
7.0530_1	2.2004367189835672	0.1571490100000000	0.0889851600000000
7.0600_0	2.2021359858731349	0.1517717700000000	0.1009049450000000
7.0600_1	2.1959925920030501	0.1537473600000000	0.1080715850000000
7.0700_0	2.2018734925299621	0.1511257800000000	0.0966514000000000
7.0700_1	2.1962507981767665	0.1544598600000000	0.1038038600000000
7.0900_0	2.2011351010752227	0.1486353950000000	0.1006809000000000
7.0900_1	2.1984331981316512	0.1539295350000000	0.1018929650000000
7.0901_0	2.1982828563485661	0.1511026400000000	0.0992257500000000
7.0901_1	2.1984034609381475	0.1510598050000000	0.1033901450000000
7.1000_0	2.1998095747640667	0.1475113600000000	0.0969827550000000
7.1000_1	2.1973227062086940	0.1513402750000000	0.1038549500000000
7.1100_0	2.1974602607927292	0.1544466350000000	0.1016087450000000
7.1100_1	2.2007472573281581	0.1486762750000000	0.0975808000000000
7.1200_0	2.1993919408427680	0.1513009200000000	0.0921662300000000
7.1200_1	2.2008011212839813	0.1493034250000000	0.1004012050000000
7.1201_0	2.2023161403110700	0.1511142250000000	0.0969948700000000
7.1201_1	2.2014003140129197	0.1501432200000000	0.1008780000000000
71.3400_0	2.2002245293324614	0.1501994650000000	0.1000351150000000
71.3400_1	2.1998537505608420	0.1504550300000000	0.0966489450000000
7.1500_0	2.2014141838230810	0.1542104750000000	0.1012990300000000
7.1500_1	2.1982988902004053	0.1548881050000000	0.0980568400000000
7.1501_0	2.2035653836910507	0.1770314700000000	0.1263644350000000
7.1501_1	2.1983582299963196	0.1468111600000000	0.1063419600000000
7.1600_0	2.1982412466158023	0.1493433650000000	0.1016612600000000
7.1600_1	2.1994290147138140	0.1468660200000000	0.0966929400000000
7.1760_0	2.2014524103002340	0.1520136400000000	0.1000560800000000
7.1760_1	2.2003835780159795	0.1525136550000000	0.0998977600000000
7.1800_0	2.2001217239563888	0.1572344000000000	0.1010295300000000
7.1800_1	2.1996074286640668	0.1475417550000000	0.0999149200000000
7.1801_0	2.2005135326368621	0.1564869550000000	0.0994389550000000
7.1801_1	2.2013169331519147	0.1566264700000000	0.0951890800000000
7.2000_0	2.1996918356742583	0.1575102450000000	0.1027196400000000
7.2000_1	2.1968025628439283	0.1507273700000000	0.0997503650000000
7.2100_0	2.2002665140197273	0.1500554100000000	0.0995762300000000
7.2100_1	2.1975929185734624	0.1555628050000000	0.0953822000000000
7.2110_0	2.2026987751714877	0.1539033550000000	0.0959091000000000
7.2110_1	2.1974304641814522	0.1551685700000000	0.0995035900000000
7.2200_0	2.2005557988931308	0.1524047100000000	0.0972022050000000
7.2200_1	2.1958955278704839	0.1561966650000000	0.1048595050000000
7.2230_0	2.1984616418377505	0.1500666350000000	0.0975109400000000
7.2230_1	2.2001303051805179	0.1542979900000000	0.1025408000000000
7.2300_1	2.1984461022793096	0.1785690950000000	0.1127636300000000
7.2400_0	2.2033275056074091	0.1542648700000000	0.0992554650000000
7.2400_1	2.2009624632177673	0.1526193900000000	0.1025649850000000
7.2500_0	2.2024198492955147	0.1513342000000000	0.0997300300000000
7.2500_1	2.2019778539768473	0.1529222350000000	0.0956777450000000
7.2600_0	2.2028037185800255	0.1532415450000000	0.0997942900000000
7.2600_1	2.1993047067093370	0.1549863950000000	0.1055226050000000
7.3300_0	2.2001114032027220	0.1610494300000000	0.1010769150000000
7.3300_1	2.1968032058215878	0.1473372500000000	0.1034346900000000
7.3500_0	2.2035051693972130	0.1488966300000000	0.0960086050000000
7.3500_1	2.1972488878017566	0.1552001350000000	0.0976313600000000
7.3700_0	2.2015162263727222	0.1591419850000000	0.0969130450000000
7.3700_1	2.2008509413391857	0.1511373350000000	0.1032092150000000
7.3800_0	2.1984643393964416	0.1490045800000000	0.1018167800000000
7.3800_1	2.1992989945627466	0.1464284250000000	0.1002632250000000
7.3810_0	2.1998750822245889	0.1615566350000000	0.1062218700000000
7.3810_1	2.1995743296195012	0.1598303800000000	0.0945232750000000
7.3840_0	2.2004678842061165	0.1493303650000000	0.0999829100000000
7.3840_1	2.1977657791946741	0.1472116500000000	0.1047579500000000
7.3900_0	2.2014109802466044	0.1455953950000000	0.0966454400000000
7.4120_0	2.1980188180613145	0.1524599600000000	0.1019929550000000
7.4120_1	2.1991345425754250	0.1454988700000000	0.1007094550000000
7.4230_0	2.2006076084051576	0.1587330050000000	0.1056684900000000
7.4230_1	2.1963093097363546	0.1518879600000000	0.1042843850000000
7.4500_0	2.1996846145660567	0.1526025950000000	0.1032530150000000
7.4500_1	2.2003809513340165	0.1564794350000000	0.0946041200000000
7.4600_0	2.1970936198781206	0.1561398550000000	0.1045173400000000
7.4600_1	2.2005765877529404	0.1531410300000000	0.1007000400000000
7.4601_0	2.2024384010654172	0.1538395150000000	0.1013364700000000
7.4601_1	2.1975261950253735	0.1521844100000000	0.1029534850000000
7.4700_0	2.1984676263374974	0.1773429600000000	0.1126301250000000
7.4700_1	2.1996826584867386	0.1660404400000000	0.1081928450000000
7.4800_0	2.2023722569196522	0.1540468350000000	0.0933857700000000
7.4800_1	2.1989621574956053	0.1535176500000000	0.1029393200000000
7.4801_0	2.1989493118719170	0.1566446550000000	0.0992403600000000
7.4801_1	2.2009048935236288	0.1632014500000000	0.0940385800000000
7.5000_0	2.1984190198254625	0.1750001150000000	0.1085168650000000
7.5000_1	2.1982130022343673	0.1555810100000000	0.1075883150000000
7.5010_0	2.2000918971713794	0.1578924600000000	0.1045969000000000
7.5010_1	2.1987529467398668	0.1538116350000000	0.1011935650000000
7.5100_0	2.2030520350651437	0.1515637250000000	0.0992192100000000
7.5100_1	2.1977047596922512	0.1520119500000000	0.1028044400000000
7.5160_0	2.1995438338735287	0.1533174750000000	0.1021183300000000
7.5160_1	2.1970534000025816	0.1503860750000000	0.1026137150000000
7.5300_0	2.2005076640815298	0.1491561650000000	0.1015322600000000
7.5300_1	2.2014183697440113	0.1465259050000000	0.0963459100000000
7.5500_0	2.2001008066206618	0.1617645500000000	0.1018018000000000
7.5500_1	2.1994934719546917	0.1527057550000000	0.0939962700000000
7.5501_0	2.2016803790044062	0.1563571600000000	0.0997259550000000
7.5501_1	2.1974314959093766	0.1526712450000000	0.1017102250000000
7.5700_0	2.2001733933983445	0.1548876500000000	0.1004045200000000
7.5700_1	2.2001935169176345	0.1522318100000000	0.0974823850000000
7.5900_0	2.1992538967350077	0.1556267350000000	0.0996095850000000
7.5900_1	2.2006679540726415	0.1479022400000000	0.0989064500000000
7.5901_0	2.2022559294693691	0.1572772600000000	0.0957783400000000
7.5901_1	2.2014195559114365	0.1493830100000000	0.0958704950000000
7.6000_0	2.1991104413036942	0.1481185950000000	0.1025940350000000
7.6000_1	2.1994098105050948	0.1550735550000000	0.1032038500000000
7.6400_0	2.1978922717721723	0.1546994800000000	0.1029450400000000
7.6400_1	2.2004845901534908	0.1502418350000000	0.0962773450000000
7.6420_0	2.1991722065721513	0.1495274950000000	0.1037515050000000
7.6420_1	2.2011507791356171	0.1485412350000000	0.1007635450000000
7.6600_0	2.1992386526827525	0.1558006900000000	0.0996827650000000
7.6600_1	2.2012381521345161	0.1552688500000000	0.1003264100000000
7.6700_0	2.2000499291407500	0.1552114150000000	0.1009668800000000
7.6700_1	2.1984470456391345	0.1473783200000000	0.1042123050000000
7.6730_0	2.2013713328653686	0.1535215750000000	0.0955585400000000
7.6730_1	2.1990523210799089	0.1514263350000000	0.0984955300000000
7.6900_0	2.2003804961474613	0.1562070700000000	0.0998233950000000
7.6900_1	2.1968026745910327	0.1546657800000000	0.1038778850000000
7.6901_0	2.1986209382719579	0.1507664050000000	0.1020502350000000
7.6901_1	2.2007077274412454	0.1496493900000000	0.1008859750000000
7.6902_0	2.2003283414759109	0.1579148900000000	0.1018797050000000
7.6902_1	2.1990559591908316	0.1560532800000000	0.1017525800000000
7.7000_0	2.2010885286753750	0.1526197400000000	0.0986752300000000
7.7000_1	2.1994869781200550	0.1505922950000000	0.1003572450000000
7.7100_0	2.1976343449320219	0.1562493900000000	0.1042843900000000
7.7100_1	2.2005596504378726	0.1536041050000000	0.0998504600000000
7.7101_0	2.2009033526146209	0.1467477150000000	0.1008105050000000
7.7101_1	2.2003961310459954	0.1598916950000000	0.0948889700000000
7.7200_0	2.1989777134059669	0.1596848300000000	0.1069039900000000
7.7200_1	2.1999809095112774	0.1557776400000000	0.1014741650000000
7.7600_0	2.1994546356889551	0.1556654200000000	0.0989913800000000
7.7600_1	2.1984691353117722	0.1855020750000000	0.1127093750000000
7.7700_0	2.2018278024296305	0.1546220550000000	0.0991552600000000
7.7700_1	2.1978130459768912	0.1577204550000000	0.0998351700000000
7.7701_0	2.1990880012787599	0.1563389150000000	0.0963768450000000
7.7701_1	2.2014980367818979	0.1544908550000000	0.0985575700000000
7.7720_0	2.2006634217440397	0.1492381250000000	0.0971055800000000
7.7720_1	2.1973406630405621	0.1553082050000000	0.1000500200000000
7.7800_0	2.2006497664730316	0.1522944000000000	0.1011634200000000
7.7800_1	2.1973975815944367	0.1552194300000000	0.0952588250000000
7.7801_0	2.2019916037710301	0.1475123950000000	0.0998870550000000
7.7801_1	2.1984187080039024	0.1552005450000000	0.1030919450000000
7.7802_0	2.1981233107362366	0.1520666600000000	0.1030012250000000
7.7802_1	2.1993129913692635	0.1485686250000000	0.0990694650000000
7.8050_0	2.2013350725697318	0.1734292200000000	0.1170057000000000
7.8050_1	2.1996940105682161	0.1446546200000000	0.1010869150000000
7.8100_0	2.2013924103339040	0.1466725850000000	0.0991493000000000
7.8100_1	2.1772055335716680	0.1323066800000000	0.1004136900000000
7.8300_0	2.2038140313733834	0.1500871950000000	0.0997661600000000
7.8300_1	2.1967469683663743	0.1569758250000000	0.0962429050000000
7.8380_0	2.2026919250863219	0.1477909150000000	0.0985968300000000
7.8380_1	2.1997239546904530	0.1479982350000000	0.0992416100000000
7.8400_0	2.2002463415215567	0.1476055300000000	0.1011705000000000
7.8400_1	2.1959253993807835	0.1573924250000000	0.1015775400000000
7.8490_0	2.2025990380118929	0.1518587200000000	0.0978918850000000
7.8490_1	2.1991741765298443	0.1458914700000000	0.0992081200000000
7.8600_0	2.1995896688564938	0.1532678750000000	0.1017980400000000
7.8600_1	2.1985184436708467	0.1522284250000000	0.0994739400000000
7.8601_0	2.1987926026601063	0.1510263200000000	0.0995265200000000
7.8601_1	2.1998192788425075	0.1415184700000000	0.1009175450000000
7.8680_0	2.1982555779499258	0.1700139850000000	0.1019000450000000
7.8680_1	2.2014324807643635	0.1508609250000000	0.0996942050000000
7.8800_0	2.2016859085483018	0.1477192050000000	0.0972980550000000
7.8800_1	2.1990368609289388	0.1496723500000000	0.0988408350000000
7.8900_0	2.1999555471343730	0.1518560800000000	0.0951480150000000
7.8900_1	2.1995873537743296	0.1515975850000000	0.0988158750000000
7.8901_0	2.1455945488779045	0.1792892400000000	0.1166658350000000
7.8901_1	2.1993283406001942	0.1540825950000000	0.1001766550000000
7.9100_0	2.1998845700423679	0.1559358650000000	0.1051089750000000
7.9100_1	2.1975100970217278	0.1508964250000000	0.1046059250000000
7.9200_0	2.2009195574475058	0.1417413900000000	0.1008706950000000
7.9200_1	2.1974251818509125	0.1539573650000000	0.1058118050000000
7.9201_0	2.2026874852404759	0.1452073500000000	0.0982958800000000
7.9201_1	2.2014139059807745	0.1522423200000000	0.0985673250000000
7.9202_0	2.2000810585882027	0.1436808250000000	0.1003217600000000
7.9202_1	2.1993957992340465	0.1424876050000000	0.0938546800000000
7.9600_0	2.1997568857965728	0.1576683000000000	0.0992493950000000
7.9600_1	2.1984537234457453	0.1734386800000000	0.1131667300000000
7.9700_0	2.2027714412441441	0.1473809850000000	0.0976116550000000
7.9700_1	2.1995507818629232	0.1419423700000000	0.0946615250000000
7.9720_0	2.1994055064747506	0.1563652550000000	0.0993750450000000
7.9720_1	2.1974176979761881	0.1526434400000000	0.1037559250000000
7.9800_0	2.1990433253052606	0.1515331800000000	0.0981811400000000
7.9800_1	2.1971161822626808	0.1551756000000000	0.1073894000000000
7.9900_0	2.1994622468294995	0.1497268200000000	0.1036884750000000
7.9900_1	2.2001284012752098	0.1571104850000000	0.0988814300000000
7.9901_0	2.2003614838618595	0.1566764000000000	0.1003450800000000
7.9901_1	2.1987573579175179	0.1641721600000000	0.1010301650000000
8.0000_1	2.2001193904254155	0.1606965150000000	0.0946233000000000
8.0001_0	2.1997165062266442	0.1540158100000000	0.1032111600000000
8.0001_1	2.1970224742940476	0.1543362650000000	0.0957851800000000
8.0002_0	2.2003180130831788	0.1598860000000000	0.0991323850000000
8.0002_1	2.1958279332830362	0.1524573600000000	0.1003201100000000
8.0100_0	2.2006617527651309	0.1556361000000000	0.1004923800000000
8.0100_1	2.1985453519682565	0.1529406450000000	0.1010434950000000
8.0110_0	2.2010037187548011	0.1456135650000000	0.0981214000000000
8.0110_1	2.1977644295793271	0.1578553500000000	0.1051231200000000
8.0450_0	2.1978908767332892	0.1523915150000000	0.1011122900000000
8.0450_1	2.1993141900062185	0.1558530900000000	0.1009220250000000
8.0600_0	2.2001714813649142	0.1503582800000000	0.1006074400000000
8.0600_1	2.2007436599040853	0.1540697650000000	0.1005624450000000
8.0700_0	2.1990707581054605	0.1557322850000000	0.0980849250000000
8.0700_1	2.1972508395499504	0.1556554000000000	0.1069980700000000
8.0800_0	2.2008906621648694	0.1490224000000000	0.0973123900000000
8.0800_1	2.1968506998732651	0.1579203450000000	0.1033470750000000
8.1000_0	2.1984212117985558	0.1737501050000000	0.1123717250000000
8.1000_1	2.2013762887108133	0.1592409950000000	0.1017245550000000
8.1400_0	2.1995834240331105	0.1521143450000000	0.0992631050000000
8.1400_1	2.1958979773557106	0.1558821400000000	0.1055224300000000
8.1660_0	2.1984583309308396	0.1532337600000000	0.1000750800000000
8.1660_1	2.1980214918713612	0.1530846150000000	0.1007879850000000
8.1700_0	2.1991263897037769	0.1538391800000000	0.0929786500000000
8.1700_1	2.1984928338430803	0.1636859500000000	0.1088199800000000
8.2000_0	2.2009721596451182	0.1549041250000000	0.0943701450000000
8.2000_1	2.2014127934053849	0.1521762800000000	0.1030944250000000
8.2250_0	2.2000439540336054	0.1560511150000000	0.1014983600000000
8.2250_1	2.1984348732069598	0.1731199700000000	0.1146686200000000
8.2500_0	2.2022805420872831	0.1549090350000000	0.1082437900000000
8.2500_1	2.2014179241065133	0.1503426700000000	0.1002486350000000
8.2630_0	2.2025960176811159	0.1488546650000000	0.0991013850000000
8.2630_1	2.1995016980861632	0.1526258550000000	0.0970845250000000
8.2800_0	2.2004798856581584	0.1468154250000000	0.1016451350000000
8.2800_1	2.1969288750614178	0.1575448350000000	0.0999646000000000
8.3300_0	2.1979853572034660	0.1547140500000000	0.1055676500000000
8.3300_1	2.1935511066808879	0.1652617450000000	0.1153344350000000
8.3400_0	2.2015592556160679	0.1450764700000000	0.0976190100000000
8.3400_1	2.1975612632298240	0.1572475550000000	0.0962214550000000
8.3500_0	2.2020469078535494	0.1547624000000000	0.0960310950000000
8.3500_1	2.1997349014887950	0.1488241000000000	0.0998622050000000
8.3600_0	2.2006760815557871	0.1551469450000000	0.1028351100000000
8.3600_1	2.1988119743725205	0.1512407400000000	0.1005671050000000
8.3710_0	2.1984639977859279	0.1839960800000000	0.1180000550000000
8.3710_1	2.2001322381679618	0.1536837800000000	0.1012001950000000
8.3880_0	2.1995563719032196	0.1576461100000000	0.1005330550000000
8.3880_1	2.2001484578657973	0.1596587000000000	0.0939036850000000
8.4400_0	2.2010491429305676	0.1473116900000000	0.0976231350000000
8.4800_0	2.1991763682987866	0.1526301700000000	0.1031805750000000
8.4800_1	2.1972960144214300	0.1548159650000000	0.1010693400000000
8.6200_0	2.2020048788116244	0.1522749950000000	0.0994380600000000
8.6200_1	2.1973954951367469	0.1502638650000000	0.1043869950000000
8.6300_0	2.1985438390938410	0.1731612200000000	0.1108154200000000
8.6300_1	2.2010898986619587	0.1581771000000000	0.1039413200000000
8.6301_0	2.2006245130358781	0.1492342250000000	0.0995660900000000
8.6301_1	2.2010810585838345	0.1503479850000000	0.1013044850000000
8.7400_0	2.1981822996227307	0.1544844100000000	0.1038040300000000
8.7400_1	2.1974283124867755	0.1606939350000000	0.1110279650000000
8.8200_0	2.2000683714305542	0.1534628800000000	0.0998040200000000
8.8200_1	2.1994131066590552	0.1481930500000000	0.0997198750000000
8.8600_0	2.2025185390207533	0.1482396150000000	0.0994572000000000
8.8600_1	2.1994277345122950	0.1488181600000000	0.0969380100000000
8.9300_0	2.2002316984867241	0.1493506250000000	0.0987253550000000
8.9300_1	2.1972998163540578	0.1505147000000000	0.1020055650000000
8.9500_0	2.1983722231962664	0.1578688200000000	0.1047816650000000
8.9500_1	2.1997816778989887	0.1482231700000000	0.1020716100000000
8.9600_0	2.1984478258056304	0.1550026500000000	0.1022447850000000
8.9600_1	2.1993371267833011	0.1535466350000000	0.1011919350000000
8.9800_0	2.1990967547966966	0.1508806900000000	0.0947809250000000
8.9800_1	2.1995115499918381	0.1514408500000000	0.1005081100000000
8.9900_0	2.2013617372177463	0.1472348850000000	0.0948430850000000
8.9900_1	2.1974132344274149	0.1506994750000000	0.1032084950000000
9.0100_0	2.1984392859769795	0.1449625050000000	0.1019505350000000
9.0100_1	2.1980194822429691	0.1553572400000000	0.1046793100000000
9.0101_0	2.2018127802919838	0.1542583200000000	0.0962501850000000
9.0101_1	2.1992352657395298	0.1515900000000000	0.0964200050000000
9.1300_0	2.1984572960690674	0.1546454950000000	0.0979353750000000
9.1300_1	2.2005237925755976	0.1554124050000000	0.0954560150000000
9.1301_0	2.2011269946189183	0.1564789500000000	0.1032007300000000
9.1301_1	2.1971451995822160	0.1544828550000000	0.0965577050000000
9.1400_0	2.2005767751120615	0.1490467750000000	0.1018701350000000
9.1400_1	2.1975747974115016	0.1509450650000000	0.1007586600000000
9.1401_0	2.1984242132652354	0.1520560450000000	0.1045662200000000
9.1401_1	2.1989058473062824	0.1517271350000000	0.0990228000000000
9.1402_0	2.1985884717403898	0.1612593900000000	0.1035400100000000
9.1402_1	2.1982311197125188	0.1484888250000000	0.1004696550000000
91.6300_0	2.1998390831067240	0.1522310050000000	0.1008291250000000
91.6300_1	2.1998262570894020	0.1538018000000000	0.1016991700000000
9.1700_0	2.2019452537701834	0.1535977350000000	0.1023278900000000
9.1700_1	2.2000166333587332	0.1495032500000000	0.0970882800000000
9.1900_0	2.2014124395020094	0.1591361000000000	0.0977792300000000
9.1900_1	2.1996370907609233	0.1449834950000000	0.1023307550000000
9.2300_0	2.2002124683612578	0.1505123800000000	0.0998947650000000
9.2300_1	2.2002079282995899	0.1570341050000000	0.0963597250000000
9.2400_0	2.2014154613702117	0.1444560050000000	0.0942673700000000
9.2400_1	2.1993161354727770	0.1489305200000000	0.1030925650000000
9.2401_0	2.2021751014419144	0.1453067050000000	0.0988243350000000
9.2401_1	2.1977137774679396	0.1518932350000000	0.1057838700000000
9.2600_0	2.1984733267807224	0.1663521200000000	0.1131683350000000
9.2600_1	2.1984519139028342	0.1499382700000000	0.1001634700000000
9.2601_0	2.2004604883138659	0.1529654600000000	0.1041838450000000
9.2601_1	2.1996174618736726	0.1577000650000000	0.1042011150000000
9.3130_0	2.2001972429381085	0.1540269750000000	0.1008124850000000
9.3130_1	2.1951813325388763	0.1475788500000000	0.1015311500000000
9.3300_0	2.2014397260990481	0.1495249700000000	0.0973855350000000
9.3300_1	2.2006340663569857	0.1534997550000000	0.1024288750000000
9.4200_0	2.1995962936220885	0.1537080950000000	0.1019570950000000
9.4200_1	2.1993782071598251	0.1540621650000000	0.0980316800000000
9.4500_0	2.1999636882966276	0.1531047500000000	0.0982322050000000
9.4500_1	2.2055154450369647	0.1905935700000000	0.1297027650000000
9.5000_0	2.2000455787818529	0.1478099650000000	0.0973893200000000
9.5000_1	2.1968197103941396	0.1570579200000000	0.1031555250000000
9.5400_0	2.2014016869680630	0.1434865100000000	0.0977430150000000
9.5400_1	2.1992281194923482	0.1553075900000000	0.0999612850000000
9.5800_0	2.2022691731520458	0.1604900900000000	0.1046305350000000
9.5800_1	2.2003278977459182	0.1521248950000000	0.0978219900000000
9.5870_0	2.1989625589427333	0.1532196400000000	0.1016977550000000
9.5870_1	2.1991307571481884	0.1521824700000000	0.1010995250000000
9.5900_0	2.2003900156099245	0.1474648650000000	0.1017225650000000
9.5900_1	2.2017258509915170	0.1578705750000000	0.0953825050000000
9.6030_0	2.1993391957053343	0.1535417800000000	0.1018888600000000
9.6030_1	2.2008690343120878	0.1541969100000000	0.1040703550000000
9.6600_0	2.1991877512730387	0.1525526400000000	0.1045715000000000
9.6600_1	2.2001136915196517	0.1598808700000000	0.0933608650000000
9.6601_0	2.1997463350310165	0.1522686700000000	0.1016153600000000
9.6601_1	2.1984149573438083	0.1500643600000000	0.1011271600000000
9.6700_0	2.2000946860949151	0.1487911050000000	0.1007202350000000
9.6700_1	2.1984183803081887	0.1504780100000000	0.1025041450000000
9.7900_0	2.1980127777360714	0.1557705000000000	0.0987927200000000
9.7900_1	2.1990374165636939	0.1535939000000000	0.1033011800000000
