10.0400_0	2.2099368600370011	0.1570034600000000	0.0820517500000000
10.0400_1	2.2240080529262469	0.2046338550000000	0.1341186050000000
10.1000_0	2.2487357121919662	0.2014441900000000	0.1158464350000000
10.1300_0	2.2729862740943410	0.2154536250000000	0.1071045100000000
10.1300_1	2.1903208442428834	0.1392552000000000	0.1096738700000000
10.1930_1	2.1931763614455781	0.1424247300000000	0.0908916850000000
10.2700_1	2.1962389921491430	0.1531426000000000	0.0942639200000000
10.3000_1	2.1970715431408605	0.1354979050000000	0.1046302250000000
10.3800_0	2.2042481171922854	0.1546048150000000	0.0808826900000000
10.3900_0	2.2027624894993401	0.1369652200000000	0.0999642950000000
10.3900_1	2.3204699935740112	0.2270243650000000	0.0996483200000000
10.4200_0	2.2087921945474718	0.1557636800000000	0.1087505150000000
10.4200_1	2.1778617790121615	0.1476550950000000	0.0969846500000000
10.6200_0	2.2216313059150088	0.2066926800000000	0.0988761950000000
10.6200_1	2.1896411251716024	0.1317164050000000	0.1091357350000000
10.7300_0	2.2096796614069047	0.1578649750000000	0.1038880150000000
10.7600_0	2.2061840029548101	0.1410482250000000	0.0879506300000000
10.8800_0	2.2072692426820124	0.1495327550000000	0.0861387800000000
10.8800_1	2.1961372850188710	0.1542852200000000	0.0909238750000000
10.9200_0	2.2064439791685917	0.1404121100000000	0.0986269950000000
10.9300_1	2.1907868575008393	0.1482911550000000	0.0985419350000000
11.0400_0	2.2269508802764117	0.1775022700000000	0.1130593450000000
11.0800_0	2.2059796510959080	0.1699839950000000	0.0860072400000000
11.1200_0	2.2049258805766923	0.1515551950000000	0.0932370550000000
11.1900_0	2.2021519880752205	0.1432625500000000	0.1046830600000000
11.3800_1	2.1971356285993844	0.1413290100000000	0.0951638100000000
11.4400_1	2.1903601285807985	0.1397474350000000	0.0866267300000000
11.5300_0	2.2065074284010477	0.1378641600000000	0.0904289000000000
11.6400_0	2.2093106953856401	0.1563012150000000	0.1053799850000000
11.7000_1	2.1844953306562314	0.1628404550000000	0.0949599450000000
11.7001_0	2.2068005519186449	0.1505363700000000	0.0880473850000000
11.7002_1	2.1933899105446031	0.1350283650000000	0.0958981050000000
11.7600_0	2.2077449810728789	0.1512084900000000	0.0884383900000000
11.8200_0	2.2062184857320819	0.1506793000000000	0.1089939000000000
11.8200_1	2.1934288641690851	0.1604226950000000	0.0988507250000000
11.8700_0	2.2084440978117592	0.1468966450000000	0.0963403350000000
11.8700_1	2.1933292616194455	0.1626008000000000	0.0770306950000000
12.1600_0	2.2074095787480723	0.1319033450000000	0.0596127000000000
12.1600_1	2.1890107204882510	0.1512777400000000	0.1017895850000000
12.2300_1	2.1977557200476903	0.1586852700000000	0.0734547350000000
12.3100_0	2.2062342652131699	0.1547278400000000	0.0855616800000000
12.3100_1	2.1912639802458340	0.1597692450000000	0.0932316800000000
12.5600_1	2.1902885511377215	0.1470043900000000	0.0843931100000000
12.6200_0	2.2063124493174446	0.1429308600000000	0.1035862450000000
12.6400_0	2.2035626676838218	0.1416233200000000	0.0859764000000000
12.6400_1	2.1944991914453271	0.1559982050000000	0.1008730100000000
12.8900_0	2.2053492553207636	0.1397286500000000	0.0912726300000000
13.0600_0	2.2084443250448986	0.1568311450000000	0.0931332550000000
13.2100_0	2.2054103354572838	0.1475905700000000	0.0852204700000000
13.2100_1	2.2713673901589853	0.2229780150000000	0.0530515750000000
13.2101_0	2.2076063436453222	0.1503547300000000	0.1018275200000000
13.2101_1	2.1963104235530913	0.1470988600000000	0.0943038400000000
13.3200_0	2.2409087339757061	0.1947807650000000	0.1129448450000000
13.3200_1	2.2025148975239142	0.1633189350000000	0.0816442600000000
13.9800_0	2.2044566940102115	0.1369393050000000	0.0900738350000000
14.1600_0	2.2094425098979280	0.1518456700000000	0.0966245150000000
14.1600_1	2.1940822836841396	0.1294367250000000	0.0975617350000000
14.7200_0	2.2041721559424787	0.1588898150000000	0.1012048000000000
147.4900_0	2.2005531064465726	0.1486333050000000	0.0952407950000000
15.1400_1	2.1983828827687786	0.1523646650000000	0.0904837550000000
15.4300_0	2.2068726502812783	0.1539494200000000	0.0823691450000000
16.3900_0	2.2071941915195601	0.1547843550000000	0.0892922000000000
16.4200_0	2.2033806042607460	0.1612561850000000	0.0899479600000000
16.4200_1	2.1962707409122308	0.1460850700000000	0.0994306250000000
16.7800_0	2.2050561064880982	0.1382784750000000	0.1063129850000000
16.7800_1	2.1950200637890265	0.1480974700000000	0.0850370150000000
17.2000_1	2.1938381628249339	0.1441395850000000	0.1005668850000000
19.1500_0	2.2034571885277443	0.1557973000000000	0.0801174900000000
27.1600_0	2.2037678580501687	0.1644636400000000	0.0769259400000000
27.7100_0	2.2047561147450767	0.1436559250000000	0.0905169050000000
35.4700_0	2.2025943718557199	0.1447059550000000	0.0981595200000000
35.4700_1	2.1967665112045580	0.1483065600000000	0.0901203400000000
36.2800_0	2.2022974539913909	0.1346327050000000	0.1041092100000000
36.2800_1	2.1984580550348625	0.1404200850000000	0.0954107850000000
40.8400_0	2.2009269716593405	0.1473004250000000	0.0995015050000000
40.8400_1	2.1984816213706102	0.1563474500000000	0.0937533200000000
5.0030_0	2.2163849661151485	0.1584366850000000	0.1165039950000000
5.0030_1	2.1874471836923615	0.1555267550000000	0.0899407850000000
5.0031_0	2.2125071279950808	0.1349523700000000	0.0828486500000000
5.0032_0	2.2200069755136824	0.1532959450000000	0.0937524200000000
5.0040_0	2.2074625653438296	0.1435155350000000	0.0997346500000000
5.0071_0	2.2102168370802566	0.1310312750000000	0.0945264750000000
5.0100_0	2.2191697314542664	0.1505210600000000	0.1029727700000000
5.0100_1	2.1924329812720860	0.1689724900000000	0.0851101750000000
5.0120_0	2.2132168265879484	0.1693522550000000	0.1118687300000000
5.0120_1	2.2270996327343648	0.2007978900000000	0.1330488250000000
50.1400_0	2.2010162081497602	0.1545011900000000	0.1006712350000000
5.0140_0	2.2209033516351853	0.1657290500000000	0.0919201200000000
5.0140_1	2.1943175750756292	0.1703639950000000	0.0951132850000000
5.0180_0	2.2174392766160587	0.1401770800000000	0.1149229950000000
5.0181_0	2.2124356175809572	0.1454867450000000	0.0900005950000000
5.0183_0	2.2193183005076533	0.1644808450000000	0.1076847400000000
5.0210_0	2.2130265163754799	0.1540436500000000	0.1633691100000000
5.0210_1	2.1753000037588905	0.1651878050000000	0.0698915150000000
5.0230_0	2.2107019631403659	0.1411324100000000	0.0969426350000000
5.0260_0	2.2136898416893538	0.1326567900000000	0.0951803500000000
5.0290_0	2.2197232587012552	0.1735896950000000	0.0974635250000000
5.0302_0	2.2209071317029854	0.1382978700000000	0.1070830400000000
5.0310_0	2.2153751411754978	0.1290977700000000	0.1019775700000000
5.0310_1	2.1835286836826047	0.1370645600000000	0.0940043100000000
5.0340_0	2.2093372687980084	0.1643942950000000	0.0686505150000000
5.0341_1	2.1886803738236149	0.1630426600000000	0.0397467350000000
5.0370_0	2.2200548544318788	0.1484148850000000	0.1094695400000000
5.0400_0	2.2161038969638911	0.1533855500000000	0.0951992900000000
5.0400_1	2.1903422595118522	0.1442277650000000	0.0872300100000000
5.0401_0	2.2177035240817360	0.1489250200000000	0.1004810100000000
5.0401_1	2.2061592117625257	0.1208999250000000	0.0748977450000000
5.0410_0	2.2140551653776348	0.1482697400000000	0.0916094350000000
5.0450_0	2.2126135066365453	0.1361424200000000	0.1017652950000000
5.0500_0	2.1854112231330620	0.1968547150000000	0.1041931550000000
5.0500_1	2.2358799201328328	0.2100187150000000	0.0418811350000000
5.0501_0	2.2178355768912867	0.1448995050000000	0.1122290200000000
5.0540_0	2.2151502113673325	0.1705565850000000	0.0649132200000000
5.0600_0	2.2196329335501237	0.1531634450000000	0.1083522350000000
5.0601_0	2.2112492232505221	0.1489214400000000	0.0949991400000000
5.0620_0	2.2165612571571853	0.1533363300000000	0.0936120750000000
5.0700_0	2.2141679423330807	0.1615258050000000	0.0916068150000000
5.0800_0	2.2172428814191010	0.1558279250000000	0.0965539250000000
5.0801_0	2.2123588249932737	0.1405500950000000	0.0853549900000000
5.0900_0	2.2125574468797464	0.1884415950000000	0.1150568300000000
5.0920_0	2.2139186319341082	0.1427686750000000	0.1049133150000000
5.1000_0	2.2087926978462442	0.1472510150000000	0.0922622850000000
5.1001_0	2.2123493056098407	0.1445482200000000	0.0942484450000000
5.1001_1	2.3977862083749693	0.2639022600000000	0.0879323750000000
5.1020_0	2.2167591337971753	0.1455410000000000	0.1089241350000000
5.1030_0	2.1986589684033571	0.1262412250000000	0.1230698050000000
5.1030_1	2.3110680945660462	0.2490468250000000	0.1005586550000000
5.1040_0	2.2139984805700661	0.1665276600000000	0.1001687550000000
5.1080_1	2.2503515390467435	0.2093943150000000	0.1056874750000000
5.1100_0	2.2129169284445185	0.1944331150000000	0.0983173800000000
5.1170_0	2.2081035122287211	0.1761465500000000	0.0953106900000000
5.1180_0	2.2191629242584048	0.1452542300000000	0.0862333950000000
5.1180_1	2.1732888130757266	0.1514938300000000	0.0553965050000000
5.1210_0	2.2181972640987788	0.1503104900000000	0.1013124150000000
5.1210_1	2.1924755170056893	0.1468923350000000	0.0907041550000000
5.1310_0	2.2161739599596544	0.1463505700000000	0.1139082250000000
5.1310_1	2.1912502599343178	0.1642957900000000	0.0777171700000000
5.1330_0	2.2124133418976291	0.1448454250000000	0.0947250450000000
5.1340_0	2.2194000256243727	0.1469232400000000	0.0994091500000000
5.1340_1	2.1891043021246870	0.1486309500000000	0.1023331050000000
5.1400_0	2.2150459150780195	0.1511459800000000	0.1175192500000000
5.1401_1	2.1873590267553458	0.1443666100000000	0.0574941200000000
5.1440_0	2.2159064861408027	0.1650249500000000	0.1136954400000000
5.1441_0	2.2194772527751740	0.1459307700000000	0.1026271700000000
5.1500_0	2.3371762348590694	0.2408855750000000	0.1015921950000000
5.1500_1	2.1890841212461174	0.1553713350000000	0.0967302250000000
5.1590_0	2.2126101267828604	0.2199613800000000	0.1102214350000000
5.1650_0	2.2167593489634423	0.1687155400000000	0.1019471200000000
5.1690_0	2.2189133398427825	0.1532279900000000	0.0990637000000000
5.1700_0	2.2211736389384797	0.1533312200000000	0.0877445000000000
5.1701_0	2.2180750614154401	0.1451479600000000	0.1144638250000000
5.1800_0	2.2213860119961173	0.1622652900000000	0.1080935400000000
5.1830_0	2.2109929836698661	0.1440167700000000	0.0952250450000000
5.1830_1	2.1828705452648149	0.1410077250000000	0.0859872050000000
5.1900_0	2.2172232091981989	0.1511145500000000	0.1052435250000000
5.1901_0	2.1944451068224522	0.1106799250000000	0.1076904100000000
5.2000_0	2.2487499487506448	0.2034303450000000	0.1306905700000000
5.2002_0	2.2152822709187778	0.1497166600000000	0.0935451100000000
5.2002_1	2.1859830546373837	0.1457344450000000	0.0886369300000000
5.2003_1	2.1875019120608243	0.1308324600000000	0.1066058250000000
5.2004_0	2.2158532433953875	0.1560943000000000	0.0945293850000000
5.2005_0	2.2516039321547798	0.1957564550000000	0.1360466050000000
5.2007_0	2.2160546751734183	0.1586123650000000	0.1005226850000000
5.2008_0	2.2167774757801397	0.1525690500000000	0.0972010750000000
5.2020_0	2.2188714914624246	0.1365687900000000	0.0607186550000000
5.2020_1	2.1871912682264680	0.1410123000000000	0.0659124450000000
5.2040_0	2.2190783023832528	0.1605140150000000	0.1202803450000000
5.2100_0	2.2154354954747957	0.1499345800000000	0.1098367600000000
5.2101_0	2.2172009097383354	0.1521618550000000	0.0772478150000000
5.2200_0	2.2134667417442366	0.1412844900000000	0.0925440100000000
5.2200_1	2.1937211961775445	0.1577790050000000	0.0522531100000000
5.2201_0	2.1933609298794230	0.1619164700000000	0.1439721000000000
5.2240_0	2.2202578192564788	0.1420663150000000	0.0961423600000000
5.2240_1	2.1899749902479733	0.1514858850000000	0.0817101000000000
5.2241_0	2.2102497550150519	0.1701483100000000	0.0865057050000000
5.2241_1	2.1843703883284378	0.1354148250000000	0.0919099250000000
5.2250_0	2.2141329849489702	0.1656750100000000	0.1019806300000000
5.2300_0	2.2153098193524361	0.1472349000000000	0.0880472900000000
5.2301_0	2.2189611582953339	0.1622485900000000	0.1132208400000000
5.2310_0	2.2198593428836295	0.1796083900000000	0.0761803450000000
5.2370_0	2.2198120251215721	0.1657387550000000	0.0970712600000000
5.2370_1	2.1812200431386741	0.1634003250000000	0.0633656150000000
5.2500_0	2.3099073792716442	0.2178441950000000	0.1164281850000000
5.2502_1	2.1792358507999094	0.1842031600000000	0.1173478650000000
5.2560_0	2.2124839573057047	0.1709741800000000	0.0747965750000000
5.2560_1	2.1927173125412249	0.1493386900000000	0.0885160050000000
5.2660_0	2.2088852767096916	0.1437921300000000	0.1016125900000000
5.2661_1	2.1783002742458879	0.1352390750000000	0.0984997300000000
5.2700_0	2.2146737540274422	0.1566812450000000	0.1076041550000000
5.2710_0	2.2142921140483485	0.1476562250000000	0.1058558400000000
5.2740_0	2.2172528146518209	0.1572173500000000	0.0914424250000000
5.2740_1	2.1911965977989820	0.1426739650000000	0.0868450350000000
5.2770_0	2.2182063663168057	0.1534445350000000	0.1064195900000000
5.2770_1	2.1835503577255837	0.1329806800000000	0.0816830950000000
5.2790_0	2.2125518494792176	0.1537132250000000	0.0835262750000000
5.2870_0	2.2196167784067335	0.1374525650000000	0.0709141400000000
5.2870_1	2.1846749707602307	0.1304333450000000	0.0337007000000000
5.2880_0	2.2154368391995325	0.1557172850000000	0.0975508200000000
5.2901_0	2.2209650564107353	0.1612525050000000	0.1005682050000000
5.2901_1	2.1864585051953536	0.1441465650000000	0.1047982050000000
5.2902_0	2.2230915469541861	0.1536629350000000	0.1053441750000000
5.2960_0	2.2180509538984938	0.1457154550000000	0.1006138350000000
5.3000_0	2.2119214000126308	0.1542582250000000	0.0930596000000000
5.3001_0	2.2183245217499041	0.1531263500000000	0.1058189350000000
5.3001_1	2.1882856991917796	0.1344011450000000	0.0817395000000000
5.3020_0	2.2173418292001101	0.1526595250000000	0.0938723200000000
5.3020_1	2.1838221926868573	0.1290125600000000	0.1003102550000000
5.3060_0	2.2109652625677878	0.1561227950000000	0.0792783550000000
5.3060_1	2.3729755614016579	0.2563804750000000	0.1025035950000000
5.3200_0	2.3592516988182952	0.2742932400000000	0.1757409600000000
5.3240_0	2.2192237411240314	0.1328164200000000	0.0554236600000000
5.3240_1	2.1861249672675194	0.1575708950000000	0.0904815800000000
5.3260_0	2.2061301018492721	0.1455079300000000	0.0982821350000000
5.3270_0	2.2194136814495002	0.1499043700000000	0.0996689450000000
5.3280_0	2.2105310418303454	0.1288819250000000	0.1019312250000000
5.3350_0	2.2179999449380920	0.1421949900000000	0.1135775500000000
5.3360_0	2.2159858166228918	0.1555690400000000	0.0992779500000000
5.3400_0	2.2175640237583703	0.1404546400000000	0.0885109650000000
5.3400_1	2.1865595663424280	0.1383255800000000	0.0941441300000000
5.3401_0	2.2057839367427117	0.1350324150000000	0.1062791250000000
5.3402_0	2.3583136684193811	0.2811244850000000	0.1330553700000000
5.3402_1	2.1874216967711937	0.1367672300000000	0.0887022900000000
5.3450_0	2.2146312113077333	0.1171476050000000	0.0944536200000000
5.3490_0	2.2121747229648721	0.2142291400000000	0.1140318000000000
5.3600_0	2.2151805703847471	0.1673425900000000	0.0660166650000000
5.3600_1	2.2012750629003937	0.1517159600000000	0.1240356650000000
5.3630_0	2.2204617839250411	0.1415929000000000	0.0964689200000000
5.3630_1	2.1851695935921964	0.1454714150000000	0.0359268900000000
5.3640_0	2.2386137420615246	0.1833098600000000	0.1113052000000000
5.3800_0	2.2535022134067932	0.2120667800000000	0.1488131500000000
5.3850_0	2.2197653274193709	0.1445591400000000	0.1063548850000000
5.3851_0	2.2106918836195915	0.1418741550000000	0.0886511600000000
5.3900_0	2.2124645195488579	0.1910003100000000	0.0709114350000000
5.3930_0	2.2094033370395301	0.1590237300000000	0.0910354800000000
5.3970_0	2.2153982057044197	0.1383798900000000	0.0958637300000000
5.4000_0	2.2154360856344746	0.1630631200000000	0.0976943950000000
5.4001_0	2.2175532122180064	0.1568322000000000	0.1046181800000000
5.4001_1	2.1982778175095028	0.1509044900000000	0.0970936300000000
5.4060_0	2.2186743518283909	0.1517849300000000	0.0833459800000000
5.4200_0	2.2161784619424685	0.1593754950000000	0.0758942200000000
5.4230_1	2.2033149200217048	0.1766495500000000	0.0714827750000000
5.4270_0	2.2131287947509066	0.1548456100000000	0.1149572950000000
5.4300_0	2.2157251286076622	0.1456596750000000	0.0771527400000000
5.4300_1	2.1835953712746914	0.1646470550000000	0.0783704200000000
5.4350_0	2.2158366359382407	0.1544709700000000	0.1045911600000000
5.4380_0	2.2047546860798088	0.1525636500000000	0.0710374900000000
5.4390_0	2.2124946967067340	0.1142953500000000	0.0582732100000000
5.4390_1	2.1930357956383828	0.1456326450000000	0.0945548850000000
5.4400_1	2.1847587727297459	0.1242660300000000	0.0967183050000000
5.4450_0	2.2124798381897222	0.1332891900000000	0.0706344350000000
5.4500_0	2.2105000992682373	0.1395317800000000	0.1097606800000000
5.4500_1	2.1857305447220727	0.1272635700000000	0.1089968250000000
5.4540_1	2.1772741717422694	0.1489400500000000	0.0882720450000000
5.4570_0	2.2125772304673803	0.1615198200000000	0.0992790450000000
5.4600_0	2.2125526930429791	0.1536515850000000	0.0714310350000000
5.4601_0	2.2126098202590079	0.1606744450000000	0.0659203150000000
5.4601_1	2.1840236900173369	0.1469326300000000	0.0898992150000000
5.4603_0	2.2146879706106528	0.1633714450000000	0.0960291300000000
5.4700_0	2.2187045720237570	0.1532184900000000	0.1107764800000000
5.4701_0	2.2203630253786719	0.1588598550000000	0.1191916050000000
5.4701_1	2.2168806411262403	0.1742260200000000	0.1317070950000000
5.4800_0	2.2162619260856231	0.1416301100000000	0.1010313050000000
5.4910_0	2.2167482441829156	0.1383122800000000	0.0810050050000000
5.4930_0	2.2365378731942407	0.2128131100000000	0.1230527200000000
5.4930_1	2.1807741430603800	0.1485382150000000	0.0945982800000000
5.5000_0	2.2150017513527169	0.1339293250000000	0.1032148450000000
5.5040_0	2.2117788035561814	0.1464335650000000	0.0927700100000000
5.5040_1	2.1820040100850671	0.0878065900000000	0.0695106300000000
5.5100_0	2.2194820203083951	0.1465483150000000	0.0894828650000000
5.5101_1	2.1889431086017210	0.1705065250000000	0.1150116950000000
5.5210_0	2.2126494610911931	0.1902020000000000	0.1252346500000000
5.5210_1	2.1844650377571933	0.1325102850000000	0.1080364000000000
5.5300_0	2.2069678108527793	0.1656912500000000	0.0888939850000000
5.5320_0	2.2102500448482236	0.1827028250000000	0.1372643850000000
5.5600_0	2.2206805403302310	0.1614428050000000	0.1025805800000000
5.5600_1	2.1803746120010792	0.1205007850000000	0.1011040650000000
5.5650_0	2.2089091476491398	0.1356739900000000	0.1010888150000000
5.5660_0	2.2198590282518964	0.1460260950000000	0.1114504400000000
5.5700_0	2.2153876905100920	0.1539172100000000	0.1074680000000000
5.5700_1	2.1876688957048711	0.1489584500000000	0.1023783450000000
5.5701_1	2.1899260480643647	0.1579659750000000	0.0944584150000000
5.5710_0	2.2124607266074112	0.1369663650000000	0.1024375350000000
5.5780_0	2.2157640389348301	0.1610269300000000	0.1020914150000000
5.5900_0	2.2165173570813046	0.1539579900000000	0.0980467350000000
5.6001_0	2.2166120388663781	0.1364660450000000	0.0974914350000000
5.6150_0	2.2190599409620080	0.1550005700000000	0.1134228050000000
5.6160_1	2.3367842107937382	0.2398590450000000	0.0547185700000000
5.6180_0	2.2113326685139501	0.1384252650000000	0.0934915350000000
5.6180_1	2.1890210031254029	0.1345521400000000	0.0887311050000000
5.6240_0	2.2102695585385819	0.1385172500000000	0.1044710800000000
5.6260_0	2.2162130841806733	0.1396104050000000	0.0778092750000000
5.6260_1	2.1972494098066000	0.1673752600000000	0.0862762300000000
5.6290_0	2.2126521786183893	0.1570926750000000	0.1198390650000000
5.6300_0	2.2189556718852632	0.1574186100000000	0.0791779650000000
5.6300_1	2.1737490618057627	0.1464890850000000	0.1020256000000000
5.6301_0	2.2076812867198425	0.1395715750000000	0.0978697750000000
5.6301_1	2.1888389469086542	0.1361922000000000	0.0910509300000000
56.3100_1	2.1975241837105526	0.1381767400000000	0.0851077750000000
5.6370_0	2.2127364590816603	0.1667435250000000	0.1230642800000000
5.6370_1	2.1890493472024213	0.1569611550000000	0.1005181050000000
5.6410_0	2.2099969233950674	0.1577119200000000	0.0643191450000000
5.6420_1	2.1856188059463286	0.1497721100000000	0.0790857750000000
5.6421_0	2.2356907616191095	0.2025329050000000	0.1108967950000000
5.6421_1	2.1894753137374194	0.1478338500000000	0.0921543350000000
5.6500_0	2.2165364995129644	0.1686660450000000	0.1257861500000000
5.6500_1	2.1876579500009870	0.1401418000000000	0.0802897850000000
5.6580_0	2.2112849120878098	0.1533562300000000	0.0653196850000000
5.6640_0	2.2125196593598773	0.1641076000000000	0.0924637150000000
5.6760_0	2.2198574033808782	0.1620653750000000	0.0966234100000000
5.6800_0	2.2126033730785930	0.1499475850000000	0.0798033250000000
5.6890_0	2.2078820791900835	0.1471125850000000	0.0999488800000000
5.6900_0	2.2187492938059163	0.1460157800000000	0.0855565000000000
5.6900_1	2.1834037579780952	0.1565434150000000	0.0815212850000000
5.7160_0	2.2067770154211370	0.1406682100000000	0.1028807550000000
5.7200_0	2.2083439984549091	0.1347996000000000	0.0933513950000000
5.7210_0	2.2127736471061645	0.1319803050000000	0.0848847500000000
5.7210_1	2.2540554623599496	0.2187532700000000	0.1223793850000000
5.7300_0	2.2148330494963693	0.1295660750000000	0.0825184950000000
5.7330_0	2.2623918217818355	0.2240389350000000	0.1230691650000000
5.7380_0	2.2200536480379700	0.1571632000000000	0.1083116900000000
5.7400_0	2.1985362300897124	0.1573393650000000	0.0991511700000000
5.7401_0	2.2126278046058028	0.1816238600000000	0.1180738100000000
5.7401_1	2.1872138006737512	0.1466069300000000	0.0943670000000000
5.7402_0	2.2154381177951712	0.1440150900000000	0.0995987800000000
5.7403_0	2.2086875972906683	0.1555957200000000	0.1150348400000000
5.7403_1	2.1873111481682810	0.1479504750000000	0.0998728900000000
5.7470_0	2.2126710522543473	0.1842301200000000	0.0943459600000000
5.7500_0	2.2186665300111166	0.1449102200000000	0.1052944550000000
5.7500_1	2.1917097287980085	0.1482752700000000	0.0999716900000000
5.7600_0	2.2120511799401541	0.1576118050000000	0.1035871600000000
5.7601_0	2.2038477820598383	0.1540388050000000	0.1089438450000000
5.7602_0	2.2190735156025987	0.1453473700000000	0.0972717000000000
5.7602_1	2.2695877282831498	0.1986586400000000	0.0718378200000000
5.7700_0	2.2125262357829540	0.1188927800000000	0.1017708350000000
5.7701_0	2.2085650300447832	0.1334808700000000	0.1011891850000000
5.7701_1	2.3682594390663709	0.2518432100000000	0.1352863950000000
5.7702_0	2.2208565562409048	0.1496168450000000	0.0705845050000000
5.7820_0	2.2106185632024657	0.1468978300000000	0.1040685000000000
5.7860_0	2.2155326883453337	0.1524389950000000	0.0993051300000000
5.8080_0	2.2153798530904858	0.1472637300000000	0.0913054150000000
5.8100_0	2.2151322534346054	0.1234025000000000	0.0701342000000000
5.8120_0	2.2202023620081404	0.1651606150000000	0.0821392050000000
5.8130_0	2.2165168439403606	0.1468067650000000	0.0989205200000000
5.8130_1	2.1856621161992544	0.1578921650000000	0.0868922600000000
5.8201_0	2.2128986854032799	0.1547232250000000	0.1031361200000000
5.8300_0	2.2145893461009978	0.1532573700000000	0.0595883150000000
5.8300_1	2.1891717669045354	0.1446037350000000	0.0958467200000000
5.8400_0	2.2300018088983191	0.1620985000000000	0.0818460950000000
5.8510_0	2.2166727515034599	0.1611227000000000	0.1026500400000000
5.8510_1	2.1934718833566351	0.1597956450000000	0.0877454300000000
5.8700_0	2.2164129254506419	0.1492961100000000	0.1087578750000000
5.8701_0	2.2097213497906272	0.1356170750000000	0.1022680450000000
5.8702_1	2.1864429837760544	0.1471301650000000	0.0721592050000000
5.8703_0	2.2047115339437529	0.1600940700000000	0.0981537050000000
5.8703_1	2.1885263407879720	0.1384481100000000	0.0771634500000000
5.8750_0	2.1964060643976828	0.1179980450000000	0.1465279800000000
5.8900_0	2.2159146368870388	0.1386784400000000	0.0781530800000000
5.8901_0	2.2138012240173235	0.1447717750000000	0.0835671350000000
5.9100_0	2.2149867855109360	0.1649529350000000	0.1193481200000000
5.9140_0	2.2108914462690215	0.1391003700000000	0.0971930600000000
5.9170_0	2.2153406047481234	0.1481151400000000	0.1051451950000000
5.9170_1	2.1891016012693001	0.1571135300000000	0.0919879700000000
5.9310_0	2.2141706577503566	0.1453380650000000	0.0857140700000000
5.9430_0	2.2144059197634633	0.1429656100000000	0.0943951600000000
5.9430_1	2.1813341690346930	0.1412225250000000	0.0610473850000000
5.9440_0	2.2130681260461631	0.1434427350000000	0.0709887850000000
5.9520_0	2.2085315355577322	0.1596146600000000	0.0862047600000000
5.9520_1	2.1806955300828830	0.1474568000000000	0.0739882350000000
5.9600_0	2.2222733809591984	0.1555623700000000	0.1072936250000000
5.9700_0	2.2093150855691928	0.1473129450000000	0.0898811750000000
5.9700_1	2.1594516170886884	0.1225826500000000	0.1073781600000000
5.9750_0	2.2223920808982824	0.1748238650000000	0.0981791800000000
5.9750_1	2.1871641635896903	0.1500808550000000	0.0917058550000000
5.9900_0	2.2145475327634467	0.1480118500000000	0.1136597800000000
6.0100_0	2.2096696621828529	0.1577021050000000	0.0902017600000000
6.0330_0	2.2127590780580189	0.1729246400000000	0.0695388000000000
6.0480_0	2.2167691011455837	0.1467799000000000	0.0998161600000000
6.0501_0	2.2125129122031084	0.1439176500000000	0.1015755700000000
6.0501_1	2.1897301639793576	0.1453594450000000	0.0714231950000000
6.0530_0	2.2190948572575477	0.1550607050000000	0.0885487900000000
6.0590_0	2.2137064482373221	0.1659572400000000	0.1009864350000000
6.0590_1	2.1903139101580762	0.1510742250000000	0.0887695600000000
6.0700_0	2.2208849131404973	0.1697260950000000	0.0735164950000000
6.0701_0	2.2131684602998454	0.1691824850000000	0.1142875950000000
6.0701_1	2.2073969230226083	0.1720037250000000	0.0964729150000000
6.0800_0	2.2185337439835640	0.1556763650000000	0.1133719450000000
6.0860_0	2.2098277428945474	0.1425494000000000	0.1066398200000000
6.0860_1	2.3037725830344069	0.2421483200000000	0.0378835850000000
6.0870_0	2.2133153504546650	0.1420703100000000	0.1089856350000000
6.0990_0	2.2189187733353393	0.1473261300000000	0.0986249850000000
6.1000_0	2.2195328060102617	0.1637142650000000	0.1201447400000000
6.1001_0	2.2184027886486914	0.1597256400000000	0.1001498200000000
6.1090_0	2.2107600467178732	0.1379838300000000	0.1061555150000000
6.1210_0	2.2116423785109305	0.1521115300000000	0.0732838500000000
6.1211_0	2.2107736073082074	0.1399704300000000	0.1014769750000000
6.1330_0	2.2134177237850849	0.1598412250000000	0.0752609850000000
6.1380_0	2.2170277889219157	0.1474475950000000	0.1043817000000000
6.1400_0	2.2151716518904880	0.1486827650000000	0.1002573250000000
6.1400_1	2.2280848109122697	0.2307123050000000	0.1108828900000000
6.1401_0	2.2168980514484047	0.1631947850000000	0.1067741650000000
6.1530_0	2.2748787222001305	0.2106836850000000	0.0974134100000000
6.1590_0	2.2165288318317207	0.1461296850000000	0.1008589050000000
6.1590_1	2.1913992304580896	0.1351864350000000	0.1067880050000000
6.1600_0	2.2183005081528435	0.1570603850000000	0.0820575850000000
6.1600_1	2.1813595246433657	0.1427912850000000	0.0785296450000000
6.1601_0	2.2261467766786383	0.2100874700000000	0.1277298750000000
6.1700_0	2.2176329460972761	0.1636553850000000	0.1021138150000000
6.1701_1	2.2739801321485471	0.2168333750000000	0.1070793050000000
6.1740_0	2.2122548091238889	0.1404819500000000	0.1009670200000000
6.1800_0	2.2127578664811747	0.1474116250000000	0.1086354300000000
6.1930_0	2.2100257045554068	0.1413825500000000	0.0990834500000000
6.2000_0	2.2081178065683296	0.1619185950000000	0.0817890700000000
6.2080_1	2.2033332878407825	0.1596892300000000	0.0509079900000000
6.2120_0	2.2107648240043689	0.1473108100000000	0.0875383900000000
6.2170_0	2.2090201988144069	0.1579124950000000	0.1007233050000000
6.2240_0	2.2071017372054889	0.1310781500000000	0.0801524400000000
6.2240_1	2.1873913053297960	0.1324436650000000	0.0965574000000000
6.2400_0	2.2123077856412188	0.1787141200000000	0.1257471350000000
6.2400_1	2.1836438202887098	0.1240345100000000	0.0894897450000000
6.2401_0	2.2087733808581733	0.1630331200000000	0.1122118900000000
6.2401_1	2.1867652473665120	0.1384177350000000	0.0942971400000000
6.2420_0	2.2125619168585469	0.1881868450000000	0.0872504850000000
6.2500_0	2.2168745266491570	0.1716201750000000	0.0989602700000000
6.2500_1	2.1885682876557149	0.1339139050000000	0.0941862050000000
6.2520_0	2.2127865479391740	0.1495656450000000	0.0910561100000000
6.2520_1	2.1799999784000379	0.1501459200000000	0.0699136900000000
6.2620_1	2.1878741442502769	0.1546695800000000	0.1159860350000000
6.3001_1	2.1815541729538235	0.1578254350000000	0.0793339650000000
6.3300_0	2.2040045824696533	0.1453917500000000	0.0809475950000000
6.3300_1	2.1859915062652311	0.1411335350000000	0.0930128650000000
6.3400_0	2.2187030624780828	0.1494264150000000	0.0966753050000000
6.3401_0	2.2240270435606879	0.1724938900000000	0.0662023650000000
6.3500_0	2.2231262890871029	0.1670895600000000	0.1371514200000000
6.3620_1	2.1799830898452357	0.1542183750000000	0.0906412700000000
6.3870_1	2.1890656394744266	0.1592421950000000	0.1009342250000000
6.3880_0	2.2178916461973648	0.1555693550000000	0.1103843150000000
6.3880_1	2.1846293509456847	0.1424885000000000	0.0647522950000000
6.4110_0	2.2193825106804366	0.1536938250000000	0.1203718050000000
6.4120_0	2.2163232387653382	0.1434657200000000	0.0503887950000000
6.4300_0	2.2099151840928872	0.1303438950000000	0.1103681300000000
6.4300_1	2.1867708916416499	0.1632376850000000	0.0847189400000000
6.4301_0	2.2183861128325995	0.1478500500000000	0.1104289100000000
6.4500_0	2.2210659040807021	0.1570215850000000	0.0885304950000000
6.4500_1	2.1843249681725010	0.1538099850000000	0.0744616450000000
6.4600_0	2.2334883619568795	0.2078636500000000	0.1492769850000000
6.4600_1	2.1871834032688406	0.1285873100000000	0.1008777750000000
6.4601_0	2.2171754159008263	0.1513152900000000	0.1027801950000000
6.4800_0	2.2153506904316482	0.1429577100000000	0.0988283750000000
6.4800_1	2.1903734262499319	0.1396212450000000	0.0828641350000000
6.5000_0	2.2030077549518818	0.1264561350000000	0.0965095050000000
6.5000_1	2.1924464305306395	0.1269971800000000	0.0958751950000000
6.5001_0	2.2162195135340741	0.1549260600000000	0.0983662200000000
6.5070_0	2.2165091194508380	0.1374660000000000	0.0656127500000000
6.5100_0	2.2074315736710650	0.1544002700000000	0.1071519050000000
6.5100_1	2.1879443076644103	0.1395212650000000	0.0934870200000000
6.5290_0	2.2106331089477607	0.1424741450000000	0.0972236050000000
6.5290_1	2.1849710831158524	0.1464174500000000	0.0992061400000000
6.5300_0	2.1932862725175091	0.1611157700000000	0.1393962100000000
6.5340_0	2.2106058141269611	0.1542558500000000	0.0812907100000000
6.5340_1	2.2139781120391828	0.1889807950000000	0.1028194750000000
6.5350_0	2.2119273699044033	0.1422527650000000	0.0873083050000000
6.5400_0	2.2125360450287301	0.1594869300000000	0.1258241400000000
6.5400_1	2.1890202652284425	0.1408995650000000	0.0931871400000000
6.5500_0	2.2157970753780498	0.1548974800000000	0.0817748850000000
6.5600_0	2.2175152053537848	0.1575728900000000	0.0872896000000000
6.5600_1	2.1891062994444566	0.1477008150000000	0.0880720050000000
6.5601_0	2.2103684043409175	0.1533665900000000	0.1136826000000000
6.5880_0	2.2146767970926384	0.1417547950000000	0.0781988000000000
6.5900_0	2.2154214872662226	0.1548035250000000	0.1118223150000000
6.6090_0	2.2052116496467891	0.1414087450000000	0.0921969150000000
6.6090_1	2.1938400249152861	0.1583751350000000	0.0799386350000000
6.6300_1	2.1947722679323221	0.1338438700000000	0.0906753050000000
6.6401_0	2.2128769301013307	0.1654045200000000	0.0910342200000000
6.7100_0	2.2155176975794753	0.1473066200000000	0.0995522800000000
6.7100_1	2.1847716729709292	0.1468871350000000	0.0969937150000000
6.7120_0	2.1789780022607599	0.1037161700000000	0.1041706250000000
6.7400_0	2.2667162666879985	0.2056425900000000	0.1173698550000000
6.7500_1	2.2115931259425858	0.1865034850000000	0.0919327300000000
6.7501_1	2.1890778519683258	0.1524626150000000	0.0974247600000000
6.7700_0	2.2113194012018353	0.1144584450000000	0.0726159850000000
6.7900_0	2.2159228208309814	0.1682269500000000	0.1028799000000000
6.7900_1	2.1861049012332598	0.1555905950000000	0.0634904900000000
6.7901_0	2.2147167865599102	0.1509190500000000	0.1261332650000000
6.8000_1	2.1911008883900740	0.1459244550000000	0.1024389800000000
6.8040_0	2.2109610499939780	0.1415706300000000	0.0977739700000000
6.8100_0	2.2109146199279222	0.1379079700000000	0.1042436700000000
6.8200_0	2.2107270422179908	0.1549711800000000	0.0955026000000000
6.8400_0	2.2105985819352685	0.1465822800000000	0.1042277750000000
6.8400_1	2.1809823535447519	0.1212716450000000	0.1017707700000000
6.8800_0	2.2125803240428157	0.1580489550000000	0.0786252900000000
6.8801_0	2.2001372356544437	0.1566726100000000	0.1340335400000000
6.8802_0	2.2071441028807173	0.1432559550000000	0.0832295000000000
6.8802_1	2.1925193672692691	0.1403856400000000	0.1082111100000000
6.8900_0	2.3233166106634302	0.2710205450000000	0.1487674450000000
6.9000_0	2.2092707665130678	0.1401408300000000	0.0982005550000000
6.9020_0	2.2170557534823385	0.1557972200000000	0.0998237650000000
6.9020_1	2.1933772490432348	0.1523805200000000	0.0952124950000000
6.9500_1	2.1465048149106414	0.1496160150000000	0.0976885300000000
6.9700_0	2.2104920787625448	0.1399236150000000	0.0912407350000000
6.9730_0	2.2141616140475286	0.1437344850000000	0.0788292300000000
6.9800_0	2.2125332212509452	0.1534444600000000	0.1259616200000000
6.9901_0	2.2160259854192534	0.1458769500000000	0.0981518000000000
6.9901_1	2.1872083911245110	0.1512463050000000	0.0809825850000000
7.0000_0	2.2154582831099012	0.1518849900000000	0.1349224050000000
7.0000_1	2.2763240677535643	0.2656332700000000	0.0733011600000000
7.0001_0	2.2057532969557472	0.1422344050000000	0.1198255800000000
7.0001_1	2.1752621772696417	0.1286530900000000	0.1141264200000000
7.0100_0	2.2089809289412248	0.1411027100000000	0.0917131000000000
7.0101_0	2.2109608294182275	0.1439705100000000	0.1032191850000000
7.0200_0	2.2110605161727790	0.1651141600000000	0.1144001450000000
7.0220_0	2.2125399928653744	0.1132506000000000	0.0839179950000000
7.0220_1	2.3353744869478685	0.3132429650000000	0.1282512150000000
7.0400_0	2.2125165494781007	0.1738204050000000	0.1271000100000000
7.0400_1	2.1926315369073799	0.1593763750000000	0.1144259900000000
7.0500_0	2.2144092135814253	0.1533159250000000	0.0995661650000000
7.0520_1	2.1889852612921610	0.1432076600000000	0.0912150550000000
7.0530_0	2.2145966364640981	0.1591893550000000	0.1104575000000000
7.0530_1	2.1946161364851653	0.1475463350000000	0.0971270600000000
7.0600_0	2.2153421673546534	0.1436577850000000	0.1112642700000000
7.0900_0	2.2080692687259273	0.1546845750000000	0.0925503000000000
7.0901_0	2.2075103726378242	0.1390057750000000	0.0951452100000000
7.0901_1	2.2559722591324713	0.2269351950000000	0.1152786250000000
7.1000_0	2.2092794665531761	0.1542726550000000	0.1118914550000000
7.1100_0	2.2014693779369603	0.1319323550000000	0.0968544900000000
7.1100_1	2.3199182320760228	0.2704152600000000	0.1248462850000000
7.1200_0	2.2110137977808675	0.1585562000000000	0.0902818150000000
7.1201_0	2.2088299900542756	0.1644540300000000	0.1254348400000000
7.1201_1	2.1885542934628628	0.1441649150000000	0.0901815750000000
71.3400_0	2.2003818217826896	0.1332019300000000	0.1170735000000000
7.1500_0	2.2086948513534961	0.1488896100000000	0.1055948750000000
7.1600_0	2.2014085538250088	0.1216293000000000	0.0640514100000000
7.1760_0	2.2197130543691186	0.1723630850000000	0.0753528850000000
7.1800_0	2.2102790350269186	0.1354166550000000	0.1017415450000000
7.1800_1	2.1933573539556166	0.1619510150000000	0.1137273650000000
7.1801_0	2.2093422394269018	0.1525723750000000	0.0776678450000000
7.2100_0	2.2091982241645725	0.1565141150000000	0.0982407700000000
7.2110_0	2.2052134006409165	0.1517282550000000	0.1019763250000000
7.2200_0	2.2154826312361893	0.1764373100000000	0.1235686950000000
7.2230_0	2.2022953025196261	0.0966786850000000	0.0616034250000000
7.2230_1	2.1897117831660435	0.1507703850000000	0.0892026800000000
7.2400_0	2.2168499746122401	0.1436847300000000	0.0973170350000000
7.2400_1	2.1883193185771090	0.1563421850000000	0.0920268350000000
7.2500_0	2.2146479561802588	0.1515347250000000	0.0995315000000000
7.2500_1	2.1931986951503029	0.1775239500000000	0.0871450650000000
7.2600_0	2.2168135217976661	0.1364146100000000	0.1130196800000000
7.2600_1	2.1771242746653776	0.1318901700000000	0.0893380900000000
7.3300_0	2.2120833713492658	0.1500790400000000	0.0841526500000000
7.3500_0	2.2092583625747535	0.1465150250000000	0.0835361800000000
7.3500_1	2.1890623072391904	0.1628701600000000	0.0916017750000000
7.3800_0	2.2021846901623534	0.1299858450000000	0.0890206700000000
7.3810_0	2.2126286386145386	0.1798831600000000	0.0958104900000000
7.3840_0	2.2099033562298622	0.1487608150000000	0.0953256250000000
7.3900_0	2.2112427328389992	0.1527458150000000	0.1089262250000000
7.4120_0	2.2075052658674279	0.1395876000000000	0.0939971800000000
7.4120_1	2.1860126160894877	0.1162439550000000	0.1087290350000000
7.4230_0	2.2096015249034600	0.1629379200000000	0.0703305750000000
7.4500_0	2.2043801571269772	0.1479022050000000	0.0952185100000000
7.4600_0	2.3113101643892748	0.2423353450000000	0.1527867450000000
7.4601_0	2.2104894361923901	0.1405416950000000	0.1017346950000000
7.4700_0	2.2314482669891320	0.1820682350000000	0.1122959000000000
7.4800_0	2.2154144027486629	0.1496667850000000	0.0838305950000000
7.4801_0	2.2073879951124864	0.1577476250000000	0.0711936500000000
7.5100_0	2.2200566424784824	0.1553843550000000	0.1259988400000000
7.5160_0	2.2076464917787519	0.1563297850000000	0.0782034000000000
7.5300_0	2.2044496243830656	0.1463512500000000	0.0849158950000000
7.5300_1	2.1933699406155567	0.1586005600000000	0.0937042950000000
7.5501_0	2.2108527583363582	0.1515003700000000	0.1061113200000000
7.5700_0	2.2101501167023048	0.1584673700000000	0.0841537450000000
7.5900_0	2.2105715163024562	0.1531557500000000	0.1002922900000000
7.5900_1	2.1918363379570218	0.1364024250000000	0.0733740250000000
7.5901_0	2.2170485689535169	0.1522390700000000	0.0945833050000000
7.6000_0	2.2095813717336381	0.1472931300000000	0.0807778250000000
7.6400_0	2.2088334948347148	0.1432901550000000	0.1111300550000000
7.6420_0	2.2110731442325622	0.1533914150000000	0.0917215900000000
7.6420_1	2.1894903558491565	0.1419851050000000	0.0987672950000000
7.6600_0	2.2077211244956336	0.1573665200000000	0.0979134450000000
7.6600_1	2.2285769860230769	0.1842545100000000	0.1265929900000000
7.6900_0	2.2098155550494956	0.1453376600000000	0.0935829450000000
7.6901_0	2.2091784171021258	0.1464658450000000	0.0930994550000000
7.6902_0	2.2104763558933902	0.1572581950000000	0.0919181100000000
7.6902_1	2.1854908475743229	0.1495100750000000	0.0887731800000000
7.7000_0	2.2107435051831641	0.1370089800000000	0.0844765200000000
7.7000_1	2.1874501028867117	0.1442076150000000	0.0811910000000000
7.7100_0	2.2062552549580743	0.1459158600000000	0.1032973600000000
7.7100_1	2.1877366391216144	0.1197064850000000	0.1147628100000000
7.7101_0	2.2098048243132928	0.1404531900000000	0.1012673950000000
7.7101_1	2.1939563771443491	0.1414240600000000	0.0818737750000000
7.7200_0	2.2050966685618176	0.1537727600000000	0.0762939250000000
7.7600_0	2.2091922484781779	0.1448997350000000	0.1024282450000000
7.7700_0	2.2104455220280848	0.1478827050000000	0.1096399700000000
7.7701_0	2.2111298929637169	0.1515301900000000	0.0955354550000000
7.7701_1	2.1925108841236796	0.1436313750000000	0.0719885450000000
7.7720_0	2.2151023198845756	0.1523465600000000	0.0727844000000000
7.7720_1	2.2250034786007333	0.1842097050000000	0.0732786300000000
7.7800_0	2.2126725884462073	0.1422525450000000	0.1001026500000000
7.7801_0	2.2074230111707731	0.1536016200000000	0.0983127300000000
7.7801_1	2.1834901570642211	0.1334102500000000	0.0979481950000000
7.7802_0	2.2071165261979444	0.1433631900000000	0.1043438000000000
7.8100_0	2.2082170223434865	0.1424341700000000	0.0825131000000000
7.8300_0	2.2125442808016222	0.1770458700000000	0.1131517750000000
7.8380_0	2.2116718690436623	0.1581572700000000	0.0977231400000000
7.8400_0	2.2065314218303738	0.1502418450000000	0.0891140850000000
7.8490_0	2.2168484073200401	0.1559360650000000	0.1078582550000000
7.8490_1	2.1858386868329300	0.1364184900000000	0.1036240250000000
7.8600_1	2.1873150439205551	0.1475454600000000	0.0850819500000000
7.8601_1	2.1930312909561636	0.1494518500000000	0.0870797750000000
7.8680_0	2.2236543971136840	0.1775414150000000	0.0565065800000000
7.8680_1	2.1926942285956739	0.1374837650000000	0.1011911100000000
7.8800_0	2.2141343766466997	0.1434661100000000	0.0683786000000000
7.8900_0	2.2080160020474722	0.1596760550000000	0.0961866600000000
7.9100_1	2.1802070246107510	0.1336247650000000	0.1145199350000000
7.9200_0	2.2102435108945233	0.1622254500000000	0.0967634400000000
7.9200_1	2.2667741443466172	0.2625812700000000	0.1291289350000000
7.9201_0	2.2146625021827404	0.1678164100000000	0.1040204650000000
7.9202_0	2.2102554716194169	0.1443465900000000	0.1012483400000000
7.9202_1	2.1906499841876892	0.1485790450000000	0.0806124000000000
7.9600_0	2.2095397345421603	0.1390847900000000	0.1024974400000000
7.9700_0	2.2144267002456863	0.1447426750000000	0.0926088900000000
7.9720_1	2.1900534237086413	0.1427402550000000	0.0884552450000000
7.9800_0	2.2066722432409396	0.1470538300000000	0.1050512050000000
7.9900_0	2.2078525320333053	0.1335294600000000	0.1115641250000000
7.9900_1	2.1984553425314166	0.1657399150000000	0.1127815850000000
7.9901_0	2.2073607327683789	0.1357657600000000	0.1136521600000000
8.0001_0	2.2974444248314776	0.2084678250000000	0.0937294900000000
8.0002_0	2.2257873561570025	0.1923333650000000	0.1288968400000000
8.0100_1	2.1914340519372026	0.1327730100000000	0.0867797450000000
8.0110_0	2.2107679946130454	0.1345725850000000	0.0938349250000000
8.0450_0	2.2068941978268306	0.1412244650000000	0.1005994350000000
8.0600_1	2.2370978656830403	0.1982264900000000	0.1045616750000000
8.0700_0	2.2089351708042697	0.1517529050000000	0.0936622650000000
8.0800_0	2.2134830420099876	0.1427293700000000	0.1017028600000000
8.1000_0	2.2798659123360885	0.2427395750000000	0.0907017900000000
8.1000_1	2.2457529765892472	0.1831483550000000	0.1204520200000000
8.1700_0	2.2052357731952017	0.1427449900000000	0.0965041500000000
8.2000_0	2.2144585734015014	0.1268163250000000	0.0878563900000000
8.2250_1	2.2098974231228445	0.1210600250000000	0.1395329050000000
8.2500_0	2.2123207861735139	0.1532245150000000	0.0900636300000000
8.2630_0	2.2144535714911227	0.1339605050000000	0.0919539250000000
8.2800_0	2.2107733289428992	0.1395204150000000	0.1034941200000000
8.2800_1	2.1882437194966502	0.1592069500000000	0.0701609450000000
8.3400_0	2.2080627489436733	0.1359589850000000	0.0986067150000000
8.3500_0	2.2103454475443920	0.1565563250000000	0.1015577700000000
8.3500_1	2.1907730024262722	0.1506118450000000	0.0843541450000000
8.3600_0	2.2053074167370870	0.1592017800000000	0.0880233800000000
8.3880_0	2.2080450119210981	0.1416336150000000	0.0907999250000000
8.4400_0	2.2093318885886255	0.1394069300000000	0.0915511750000000
8.4800_0	2.2106854966517919	0.1528612300000000	0.0861290450000000
8.4800_1	2.3258219651522953	0.2231205100000000	0.0862340500000000
8.6200_0	2.2359370493150457	0.2157551100000000	0.1370481450000000
8.6301_0	2.2110280014988168	0.1539426200000000	0.0958918400000000
8.7400_0	2.2053446528748641	0.1417188050000000	0.1022108350000000
8.8600_0	2.2099919350131207	0.1424961550000000	0.1015953500000000
8.9300_0	2.2091590280603977	0.1574974550000000	0.1013314650000000
8.9300_1	2.2273793719227064	0.1663290400000000	0.1285901150000000
8.9500_1	2.1919547653267912	0.1572323050000000	0.0589893050000000
8.9600_0	2.2095440829329003	0.1645636800000000	0.0725659150000000
8.9800_0	2.1831554915539195	0.1772626250000000	0.1073675550000000
8.9900_0	2.2095668564424438	0.1439129300000000	0.0963808050000000
8.9900_1	2.1944089355007708	0.1541187700000000	0.0985194800000000
9.0101_0	2.2105217202451546	0.1527388950000000	0.1049767300000000
9.0101_1	2.1702250453844125	0.1460781650000000	0.0850428300000000
9.1300_0	2.2015171514503558	0.1417582150000000	0.0849578100000000
9.1301_0	2.2096435604213265	0.1534511650000000	0.1040077950000000
9.1400_0	2.2103889917966297	0.1558986400000000	0.0991231850000000
9.1401_0	2.3490150851554983	0.2614652900000000	0.1033853650000000
9.1401_1	2.1965449475637384	0.1529507650000000	0.0969238050000000
9.1402_0	2.1995933373686278	0.1699385600000000	0.0754529250000000
9.1402_1	2.1862803977854712	0.1476828150000000	0.0973152400000000
91.6300_0	2.2014180815472648	0.1527008300000000	0.1107878750000000
91.6300_1	2.1994328432643875	0.1507780200000000	0.1036931600000000
9.1700_1	2.1915646622365714	0.1518502100000000	0.1033427200000000
9.2300_0	2.2074558442009451	0.1368217500000000	0.0903704200000000
9.2300_1	2.1931846394055645	0.1468349850000000	0.0789662800000000
9.2400_0	2.2029978944223636	0.1371167400000000	0.1005043400000000
9.2400_1	2.1910846899783487	0.1438177250000000	0.0939572400000000
9.2401_0	2.2090812152820427	0.1456297400000000	0.0955459150000000
9.3130_1	2.1864927224821322	0.1263145900000000	0.0885993850000000
9.3300_0	2.2072717161392457	0.1439782600000000	0.0824113050000000
9.4200_0	2.2109555883062959	0.1576846450000000	0.0792830950000000
9.4200_1	2.1862449945914215	0.1558324200000000	0.0837966750000000
9.4500_0	2.2071206469410241	0.1491452950000000	0.0987964450000000
9.5000_0	2.1878040170973456	0.1441796750000000	0.1189435900000000
9.5400_0	2.2034507149901352	0.1403174050000000	0.0924597400000000
9.5400_1	2.2134129018592867	0.1711061400000000	0.1224170800000000
9.5800_0	2.2080330850407708	0.1403633500000000	0.1055144700000000
9.5800_1	2.1943800469556973	0.1564212150000000	0.1045002750000000
9.5870_0	2.2108732860322080	0.1594811400000000	0.0949785350000000
9.5870_1	2.1979333772904961	0.1459519850000000	0.0931869500000000
9.5900_0	2.2091154107165343	0.1416190700000000	0.1004269400000000
9.6030_0	2.2067061469522868	0.1477878300000000	0.0965934850000000
9.6600_0	2.2054363453337911	0.1417080300000000	0.1025294100000000
9.6600_1	2.1916850114104962	0.1517045200000000	0.0884750900000000
9.6601_0	2.2098496437880391	0.1372892150000000	0.0882410050000000
9.6700_0	2.2107499368198309	0.1509973200000000	0.0822795250000000
9.7900_0	2.2061940030398812	0.1531994400000000	0.0848228600000000
