10.0400_0	2.2108814400543966	0.1587998550000000	0.0789471350000000
10.0400_1	2.4760829706172616	0.2877189650000000	0.1472707650000000
10.1300_0	2.2785668845919882	0.2134001850000000	0.1124241000000000
10.1300_1	2.3511170975148366	0.2558476900000000	0.1235335500000000
10.1930_1	2.1933416062482314	0.1385415850000000	0.0843719050000000
10.2700_1	2.1960846279842037	0.1596653650000000	0.1020476300000000
10.3000_1	2.1967064836518229	0.1347840050000000	0.1047422500000000
10.3800_0	2.2045446275482865	0.1509558150000000	0.0778653000000000
10.3900_0	2.2033508939959341	0.1355952100000000	0.0929617550000000
10.3900_1	2.3214450464073138	0.2223738250000000	0.0960237750000000
10.4200_0	2.2095836293941122	0.1566651950000000	0.1107741600000000
10.4200_1	2.2157534495515341	0.2100630350000000	0.0970104400000000
10.6200_1	2.1894693125233080	0.1287400900000000	0.1082199700000000
10.7300_0	2.2105949221629357	0.1580354900000000	0.1111094450000000
10.7600_0	2.2072297416079669	0.1399452800000000	0.0897087300000000
10.8800_0	2.2079545080515253	0.1497657850000000	0.0858749900000000
10.8800_1	2.1966241999749099	0.1532362250000000	0.0937318800000000
10.9200_0	2.2072430056377805	0.1376409100000000	0.0985342950000000
10.9300_1	2.1900113792830109	0.1486415350000000	0.1007213450000000
11.0400_0	2.2279476439609716	0.1782665450000000	0.1223967950000000
11.0800_0	2.2057206727989271	0.1679511550000000	0.1002126200000000
11.1200_0	2.2057236405544978	0.1537262500000000	0.0942898550000000
11.1900_0	2.2030924848843902	0.1397374500000000	0.1043607100000000
11.3800_1	2.1960619211260779	0.1435889650000000	0.0900281550000000
11.4400_1	2.1899660873630267	0.1428621550000000	0.0876713100000000
11.5300_0	2.2068994687213133	0.1360529050000000	0.0873836250000000
11.6400_0	2.2104521059569229	0.1543937050000000	0.1026079650000000
11.7000_1	2.1718907593709162	0.1430840850000000	0.1047896650000000
11.7001_0	2.2071213356712018	0.1537799300000000	0.0868630400000000
11.7002_1	2.1930755498779444	0.1442801950000000	0.0965702950000000
11.7600_0	2.2080240086277225	0.1553402650000000	0.0903376650000000
11.8200_0	2.2067398868394692	0.1593099500000000	0.1090916150000000
11.8200_1	2.1922789298229484	0.1531601500000000	0.0938453150000000
11.8700_0	2.2091711898113400	0.1459169200000000	0.0905565400000000
11.8700_1	2.1942543160746073	0.1665232000000000	0.0737627150000000
12.1600_0	2.2084527888756038	0.1409880900000000	0.0652930850000000
12.1600_1	2.1881032991992653	0.1500508150000000	0.0988965850000000
12.2300_1	2.1990179993682233	0.1652196200000000	0.0770988300000000
12.3100_0	2.2064860934644779	0.1548708600000000	0.0863737200000000
12.3100_1	2.1910847231300412	0.1607834550000000	0.0921943750000000
12.5600_1	2.1895682538454717	0.1438695800000000	0.0818146600000000
12.6200_0	2.2071707792163386	0.1381781200000000	0.1024434400000000
12.6400_0	2.2042678565601115	0.1399867600000000	0.0851455950000000
12.6400_1	2.1622503773460537	0.1479733100000000	0.1142369900000000
12.8900_0	2.2062886056660460	0.1391815550000000	0.0900972550000000
13.0600_0	2.2093386369489854	0.1543422450000000	0.0850736050000000
13.2100_0	2.2064362622429745	0.1463084900000000	0.0809158950000000
13.2101_0	2.2079568083125656	0.1548596250000000	0.1107927050000000
13.2101_1	2.1962877945964712	0.1556933900000000	0.0898218200000000
13.3200_0	2.2342901007318798	0.1927486900000000	0.1150012600000000
13.3200_1	2.1994383682138436	0.1637044000000000	0.0801549850000000
13.9800_0	2.2053122601107824	0.1343286800000000	0.0890063500000000
14.1600_0	2.2101644128037576	0.1488819600000000	0.0956555900000000
14.1600_1	2.1925592064535877	0.1297978450000000	0.0947150250000000
14.7200_0	2.2052170129765298	0.1559015500000000	0.1029280150000000
147.4900_0	2.2005346172271838	0.1472666000000000	0.0928326400000000
15.1400_1	2.1984176480206683	0.1523441000000000	0.0965636400000000
15.4300_0	2.2082766368098667	0.1542908200000000	0.0819331150000000
16.3900_0	2.2078249394808727	0.1558305350000000	0.0926487850000000
16.4200_0	2.2035343536274898	0.1529123100000000	0.0860106850000000
16.4200_1	2.1959060122737779	0.1370036250000000	0.0965792300000000
16.7800_0	2.2056866039830720	0.1320566550000000	0.1065886800000000
16.7800_1	2.1944315768008527	0.1483406150000000	0.0860062550000000
17.2000_1	2.1925272793923214	0.1362974550000000	0.0873073300000000
19.1500_0	2.2033672405937113	0.1571227250000000	0.0788963450000000
27.1600_0	2.2057228103178410	0.1704460650000000	0.1016307100000000
27.7100_0	2.2047199601711336	0.1462226550000000	0.0892170950000000
35.4700_0	2.2029633914479825	0.1410268350000000	0.1003081550000000
35.4700_1	2.1961031769103290	0.1495078550000000	0.0925270750000000
36.2800_0	2.2025513245245834	0.1417168300000000	0.1057971500000000
36.2800_1	2.1981558127892096	0.1452710750000000	0.1015374100000000
40.8400_0	2.2019150776241241	0.1496976500000000	0.0984742750000000
40.8400_1	2.1985104714145085	0.1611835450000000	0.0915975750000000
5.0030_0	2.2178030788409262	0.1502414600000000	0.1199096000000000
5.0030_1	2.1842438176949237	0.1511118200000000	0.0955185600000000
5.0031_0	2.2127365902686318	0.1272008800000000	0.0627296500000000
5.0032_0	2.2211780360792015	0.1545400650000000	0.0909272500000000
5.0040_0	2.2093993617828533	0.1411563350000000	0.0984972850000000
5.0071_0	2.2130721584347737	0.1248694100000000	0.0855338650000000
5.0100_0	2.2206149218968281	0.1503996000000000	0.0937143750000000
5.0120_0	2.1898509176087115	0.1581484400000000	0.1245933350000000
50.1400_0	2.2019715036486498	0.1541728750000000	0.0926353000000000
5.0140_0	2.2222374427107807	0.1720666000000000	0.0836669550000000
5.0140_1	2.1955515417600617	0.1646786350000000	0.0789184700000000
5.0180_0	2.2190232281731705	0.1407418450000000	0.1138061100000000
5.0181_0	2.2152948093260467	0.1468589900000000	0.0896804050000000
5.0183_0	2.2207200237487998	0.1668822350000000	0.1155587600000000
5.0210_0	2.2130223766856059	0.1282340500000000	0.1695753600000000
5.0210_1	2.1665705750901498	0.1564017650000000	0.0664172100000000
5.0230_0	2.2125548567877278	0.1315737000000000	0.0953784050000000
5.0260_0	2.2124313077156090	0.1104860450000000	0.0677066600000000
5.0290_0	2.2225594436882470	0.1753166300000000	0.0964425000000000
5.0302_0	2.2222164174881849	0.1408833550000000	0.1042452850000000
5.0310_0	2.2153452497303734	0.1318555350000000	0.1054568400000000
5.0310_1	2.1825021836295049	0.1327317950000000	0.0965842250000000
5.0340_0	2.2099702650896522	0.1631068650000000	0.0669861800000000
5.0341_1	2.1912310183263672	0.1688314050000000	0.0359651700000000
5.0370_0	2.2210153069567573	0.1443725600000000	0.1078358500000000
5.0400_0	2.2183880349470266	0.1540261350000000	0.0899028400000000
5.0400_1	2.1880495182253452	0.1439627700000000	0.0875389050000000
5.0401_0	2.2191560523356286	0.1485340550000000	0.1006850750000000
5.0401_1	2.2047027712802061	0.1234872450000000	0.0761781500000000
5.0410_0	2.2158846164872497	0.1571894750000000	0.1032856700000000
5.0450_0	2.2131863838124719	0.0959809100000000	0.0962671400000000
5.0500_1	2.3245925000203074	0.2513826300000000	0.0592344850000000
5.0501_0	2.2201736536882177	0.1472431250000000	0.1139137100000000
5.0540_0	2.2161405290548362	0.1765472950000000	0.0595303450000000
5.0600_0	2.2216294550058135	0.1539855700000000	0.1171932500000000
5.0601_0	2.2131679164133709	0.1595787950000000	0.1000468650000000
5.0620_0	2.2185846409191048	0.1566821950000000	0.0894868600000000
5.0700_0	2.2158606241464165	0.1623395900000000	0.0982015000000000
5.0800_0	2.2192581738781376	0.1508719450000000	0.0988599750000000
5.0801_0	2.2116462559248422	0.1222127100000000	0.0818610200000000
5.0900_0	2.3012829185245054	0.2976847550000000	0.0868985650000000
5.0920_0	2.2153982960010334	0.1485894400000000	0.1116843000000000
5.1000_0	2.2101391352105439	0.1377772950000000	0.0763140350000000
5.1001_0	2.2125199602945402	0.1942987800000000	0.1007274200000000
5.1001_1	2.3936385746478761	0.2610961250000000	0.0756899300000000
5.1020_0	2.2183440760417548	0.1477809800000000	0.1136825400000000
5.1030_0	2.1997715921105270	0.1167289400000000	0.1252799850000000
5.1030_1	2.3089515040115396	0.2405545650000000	0.0626349400000000
5.1080_1	2.3005602705232691	0.2391487150000000	0.1280509400000000
5.1100_0	2.2124916195338749	0.2114236400000000	0.1038275650000000
5.1170_0	2.2191436986409880	0.1856147900000000	0.0930214050000000
5.1180_0	2.2209437779007843	0.1444806900000000	0.0855395350000000
5.1180_1	2.1727425823657560	0.1513441850000000	0.0558277700000000
5.1210_0	2.2195915324428470	0.1465617900000000	0.1043243900000000
5.1210_1	2.1907537411955831	0.1538884500000000	0.0939052350000000
5.1310_0	2.2179822491639802	0.1475226850000000	0.1120061200000000
5.1310_1	2.1927664423525268	0.1728645750000000	0.0792418300000000
5.1330_0	2.2125691501895499	0.1203158550000000	0.0966094200000000
5.1340_0	2.2201892076214569	0.1448384800000000	0.0991065700000000
5.1340_1	2.1867546452966695	0.1407424450000000	0.0992055400000000
5.1400_0	2.2180318594203619	0.1565319850000000	0.1187381050000000
5.1401_1	2.1871550234880952	0.1430572150000000	0.0523794900000000
5.1440_0	2.2168255673867914	0.1602907700000000	0.1188078950000000
5.1441_0	2.2215681752424095	0.1474126300000000	0.1040016800000000
5.1500_0	2.3416979027868168	0.2413223450000000	0.1035265900000000
5.1500_1	2.1887204725220015	0.1501047100000000	0.0932153200000000
5.1590_0	2.2124618255149930	0.2104939900000000	0.1104909850000000
5.1650_0	2.2191467523189745	0.1645486900000000	0.1132346000000000
5.1690_0	2.2197619487001328	0.1512008250000000	0.0935176850000000
5.1700_0	2.2234342492794377	0.1530873100000000	0.0864777800000000
5.1701_0	2.2192733007471808	0.1490889000000000	0.1148518250000000
5.1800_0	2.2231137357620891	0.1644550900000000	0.1126917100000000
5.1830_0	2.2151490754156393	0.1492200950000000	0.0909770650000000
5.1830_1	2.5445660304681508	0.2882961600000000	0.1414470200000000
5.1900_0	2.2182549558953828	0.1501004700000000	0.1050827400000000
5.1901_0	2.1959387746096302	0.1115322250000000	0.1054822350000000
5.2000_0	2.2385158713922988	0.1941897750000000	0.1317424500000000
5.2002_0	2.2157267604475868	0.1597129350000000	0.0978924250000000
5.2002_1	2.1842472671767430	0.1471837700000000	0.0928650650000000
5.2003_1	2.1856924494502423	0.1220546400000000	0.1032020900000000
5.2004_0	2.2174848639428153	0.1550540200000000	0.0968822800000000
5.2005_0	2.2328638146899875	0.2066556450000000	0.1366174550000000
5.2007_0	2.2170075375945149	0.1617334550000000	0.0999717600000000
5.2008_0	2.2185615100384886	0.1483119500000000	0.0994457550000000
5.2020_0	2.2199505933845445	0.1402122850000000	0.0638005900000000
5.2020_1	2.1859326477189511	0.1450850100000000	0.0671654800000000
5.2040_0	2.2301935376855773	0.1754960850000000	0.1353863000000000
5.2100_0	2.2163668145759865	0.1530453400000000	0.1116832850000000
5.2101_0	2.2188947795915999	0.1507125100000000	0.0818621850000000
5.2200_0	2.2151486985866695	0.1453714800000000	0.0915516850000000
5.2200_1	2.1940899218868890	0.1682081400000000	0.0433834100000000
5.2240_0	2.2209902144912843	0.1403864800000000	0.0971542300000000
5.2240_1	2.1890411528127514	0.1502072100000000	0.0884783950000000
5.2241_0	2.2149452554222768	0.1715793300000000	0.0723142000000000
5.2241_1	2.1813980872960634	0.1282224350000000	0.0915663900000000
5.2250_0	2.2151442983876057	0.1603640250000000	0.0977084850000000
5.2300_0	2.2174939516959951	0.1395199900000000	0.0754107000000000
5.2301_0	2.2197169213866190	0.1644918600000000	0.1151528950000000
5.2310_0	2.2240769345130791	0.1783234000000000	0.0700093550000000
5.2370_0	2.2212703984436142	0.1609108000000000	0.1027560400000000
5.2370_1	2.1815899815304829	0.1586358400000000	0.0696329600000000
5.2500_0	2.3072103418330969	0.2172036850000000	0.1081204350000000
5.2560_0	2.2130654406977306	0.1572017500000000	0.0756202050000000
5.2560_1	2.1933416623839421	0.1493572950000000	0.0923260400000000
5.2660_0	2.2105901012334610	0.1435907650000000	0.1004936950000000
5.2700_0	2.2162023445020802	0.1570276400000000	0.1013148250000000
5.2710_0	2.2164665094669100	0.1527220550000000	0.1062499350000000
5.2740_0	2.2182246218477415	0.1573773300000000	0.0915227450000000
5.2740_1	2.1904466241713303	0.1509281350000000	0.0966598200000000
5.2770_0	2.2197991406728450	0.1548492550000000	0.1134024300000000
5.2770_1	2.1807802782656909	0.1326546450000000	0.0797728750000000
5.2790_0	2.2129193656526920	0.1399426450000000	0.0744712200000000
5.2870_0	2.2213581119046530	0.1459522250000000	0.0845539150000000
5.2870_1	2.1832040136006126	0.1410211300000000	0.0464422450000000
5.2880_0	2.2173365279452577	0.1575226700000000	0.0915673250000000
5.2901_0	2.2230879297716437	0.1561640300000000	0.0977212000000000
5.2901_1	2.1896287832901602	0.1529613650000000	0.1110607550000000
5.2902_0	2.2253084376834580	0.1596981850000000	0.1052411150000000
5.2960_0	2.2197800865405721	0.1432835200000000	0.1012906350000000
5.3000_0	2.2126736902736703	0.1559069050000000	0.0883381250000000
5.3001_0	2.2200577963459978	0.1545734450000000	0.1071133100000000
5.3001_1	2.1865850423112714	0.1395480450000000	0.0841585050000000
5.3020_0	2.2186868900180801	0.1526573250000000	0.0828586950000000
5.3020_1	2.1815572958938607	0.1189226950000000	0.0942293100000000
5.3060_0	2.2152750962904921	0.1556271550000000	0.0943611950000000
5.3060_1	2.3994265414434799	0.2664401450000000	0.1112239550000000
5.3240_0	2.2211276821142203	0.1306505100000000	0.0533929050000000
5.3240_1	2.1857781441907442	0.1489468050000000	0.0828307300000000
5.3260_0	2.2077157915017001	0.1452787550000000	0.0984582350000000
5.3270_0	2.2212595350550228	0.1509135850000000	0.1033806250000000
5.3280_0	2.2125785965551099	0.1333328400000000	0.0989267200000000
5.3350_0	2.2199080867199728	0.1425911000000000	0.1138875000000000
5.3360_0	2.2175377716091278	0.1538181800000000	0.1016528350000000
5.3400_0	2.2189292682073765	0.1365020750000000	0.0949805300000000
5.3400_1	2.1851120703450686	0.1366396850000000	0.0892093300000000
5.3401_0	2.2074574590324669	0.1295983500000000	0.1031736550000000
5.3402_1	2.1872323728712924	0.1354946900000000	0.0858119700000000
5.3450_0	2.2164821638664507	0.1138064500000000	0.0924087250000000
5.3490_0	2.3292417711876916	0.2749451649999999	0.1093261200000000
5.3600_0	2.2153896480214148	0.1673394050000000	0.0677917950000000
5.3600_1	2.1872444175712431	0.1489888350000000	0.1228724200000000
5.3630_0	2.2222737279998777	0.1406139750000000	0.0998918450000000
5.3630_1	2.1838231994622155	0.1466746500000000	0.0465960950000000
5.3640_0	2.2392033387445900	0.1811128100000000	0.1092588450000000
5.3800_0	2.2167519193372094	0.1665762850000000	0.1392077650000000
5.3850_0	2.2213445392037108	0.1436536800000000	0.1075665550000000
5.3851_0	2.2125334531110403	0.1336944150000000	0.0730304400000000
5.3900_0	2.2341571871200605	0.2029684500000000	0.1006825100000000
5.3930_0	2.2108889847736153	0.1611042900000000	0.0881964300000000
5.3970_0	2.2170339342824756	0.1284816500000000	0.0896939500000000
5.4000_0	2.2190118172730489	0.1664570950000000	0.0818322100000000
5.4001_0	2.2185424946466425	0.1574486450000000	0.1016696150000000
5.4001_1	2.1984557710475872	0.1494086050000000	0.0984958750000000
5.4060_0	2.2197131882788308	0.1527876150000000	0.0821850850000000
5.4200_0	2.2173471912711396	0.1587922250000000	0.0771534400000000
5.4230_1	2.2167591723565812	0.1833541200000000	0.0758619600000000
5.4270_0	2.2376389809834833	0.1934540500000000	0.1220038300000000
5.4300_0	2.2170856661069536	0.1461377550000000	0.0814178350000000
5.4300_1	2.1784386743256450	0.1545378250000000	0.0905251850000000
5.4350_0	2.2176931670544024	0.1553972450000000	0.1095237700000000
5.4380_0	2.2052781685051421	0.1513424350000000	0.0748847400000000
5.4390_0	2.2137959940168348	0.1100320950000000	0.0512045750000000
5.4390_1	2.1914577905936965	0.1608615800000000	0.0905845400000000
5.4400_1	2.1831904113501124	0.1208650900000000	0.0883326500000000
5.4450_0	2.2148433371230842	0.1404200100000000	0.0607958000000000
5.4500_0	2.2143397214998561	0.1303086150000000	0.1092182350000000
5.4500_1	2.1834659555404543	0.1188235800000000	0.1151210800000000
5.4540_1	2.1759891052469547	0.1422747900000000	0.0838910750000000
5.4570_0	2.2143856520391996	0.1539492550000000	0.1040404150000000
5.4600_0	2.2125354825277364	0.1557382200000000	0.0724099000000000
5.4601_0	2.2133263015487974	0.1335765750000000	0.0607680300000000
5.4601_1	2.1801212745838692	0.1496273750000000	0.0787317900000000
5.4603_0	2.2158819090737292	0.1607500550000000	0.0961228000000000
5.4700_0	2.2198047494234028	0.1563105000000000	0.1082131200000000
5.4701_0	2.2216891513341759	0.1556782150000000	0.1218762900000000
5.4800_0	2.2175979986628387	0.1415509600000000	0.1069236300000000
5.4910_0	2.2182834899918409	0.1347624050000000	0.0773726150000000
5.4930_0	2.3181503577802989	0.2704371950000000	0.1213088150000000
5.4930_1	2.1796297999205887	0.1449752150000000	0.0904365450000000
5.5000_0	2.2166701416569929	0.1337923150000000	0.1053290550000000
5.5040_0	2.2145242269454490	0.1403746450000000	0.0995191100000000
5.5040_1	2.1804028251679028	0.0845605350000000	0.0700053450000000
5.5100_0	2.2209768100581608	0.1454626000000000	0.0873551300000000
5.5101_1	2.1824947010733431	0.1458956600000000	0.1203038100000000
5.5210_0	2.2125547910585830	0.1739815800000000	0.1222489200000000
5.5210_1	2.1833488208393126	0.1281592100000000	0.0988249050000000
5.5300_0	2.2067654351135300	0.1689715050000000	0.0887990250000000
5.5600_0	2.2230859056276717	0.1677177800000000	0.1135851300000000
5.5600_1	2.1794567863114813	0.1380752950000000	0.1018828450000000
5.5650_0	2.2098985718222117	0.1375506450000000	0.1067067700000000
5.5660_0	2.2213454866262308	0.1457744700000000	0.1097253750000000
5.5700_0	2.2154443514917936	0.1590716250000000	0.1111381850000000
5.5700_1	2.3059143706032401	0.2353648050000000	0.1111901350000000
5.5701_1	2.1968772314241347	0.1633183250000000	0.0958702950000000
5.5710_0	2.2147145154590486	0.1349292750000000	0.0940554850000000
5.5780_0	2.2172395386915733	0.1579383250000000	0.0989728600000000
5.5900_0	2.2179352246055086	0.1527116250000000	0.0949271850000000
5.6001_0	2.2175767035427554	0.1296326200000000	0.0952536100000000
5.6150_0	2.2211811405005362	0.1585980500000000	0.1100108050000000
5.6160_1	2.3162903242055193	0.2292524900000000	0.0581324900000000
5.6180_0	2.2116750609314466	0.1323368600000000	0.1017369700000000
5.6180_1	2.1891360293715700	0.1465569900000000	0.0937112750000000
5.6240_0	2.2138860680001033	0.1342486200000000	0.1035489250000000
5.6260_0	2.2176134137143775	0.1295458950000000	0.0741189600000000
5.6260_1	2.2695860978910920	0.2344051650000000	0.1089794050000000
5.6290_0	2.2126437578658522	0.2053201650000000	0.1338207200000000
5.6300_0	2.2203089016402990	0.1553153100000000	0.0771768250000000
5.6301_0	2.2087524901301627	0.1397201800000000	0.0975155450000000
5.6301_1	2.1876633899898805	0.1371499200000000	0.0896556550000000
56.3100_1	2.1974407468116852	0.1432426550000000	0.0927922950000000
5.6370_0	2.2124366100217885	0.1688165950000000	0.1067366550000000
5.6370_1	2.2699318744530519	0.2238880250000000	0.1037488450000000
5.6410_0	2.2143545335536130	0.1559402000000000	0.0733475550000000
5.6420_1	2.1811996836487682	0.1517510850000000	0.0765440950000000
5.6421_0	2.2358563723165985	0.1994986100000000	0.1032992750000000
5.6421_1	2.1881891852951374	0.1450910250000000	0.0905127900000000
5.6500_0	2.2271816607239940	0.1797840400000000	0.1101725550000000
5.6500_1	2.1860440579304781	0.1357181450000000	0.0792443500000000
5.6580_0	2.2148997161668609	0.1498161900000000	0.0662256050000000
5.6640_0	2.2119256319055509	0.1713428300000000	0.0721151400000000
5.6760_0	2.2209617693518857	0.1653758700000000	0.0782202850000000
5.6800_0	2.2135906773017817	0.1185523350000000	0.0642982850000000
5.6890_0	2.2093897576865706	0.1452360400000000	0.0967516300000000
5.6900_0	2.2203703830538104	0.1487868400000000	0.0876864000000000
5.6900_1	2.1806719107510948	0.1547373450000000	0.0668663950000000
5.7160_0	2.2082482949007392	0.1375992100000000	0.1056473450000000
5.7200_0	2.2095333865644986	0.1349035400000000	0.0929802050000000
5.7210_0	2.2139198598088670	0.1287715600000000	0.0845484200000000
5.7210_1	2.2414808694050614	0.2277039050000000	0.1208257150000000
5.7300_0	2.2154406884884117	0.1351593150000000	0.0873069000000000
5.7330_0	2.2658010119021057	0.2378161750000000	0.1171637350000000
5.7380_0	2.2225011729723532	0.1588330300000000	0.1061915050000000
5.7400_0	2.2022649865399133	0.1595536650000000	0.0998857500000000
5.7401_0	2.2124740747993554	0.2098971200000000	0.1306416000000000
5.7401_1	2.1863647561073938	0.1417171100000000	0.0916276050000000
5.7402_0	2.2164927450628880	0.1448654000000000	0.0965789550000000
5.7403_0	2.2101931123412375	0.1627013700000000	0.1160526500000000
5.7403_1	2.1858697625039745	0.1474938350000000	0.1023635600000000
5.7470_0	2.2129641232458086	0.1636799300000000	0.0713069900000000
5.7500_0	2.2203906207814947	0.1402345250000000	0.1017283700000000
5.7500_1	2.2485922281722277	0.2221582900000000	0.1209712600000000
5.7600_0	2.2125330732061665	0.1470638600000000	0.0962262500000000
5.7601_0	2.2045783744182192	0.1514799700000000	0.1136660250000000
5.7602_0	2.2199565353416677	0.1457202950000000	0.0981053300000000
5.7602_1	2.2695913966701284	0.1990331850000000	0.0713945250000000
5.7700_0	2.2119509989684514	0.1288298900000000	0.1024635400000000
5.7701_0	2.2099668538527837	0.1348609950000000	0.1065043550000000
5.7701_1	2.3882401792091654	0.2552709300000000	0.1289860350000000
5.7702_0	2.2221127679193211	0.1526973900000000	0.0758709950000000
5.7820_0	2.2126301871674161	0.1583184850000000	0.1079004200000000
5.7860_0	2.2170915183477242	0.1498617650000000	0.1018234300000000
5.8080_0	2.2163856564417275	0.1529822250000000	0.0908176050000000
5.8100_0	2.2154486675441034	0.1233149900000000	0.0710912950000000
5.8120_0	2.2206835936026339	0.1616536400000000	0.0994838550000000
5.8130_0	2.2182037508000709	0.1443601450000000	0.0972686750000000
5.8130_1	2.1814143612269059	0.1612446750000000	0.0925205750000000
5.8201_0	2.2159086433126158	0.1555257650000000	0.0999297900000000
5.8300_0	2.2161850229726952	0.1444556600000000	0.0532086600000000
5.8300_1	2.1884070345714144	0.1524946500000000	0.1010020100000000
5.8400_0	2.2319414841743890	0.1593380000000000	0.0799345100000000
5.8510_0	2.2174608678278349	0.1572119150000000	0.1024308000000000
5.8510_1	2.1934134277088910	0.1384891950000000	0.0847116350000000
5.8700_0	2.2176825527931960	0.1515948250000000	0.1107505050000000
5.8701_0	2.2110485357767482	0.1341482350000000	0.1051407000000000
5.8702_1	2.1854121640341471	0.1551148900000000	0.0870136850000000
5.8703_0	2.2051977064556869	0.1567459850000000	0.0962212000000000
5.8703_1	2.1866201980216182	0.1466039300000000	0.0718577100000000
5.8750_0	2.1978682172563340	0.0992046700000000	0.1407037800000000
5.8900_0	2.2172203961073826	0.1432011400000000	0.0856093650000000
5.8901_0	2.2150121832586476	0.1476400750000000	0.0859197700000000
5.9100_0	2.2166303388818251	0.1507934150000000	0.1146544950000000
5.9140_0	2.2143908846011016	0.1426561900000000	0.0951620350000000
5.9170_0	2.2154298610120344	0.1515385150000000	0.1061266550000000
5.9170_1	2.1897793921458590	0.1626609000000000	0.0895666000000000
5.9310_0	2.2153866881750042	0.1248511000000000	0.0668717650000000
5.9430_0	2.2164224691624295	0.1456400100000000	0.0953794800000000
5.9430_1	2.1797723930882507	0.1419388300000000	0.0635953800000000
5.9440_0	2.2125642785904955	0.1481058600000000	0.0800726700000000
5.9520_0	2.2096591012379805	0.1539732950000000	0.0807669700000000
5.9520_1	2.1796148303737795	0.1435410450000000	0.0637777200000000
5.9600_0	2.2225049195253055	0.1555786700000000	0.1084819300000000
5.9700_0	2.2105347045564780	0.1486865750000000	0.0908743100000000
5.9750_0	2.2234971119332028	0.1782417500000000	0.0873572550000000
5.9750_1	2.2606603589661769	0.2138917200000000	0.1117239550000000
5.9900_0	2.2162304953088032	0.1478628300000000	0.1148462250000000
6.0100_0	2.2107704941311668	0.1543847750000000	0.0942893050000000
6.0330_0	2.2138084519984655	0.1783157950000000	0.0717277650000000
6.0480_0	2.2182024401547462	0.1476672500000000	0.1000949550000000
6.0501_0	2.2121730112927671	0.1162523600000000	0.1079778550000000
6.0501_1	2.1869775807758032	0.1414768350000000	0.0683053850000000
6.0530_0	2.2207492024726205	0.1586783750000000	0.0912963100000000
6.0590_0	2.2154946166934470	0.1612838300000000	0.0959599650000000
6.0590_1	2.1894079042347951	0.1398299400000000	0.0824134150000000
6.0700_0	2.2204576255926907	0.1729340850000000	0.0782549300000000
6.0701_0	2.2126066838095220	0.1907140750000000	0.1035588600000000
6.0701_1	2.2076438072253644	0.1695357350000000	0.0926330350000000
6.0800_0	2.2209501393746831	0.1555403800000000	0.1102285850000000
6.0860_0	2.2111823698401989	0.1401772150000000	0.1096829150000000
6.0860_1	2.3532390723042274	0.2571770900000000	0.0689275100000000
6.0870_0	2.2149679365126089	0.1397728200000000	0.1090882600000000
6.0990_0	2.2203606471705077	0.1445753450000000	0.0992758550000000
6.1000_0	2.2260884835116870	0.1956151600000000	0.1658999800000000
6.1001_0	2.2190081432501154	0.1569820050000000	0.1008707100000000
6.1090_0	2.2139090897854916	0.1486338450000000	0.1109545200000000
6.1210_0	2.2148625302419673	0.1404730850000000	0.0590857450000000
6.1211_0	2.2124934307420032	0.1496456350000000	0.1026060650000000
6.1330_0	2.2127603971810701	0.1739611100000000	0.0743377250000000
6.1380_0	2.2180322809584112	0.1440546400000000	0.1040044550000000
6.1400_0	2.2154003978054284	0.1446659300000000	0.1020352200000000
6.1401_0	2.2172193043460795	0.1571888250000000	0.1062165700000000
6.1530_0	2.2722595652219595	0.2089691000000000	0.0953976050000000
6.1590_0	2.2178056319662409	0.1444582200000000	0.0990909050000000
6.1590_1	2.1903110288840151	0.1286408000000000	0.1078754150000000
6.1600_0	2.2195179839788852	0.1580939900000000	0.0792476500000000
6.1600_1	2.1796775898792098	0.1441301450000000	0.0750516300000000
6.1700_0	2.2202533811239267	0.1601144450000000	0.1023737100000000
6.1701_1	2.2556222193336462	0.1843070400000000	0.1042238500000000
6.1740_0	2.2126609050777164	0.1194248900000000	0.0862695400000000
6.1800_0	2.2139737356050344	0.1433992850000000	0.1127929600000000
6.1930_0	2.2138222935161869	0.1401493700000000	0.0934321200000000
6.2000_0	2.2090185193578487	0.1596594700000000	0.0598052250000000
6.2080_1	2.2025013280217007	0.1605644450000000	0.0532413450000000
6.2120_0	2.2121876488730630	0.1556969800000000	0.0948982750000000
6.2170_0	2.2102689338834476	0.1587167100000000	0.1035671000000000
6.2240_0	2.2084674049223394	0.1231854600000000	0.0710114550000000
6.2240_1	2.1874011846980284	0.1301299900000000	0.0957227300000000
6.2400_0	2.2142542022397023	0.1632473000000000	0.1253403750000000
6.2400_1	2.1817788606152875	0.1254291650000000	0.0927500650000000
6.2401_0	2.2094366141220783	0.1633946850000000	0.0947911750000000
6.2401_1	2.1860935547068232	0.1427486350000000	0.0957641400000000
6.2420_0	2.2128229564567636	0.1155153000000000	0.0516778100000000
6.2500_0	2.2180969801080490	0.1759133400000000	0.0993001800000000
6.2500_1	2.1871846993820765	0.1469211600000000	0.0930905200000000
6.2520_0	2.2139923135064765	0.1411681300000000	0.0922795450000000
6.2520_1	2.1795453384415562	0.1573199400000000	0.0813588600000000
6.2620_1	2.1851117270810332	0.1487655550000000	0.1154725250000000
6.3300_0	2.2060277146518943	0.1443723750000000	0.0800037900000000
6.3300_1	2.1837047412117978	0.1435833500000000	0.0959925300000000
6.3400_0	2.2204532920924382	0.1545453650000000	0.0938255350000000
6.3401_0	2.2251370461430464	0.1758216600000000	0.0678964600000000
6.3500_0	2.2250507697061139	0.1635943050000000	0.1379425200000000
6.3870_1	2.1563966479073273	0.2037271450000000	0.1255822100000000
6.3880_0	2.2191869097898516	0.1541243350000000	0.1103151050000000
6.3880_1	2.1835449498382755	0.1425064500000000	0.0599241050000000
6.4110_0	2.2201891381144390	0.1514728300000000	0.0903564100000000
6.4120_0	2.2174394684557757	0.1440680000000000	0.0476214300000000
6.4300_0	2.2112299739327614	0.1426648700000000	0.1157818900000000
6.4300_1	2.1501769459466575	0.1434684850000000	0.1067337250000000
6.4301_0	2.2197734680071233	0.1485963950000000	0.1118339650000000
6.4500_0	2.2210359134949504	0.1607251050000000	0.0915139550000000
6.4500_1	2.1854431879727607	0.1552184900000000	0.0818347900000000
6.4600_1	2.1861942060277797	0.1265423300000000	0.1027041200000000
6.4601_0	2.2191431343012380	0.1507160300000000	0.1037551550000000
6.4800_0	2.2165655858078295	0.1467387100000000	0.0967654550000000
6.4800_1	2.1885770411918886	0.1361418650000000	0.0829910250000000
6.5000_0	2.2047226352561378	0.1288590850000000	0.0955407750000000
6.5000_1	2.1912080287508386	0.1255683300000000	0.0934564200000000
6.5001_0	2.2172862733778991	0.1628068900000000	0.1177174200000000
6.5070_0	2.2178978598100803	0.1390890400000000	0.0695391750000000
6.5100_0	2.2081382437459851	0.1462921450000000	0.1050400950000000
6.5100_1	2.1861809634879799	0.1329754700000000	0.0992537350000000
6.5290_0	2.2123328666051192	0.1128387250000000	0.0792695800000000
6.5290_1	2.1841222680241135	0.1451157050000000	0.1004506950000000
6.5340_0	2.2143642114375290	0.1395590850000000	0.0552524400000000
6.5340_1	2.2286587174468750	0.1900252650000000	0.1208722050000000
6.5350_0	2.2138324422441049	0.1371558550000000	0.0779716150000000
6.5400_0	2.2125805108555978	0.1583678700000000	0.1157942500000000
6.5400_1	2.1891144355830741	0.1421619650000000	0.0932542750000000
6.5500_0	2.2171771807785601	0.1548473050000000	0.0818806750000000
6.5600_0	2.2183000339812247	0.1557492900000000	0.0874712200000000
6.5600_1	2.1885453361632212	0.1441770900000000	0.0894401350000000
6.5601_0	2.2143438921955547	0.1626055650000000	0.1183753600000000
6.5880_0	2.2155190215512310	0.1466176550000000	0.0791680450000000
6.5900_0	2.2149925163726243	0.1621557950000000	0.1105617500000000
6.6090_0	2.2062827589541674	0.1401646600000000	0.0919892450000000
6.6090_1	2.1918343939662699	0.1646315350000000	0.0858548350000000
6.6300_1	2.1937715370605573	0.1348298300000000	0.0929429200000000
6.6401_0	2.2149503835197311	0.1688634950000000	0.0826909700000000
6.7100_0	2.2173642877789339	0.1488976350000000	0.0990322650000000
6.7120_0	2.1802843009252806	0.1260260000000000	0.1160513400000000
6.7400_0	2.2654962826994320	0.2016391650000000	0.1211585500000000
6.7501_1	2.1834486698398941	0.1623503350000000	0.1061758950000000
6.7700_0	2.2143908354748159	0.1141739150000000	0.0740387650000000
6.7900_0	2.2167063512253544	0.1670846350000000	0.1010557550000000
6.7900_1	2.1846591572326037	0.1506056800000000	0.0641280150000000
6.7901_0	2.2153820388041470	0.1445460800000000	0.1236082150000000
6.8000_1	2.1906498572923501	0.1472969900000000	0.0940318700000000
6.8040_0	2.2126907893133301	0.1416378850000000	0.1029749450000000
6.8100_0	2.2125356725408896	0.1648364900000000	0.1026101200000000
6.8200_0	2.2143166300456638	0.1549912550000000	0.0944026850000000
6.8400_0	2.2139051315802565	0.1494660400000000	0.1053382550000000
6.8400_1	2.1797369987140049	0.1243556650000000	0.0947839850000000
6.8800_0	2.2124012525245758	0.1770046400000000	0.1072594650000000
6.8801_0	2.4425478765552198	0.3098083150000000	0.1665599150000000
6.8802_0	2.2081946559271532	0.1399480700000000	0.0780778400000000
6.8802_1	2.1914403472578612	0.1293928750000000	0.1033241150000000
6.9000_0	2.2106559045597347	0.1411145650000000	0.0999263900000000
6.9020_0	2.2179333944527206	0.1525450100000000	0.1013590500000000
6.9020_1	2.1921318215972567	0.1569183000000000	0.0987130800000000
6.9700_0	2.2141898721705076	0.1406741050000000	0.0880216750000000
6.9730_0	2.2154236014064126	0.1425463150000000	0.0794869150000000
6.9800_0	2.2128159916931045	0.1393386000000000	0.1286144600000000
6.9901_0	2.2172911387638403	0.1456732850000000	0.0973636850000000
6.9901_1	2.1849193072227844	0.1493214300000000	0.0841880450000000
7.0000_0	2.2171864515785757	0.1531621200000000	0.1356881850000000
7.0001_0	2.2066280939037837	0.1359749200000000	0.1160459200000000
7.0001_1	2.1750863403991918	0.1154693800000000	0.1175439650000000
7.0100_0	2.2104132657071207	0.1365952650000000	0.0906810800000000
7.0101_0	2.2127221852117818	0.1535952850000000	0.1067309350000000
7.0200_0	2.2118968869476481	0.1442944050000000	0.1279731250000000
7.0220_0	2.2133926186273141	0.1496275500000000	0.0868332450000000
7.0400_0	2.2125708426712811	0.1542863050000000	0.1263527200000000
7.0500_0	2.2159112997484405	0.1544490900000000	0.0914026900000000
7.0520_1	2.1872221051839644	0.1456409500000000	0.0893017000000000
7.0530_0	2.2164361322540778	0.1575819300000000	0.0965630700000000
7.0530_1	2.1920846744255602	0.1486533200000000	0.1075071800000000
7.0600_0	2.2164304944798543	0.1461087950000000	0.1112133800000000
7.0900_0	2.2091187155764285	0.1540773550000000	0.0891725650000000
7.0901_0	2.2082273147570719	0.1401395750000000	0.0964596900000000
7.1000_0	2.2100059557607570	0.1456403500000000	0.1145028300000000
7.1100_0	2.2019199253076343	0.1330250150000000	0.1012497100000000
7.1200_0	2.2114252586172065	0.1655723200000000	0.0919216500000000
7.1201_0	2.2105607324502219	0.1525279600000000	0.1212433450000000
7.1201_1	2.1880697971682270	0.1476189700000000	0.0884849050000000
71.3400_0	2.2005877204843172	0.1288831600000000	0.1142611950000000
7.1500_0	2.2100806601958083	0.1525385950000000	0.1093454850000000
7.1600_0	2.2021896118921003	0.1275200400000000	0.0667659750000000
7.1760_0	2.2198095305257026	0.1758617100000000	0.0744826800000000
7.1800_0	2.2113352367043841	0.1346904400000000	0.1043416750000000
7.1800_1	2.1911973242484906	0.1494570750000000	0.1189534750000000
7.1801_0	2.2104188658130242	0.1525836700000000	0.0797026250000000
7.2100_0	2.2099441151525796	0.1583993650000000	0.1011443850000000
7.2110_0	2.2060715634559318	0.1547667700000000	0.0964729100000000
7.2230_0	2.2034295110013504	0.0956624050000000	0.0624603950000000
7.2230_1	2.1880632407073644	0.1580330150000000	0.0935340950000000
7.2400_0	2.2178663680587367	0.1429930250000000	0.0979061400000000
7.2400_1	2.1872777769564102	0.1621749750000000	0.0932060550000000
7.2500_0	2.2160911312512113	0.1515515550000000	0.1026777050000000
7.2500_1	2.2209709720658499	0.1829606250000000	0.0980370250000000
7.2600_0	2.2180483255428798	0.1331937950000000	0.1111962200000000
7.2600_1	2.1763181953036885	0.1290510650000000	0.0829190500000000
7.3300_0	2.2144921596972096	0.1563183600000000	0.0736321350000000
7.3500_0	2.2106908971673764	0.1425427000000000	0.0831935250000000
7.3500_1	2.1737169142686272	0.1605081850000000	0.0693174500000000
7.3800_0	2.2033507143542561	0.1315820850000000	0.0880855050000000
7.3810_0	2.3873459575355800	0.2647625000000000	0.1168502100000000
7.3840_0	2.2108477692546971	0.1506081700000000	0.0990794900000000
7.3900_0	2.2124155770971718	0.1564328200000000	0.1153057800000000
7.4120_0	2.2086423355898286	0.1403767100000000	0.0918877600000000
7.4120_1	2.1846429450473042	0.1184916350000000	0.1100339750000000
7.4230_0	2.2146732471033999	0.1648257150000000	0.0708637650000000
7.4500_0	2.2054200953045249	0.1463444350000000	0.0896322450000000
7.4600_0	2.2968351534283302	0.2160852400000000	0.1362799350000000
7.4601_0	2.2137612466970169	0.1361821850000000	0.0984825800000000
7.4700_0	2.2405339316739568	0.1884266350000000	0.1129058150000000
7.4800_0	2.2154678809955906	0.1567276900000000	0.0746711350000000
7.4801_0	2.2080546318641514	0.1573990750000000	0.0581227450000000
7.5100_0	2.2214862412789889	0.1477102800000000	0.1265947950000000
7.5160_0	2.2080619496148759	0.1563585100000000	0.0753312700000000
7.5300_0	2.2049642746658273	0.1506434700000000	0.0924117700000000
7.5300_1	2.1933826699959336	0.1626145550000000	0.0967064650000000
7.5501_0	2.2145084771960053	0.1539710800000000	0.1048031550000000
7.5700_0	2.2140917500763306	0.1625703850000000	0.1069694200000000
7.5900_0	2.2143705323065106	0.1551284450000000	0.1012073150000000
7.5900_1	2.1902860794403107	0.1373192050000000	0.0691622600000000
7.5901_0	2.2184635879591452	0.1583169850000000	0.0919913200000000
7.6000_0	2.2107348238531950	0.1489109850000000	0.0800865350000000
7.6400_0	2.2101337241816092	0.1360032950000000	0.1114767300000000
7.6420_0	2.2130356862705258	0.1609119050000000	0.1026311050000000
7.6420_1	2.1890787911039067	0.1329061500000000	0.0991912000000000
7.6600_0	2.2089643474744292	0.1564032250000000	0.0978339550000000
7.6600_1	2.1846475648194299	0.1471024850000000	0.1135073900000000
7.6900_0	2.2107489440696799	0.1441148900000000	0.0874553850000000
7.6901_0	2.2102487000618134	0.1466902700000000	0.0842308250000000
7.6902_0	2.2146802151689222	0.1629578800000000	0.0871349800000000
7.6902_1	2.1833982118119186	0.1475510550000000	0.0843642350000000
7.7000_0	2.2146202771658352	0.1455252300000000	0.0891155500000000
7.7000_1	2.1865041741115490	0.1378130900000000	0.0752046750000000
7.7100_0	2.2076673182041251	0.1485847500000000	0.1014933850000000
7.7100_1	2.1854044040913347	0.1234895850000000	0.1181599000000000
7.7101_0	2.2108838785452640	0.1411010550000000	0.1037624350000000
7.7101_1	2.1935906139793615	0.1394329600000000	0.0694135500000000
7.7200_0	2.2062141374662150	0.1525982450000000	0.0794251350000000
7.7600_0	2.2101559217692492	0.1423889550000000	0.1051927800000000
7.7700_0	2.2146968505418196	0.1566690150000000	0.1107476500000000
7.7701_0	2.2137993100933451	0.1534975400000000	0.0962199800000000
7.7701_1	2.1913692296406193	0.1417440900000000	0.0761428400000000
7.7720_0	2.2154097043656993	0.1530606150000000	0.0759168950000000
7.7720_1	2.2195311512547562	0.1837417600000000	0.0806339150000000
7.7800_0	2.2115104732374835	0.1339580600000000	0.0985369150000000
7.7801_0	2.2080711574734191	0.1510416300000000	0.1000296000000000
7.7801_1	2.1827940567869932	0.1372800300000000	0.1101353650000000
7.7802_0	2.2080488855357707	0.1428770900000000	0.1051698850000000
7.8100_0	2.2093196207244739	0.1399628650000000	0.0806360400000000
7.8300_0	2.2121165358643706	0.1708144550000000	0.0842959800000000
7.8380_0	2.2125446982596157	0.1465303350000000	0.0874390150000000
7.8400_0	2.2074159837504590	0.1456129300000000	0.0840557300000000
7.8490_0	2.2184065954993040	0.1578500850000000	0.1200944050000000
7.8490_1	2.1850453030783772	0.1285714250000000	0.0968140200000000
7.8600_1	2.1855737641229478	0.1484543350000000	0.0808843700000000
7.8601_1	2.1917959706351366	0.1395648550000000	0.0810666900000000
7.8680_0	2.2258107663199329	0.1869690050000000	0.0736835800000000
7.8680_1	2.1913872819543019	0.1355470050000000	0.1041341850000000
7.8800_0	2.2154173173514131	0.1475475550000000	0.0771452150000000
7.8900_0	2.2097528456951609	0.1603820850000000	0.0837045350000000
7.9100_1	2.1781735977362890	0.1317622750000000	0.0968500850000000
7.9200_0	2.2147907568049878	0.1595387600000000	0.0897232900000000
7.9201_0	2.2109071082680272	0.1594172450000000	0.0962170100000000
7.9202_0	2.2142642943838791	0.1402540400000000	0.0914416350000000
7.9202_1	2.1896432464897777	0.1523071800000000	0.0813449100000000
7.9600_0	2.2104796745264186	0.1388678850000000	0.1041007600000000
7.9700_0	2.2163795951559369	0.1445835100000000	0.0972790600000000
7.9720_1	2.1887439409710896	0.1401768400000000	0.0854501450000000
7.9800_0	2.2079599179032710	0.1503013800000000	0.1079410650000000
7.9900_0	2.2088384040362103	0.1306047800000000	0.1012778600000000
7.9900_1	2.1984774526507760	0.1799443500000000	0.1157461100000000
7.9901_0	2.2082149519297354	0.1331153800000000	0.1159258700000000
8.0001_0	2.2980360894450023	0.2080980300000000	0.0945327000000000
8.0002_0	2.2262175026174043	0.1778481950000000	0.1004049350000000
8.0100_1	2.1901847499817717	0.1384235950000000	0.0830147600000000
8.0110_0	2.2140920661423928	0.1321782350000000	0.0927654950000000
8.0450_0	2.2079210993650906	0.1431348550000000	0.1010502400000000
8.0600_1	2.3711577303716647	0.2761904200000000	0.0665513200000000
8.0700_0	2.2100556237423841	0.1508605450000000	0.0941449000000000
8.0800_0	2.2148478632281248	0.1405384750000000	0.0968950750000000
8.1000_1	2.2461242384678091	0.1849662450000000	0.1203663500000000
8.1700_0	2.2062420135148315	0.1391980000000000	0.0952895250000000
8.2000_0	2.2161065375797082	0.1185255600000000	0.0827879200000000
8.2250_1	2.2086781159373907	0.1222166000000000	0.1387912450000000
8.2500_0	2.2125153795655743	0.1774101450000000	0.0899342150000000
8.2630_0	2.2158685505004927	0.1131089200000000	0.0783717300000000
8.2800_0	2.2142797929768800	0.1346506000000000	0.1023029650000000
8.2800_1	2.1866641944296337	0.1643913850000000	0.0574188600000000
8.3400_0	2.2089756559813178	0.1354890100000000	0.0968897050000000
8.3500_0	2.2111243811952161	0.1578951000000000	0.0988232550000000
8.3500_1	2.1908666289848857	0.1494757200000000	0.0871140650000000
8.3600_0	2.2067148749584646	0.1581305300000000	0.0915052700000000
8.3880_0	2.2088358252559592	0.1367869500000000	0.0883029100000000
8.4400_0	2.2102067506552117	0.1375225950000000	0.0928010350000000
8.4800_0	2.2142218183240985	0.1518157350000000	0.0853090500000000
8.4800_1	2.3206075988880714	0.2311210400000000	0.1073627950000000
8.6200_0	2.3349130281072328	0.2809862200000000	0.1275923550000000
8.6301_0	2.2149654181970830	0.1524905650000000	0.0912442900000000
8.7400_0	2.2062439922246373	0.1392144200000000	0.1018707150000000
8.8600_0	2.2107304432296639	0.1436692000000000	0.1014140900000000
8.9300_0	2.2092784759553772	0.1528688750000000	0.0990057450000000
8.9300_1	2.2270642368268860	0.1579191350000000	0.1246727550000000
8.9500_1	2.1913593688702653	0.1566252300000000	0.0437617300000000
8.9600_0	2.2108754477461652	0.1612517950000000	0.0740098400000000
8.9900_0	2.2106030225068261	0.1444979600000000	0.0822331200000000
8.9900_1	2.1910481975310367	0.1520653450000000	0.0951838850000000
9.0101_0	2.2109435918897864	0.1470959550000000	0.1105014300000000
9.0101_1	2.1702443993144991	0.1602939050000000	0.0908381000000000
9.1300_0	2.2012303097356716	0.1409657550000000	0.0862744200000000
9.1301_0	2.2106214901346930	0.1556067650000000	0.1037536000000000
9.1400_0	2.2144586847166403	0.1619660450000000	0.1037498700000000
9.1401_0	2.2931987343759195	0.2325743850000000	0.0537893250000000
9.1401_1	2.1957799055979539	0.1554216750000000	0.1038559250000000
9.1402_0	2.2285227961776015	0.1943287500000000	0.0980978200000000
9.1402_1	2.1705313866387450	0.1396992850000000	0.0970204500000000
91.6300_0	2.2016639284541943	0.1451510450000000	0.1079196250000000
91.6300_1	2.1994136033872183	0.1474024550000000	0.1041402800000000
9.1700_1	2.1904243349516794	0.1397232150000000	0.0989758550000000
9.2300_0	2.2085239681529236	0.1380453400000000	0.0949838600000000
9.2300_1	2.1933480622364487	0.1445590950000000	0.0795966550000000
9.2400_0	2.2037171174479830	0.1338463650000000	0.0936742150000000
9.2400_1	2.1903663900626862	0.1337783550000000	0.0914034450000000
9.2401_0	2.2101256956286122	0.1464723750000000	0.0902807800000000
9.3130_1	2.1857179021239785	0.1239828700000000	0.0885537900000000
9.3300_0	2.2082560530787472	0.1441708350000000	0.0882630800000000
9.4200_0	2.2146345211188287	0.1590107050000000	0.0776173400000000
9.4200_1	2.1854363718222882	0.1576869500000000	0.0797026950000000
9.4500_0	2.2074906521292719	0.1478520250000000	0.1028119300000000
9.5000_0	2.1837662875098536	0.1370309100000000	0.1149680900000000
9.5400_0	2.2040646847090501	0.1386308300000000	0.0908910350000000
9.5400_1	2.2398881107683986	0.1909079800000000	0.1130873450000000
9.5800_0	2.2086569928765112	0.1418461100000000	0.1029263700000000
9.5800_1	2.1934465181525469	0.1499038200000000	0.1001432450000000
9.5870_0	2.2147977441395708	0.1686991350000000	0.1002477250000000
9.5870_1	2.1972166118123342	0.1499222550000000	0.0924726350000000
9.5900_0	2.2101660476431384	0.1477534550000000	0.0975104950000000
9.6030_0	2.2078428992402039	0.1476855550000000	0.0880968350000000
9.6600_0	2.2066259996858562	0.1424656400000000	0.1015616150000000
9.6600_1	2.1902786730772430	0.1425990350000000	0.0917574350000000
9.6601_0	2.2103711321901938	0.1402258900000000	0.0899686150000000
9.6700_0	2.2142893800739696	0.1507264200000000	0.0800076200000000
9.7900_0	2.2076395953279047	0.1551223650000000	0.0839015900000000
