10.0400_0	2.2154621974771560	0.1590684650000000	0.0635617150000000
10.1300_1	2.4181105944805794	0.2742246249999999	0.1109865700000000
10.1930_1	2.1921707067286040	0.1638139750000000	0.0932830050000000
10.2700_1	2.1962830660436214	0.1632555600000000	0.0915878300000000
10.3000_1	2.1940504071316909	0.1440014100000000	0.1083036700000000
10.3800_0	2.2079549008787933	0.1513067650000000	0.0822020550000000
10.3900_0	2.2037758293710468	0.1339703800000000	0.0995107800000000
10.4200_0	2.2141833332580996	0.1643407250000000	0.1135558550000000
10.4200_1	2.3230521723090840	0.2307474600000000	0.0658205000000000
10.6200_1	2.1850067606296588	0.1548747100000000	0.1139733150000000
10.7300_0	2.2122826511485796	0.1555255600000000	0.0957224200000000
10.7600_0	2.2095652499505021	0.1419328250000000	0.0945828850000000
10.8800_0	2.2105668873569368	0.1544460100000000	0.0890701550000000
10.8800_1	2.1959057121001049	0.1675156300000000	0.0861834650000000
10.9200_0	2.2094442969327179	0.1415671200000000	0.1011508300000000
11.0400_0	2.2314946305581662	0.1750431750000000	0.1257932550000000
11.0800_0	2.2192859456264666	0.1699686700000000	0.0995984350000000
11.1200_0	2.2074918493679947	0.1490131000000000	0.0877155150000000
11.1900_0	2.2058426962167892	0.1291019300000000	0.1000951950000000
11.3800_1	2.1947096768280812	0.1469702950000000	0.0885113350000000
11.4400_1	2.2023769342860069	0.1828890600000000	0.1174995300000000
11.5300_0	2.2085009898974368	0.1124234700000000	0.0608617950000000
11.6400_0	2.2123581625644761	0.1160298350000000	0.0827072600000000
11.7001_0	2.2079900187886503	0.1498273700000000	0.0904413400000000
11.7002_1	2.1934333720292951	0.1517977250000000	0.0936220750000000
11.7600_0	2.2090947143302584	0.1531158750000000	0.0926778800000000
11.8200_0	2.2105180836626777	0.1629359750000000	0.1054136950000000
11.8200_1	2.1932924382015351	0.1363675750000000	0.0907127450000000
11.8700_0	2.2110922440884915	0.1480247000000000	0.0816455050000000
11.8700_1	2.1932654899969579	0.1650917300000000	0.0740395650000000
12.1600_0	2.2105172561302866	0.1319660200000000	0.0688532050000000
12.1600_1	2.1878543380924493	0.1458161700000000	0.1014306050000000
12.2300_1	2.1969365097917173	0.1674638150000000	0.0803902300000000
12.3100_0	2.2070030677612369	0.1498794900000000	0.0892508650000000
12.5600_1	2.1866325680452361	0.1453014100000000	0.0729081600000000
12.6200_0	2.2087967626490457	0.1398866350000000	0.1073357350000000
12.6400_0	2.2058017662436504	0.1410231300000000	0.0886066850000000
12.8900_0	2.2080660468656115	0.1327724350000000	0.0826670650000000
13.0600_0	2.2145132318838288	0.1608653450000000	0.0955894400000000
13.2100_0	2.2079367108662633	0.1361844000000000	0.0500685400000000
13.2101_0	2.2093310152263981	0.1528457100000000	0.1052928950000000
13.2101_1	2.1958117539639455	0.1513941500000000	0.0913613050000000
13.3200_0	2.2543600532819768	0.1712720150000000	0.1102215900000000
13.3200_1	2.1972165920936901	0.1534750850000000	0.0849264050000000
13.9800_0	2.2065434109318547	0.1317824500000000	0.0830825550000000
14.1600_0	2.2146248141778653	0.1609846300000000	0.1103265400000000
14.1600_1	2.1911056634709754	0.1310680750000000	0.0938003000000000
14.7200_0	2.2071376906343882	0.1539626400000000	0.1007244400000000
147.4900_0	2.2004837532877537	0.1434270800000000	0.0822702200000000
15.1400_1	2.1979080990527509	0.1545270550000000	0.0962134900000000
15.4300_0	2.2097049821156962	0.1580891700000000	0.0857170400000000
16.3900_0	2.2084973753358965	0.1569920400000000	0.0952373450000000
16.4200_0	2.2043653821542319	0.1525919100000000	0.0905367500000000
16.4200_1	2.1922255647518796	0.1742212200000000	0.1148385350000000
16.7800_0	2.2075983760836690	0.1323698250000000	0.1126123850000000
16.7800_1	2.1914745524806674	0.1501455050000000	0.0983601450000000
17.2000_1	2.1914064846208139	0.1349659350000000	0.0930823450000000
19.1500_0	2.2031815592397166	0.1581061950000000	0.0919724900000000
27.7100_0	2.2060299706481339	0.1482817200000000	0.0827842850000000
35.4700_0	2.2039906195796064	0.1483127100000000	0.0950952100000000
35.4700_1	2.1963440517820474	0.1462055100000000	0.0960342850000000
36.2800_0	2.2030416390059373	0.1377277400000000	0.1092442500000000
36.2800_1	2.1973012930876656	0.1342165850000000	0.0925997150000000
40.8400_0	2.2025492792161874	0.1445147700000000	0.0922248700000000
5.0030_0	2.2214573696411164	0.1510689250000000	0.1292476700000000
5.0030_1	2.1791627909651421	0.1482923600000000	0.0821535300000000
5.0032_0	2.2268871380907438	0.1502201550000000	0.0876752350000000
5.0040_0	2.2162647931317747	0.1416984850000000	0.0866768200000000
5.0071_0	2.2130812275378946	0.1322208550000000	0.1011630700000000
5.0100_0	2.2259152047998443	0.1357741700000000	0.0701161400000000
5.0120_0	2.2015030331694669	0.1553000300000000	0.1224581600000000
50.1400_0	2.2022376760946032	0.1514115700000000	0.0825156950000000
5.0140_0	2.2253826129215750	0.1652636950000000	0.0608129800000000
5.0180_0	2.2235966466277524	0.1414293350000000	0.1119640000000000
5.0181_0	2.2194510137410703	0.1483689500000000	0.0891213400000000
5.0183_0	2.2225547564297155	0.1672117850000000	0.0978606550000000
5.0210_0	2.2142820458993531	0.1389125200000000	0.1700281050000000
5.0230_0	2.2136462454489614	0.1836193750000000	0.1182037000000000
5.0260_0	2.2125989536487207	0.0663848200000000	0.0709944500000000
5.0290_0	2.2272066069731662	0.1792039800000000	0.1047364850000000
5.0302_0	2.2272257043540193	0.1408877800000000	0.1053958800000000
5.0310_0	2.2191391689001567	0.1295390600000000	0.1054151850000000
5.0310_1	2.1823874605994105	0.1221418350000000	0.1061596750000000
5.0340_0	2.1750831656073659	0.1397538400000000	0.1390157200000000
5.0341_1	2.1900443897226212	0.1676195700000000	0.0494473700000000
5.0370_0	2.2225144441040898	0.1431076300000000	0.1064922350000000
5.0400_0	2.2225558326215622	0.1547939950000000	0.0887315300000000
5.0400_1	2.1844550389049160	0.1426298200000000	0.0847244250000000
5.0401_0	2.2231826639337267	0.1492173850000000	0.1050724200000000
5.0401_1	2.2001245647992813	0.1305095100000000	0.0883128350000000
5.0410_0	2.2197141217727157	0.1495754700000000	0.0974211300000000
5.0450_0	2.2164811678695817	0.0950921900000000	0.0898720050000000
5.0501_0	2.2240398963671506	0.1502294100000000	0.1162659300000000
5.0540_0	2.2203711543056626	0.1770382700000000	0.0979829950000000
5.0600_0	2.2275993388803621	0.1546491000000000	0.1106765750000000
5.0601_0	2.2122239805674981	0.1834216100000000	0.1209745200000000
5.0620_0	2.2236566414477505	0.1542747950000000	0.0887950250000000
5.0700_0	2.2206179391849057	0.1598465050000000	0.0917212200000000
5.0800_0	2.2238903928972031	0.1524569100000000	0.1071728450000000
5.0801_0	2.2167197667724055	0.1394609800000000	0.0955851850000000
5.0920_0	2.2193083790121211	0.1466981600000000	0.1167268550000000
5.1000_0	2.2159360086907558	0.1421080950000000	0.0727628550000000
5.1001_1	2.3579143822460225	0.2776776550000000	0.1180417250000000
5.1020_0	2.2225996945734887	0.1467068450000000	0.1130870200000000
5.1030_0	2.2037649937605650	0.1188430550000000	0.1204255750000000
5.1170_0	2.2300794765837870	0.1872321850000000	0.0905507600000000
5.1180_0	2.2254202148690569	0.1302223750000000	0.0687759350000000
5.1180_1	2.1693536396572903	0.1533126500000000	0.0672198300000000
5.1210_0	2.2255945567458455	0.1452203050000000	0.1064413700000000
5.1210_1	2.1820148624386206	0.1456327600000000	0.0985976850000000
5.1310_0	2.2223757076909632	0.1541064500000000	0.1154089100000000
5.1330_0	2.2141356097776077	0.1019396900000000	0.0941445550000000
5.1340_0	2.2240260262443377	0.1442637950000000	0.1000841550000000
5.1340_1	2.1810053655200137	0.1403128950000000	0.0890117650000000
5.1400_0	2.2221536161655360	0.1525447500000000	0.1202991900000000
5.1401_1	2.1848112674708320	0.1371441800000000	0.0419829700000000
5.1440_0	2.2198010469608991	0.1575113650000000	0.0988088500000000
5.1441_0	2.2261438154229745	0.1454797300000000	0.1056037850000000
5.1500_0	2.3491037460922692	0.2326692050000000	0.0952762050000000
5.1500_1	2.1840151948046116	0.1366936950000000	0.0919905550000000
5.1650_0	2.2210214979383434	0.1570451300000000	0.1078644300000000
5.1690_0	2.2253210011020830	0.1503142450000000	0.0850988100000000
5.1700_0	2.2279088729274079	0.1517306150000000	0.0834218350000000
5.1701_0	2.2237469006146524	0.1520172250000000	0.1144620700000000
5.1800_0	2.2274889932044952	0.1600684300000000	0.1083303000000000
5.1830_0	2.2183769165280300	0.1419325950000000	0.0925794800000000
5.1900_0	2.2216244709851125	0.1492778850000000	0.1072937250000000
5.1901_0	2.2000515166591592	0.0799855200000000	0.0936396550000000
5.2000_0	2.2296776249426800	0.1912599000000000	0.1309528200000000
5.2002_0	2.2209085696268493	0.1587321700000000	0.1142383400000000
5.2002_1	2.1794563563625968	0.1387507000000000	0.1121540750000000
5.2003_1	2.1800869684907171	0.1281007000000000	0.1160415750000000
5.2004_0	2.2211654544309005	0.1555821750000000	0.1020506150000000
5.2007_0	2.2198617568470591	0.1564435050000000	0.0956055700000000
5.2008_0	2.2236227993483104	0.1535446750000000	0.0977992800000000
5.2020_0	2.2239638081960886	0.1511433850000000	0.0926468400000000
5.2020_1	2.1803827460736502	0.1355706550000000	0.0557022650000000
5.2100_0	2.2199868897684096	0.1523838100000000	0.1104988550000000
5.2101_0	2.2217918512303099	0.1438380950000000	0.0845548100000000
5.2200_0	2.2196749633969586	0.1443352650000000	0.0983163450000000
5.2200_1	2.1898932288559574	0.1586097000000000	0.0320131500000000
5.2240_0	2.2258696368462365	0.1412676700000000	0.0994977700000000
5.2240_1	2.1931654805121155	0.1500897500000000	0.0930612050000000
5.2241_0	2.2202819438748294	0.1715633650000000	0.0729736000000000
5.2241_1	2.1777015879799961	0.1323951050000000	0.0801045150000000
5.2250_0	2.2168548346812051	0.1606508700000000	0.0908333450000000
5.2300_0	2.2208193886459546	0.1296790750000000	0.0727697850000000
5.2301_0	2.2263223205362856	0.1790072300000000	0.1402755100000000
5.2310_0	2.2302306053553211	0.1804577900000000	0.0696646950000000
5.2370_0	2.2272221096329243	0.1614261450000000	0.1178840100000000
5.2370_1	2.1586114923144311	0.2094642000000000	0.1019893350000000
5.2500_0	2.3055079302736714	0.1960099750000000	0.1052674100000000
5.2560_0	2.2180276357624744	0.1472999450000000	0.0373650800000000
5.2660_0	2.2092805531202422	0.2077465000000000	0.1200902500000000
5.2700_0	2.2191858326754428	0.1515241750000000	0.0840042450000000
5.2710_0	2.2190642042472661	0.1554438700000000	0.1100224500000000
5.2740_0	2.2230064471346562	0.1549541650000000	0.0891309700000000
5.2740_1	2.1867399409259334	0.1393738800000000	0.0950358150000000
5.2770_0	2.2218618181658831	0.1522687150000000	0.1081797800000000
5.2770_1	2.1772156201946609	0.1338310100000000	0.0781588300000000
5.2790_0	2.2552985469854137	0.2480275600000000	0.1262473400000000
5.2870_0	2.2268226812439105	0.1529135600000000	0.1083673950000000
5.2870_1	2.1768978596213522	0.1300336100000000	0.0543893400000000
5.2880_0	2.2227851582572939	0.1541339700000000	0.0876273850000000
5.2901_0	2.2280160496150865	0.1572286200000000	0.0989980100000000
5.2902_0	2.2307367047173585	0.1496809650000000	0.1015597200000000
5.2960_0	2.2227152305936473	0.1445263650000000	0.1029201800000000
5.3000_0	2.2164449556768981	0.1169056700000000	0.0652145150000000
5.3001_0	2.2237527839265581	0.1540168200000000	0.0962158250000000
5.3001_1	2.1837388693293538	0.1427330950000000	0.0864095850000000
5.3020_0	2.2223538710494912	0.1540086250000000	0.0963338300000000
5.3020_1	2.1784375830118412	0.1300987650000000	0.0852117200000000
5.3060_0	2.2187035315779191	0.1537010400000000	0.1053787000000000
5.3240_0	2.2250181330380507	0.1288440800000000	0.0561885900000000
5.3240_1	2.2148691854051097	0.2287198150000000	0.0895087750000000
5.3260_0	2.2123248306519159	0.1674293750000000	0.0954698950000000
5.3270_0	2.2249017099841404	0.1475650250000000	0.0875301050000000
5.3280_0	2.2126306234039284	0.1113125250000000	0.1008254550000000
5.3350_0	2.2234672479382631	0.1399683100000000	0.1066463050000000
5.3360_0	2.2206471177301670	0.1472433650000000	0.0968449000000000
5.3400_0	2.2227911052508373	0.1224066450000000	0.0805075500000000
5.3401_0	2.2107831561345024	0.1339142850000000	0.1072861400000000
5.3402_1	2.1832567408727535	0.1282795600000000	0.0830520400000000
5.3450_0	2.2202060388023801	0.1185113600000000	0.0953318200000000
5.3600_0	2.2161459704319033	0.1827584550000000	0.0707882850000000
5.3600_1	2.1837856646646259	0.1153056450000000	0.1136728950000000
5.3630_0	2.2244609332705703	0.1430012450000000	0.1009868300000000
5.3630_1	2.1796288820118401	0.1491660700000000	0.0696471800000000
5.3640_0	2.2399499167329138	0.1794556700000000	0.1064006250000000
5.3800_0	2.2218255679435126	0.1369151600000000	0.1282988250000000
5.3850_0	2.2257466724293566	0.1398186150000000	0.1005447300000000
5.3851_0	2.2154455712450076	0.1391355900000000	0.0770622550000000
5.3930_0	2.2183778992273506	0.1618138300000000	0.0866645500000000
5.3970_0	2.2205240065837053	0.1183063750000000	0.0843401150000000
5.4000_0	2.2228496381427321	0.1749076050000000	0.0924960650000000
5.4001_0	2.2221731706126184	0.1549135650000000	0.1023387050000000
5.4001_1	2.1986447317464779	0.1530283400000000	0.0994776950000000
5.4060_0	2.2232376805871850	0.1523291300000000	0.0773329650000000
5.4200_0	2.2217262087275773	0.1567568750000000	0.0785894250000000
5.4230_1	2.2269187655804350	0.2035567350000000	0.0376459650000000
5.4300_0	2.2213100062571693	0.1294437200000000	0.0599093100000000
5.4350_0	2.2206714200010906	0.1603388600000000	0.1169149950000000
5.4380_0	2.2071920369129483	0.1563722350000000	0.0825085700000000
5.4390_0	2.2171030169521946	0.1022375250000000	0.0437386350000000
5.4390_1	2.1863486413076183	0.1555567500000000	0.0986181550000000
5.4400_1	2.1788811171937366	0.1053008400000000	0.0940620950000000
5.4450_0	2.2174730388398922	0.1520698250000000	0.0953010800000000
5.4500_0	2.2171153510867470	0.1298342250000000	0.1081431350000000
5.4500_1	2.2387327822803451	0.1869688900000000	0.1371301000000000
5.4540_1	2.1513119284277633	0.1448585200000000	0.0863033850000000
5.4570_0	2.2169445320506904	0.1550262400000000	0.1041725050000000
5.4600_0	2.2125206637512012	0.1626155700000000	0.0712598400000000
5.4601_1	2.1791504245584203	0.1558785500000000	0.0932331800000000
5.4603_0	2.2215969883655355	0.1599900350000000	0.1005149700000000
5.4700_0	2.2225495999544238	0.1519979250000000	0.1068050200000000
5.4701_0	2.2268663313578960	0.1763408150000000	0.1338944800000000
5.4800_0	2.2204829316797881	0.1375822850000000	0.1031690700000000
5.4910_0	2.2222178744412062	0.1383348650000000	0.0781850050000000
5.5000_0	2.2204359786072483	0.1264411950000000	0.0976461950000000
5.5040_0	2.2188130918346354	0.1352223450000000	0.0965434200000000
5.5040_1	2.1767909721739507	0.0786110100000000	0.0604282350000000
5.5100_0	2.2243098260238132	0.1275611700000000	0.0792184600000000
5.5101_1	2.1965493075974654	0.1748377900000000	0.1359626950000000
5.5210_1	2.1787055424722817	0.1315859600000000	0.0822665950000000
5.5300_0	2.2197925333784099	0.1779968500000000	0.1119374600000000
5.5600_0	2.2258000655749357	0.1669847950000000	0.0953193700000000
5.5600_1	2.2523364334596248	0.2045253750000000	0.1170509550000000
5.5650_0	2.2149865749924396	0.1459395700000000	0.1099858850000000
5.5660_0	2.2224999044580938	0.1439895850000000	0.1113745700000000
5.5700_0	2.2172600035435233	0.1644689450000000	0.1057848600000000
5.5700_1	2.2762905142153014	0.2190031750000000	0.1204180400000000
5.5701_1	2.1962730844347442	0.1530268300000000	0.1033602900000000
5.5710_0	2.2185886320172070	0.1176883600000000	0.0778458800000000
5.5780_0	2.2213320221301736	0.1569183000000000	0.0975547700000000
5.5900_0	2.2204600795628493	0.1593363250000000	0.0989550550000000
5.6001_0	2.2205073786597707	0.1196718800000000	0.0919188750000000
5.6150_0	2.2226087180155303	0.1610499100000000	0.1096115650000000
5.6160_1	2.3545045399040148	0.2768784900000000	0.0585928100000000
5.6180_0	2.2157614096690246	0.1178338800000000	0.0856708850000000
5.6180_1	2.1872350796303293	0.1324953800000000	0.0857643400000000
5.6240_0	2.2180093756194639	0.1371532850000000	0.1008890600000000
5.6260_0	2.2209382229576535	0.1426690400000000	0.0842938450000000
5.6300_0	2.2259360433626827	0.1460385600000000	0.0620081450000000
5.6301_0	2.2137298838572290	0.1432676800000000	0.0994922400000000
5.6301_1	2.1833045967443843	0.1324217350000000	0.0988625050000000
56.3100_1	2.1974104080124683	0.1463205200000000	0.1023125700000000
5.6410_0	2.2183847114187039	0.1413555000000000	0.0620518000000000
5.6420_1	2.1751909066369155	0.1478313750000000	0.0799680700000000
5.6421_1	2.1814983636555105	0.1374675250000000	0.0906534050000000
5.6500_0	2.2314782432937070	0.1670959350000000	0.1009539450000000
5.6500_1	2.1812029825013268	0.1310600250000000	0.0768056550000000
5.6580_0	2.2190863396489489	0.1531343150000000	0.0724891300000000
5.6640_0	2.2118371755013797	0.1668675050000000	0.0766798850000000
5.6760_0	2.2234931828677569	0.1632574700000000	0.0706535400000000
5.6800_0	2.2173348998530384	0.1185949500000000	0.0599564150000000
5.6890_0	2.2154054256782540	0.1457981300000000	0.0970690800000000
5.6900_0	2.2229427344453629	0.1385021600000000	0.0675597950000000
5.6900_1	2.1714442365268352	0.1391063800000000	0.0772451600000000
5.7160_0	2.2144879890938856	0.1374463400000000	0.1005617450000000
5.7200_0	2.2127284505855580	0.1277161450000000	0.0719835100000000
5.7210_0	2.2173836488118992	0.1306683450000000	0.0790603300000000
5.7300_0	2.2179278522814201	0.1390093450000000	0.0862455750000000
5.7380_0	2.2224710475854872	0.1531562850000000	0.1080965200000000
5.7400_0	2.2047338925221953	0.1569810200000000	0.0994617250000000
5.7401_1	2.1807779717595284	0.1377732050000000	0.0895816750000000
5.7402_0	2.2195563656071515	0.1488928300000000	0.0979609900000000
5.7403_0	2.3215270328576878	0.2708316050000000	0.1026393350000000
5.7403_1	2.2192809253008470	0.2494982750000000	0.0622864000000000
5.7470_0	2.2126960779475917	0.1553843550000000	0.0691652600000000
5.7500_0	2.2247030701744062	0.1384311150000000	0.1011405250000000
5.7600_0	2.2146768591695660	0.1218023050000000	0.0805554150000000
5.7601_0	2.2025716199854180	0.1626815450000000	0.1231030500000000
5.7602_0	2.2244268603734128	0.1437174600000000	0.0964532850000000
5.7602_1	2.2679814097018922	0.1927905950000000	0.0687963050000000
5.7700_0	2.2124835487030827	0.1901157800000000	0.0893156250000000
5.7701_0	2.2161122322990332	0.1385819700000000	0.1137000100000000
5.7701_1	2.4353362680668909	0.2750517650000000	0.1334194400000000
5.7702_0	2.2252374503150958	0.1579090100000000	0.0766777450000000
5.7820_0	2.2358789170081472	0.1779228950000000	0.1026688500000000
5.7860_0	2.2206643260088836	0.1559731450000000	0.1094176100000000
5.8080_0	2.2188863377360457	0.1559743800000000	0.0906751050000000
5.8100_0	2.2184153797683481	0.1255658400000000	0.0700565500000000
5.8120_0	2.2226119942987799	0.1536409700000000	0.0921671900000000
5.8130_0	2.2212158642687370	0.1466868750000000	0.0927436350000000
5.8130_1	2.1791437878076185	0.1367674100000000	0.0735131350000000
5.8201_0	2.2188934040011263	0.1546488150000000	0.1024480700000000
5.8300_0	2.2186026657360896	0.1434471000000000	0.0463881350000000
5.8400_0	2.2352335529062439	0.1582753800000000	0.0874635550000000
5.8510_0	2.2206563370945478	0.1619738800000000	0.1027238400000000
5.8510_1	2.1930401200702025	0.1609118150000000	0.0824089000000000
5.8700_0	2.2217163618189875	0.1599878050000000	0.1306124550000000
5.8701_0	2.2170784554807086	0.1346501450000000	0.1014363050000000
5.8703_0	2.2078410863359932	0.1519765300000000	0.0882493650000000
5.8703_1	2.1838697183170965	0.1445690250000000	0.0477184300000000
5.8750_0	2.2020534638640017	0.1195532450000000	0.1449322700000000
5.8900_0	2.2202859739361989	0.1318355050000000	0.0769471600000000
5.8901_0	2.2186199547756207	0.1481579050000000	0.0881425150000000
5.9100_0	2.2198624609237836	0.1534104950000000	0.1192285300000000
5.9140_0	2.2171864648018671	0.1458306250000000	0.0848420500000000
5.9170_0	2.2187208564248673	0.1458425050000000	0.0992102350000000
5.9170_1	2.1958286737208392	0.1691753950000000	0.0954655450000000
5.9310_0	2.2185526890545186	0.1214870150000000	0.0712197500000000
5.9430_0	2.2193250447928996	0.1442987500000000	0.1003652200000000
5.9430_1	2.1769464672165650	0.1427191000000000	0.0645659100000000
5.9440_0	2.2125804082066907	0.1731185700000000	0.0663897200000000
5.9520_0	2.2116898047265989	0.1793358600000000	0.0917671750000000
5.9520_1	2.1752384663367623	0.1486829550000000	0.0737988600000000
5.9600_0	2.2249237713548520	0.1554804450000000	0.1006213650000000
5.9700_0	2.2161262648269719	0.1495151450000000	0.0923282400000000
5.9750_0	2.2294602020371190	0.1722642100000000	0.0740649450000000
5.9900_0	2.2203020982426640	0.1517586900000000	0.1186716400000000
6.0100_0	2.2161119756455179	0.1535340200000000	0.0968450200000000
6.0480_0	2.2221351074377762	0.1488012750000000	0.0963402750000000
6.0501_0	2.2126878144467819	0.0839754950000000	0.1113613600000000
6.0501_1	2.1845610633878465	0.1365428800000000	0.0697211700000000
6.0530_0	2.2222943713423766	0.1618874150000000	0.0872134300000000
6.0590_0	2.2179172569559262	0.1590054000000000	0.1207064100000000
6.0590_1	2.1853691933727677	0.1415833050000000	0.0811942000000000
6.0700_0	2.2227225747279640	0.1661752100000000	0.0818443750000000
6.0701_0	2.1751754609505332	0.1777555250000000	0.1067784550000000
6.0701_1	2.2081776061491025	0.1736737650000000	0.0916722200000000
6.0800_0	2.2249543271013166	0.1490636200000000	0.1018608100000000
6.0860_0	2.2167796600153533	0.1523233850000000	0.1163161050000000
6.0870_0	2.2181286324507670	0.1363140950000000	0.1086022350000000
6.0990_0	2.2240494204322716	0.1456476100000000	0.1045120950000000
6.1001_0	2.2215215952579088	0.1563670400000000	0.0972304350000000
6.1090_0	2.2185349236912906	0.1432336650000000	0.1091087650000000
6.1210_0	2.2183645493380668	0.1522305300000000	0.0591713450000000
6.1211_0	2.3852376317842219	0.2770731350000000	0.1423254050000000
6.1330_0	2.2127017260868946	0.1328914900000000	0.0653457700000000
6.1380_0	2.2216258757836722	0.1461076900000000	0.1000795150000000
6.1400_0	2.2177453351983343	0.1529533800000000	0.1038179650000000
6.1401_0	2.2216046254941051	0.1636383750000000	0.1140191800000000
6.1530_0	2.2771490744590626	0.2087191750000000	0.0922492700000000
6.1590_0	2.2219396866989163	0.1476777800000000	0.0998535800000000
6.1590_1	2.1886947193418878	0.1348619700000000	0.1025329700000000
6.1600_0	2.2243188768277333	0.1537484200000000	0.0595552600000000
6.1600_1	2.1756995547420375	0.1409896950000000	0.0692926650000000
6.1700_0	2.2244346893779716	0.1578413750000000	0.1000418650000000
6.1740_0	2.2168850858426232	0.1364370900000000	0.1055493650000000
6.1800_0	2.2168774592620775	0.1411290400000000	0.1125004850000000
6.1930_0	2.2178444571610614	0.1277127550000000	0.0777991900000000
6.2000_0	2.2125635121842837	0.1928955150000000	0.0836794900000000
6.2080_1	2.2014022162887197	0.1608053950000000	0.0553859500000000
6.2120_0	2.2143290432424521	0.1243015200000000	0.0961684500000000
6.2170_0	2.2169586578546672	0.1662943250000000	0.1006601500000000
6.2240_0	2.2144367251317565	0.1332953550000000	0.0692105950000000
6.2240_1	2.1811658419872959	0.1424903550000000	0.0954399150000000
6.2400_1	2.1780999542728310	0.1152605800000000	0.0877647750000000
6.2401_0	2.2131382056900462	0.1806622950000000	0.0836283850000000
6.2401_1	2.1832899258990928	0.1354715700000000	0.0870882200000000
6.2420_0	2.2135180508012482	0.1139222250000000	0.0551496300000000
6.2500_0	2.2203370099168755	0.1863802650000000	0.1207776700000000
6.2500_1	2.1851888612662047	0.1553643950000000	0.0875840250000000
6.2520_0	2.2175918348405936	0.1307421500000000	0.0832495850000000
6.3300_0	2.2091304722133964	0.1501434050000000	0.0980853700000000
6.3400_0	2.2243251001581776	0.1503283050000000	0.0940275250000000
6.3401_0	2.2278112495954225	0.1821798750000000	0.0737007000000000
6.3500_0	2.2212904811779972	0.1584866850000000	0.1349296350000000
6.3880_0	2.2232386281303782	0.1547496500000000	0.1139698050000000
6.3880_1	2.1791588267003297	0.1465676950000000	0.0740408100000000
6.4110_0	2.2234071809752471	0.1497439500000000	0.0902464650000000
6.4120_0	2.2202307727283204	0.1426833700000000	0.0440945450000000
6.4300_0	2.2169273061769741	0.1459509650000000	0.1149244300000000
6.4301_0	2.2225068439373352	0.1464604950000000	0.1132492400000000
6.4500_0	2.2225390170199790	0.1577022650000000	0.0917809650000000
6.4500_1	2.1773359928722980	0.1475373500000000	0.0811349900000000
6.4600_1	2.1844660504231630	0.1547080150000000	0.1158426600000000
6.4601_0	2.2221035841801182	0.1457970400000000	0.1022231500000000
6.4800_0	2.2197585716828065	0.1457142450000000	0.0966220800000000
6.4800_1	2.1849755025009538	0.1444855600000000	0.0808803000000000
6.5000_0	2.2081202268546058	0.1276876500000000	0.0982314800000000
6.5000_1	2.1879763574221407	0.1234758600000000	0.0929284550000000
6.5001_0	2.2202277475291607	0.1546723000000000	0.0977488750000000
6.5070_0	2.2206988860409278	0.1438154200000000	0.0662688550000000
6.5100_0	2.2125763853836875	0.1621432100000000	0.1074327900000000
6.5100_1	2.1838563019085715	0.1264631250000000	0.1105148950000000
6.5290_0	2.2127225503074959	0.1368683500000000	0.0913836100000000
6.5290_1	2.2112493939094224	0.2219509850000000	0.0986160300000000
6.5340_0	2.2171650232471816	0.1579398150000000	0.0657932450000000
6.5350_0	2.2170994298699975	0.1379279000000000	0.0896806200000000
6.5400_0	2.2138206459096157	0.0640575850000000	0.0915159900000000
6.5400_1	2.1863058272019429	0.1491381650000000	0.0972030450000000
6.5500_0	2.2201256849128859	0.1542517700000000	0.0819123300000000
6.5600_0	2.2209391255988633	0.1556412600000000	0.0864963050000000
6.5600_1	2.1860259338287786	0.1459662850000000	0.0845528150000000
6.5601_0	2.2169969359507564	0.1429227850000000	0.1301507400000000
6.5880_0	2.2181940563655487	0.1467917950000000	0.0771680850000000
6.5900_0	2.2186494695644581	0.1572964550000000	0.1125687300000000
6.6090_0	2.2086725875800868	0.1445724600000000	0.0963717600000000
6.6090_1	2.1910905970390386	0.1664403800000000	0.0754282950000000
6.6300_1	2.1909265479974174	0.1346593350000000	0.0967037250000000
6.6401_0	2.2195481219905462	0.1747890750000000	0.1013668500000000
6.7100_0	2.2206900351673231	0.1487336650000000	0.0883951850000000
6.7400_0	2.2899458995568445	0.2091104650000000	0.1162455400000000
6.7501_1	2.2585795846540520	0.2219363200000000	0.1082872100000000
6.7700_0	2.2177159677976879	0.1128422200000000	0.0709078600000000
6.7900_0	2.2217300649467742	0.1698172500000000	0.1236220500000000
6.7900_1	2.1791230936256567	0.1546958200000000	0.0586527900000000
6.8040_0	2.2125318994533720	0.1548962250000000	0.0922743300000000
6.8100_0	2.1559983151632238	0.1253400500000000	0.0879825350000000
6.8200_0	2.2171027821704175	0.1555229800000000	0.0928859750000000
6.8400_0	2.2163631755803039	0.1408216800000000	0.1085412200000000
6.8400_1	2.1768806051807772	0.1192731200000000	0.0955202750000000
6.8802_0	2.2113747790624698	0.1242091550000000	0.0645248650000000
6.8802_1	2.1885493617100313	0.1174928350000000	0.1048592950000000
6.9000_0	2.2164938362428748	0.1446129700000000	0.0984374900000000
6.9020_0	2.2213634071375910	0.1529511800000000	0.0956017700000000
6.9700_0	2.2173298599409446	0.1259316650000000	0.0750252750000000
6.9730_0	2.2177765268142511	0.1437821050000000	0.0789504950000000
6.9901_0	2.2202746906165594	0.1436339800000000	0.1012280350000000
6.9901_1	2.1775649444136023	0.1461647900000000	0.0905708650000000
7.0000_0	2.2189914885133861	0.1565712850000000	0.1378907500000000
7.0001_0	2.2091514302169322	0.1331346950000000	0.1000277750000000
7.0001_1	2.1736993383175363	0.1084041200000000	0.1134725500000000
7.0100_0	2.2144336734778034	0.1319553300000000	0.0779609850000000
7.0101_0	2.2153768278222956	0.1547822400000000	0.0923769150000000
7.0200_0	2.2144049242123369	0.1120286950000000	0.1296967600000000
7.0220_0	2.2152714744149500	0.1299233500000000	0.0852912750000000
7.0400_0	2.2153685397773941	0.1240281150000000	0.1207590900000000
7.0500_0	2.2162018682243416	0.1536983350000000	0.0914712400000000
7.0520_1	2.1855445513960805	0.1462110300000000	0.0795630300000000
7.0530_0	2.2199473126511564	0.1566220850000000	0.0949155150000000
7.0600_0	2.2198417563755721	0.1546228550000000	0.1132787550000000
7.0900_0	2.2125383212942893	0.1765090800000000	0.0918515000000000
7.0901_0	2.2105639073092864	0.1371521250000000	0.0972140500000000
7.1000_0	2.2165919115931541	0.1609392750000000	0.1039157950000000
7.1100_0	2.2047570998400565	0.1403882600000000	0.1095964800000000
7.1200_0	2.2128929293143615	0.1133541850000000	0.0743892150000000
7.1201_0	2.2166097600890344	0.1393363450000000	0.1244394650000000
7.1201_1	2.1878173925598170	0.1694620000000000	0.1093423600000000
71.3400_0	2.2008330831510081	0.1109072900000000	0.1129297800000000
7.1600_0	2.2050052730081116	0.1191717650000000	0.0601009400000000
7.1760_0	2.2210340631267926	0.1722252700000000	0.0865392700000000
7.1800_0	2.2154575248608936	0.1302402750000000	0.1044273950000000
7.1800_1	2.1921395141914344	0.1505264450000000	0.1131835700000000
7.1801_0	2.2167798358754021	0.1448472450000000	0.0465226250000000
7.2100_0	2.2125522948354601	0.1491811450000000	0.0814178550000000
7.2110_0	2.2100317246832364	0.1529952650000000	0.0951746150000000
7.2230_0	2.2056663180540683	0.1025860150000000	0.0672252300000000
7.2400_0	2.2207581714684528	0.1232766150000000	0.0761793350000000
7.2400_1	2.2793333226645016	0.2146159200000000	0.0874376850000000
7.2500_0	2.2178762353160857	0.1488540450000000	0.1043604350000000
7.2500_1	2.2345768687591803	0.2018775400000000	0.1286616700000000
7.2600_0	2.2214431233915928	0.1328073950000000	0.1100080750000000
7.2600_1	2.1735244871938835	0.1233703800000000	0.0734821500000000
7.3300_0	2.2173670038322109	0.1550818300000000	0.0756947250000000
7.3500_0	2.2161262054291773	0.1437661000000000	0.0864460400000000
7.3500_1	2.1985199048418083	0.1828879600000000	0.0471762050000000
7.3800_0	2.2060624024627598	0.1110880350000000	0.0647854500000000
7.3840_0	2.2125804076415667	0.1453668950000000	0.0982943300000000
7.3900_0	2.2124507576386976	0.1774730550000000	0.0925405450000000
7.4120_0	2.2137968514030582	0.1416921100000000	0.0971095150000000
7.4120_1	2.1805889573702708	0.1582497000000000	0.1111062050000000
7.4230_0	2.2179003448522647	0.1634601450000000	0.0702303950000000
7.4500_0	2.2084068247010653	0.1496806000000000	0.0972951500000000
7.4600_0	2.2870782609794791	0.2114966350000000	0.1099595950000000
7.4601_0	2.2154579617235535	0.1404808350000000	0.1020618800000000
7.4700_0	2.2407351566226823	0.1869774050000000	0.1205371100000000
7.4800_0	2.2169829865499602	0.1576044000000000	0.0964543650000000
7.4801_0	2.2111205265264990	0.1438239350000000	0.0398315850000000
7.5100_0	2.2245457409021996	0.1503589100000000	0.1210230200000000
7.5160_0	2.2108937607822661	0.1519436900000000	0.0759629400000000
7.5300_0	2.2072514410617696	0.1496736150000000	0.0726550000000000
7.5300_1	2.1932917997487089	0.1462010800000000	0.0817742550000000
7.5501_0	2.2160576008782256	0.1592568600000000	0.0978080150000000
7.5900_0	2.2167359494709142	0.1450813600000000	0.0958705150000000
7.5900_1	2.1866932047048713	0.1515355750000000	0.0744952500000000
7.5901_0	2.2219934354222839	0.1539624150000000	0.0904472800000000
7.6000_0	2.2164674279727281	0.1504680250000000	0.0837590100000000
7.6400_0	2.2117521509790028	0.1396417200000000	0.1031442800000000
7.6420_0	2.2811794468933377	0.2491452900000000	0.0934198500000000
7.6420_1	2.1867621268954633	0.1206464900000000	0.0978053200000000
7.6600_0	2.2112522873904350	0.1530659700000000	0.0942868650000000
7.6900_0	2.2126585396021787	0.1277566500000000	0.0840889300000000
7.6901_0	2.2117577227241609	0.1652426700000000	0.0753476900000000
7.6902_0	2.2158999634959753	0.1630450100000000	0.0886196150000000
7.6902_1	2.1846983726713169	0.1726314900000000	0.0752639950000000
7.7000_0	2.2182755280048507	0.1503507600000000	0.0879274850000000
7.7000_1	2.1831661552404094	0.1423207850000000	0.0808515650000000
7.7100_0	2.2100099592121372	0.1465958650000000	0.1040927850000000
7.7101_0	2.2162407167169493	0.1457434900000000	0.0978056150000000
7.7101_1	2.1922629893445884	0.1491931150000000	0.0874006600000000
7.7200_0	2.2078351185332190	0.1556165700000000	0.0777124050000000
7.7600_0	2.2125068172639821	0.0686356400000000	0.0944220600000000
7.7700_0	2.2180658139840124	0.1580758850000000	0.1109005400000000
7.7701_0	2.2159718026055901	0.1482958200000000	0.0980258550000000
7.7701_1	2.1898630560609913	0.1450397800000000	0.0987553750000000
7.7720_0	2.2184858550903233	0.1550394000000000	0.0906156100000000
7.7720_1	2.2294467412634700	0.1862842650000000	0.0749386900000000
7.7800_0	2.2125566634999192	0.0801972950000000	0.0706174150000000
7.7801_0	2.2103612509583113	0.1495272200000000	0.1035654900000000
7.7802_0	2.2102156556098040	0.1432646700000000	0.1043559700000000
7.8100_0	2.2141708149981469	0.1376709700000000	0.0755423050000000
7.8300_0	2.2153677165581653	0.1817040850000000	0.0981005350000000
7.8380_0	2.2118835950918609	0.1624955400000000	0.1025806600000000
7.8400_0	2.2103868548146637	0.1418169950000000	0.0920538350000000
7.8490_0	2.2214194915904000	0.1596048400000000	0.1070651600000000
7.8490_1	2.1803471470270366	0.1246285900000000	0.1052873300000000
7.8600_1	2.1802116749119804	0.1434127500000000	0.0683999500000000
7.8601_1	2.1881524758935678	0.1532450850000000	0.0819839650000000
7.8800_0	2.2173678671790693	0.1388728800000000	0.0638979800000000
7.8900_0	2.2126769134574853	0.1630787300000000	0.0894854950000000
7.9200_0	2.2153607408344187	0.1525355600000000	0.0737890150000000
7.9201_0	2.2165084871088405	0.1612760550000000	0.0903820400000000
7.9202_0	2.2162226222593131	0.1511474400000000	0.0973624900000000
7.9202_1	2.1867310740306749	0.1472886650000000	0.0707621500000000
7.9600_0	2.2153219102869928	0.1389010250000000	0.0984426250000000
7.9700_0	2.2188214376310067	0.1500021150000000	0.1040629800000000
7.9720_1	2.1861451129839824	0.1404960800000000	0.0811208350000000
7.9800_0	2.2106647114122611	0.1403035300000000	0.0969887850000000
7.9900_0	2.2108738225020796	0.1207635200000000	0.0861518000000000
7.9901_0	2.2106471129854448	0.1326731650000000	0.1106585750000000
8.0001_0	2.3038050372391652	0.2214037150000000	0.0948967950000000
8.0002_0	2.2312270421564580	0.1786882450000000	0.1112449600000000
8.0100_1	2.1856891018621001	0.1497951650000000	0.0957290900000000
8.0110_0	2.2159497775450765	0.1182876400000000	0.0809194250000000
8.0450_0	2.2103023322125388	0.1418297800000000	0.0926961550000000
8.0700_0	2.2149364191249248	0.1503185150000000	0.0906563700000000
8.0800_0	2.2162238605833182	0.1500035000000000	0.0935846050000000
8.1000_1	2.2306325576146859	0.1827922100000000	0.1176422600000000
8.1700_0	2.2088264769749189	0.1419118300000000	0.0992877150000000
8.2000_0	2.2186926587153954	0.1344784500000000	0.0935132250000000
8.2250_1	2.2060129796349477	0.1171558750000000	0.1387105150000000
8.2500_0	2.4728058676024580	0.2921046800000000	0.1340433450000000
8.2630_0	2.2180647219054883	0.1093492850000000	0.0764748600000000
8.2800_0	2.2168118481446690	0.1447685050000000	0.0984252100000000
8.2800_1	2.1913977346708697	0.1588841900000000	0.0739943800000000
8.3400_0	2.2110119115486047	0.1392356000000000	0.1002028300000000
8.3500_0	2.2154021269391952	0.1615639250000000	0.0906226250000000
8.3500_1	2.1897211641437297	0.1476714450000000	0.0816636300000000
8.3600_0	2.2088687402703204	0.1613416400000000	0.0962341750000000
8.3880_0	2.2112385216503161	0.1374391900000000	0.0888815450000000
8.4400_0	2.2149062228052312	0.1403840250000000	0.0992519650000000
8.4800_0	2.2174532062271299	0.1561171650000000	0.0948486400000000
8.4800_1	2.4104274825377079	0.2574730900000000	0.1089698900000000
8.6301_0	2.2171146835236990	0.1412269700000000	0.0834946750000000
8.7400_0	2.2087783304570401	0.1344954200000000	0.1028666700000000
8.8600_0	2.2148424061040055	0.1447973600000000	0.0984636650000000
8.9300_0	2.2110941023572779	0.1688878800000000	0.1061737800000000
8.9300_1	2.2257969116532950	0.1574654100000000	0.1280295050000000
8.9500_1	2.1876964413984834	0.1559901850000000	0.0476175250000000
8.9600_0	2.2158815492442279	0.1430433850000000	0.0528144900000000
8.9900_0	2.2160957612367715	0.1434436750000000	0.0886354150000000
8.9900_1	2.1872239720513291	0.1471599950000000	0.0751043600000000
9.0101_0	2.2163834296138538	0.1517223250000000	0.1165906850000000
9.0101_1	2.1701912777297574	0.1578828800000000	0.0891758000000000
9.1300_0	2.2047456473680449	0.1427010600000000	0.0894823600000000
9.1400_0	2.2160682060177805	0.1576660800000000	0.1169329850000000
9.1401_1	2.2125847327971524	0.2204596950000000	0.1267430000000000
9.1402_0	2.2202264495652946	0.1903027200000000	0.0811523900000000
9.1402_1	2.1692619308559733	0.1135287000000000	0.1070963200000000
91.6300_0	2.2002994205785784	0.1533614500000000	0.1046230750000000
91.6300_1	2.1993539367539570	0.1475714200000000	0.1014591700000000
9.1700_1	2.1883114897505722	0.1269058850000000	0.1023943350000000
9.2300_0	2.2108812824615267	0.1171704500000000	0.0707319700000000
9.2300_1	2.1919673031674440	0.1362908800000000	0.0697417200000000
9.2400_0	2.2054088824453340	0.1377999250000000	0.1107936950000000
9.2400_1	2.1889961565434413	0.1459608150000000	0.0965946100000000
9.2401_0	2.2145293760278055	0.1235761550000000	0.0702043050000000
9.3130_1	2.1838205035658276	0.1288165350000000	0.0879489000000000
9.3300_0	2.2103002588597818	0.1401264850000000	0.0847094450000000
9.4200_0	2.2171190910797458	0.1548020700000000	0.0762111600000000
9.4200_1	2.1862713160363425	0.1575418450000000	0.0686660050000000
9.4500_0	2.2092415008432171	0.1467156850000000	0.1095592800000000
9.5400_0	2.2070220380527434	0.1390524050000000	0.0890781800000000
9.5400_1	2.2721054860540102	0.2131843150000000	0.1114418550000000
9.5800_0	2.2109011061680595	0.1418835600000000	0.1012921600000000
9.5800_1	2.1917344425186958	0.1342232400000000	0.0947034950000000
9.5870_0	2.2189232349648846	0.1668595000000000	0.0848759650000000
9.5870_1	2.1940647287155479	0.1587052200000000	0.0901336450000000
9.5900_0	2.2132562204045825	0.1306039850000000	0.0796127700000000
9.6030_0	2.2104837587827211	0.1442277400000000	0.0915789950000000
9.6600_0	2.2088334294932102	0.1384285100000000	0.0952978500000000
9.6601_0	2.2142898756582885	0.1239824200000000	0.0746848650000000
9.6700_0	2.2167865377144671	0.1490502200000000	0.0906278350000000
9.7900_0	2.2100254321016632	0.1570271000000000	0.0854544500000000
