10.0400_0	2.2173461111115387	0.1560965350000000	0.0559323300000000
10.1300_1	2.3459359311042474	0.2576509700000000	0.1306745050000000
10.2700_1	2.1920977860954078	0.1712773050000000	0.0801422600000000
10.3800_0	2.2097176944316144	0.1466165450000000	0.0911855450000000
10.3900_0	2.2060660838148642	0.1362963950000000	0.0958377450000000
10.4200_0	2.2161488851808619	0.1661982450000000	0.1135334400000000
10.4200_1	2.4202836605163101	0.2652700250000000	0.0471489600000000
10.7300_0	2.2732499695921562	0.2797804100000000	0.1288355150000000
10.7600_0	2.2110112295405098	0.1347464250000000	0.0907541800000000
10.8800_0	2.2117202726618737	0.1466118700000000	0.0841274550000000
10.8800_1	2.2046192814278509	0.1710933000000000	0.0718829650000000
10.9200_0	2.2109936372964980	0.1376779200000000	0.0973614950000000
11.0400_0	2.2329322242010661	0.1674105100000000	0.1146849100000000
11.0800_0	2.2473058472083216	0.2026662850000000	0.1293825500000000
11.1200_0	2.2088693889654132	0.1505881300000000	0.0929766450000000
11.1900_0	2.2073843313643002	0.1281546400000000	0.0973329800000000
11.3800_1	2.1920215262789675	0.1426709500000000	0.0798747350000000
11.5300_0	2.2098874317939865	0.1069605450000000	0.0579627300000000
11.6400_0	2.2148088580149001	0.1197230400000000	0.0868570400000000
11.7001_0	2.2089925920414677	0.1530634900000000	0.0867715450000000
11.7002_1	2.1936362775798588	0.1662938900000000	0.0956835450000000
11.7600_0	2.2102747919953591	0.1604103950000000	0.1031582650000000
11.8200_0	2.1794242611682511	0.1456870750000000	0.1470045850000000
11.8200_1	2.1926787849711271	0.1296228850000000	0.0886829750000000
11.8700_0	2.2154259923780946	0.1336874900000000	0.0655122500000000
11.8700_1	2.1872098757478633	0.1643765300000000	0.0729115650000000
12.1600_0	2.2142445562007098	0.1425189850000000	0.0740313850000000
12.1600_1	2.1862751343464715	0.1371031050000000	0.0916883900000000
12.2300_1	2.2461567376361611	0.2013632750000000	0.0968852900000000
12.3100_0	2.2075057425775091	0.1405046350000000	0.0801088850000000
12.5600_1	2.1845972178198156	0.1508289450000000	0.0813694400000000
12.6200_0	2.2102312787556202	0.1352041950000000	0.1086004750000000
12.6400_0	2.2067135929513850	0.1429419800000000	0.0921614150000000
12.8900_0	2.2092714590622378	0.1361366700000000	0.0876401050000000
13.0600_0	2.2164275168395453	0.1605990550000000	0.0879609250000000
13.2100_0	2.2090850122685874	0.1397962250000000	0.0542460550000000
13.2101_0	2.2100281866379468	0.1516677650000000	0.0983314500000000
13.2101_1	2.2158353548530858	0.1888926550000000	0.1074788250000000
13.3200_0	2.2550867115477318	0.1664362950000000	0.0982052850000000
13.3200_1	2.1961391851779015	0.1478534250000000	0.0809774750000000
13.9800_0	2.2078100925409512	0.1218086000000000	0.0722412150000000
14.1600_0	2.2166029959235138	0.1742618300000000	0.1238929550000000
14.1600_1	2.1907111853714465	0.1330971650000000	0.0936363950000000
14.7200_0	2.2088437269159624	0.1594505750000000	0.1052376900000000
147.4900_0	2.2005141009451381	0.1437620400000000	0.0776888100000000
15.1400_1	2.1966425362639468	0.1532098150000000	0.0986732450000000
15.4300_0	2.2107440734144501	0.1580957050000000	0.0960523100000000
16.3900_0	2.2087993276940971	0.1555410900000000	0.0976511550000000
16.4200_0	2.2062683122035396	0.1536772000000000	0.0860164150000000
16.4200_1	2.3200985961925120	0.2401638050000000	0.0991957600000000
16.7800_0	2.2087038617683370	0.1315090800000000	0.0982387950000000
16.7800_1	2.1911370775112609	0.1398664450000000	0.0995746000000000
17.2000_1	2.1901184153252986	0.1532665900000000	0.1050272550000000
19.1500_0	2.2056950132670314	0.1663945100000000	0.0767751250000000
27.7100_0	2.2065132867576009	0.1419670350000000	0.0820989200000000
35.4700_0	2.2042500080466585	0.1545682250000000	0.0857705300000000
35.4700_1	2.1963680864862423	0.1480321800000000	0.0962442100000000
36.2800_0	2.2034076547005808	0.1434788350000000	0.1139777250000000
36.2800_1	2.1964123124539641	0.1381041150000000	0.0815503300000000
40.8400_0	2.2024805846710005	0.1452115450000000	0.0926471150000000
5.0030_1	2.1780368306859259	0.1475986650000000	0.0881575950000000
5.0032_0	2.2312343807841937	0.1503295950000000	0.0875351800000000
5.0040_0	2.2189605750639987	0.1444233950000000	0.0905750950000000
5.0071_0	2.2169752472985840	0.1314523350000000	0.1036409750000000
5.0100_0	2.2297292743537920	0.1339696950000000	0.0702037200000000
5.0120_0	2.2025705926408632	0.1635286750000000	0.1313373850000000
50.1400_0	2.2027221589551229	0.1482778000000000	0.0637417050000000
5.0140_0	2.2301011530651764	0.1722531800000000	0.0804802650000000
5.0180_0	2.2272901721904033	0.1424134300000000	0.1079810000000000
5.0181_0	2.2236866133282396	0.1458781300000000	0.0734084950000000
5.0183_0	2.2267152078618198	0.1666089900000000	0.1011407100000000
5.0260_0	2.2150220376677354	0.0593248700000000	0.0686732850000000
5.0290_0	2.2329279165903508	0.1828869600000000	0.0964700400000000
5.0302_0	2.2306678224001577	0.1363677700000000	0.1040214750000000
5.0310_0	2.2225927433528687	0.1296193450000000	0.1034776350000000
5.0310_1	2.1820759007236510	0.1495484500000000	0.1132387350000000
5.0341_1	2.1858534558757339	0.1636116400000000	0.0475587000000000
5.0370_0	2.2246353788656874	0.1402259450000000	0.1030617600000000
5.0400_0	2.2249047345986979	0.1512001500000000	0.0880403300000000
5.0400_1	2.1729835453629804	0.1656542600000000	0.1012169500000000
5.0401_0	2.2266201214831369	0.1486185450000000	0.1031683200000000
5.0401_1	2.1985149165777691	0.1346451750000000	0.0886013550000000
5.0410_0	2.2226251979180507	0.1477347350000000	0.0956065600000000
5.0450_0	2.2197693866286876	0.0894767600000000	0.0855190300000000
5.0501_0	2.2266288565945955	0.1496232300000000	0.1172828100000000
5.0540_0	2.2219102747478661	0.1741768200000000	0.1092301300000000
5.0600_0	2.2302343216765115	0.1490229400000000	0.1078561400000000
5.0620_0	2.2262980360567384	0.1557311200000000	0.0874118850000000
5.0700_0	2.2242048409951569	0.1588470750000000	0.0929672700000000
5.0800_0	2.2270738118087747	0.1475363100000000	0.1039467550000000
5.0801_0	2.2197544746364186	0.1302615400000000	0.0792652350000000
5.0920_0	2.2229148389527293	0.1480366250000000	0.1204475550000000
5.1000_0	2.2189231123343749	0.1487715450000000	0.0762894300000000
5.1020_0	2.2249550065620829	0.1481187250000000	0.1181073400000000
5.1030_0	2.2072213269121246	0.1171177600000000	0.1211260550000000
5.1170_0	2.2301981121950458	0.1809055200000000	0.0818452900000000
5.1180_0	2.2293888796077881	0.1294588650000000	0.0709842200000000
5.1210_0	2.2296524386197887	0.1445419750000000	0.1067010550000000
5.1210_1	2.1822968291233824	0.1505857500000000	0.0919192150000000
5.1310_0	2.2252888305410230	0.1540470600000000	0.1223319050000000
5.1330_0	2.2176256785922117	0.1196423800000000	0.1028453700000000
5.1340_0	2.2276068082353255	0.1443680700000000	0.1010130950000000
5.1400_0	2.2249515375705080	0.1415862150000000	0.1204666300000000
5.1401_1	2.1803071124124713	0.1388565200000000	0.0482138200000000
5.1440_0	2.2225046199485581	0.1542226550000000	0.0950550750000000
5.1441_0	2.2300351519233468	0.1427237450000000	0.1081240800000000
5.1500_0	2.3504395842614585	0.2401979350000000	0.1141555900000000
5.1500_1	2.1787460516723711	0.1376065850000000	0.0922080800000000
5.1650_0	2.2218056531779857	0.1517923700000000	0.1009212550000000
5.1690_0	2.2288000180263787	0.1498477500000000	0.0879178600000000
5.1700_0	2.2317034101975803	0.1468879200000000	0.0892823800000000
5.1701_0	2.2272613753153845	0.1509397150000000	0.1163645350000000
5.1800_0	2.2320046801698594	0.1586581450000000	0.0936715950000000
5.1830_0	2.2214902814694635	0.1422613650000000	0.0935451950000000
5.1900_0	2.2232891847706675	0.1454373200000000	0.1094861850000000
5.1901_0	2.2031670746058003	0.0606074350000000	0.0787769200000000
5.2000_0	2.2212109893676306	0.1606549500000000	0.1289380200000000
5.2002_0	2.2242301108827887	0.1607617200000000	0.1181750450000000
5.2002_1	2.3192228601472729	0.2401897700000000	0.1052969500000000
5.2003_1	2.1786836653063273	0.1364733350000000	0.1261563550000000
5.2004_0	2.2252250450494500	0.1560924400000000	0.1016410200000000
5.2007_0	2.2222450904926623	0.1572021700000000	0.0952068100000000
5.2008_0	2.2274097766640333	0.1516220950000000	0.0983350000000000
5.2020_0	2.2271305050181835	0.1479205500000000	0.0882421750000000
5.2020_1	2.1776002262817133	0.1340291900000000	0.0535057900000000
5.2100_0	2.2231689537016006	0.1519301500000000	0.1098566800000000
5.2101_0	2.2245816438350188	0.1501439800000000	0.0819160550000000
5.2200_0	2.2229750542753699	0.1445357350000000	0.0952023850000000
5.2200_1	2.1844245270566160	0.1703873450000000	0.0363474400000000
5.2240_0	2.2294680650475942	0.1418053550000000	0.1023515350000000
5.2241_0	2.2240233905204616	0.1671569400000000	0.0743191250000000
5.2241_1	2.1736443579515261	0.1366770450000000	0.0883530300000000
5.2250_0	2.2182724268860459	0.1613248400000000	0.0921005300000000
5.2300_0	2.2238839031376187	0.1461809750000000	0.0797311650000000
5.2301_0	2.2328847841997863	0.1658701850000000	0.1332160500000000
5.2310_0	2.2425757789473302	0.1982111750000000	0.0619148750000000
5.2370_0	2.2314541580919314	0.1657920950000000	0.1166233900000000
5.2500_0	2.3088739648132024	0.1877492150000000	0.1096316250000000
5.2560_0	2.2211905845628737	0.1472711300000000	0.0413286150000000
5.2700_0	2.2234468915248904	0.1491680000000000	0.0774840450000000
5.2710_0	2.2216368139150640	0.1541747800000000	0.1081764600000000
5.2740_0	2.2263130163637772	0.1565611050000000	0.0926675600000000
5.2740_1	2.1829011552215341	0.1521116750000000	0.0990507300000000
5.2770_0	2.2255404161927177	0.1504714500000000	0.0982786350000000
5.2770_1	2.1752129565318770	0.1396330250000000	0.0904622550000000
5.2870_0	2.2316116689831507	0.1550710500000000	0.1090251650000000
5.2870_1	2.1724547861408623	0.1290203550000000	0.0579911950000000
5.2880_0	2.2257123854249268	0.1540336400000000	0.0809482500000000
5.2901_0	2.2284512052626058	0.1504320600000000	0.1007825450000000
5.2902_0	2.2346754377868261	0.1502848750000000	0.1019618900000000
5.2960_0	2.2265004237264181	0.1464892450000000	0.1031708100000000
5.3000_0	2.2193852213063439	0.1175235200000000	0.0711203800000000
5.3001_0	2.2272420063112350	0.1543029500000000	0.0979857250000000
5.3001_1	2.2111441644253995	0.2019168700000000	0.1259163000000000
5.3020_0	2.2253984968750458	0.1530589700000000	0.0958143250000000
5.3020_1	2.1757906236062383	0.1319705350000000	0.0791695000000000
5.3060_0	2.2222554026100547	0.1532730850000000	0.0987427100000000
5.3240_0	2.2280309998670655	0.1251304900000000	0.0538955700000000
5.3260_0	2.2125231412052684	0.1957230700000000	0.1037460700000000
5.3270_0	2.2271986646226054	0.1444774800000000	0.0917514150000000
5.3280_0	2.2153566626705570	0.1106877900000000	0.0902829350000000
5.3350_0	2.2273584580261385	0.1455903850000000	0.1108679350000000
5.3360_0	2.2244053903589207	0.1515931350000000	0.0875212000000000
5.3400_0	2.2263488492109840	0.1354014650000000	0.0946948550000000
5.3401_0	2.2143110138038513	0.1349501400000000	0.1032588300000000
5.3402_1	2.1787322028265952	0.1323930300000000	0.0820577500000000
5.3450_0	2.2224696377500890	0.1174286850000000	0.1047586050000000
5.3600_0	2.2209821054374737	0.1912857650000000	0.0364160100000000
5.3600_1	2.1801668298492927	0.1186459750000000	0.1056506300000000
5.3630_0	2.2274710684622043	0.1467273100000000	0.1021469650000000
5.3630_1	2.1785985752872814	0.1480118550000000	0.0381770600000000
5.3640_0	2.2413516940386553	0.1783555050000000	0.1128665300000000
5.3800_0	2.2255466746497823	0.1403972150000000	0.1275841100000000
5.3850_0	2.2294622445751084	0.1427558750000000	0.1039550350000000
5.3851_0	2.2180930607557903	0.1411566550000000	0.0764090800000000
5.3930_0	2.2204134545138721	0.1584527800000000	0.0878453950000000
5.3970_0	2.2237180867409956	0.1193438350000000	0.0846265000000000
5.4000_0	2.2258458566141255	0.1764694250000000	0.0874061150000000
5.4001_0	2.2230796667965294	0.1549231100000000	0.1030677750000000
5.4060_0	2.2254256939625905	0.1341657700000000	0.0717857850000000
5.4200_0	2.2258074182883685	0.1638978050000000	0.0747419050000000
5.4300_0	2.2238063147993636	0.1327510250000000	0.0701342950000000
5.4350_0	2.2235170969158022	0.1547720150000000	0.1090871000000000
5.4380_0	2.2088602267394641	0.1550578650000000	0.0762386700000000
5.4390_0	2.2200825711455896	0.1055621700000000	0.0494792650000000
5.4390_1	2.1825506621343802	0.1431132250000000	0.0436706300000000
5.4400_1	2.1762071175991364	0.1108177950000000	0.0931925000000000
5.4450_0	2.2200111394719935	0.1538386550000000	0.1001433650000000
5.4500_0	2.2199560785286416	0.1287023250000000	0.1066653250000000
5.4500_1	2.2272313360268754	0.1659199800000000	0.1270598100000000
5.4570_0	2.2203455093048619	0.1580954400000000	0.1014492950000000
5.4600_0	2.2140255824505690	0.1482264600000000	0.0532892500000000
5.4601_1	2.1571627068921506	0.1132992650000000	0.0958178500000000
5.4603_0	2.2267803850669781	0.1602282800000000	0.1011904650000000
5.4700_0	2.2239200440365083	0.1531310100000000	0.1009900750000000
5.4800_0	2.2235455055885232	0.1361305300000000	0.1042540200000000
5.4910_0	2.2249823973827016	0.1329303650000000	0.0781600850000000
5.5000_0	2.2235052828734578	0.1307070200000000	0.0998538300000000
5.5040_0	2.2218173611304688	0.1320153950000000	0.0942989000000000
5.5040_1	2.1741401123489266	0.1022295750000000	0.0757995100000000
5.5100_0	2.2265466953678525	0.1281845150000000	0.0716278000000000
5.5210_1	2.1746893768068651	0.1353557750000000	0.0857910750000000
5.5600_0	2.2280367607536977	0.1655116650000000	0.0939820950000000
5.5650_0	2.2182444106252994	0.1548401050000000	0.1228129750000000
5.5660_0	2.2250704177320517	0.1461729550000000	0.1140353350000000
5.5700_0	2.2199527935166090	0.1681959150000000	0.1104971200000000
5.5700_1	2.3159669584203399	0.2447152150000000	0.1528224250000000
5.5710_0	2.2212849238615680	0.1080871850000000	0.0678150850000000
5.5780_0	2.2258826803111842	0.1617912200000000	0.1027071950000000
5.5900_0	2.2230997188300807	0.1538819500000000	0.0945101700000000
5.6001_0	2.2223722744979084	0.1234424350000000	0.0919139700000000
5.6150_0	2.2259415844237602	0.1579362500000000	0.1069588950000000
5.6180_0	2.2186531322485283	0.1220724500000000	0.0906262900000000
5.6180_1	2.1842024059504679	0.1368931000000000	0.0905514800000000
5.6240_0	2.2216293173539201	0.1377574850000000	0.1028977000000000
5.6260_0	2.2244778206689615	0.1456974250000000	0.0871070300000000
5.6300_0	2.2295507543017825	0.1566217000000000	0.0760233150000000
5.6301_0	2.2154290888223529	0.1383192450000000	0.0987301050000000
5.6301_1	2.1802823308271697	0.1350864650000000	0.0967634800000000
56.3100_1	2.1970990422345373	0.1503884250000000	0.0983733650000000
5.6410_0	2.2211471774890983	0.1405804100000000	0.0626208150000000
5.6420_1	2.1744535627010615	0.1551855000000000	0.0777373800000000
5.6421_1	2.1789995158828575	0.1387621300000000	0.0862146250000000
5.6500_0	2.2335820662356491	0.1644291500000000	0.1074160500000000
5.6500_1	2.1782894549476430	0.1328521150000000	0.0804211350000000
5.6580_0	2.2217195732325004	0.1506822850000000	0.0676353750000000
5.6640_0	2.2126158096349049	0.1600280150000000	0.0439764000000000
5.6760_0	2.2260479866479082	0.1671076550000000	0.0722427350000000
5.6800_0	2.2200917572764536	0.1210379700000000	0.0596506300000000
5.6890_0	2.2182606900420012	0.1431306200000000	0.0900800350000000
5.6900_0	2.2255850770697356	0.1376533000000000	0.0697816950000000
5.6900_1	2.1652232542467349	0.1262417600000000	0.0854001900000000
5.7160_0	2.2172901884058915	0.1344081100000000	0.1001031400000000
5.7200_0	2.2141064993641555	0.1028249600000000	0.0494681150000000
5.7210_0	2.2200758791712478	0.1324515600000000	0.0823478600000000
5.7300_0	2.2196243803884412	0.1384665300000000	0.0919464350000000
5.7380_0	2.2254609411528974	0.1518567300000000	0.1094325400000000
5.7400_0	2.2047473604637813	0.1635871900000000	0.1025329150000000
5.7401_1	2.1777773037114900	0.1410689650000000	0.0868635650000000
5.7402_0	2.2213385684487790	0.1479062650000000	0.0978712200000000
5.7470_0	2.2128262011920992	0.1509207300000000	0.0713237500000000
5.7500_0	2.2274731844707016	0.1126194600000000	0.0881317500000000
5.7600_0	2.2168986989059589	0.1328552400000000	0.0849569500000000
5.7601_0	2.2026676993760010	0.1496229150000000	0.1212993000000000
5.7602_0	2.2248880085919600	0.1399985550000000	0.0949962550000000
5.7602_1	2.2627863844494800	0.1968209050000000	0.0719415200000000
5.7701_0	2.2184308585551635	0.1320169550000000	0.1127152200000000
5.7702_0	2.2291954140165937	0.1561796450000000	0.0644272400000000
5.7820_0	2.2385231586043086	0.1766175400000000	0.1026566000000000
5.7860_0	2.2256037588959630	0.1662043550000000	0.1200441900000000
5.8080_0	2.2207226329362935	0.1575345050000000	0.0915463300000000
5.8100_0	2.2215076891578445	0.1220031650000000	0.0699921950000000
5.8120_0	2.2233018154576829	0.1543003300000000	0.0939942550000000
5.8130_0	2.2252950636841464	0.1479866100000000	0.0873183300000000
5.8130_1	2.1760261216931389	0.1392652050000000	0.0773950700000000
5.8201_0	2.2202996370115979	0.1534751400000000	0.1003840100000000
5.8300_0	2.2217171812212424	0.1408803750000000	0.0511963350000000
5.8400_0	2.2377845550436435	0.1379847300000000	0.0752052950000000
5.8510_0	2.2230793286196766	0.1650395600000000	0.1049035200000000
5.8510_1	2.2014265135517967	0.1754135850000000	0.1097569150000000
5.8700_0	2.1910728544245379	0.1608109550000000	0.1292010400000000
5.8701_0	2.2198902952980690	0.1325562800000000	0.1036367400000000
5.8703_0	2.2111017807258389	0.1500275850000000	0.0958311700000000
5.8703_1	2.1791706521881591	0.1411603350000000	0.0558661650000000
5.8750_0	2.2056080027638467	0.1186492300000000	0.1467076200000000
5.8900_0	2.2230084903153924	0.1264684000000000	0.0728336100000000
5.8901_0	2.2206604653086144	0.1496982400000000	0.0863546000000000
5.9100_0	2.2226465128589470	0.1689742350000000	0.1472496400000000
5.9140_0	2.2206138173414569	0.1509593900000000	0.0902028700000000
5.9170_0	2.2210031749748453	0.1481904450000000	0.0965451050000000
5.9310_0	2.2217485344580887	0.1237875900000000	0.0728983900000000
5.9430_0	2.2211228239941989	0.1438536450000000	0.0990234900000000
5.9430_1	2.1753191933727796	0.1447163500000000	0.0705580350000000
5.9520_0	2.2126902061313785	0.1336191450000000	0.0829616400000000
5.9520_1	2.1725335117224192	0.1500996000000000	0.0772426000000000
5.9600_0	2.2276222215040908	0.1511254200000000	0.1012186600000000
5.9700_0	2.2193834310121661	0.1556596650000000	0.0929402850000000
5.9750_0	2.2306076799874464	0.1636093350000000	0.0732527000000000
5.9900_0	2.2194285380133278	0.1762034550000000	0.1260717700000000
6.0100_0	2.2188557500953077	0.1526317400000000	0.1056762050000000
6.0480_0	2.2249152781285497	0.1596978450000000	0.1174187650000000
6.0501_0	2.2158781277221737	0.1079130300000000	0.1219169550000000
6.0501_1	2.1794028595325776	0.1433091000000000	0.0765811700000000
6.0530_0	2.2260391027805975	0.1629289250000000	0.1043222450000000
6.0590_0	2.1986859837162767	0.1591190850000000	0.1341241550000000
6.0590_1	2.1835413867250231	0.1546153150000000	0.0693655400000000
6.0700_0	2.2258067367901417	0.1718064850000000	0.0797380950000000
6.0701_1	2.3942235358256512	0.2729628250000000	0.0957797100000000
6.0800_0	2.2257057347314655	0.1551500900000000	0.1016600200000000
6.0860_0	2.2189473371680832	0.1495620750000000	0.1147667100000000
6.0870_0	2.2210383454699119	0.1362193700000000	0.1103743200000000
6.0990_0	2.2255407646419378	0.1419216250000000	0.1012305450000000
6.1001_0	2.2249745072298284	0.1513656500000000	0.0969396500000000
6.1090_0	2.2216246517686216	0.1421685650000000	0.1092780900000000
6.1210_0	2.2200040054897809	0.1492594200000000	0.0563773250000000
6.1330_0	2.2119055977416324	0.1422580550000000	0.0688932000000000
6.1380_0	2.2255466249022948	0.1451840800000000	0.0967323350000000
6.1400_0	2.2206322137770966	0.1515706850000000	0.0982994150000000
6.1401_0	2.2254603624074982	0.1608379750000000	0.1003155050000000
6.1530_0	2.2780812789303981	0.2012631600000000	0.0838037000000000
6.1590_0	2.2253047162864661	0.1478207100000000	0.1020587400000000
6.1590_1	2.1854851704524019	0.1304246750000000	0.1024963950000000
6.1600_0	2.2274964639079156	0.1579449750000000	0.0819617100000000
6.1600_1	2.1733724315271581	0.1396674550000000	0.0675393700000000
6.1700_0	2.2276699856066675	0.1516840100000000	0.0977824100000000
6.1740_0	2.2189996879219263	0.1365306400000000	0.1051040900000000
6.1800_0	2.2187706572384092	0.1415903850000000	0.1113039450000000
6.1930_0	2.2202558826458763	0.1389398550000000	0.0874018550000000
6.2000_0	1.6600475009100857	0.0685719300000000	0.4004866699999999
6.2080_1	2.1997821461895732	0.1588273150000000	0.0512953800000000
6.2120_0	2.2171667280337104	0.1218696050000000	0.0963370550000000
6.2170_0	2.2183643043025509	0.1636513900000000	0.1054963500000000
6.2240_0	2.2173072833316563	0.1528546950000000	0.0843528800000000
6.2240_1	2.1797500930153171	0.1290666700000000	0.0986182450000000
6.2400_1	2.1747761490422395	0.1188742300000000	0.0842599800000000
6.2401_0	2.2130305742476470	0.1467891250000000	0.0576049050000000
6.2401_1	2.1823745800961438	0.1393703250000000	0.0834485300000000
6.2420_0	2.2161332690951325	0.1173799250000000	0.0627975350000000
6.2500_1	2.3059765264444123	0.2531633700000000	0.0707216650000000
6.2520_0	2.2200026519833771	0.1191867100000000	0.0785561450000000
6.3300_0	2.2154325419060301	0.1508728300000000	0.1071205400000000
6.3400_0	2.2253461914564756	0.1505678300000000	0.1023545550000000
6.3401_0	2.2258294375194945	0.1955895600000000	0.0861433550000000
6.3500_0	2.2217088693993317	0.1574869900000000	0.1344849850000000
6.3880_0	2.2261702498294511	0.1558073700000000	0.1175349950000000
6.4110_0	2.2266162170635844	0.1486326900000000	0.0894468950000000
6.4120_0	2.2222707546550966	0.1464816700000000	0.0546917350000000
6.4300_0	2.2200757824026769	0.1468028800000000	0.1160284900000000
6.4301_0	2.2226936613872965	0.1477511950000000	0.1057991650000000
6.4500_0	2.2240846602762856	0.1595697400000000	0.0956341000000000
6.4601_0	2.2256688057825671	0.1488884200000000	0.1058215800000000
6.4800_0	2.2220537286121194	0.1390727700000000	0.1015000250000000
6.4800_1	2.1802386737865085	0.1530495900000000	0.0744924950000000
6.5000_0	2.2109582207689611	0.1252345550000000	0.0947494500000000
6.5000_1	2.1854372820508936	0.1223882750000000	0.0887673600000000
6.5001_0	2.2225904582299814	0.1549556850000000	0.1188071300000000
6.5070_0	2.2233616878669804	0.1487160450000000	0.0678207900000000
6.5100_0	2.2123680302012376	0.2266696650000000	0.0937456000000000
6.5100_1	2.1814648391969720	0.1098442800000000	0.1077642650000000
6.5340_0	2.2194274261258977	0.1460721100000000	0.0458178600000000
6.5350_0	2.2199773299499550	0.1420608100000000	0.0966542050000000
6.5400_0	2.2167069431802702	0.0663724000000000	0.0951105950000000
6.5500_0	2.2232424963141120	0.1416077650000000	0.0653030450000000
6.5600_0	2.2235051773585641	0.1537517300000000	0.0880866250000000
6.5600_1	2.1814189474894059	0.1390586800000000	0.0759092550000000
6.5601_0	2.2231804375337889	0.1657973900000000	0.1414826150000000
6.5880_0	2.2208723129306329	0.1324947150000000	0.0686028400000000
6.5900_0	2.3514195729755381	0.2666785500000000	0.2080464000000000
6.6090_0	2.2111094576842225	0.1464501450000000	0.1021906300000000
6.6090_1	2.1872005759106030	0.1648295350000000	0.0625156300000000
6.6300_1	2.1879574317116628	0.1318724000000000	0.0926865200000000
6.6401_0	2.2208411008361026	0.1711551850000000	0.0945809650000000
6.7100_0	2.2236001382595449	0.1525899200000000	0.1035810500000000
6.7400_0	2.2938293194559529	0.2070450350000000	0.1107779350000000
6.7501_1	2.2556591895274627	0.1727742500000000	0.1146005600000000
6.7700_0	2.2201248684497288	0.1141470600000000	0.0653327800000000
6.7900_0	2.2354056166481659	0.1951079100000000	0.1311333100000000
6.7900_1	2.1757140475145307	0.1525398700000000	0.0846544450000000
6.8040_0	2.2149259367778353	0.1447764350000000	0.0815261750000000
6.8200_0	2.2195942014049357	0.1522551000000000	0.1097466550000000
6.8400_0	2.2187717432991918	0.1393738550000000	0.1101413750000000
6.8400_1	2.1744591768344281	0.1026575700000000	0.0931997500000000
6.8802_0	2.2127085598348151	0.1132514650000000	0.0768399450000000
6.8802_1	2.1867466333874552	0.1344149400000000	0.1025985450000000
6.9000_0	2.2186797775223801	0.1415569300000000	0.1169609450000000
6.9020_0	2.2225130191464237	0.1362363100000000	0.0732868300000000
6.9700_0	2.2195652781328477	0.1202105200000000	0.0704357300000000
6.9730_0	2.2201351683577610	0.1383126500000000	0.0704349750000000
6.9901_0	2.2234545087317317	0.1526217350000000	0.1005458900000000
7.0000_0	2.2209972696650975	0.1445870700000000	0.1319125050000000
7.0001_0	2.2119681175453079	0.1370538900000000	0.1052470800000000
7.0100_0	2.2168951617933579	0.1306975750000000	0.0780532200000000
7.0101_0	2.2152217803662739	0.1509201750000000	0.0896329450000000
7.0200_0	2.2166186165016546	0.1072669550000000	0.1287243100000000
7.0220_0	2.2177999494289482	0.1316428900000000	0.0844073750000000
7.0400_0	2.2174662262147167	0.1251780350000000	0.1177971550000000
7.0500_0	2.2174545442198785	0.1503202300000000	0.0871191950000000
7.0520_1	2.1842341744538079	0.1383425300000000	0.0738187600000000
7.0530_0	2.2218556464435069	0.1603893350000000	0.0971932350000000
7.0600_0	2.2217423322049905	0.1575805150000000	0.1106474000000000
7.0900_0	2.2303971072622524	0.2016534800000000	0.1098986800000000
7.0901_0	2.2160545810726817	0.1403217550000000	0.0987046550000000
7.1000_0	2.2182055106298209	0.1667878650000000	0.1071676900000000
7.1100_0	2.2052610005365372	0.1491403200000000	0.1169995250000000
7.1200_0	2.2147690484517990	0.0995794000000000	0.0603250700000000
7.1201_0	2.2191535539692069	0.1457314200000000	0.1244889550000000
71.3400_0	2.2011130841501698	0.1167139500000000	0.1127933050000000
7.1600_0	2.2077059072272163	0.1260117750000000	0.0676983700000000
7.1760_0	2.2289118677054693	0.1786289450000000	0.1115644550000000
7.1800_0	2.2173491377642427	0.1265845850000000	0.1141419400000000
7.1801_0	2.2188586527195557	0.1548255650000000	0.0703409000000000
7.2100_0	2.2115767828019504	0.1501858650000000	0.0556551150000000
7.2110_0	2.2149867600089386	0.1443393150000000	0.0948927950000000
7.2230_0	2.2078581032148561	0.0983512950000000	0.0658879600000000
7.2400_0	2.2230254386225639	0.1206081850000000	0.0781417600000000
7.2400_1	2.2617576548110767	0.2162164250000000	0.0901387900000000
7.2500_0	2.2203751340348252	0.1459086150000000	0.1056655300000000
7.2600_0	2.2226681109120086	0.1319159150000000	0.1087467500000000
7.2600_1	2.1717867348721600	0.1413794300000000	0.0813882500000000
7.3300_0	2.2203213198840923	0.1408782350000000	0.0614622250000000
7.3500_0	2.2184684455625310	0.1419628650000000	0.0889264500000000
7.3800_0	2.2083673579310550	0.0999843300000000	0.0513928450000000
7.3840_0	2.2113206252868003	0.1591092400000000	0.0849403250000000
7.3900_0	2.2168752090674060	0.1704859300000000	0.0975886700000000
7.4120_0	2.2166301013003440	0.1372994650000000	0.0978541050000000
7.4230_0	2.2214938008505114	0.1599490650000000	0.0498935000000000
7.4500_0	2.2101597989052548	0.1536765550000000	0.1199900250000000
7.4600_0	2.2845524828463577	0.2094735850000000	0.1162596100000000
7.4601_0	2.2165571327210198	0.1450064150000000	0.1055763150000000
7.4700_0	2.0370928520457889	0.1172589600000000	0.4639624099999999
7.4800_0	2.2194489842549583	0.1545549200000000	0.0842782950000000
7.4801_0	2.2125074026238063	0.1689230650000000	0.0561646900000000
7.5100_0	2.2269805833459282	0.1488184400000000	0.1182976600000000
7.5160_0	2.2149917837567350	0.1559128100000000	0.1014479550000000
7.5300_0	2.2095705987080358	0.1482927100000000	0.0716581150000000
7.5300_1	2.1906826253210552	0.1349619750000000	0.0883384700000000
7.5501_0	2.2186625033660414	0.1562640300000000	0.0999129400000000
7.5900_0	2.2187232478968104	0.1488434400000000	0.0932340350000000
7.5900_1	2.1852341477097932	0.1493824400000000	0.0631247750000000
7.5901_0	2.2251893601122701	0.1494482300000000	0.0878993950000000
7.6000_0	2.2188387175214621	0.1434942650000000	0.0743942250000000
7.6400_0	2.2125691773669756	0.1120685150000000	0.0896149650000000
7.6420_1	2.1846143329778349	0.1104887650000000	0.0910874700000000
7.6600_0	2.2712365233503875	0.2293509850000000	0.1148291050000000
7.6900_0	2.2127808394774324	0.1549627600000000	0.0953997150000000
7.6901_0	2.2121082863401829	0.1652933200000000	0.0598477950000000
7.6902_0	2.2173838679797879	0.1608256200000000	0.0836434250000000
7.7000_0	2.2198314505021202	0.1512465850000000	0.0889309600000000
7.7000_1	2.1822112576114105	0.1577365900000000	0.0979259650000000
7.7100_0	2.2142820057590118	0.1399072450000000	0.0984558400000000
7.7101_0	2.2194549676879238	0.1491654050000000	0.1005988800000000
7.7101_1	2.1897059263493932	0.1431472900000000	0.0716267850000000
7.7200_0	2.2104866118695652	0.1612009400000000	0.0818064200000000
7.7600_0	2.2142752569472997	0.0618045700000000	0.0960931550000000
7.7700_0	2.2194780617245922	0.1658604200000000	0.1327417050000000
7.7701_0	2.2172270154742555	0.1482593950000000	0.0983548850000000
7.7701_1	2.1867372767036528	0.1431871800000000	0.0851273950000000
7.7720_0	2.2206725895088693	0.1561964150000000	0.0912416850000000
7.7800_0	2.2125739865462775	0.0932922850000000	0.0720130150000000
7.7801_0	2.2137424241596277	0.1527675900000000	0.0873239500000000
7.7802_0	2.2143699064369842	0.1409877550000000	0.1031637850000000
7.8100_0	2.2154171504862097	0.1539261700000000	0.0770374750000000
7.8300_0	2.2223498719098638	0.1860770850000000	0.0897255200000000
7.8380_0	2.2128170356160117	0.1667055550000000	0.1296774950000000
7.8400_0	2.2153791110474859	0.1441117000000000	0.0881129700000000
7.8490_0	2.2239324439315076	0.1651438450000000	0.0988811500000000
7.8490_1	2.1784006613109015	0.1228855500000000	0.1080276650000000
7.8600_1	2.1791952513228252	0.1412476100000000	0.0692725650000000
7.8601_1	2.1870591236959958	0.1547312800000000	0.0718853050000000
7.8800_0	2.2191855325014234	0.1496185450000000	0.0721710050000000
7.8900_0	2.2138972486374615	0.0970400600000000	0.0735080500000000
7.9200_0	2.2180509164741515	0.1426147050000000	0.0682069950000000
7.9201_0	2.2198171987799373	0.1614755900000000	0.0926622400000000
7.9202_0	2.2182586576513632	0.1554946500000000	0.1021596750000000
7.9202_1	2.1856354972726226	0.1518900300000000	0.0719337250000000
7.9600_0	2.2165103488771005	0.1411026850000000	0.0882054800000000
7.9700_0	2.2205203846061954	0.1485567600000000	0.1059391800000000
7.9720_1	2.1863704372686255	0.1542012200000000	0.0793570250000000
7.9800_0	2.2161135647893699	0.1456112900000000	0.0992458000000000
7.9900_0	2.2149396803446972	0.1212053900000000	0.0875922900000000
7.9901_0	2.2145626230667697	0.1362352950000000	0.1154528750000000
8.0001_0	2.2821521499258219	0.2143982300000000	0.0926168100000000
8.0002_0	2.2328546158469673	0.1826510800000000	0.1099634800000000
8.0110_0	2.2176876579566116	0.1402568400000000	0.0950411050000000
8.0450_0	2.2140548018705153	0.1348041150000000	0.0819542300000000
8.0700_0	2.2174098856793925	0.1539494200000000	0.1065537350000000
8.0800_0	2.2186916810841155	0.1532018700000000	0.0972133000000000
8.1000_1	2.2281055610149036	0.1638672050000000	0.1219562700000000
8.1700_0	2.2108819382236566	0.1423063150000000	0.1007244050000000
8.2000_0	2.2215609554128193	0.1333620000000000	0.0963592950000000
8.2250_1	2.2047254671490499	0.1186475050000000	0.1352262950000000
8.2630_0	2.2198418418870820	0.1126552850000000	0.0812847600000000
8.2800_0	2.2192516147046968	0.1412492450000000	0.1010463250000000
8.2800_1	2.1872830589756367	0.1604137100000000	0.0923394600000000
8.3400_0	2.2154157759894346	0.1479894600000000	0.1003846050000000
8.3500_0	2.2158714821423189	0.1570454550000000	0.0857095650000000
8.3500_1	2.1868539538357217	0.1531227500000000	0.0820558700000000
8.3600_0	2.2098255915354943	0.1652824300000000	0.0871707950000000
8.3880_0	2.2151793179154136	0.1176887200000000	0.0763396800000000
8.4400_0	2.2175843897992289	0.1370335300000000	0.1010555950000000
8.4800_0	2.2198759254955931	0.1552596750000000	0.0891883350000000
8.4800_1	2.4135018428588135	0.2534364350000000	0.0985390500000000
8.6301_0	2.2198080913770544	0.1440152300000000	0.0877769900000000
8.7400_0	2.2105426034207327	0.1336309250000000	0.1048579850000000
8.8600_0	2.2163403223734792	0.1466477800000000	0.1101466850000000
8.9300_0	2.4063039957562156	0.2927168850000000	0.0741459600000000
8.9300_1	2.2246748655166249	0.1486793550000000	0.1320236400000000
8.9500_1	2.1845157383468905	0.1517697550000000	0.0488913500000000
8.9600_0	2.2175490135557654	0.1425192750000000	0.0536073600000000
8.9900_0	2.2181743351976890	0.1423663250000000	0.0856388300000000
8.9900_1	2.1847003193456040	0.1527107900000000	0.0722262550000000
9.0101_0	2.2176756785884528	0.1494113850000000	0.1182753950000000
9.1300_0	2.2055991003209501	0.1459507100000000	0.0933026450000000
9.1400_0	2.2161109470616491	0.1556605350000000	0.1117409900000000
9.1402_0	2.2698076925555490	0.2175727550000000	0.0842620000000000
9.1402_1	2.1676692367692407	0.0970371400000000	0.0982119700000000
91.6300_0	2.1998895404054215	0.1435454700000000	0.1081679000000000
91.6300_1	2.1992940536874714	0.1365385850000000	0.0991668400000000
9.1700_1	2.1859270386166947	0.1247981850000000	0.1049812400000000
9.2300_0	2.2120770040653417	0.1409401900000000	0.0821034200000000
9.2300_1	2.1896936062798753	0.1364849750000000	0.0718693600000000
9.2400_0	2.2073787254343973	0.1391240800000000	0.1106575500000000
9.2400_1	2.1501591311172494	0.2012398200000000	0.1330311350000000
9.2401_0	2.2159763343790293	0.1216522400000000	0.0726046600000000
9.3130_1	2.1814184981534002	0.1444442750000000	0.0892134300000000
9.3300_0	2.2142394080547287	0.1263347800000000	0.0724307550000000
9.4200_0	2.2185860080535487	0.1522527300000000	0.0774876750000000
9.4200_1	2.1912234900226584	0.1640123600000000	0.0713859600000000
9.4500_0	2.2111016510504800	0.1440497750000000	0.1058940450000000
9.5400_0	2.2089520946411660	0.1376825400000000	0.0842933050000000
9.5400_1	2.2882976131761432	0.2232637900000000	0.1134136550000000
9.5800_0	2.2153868658566784	0.1381778250000000	0.0940954000000000
9.5800_1	2.1907321941458751	0.1285988800000000	0.0918406250000000
9.5870_0	2.2196061647471583	0.1636662850000000	0.0728592700000000
9.5870_1	2.1915386667655876	0.1509850050000000	0.0982579400000000
9.5900_0	2.2147651600054408	0.1205161800000000	0.0658439700000000
9.6030_0	2.2145080498572929	0.1514908250000000	0.1046694800000000
9.6600_0	2.2107543609466096	0.1371760000000000	0.0919556150000000
9.6601_0	2.2167274525543137	0.1285705550000000	0.0761003900000000
9.6700_0	2.2192964470892145	0.1479714750000000	0.0916995100000000
9.7900_0	2.2112067115050724	0.1497038450000000	0.0833620800000000
