10.0400_0	2.2001182545627178	0.1553051500000000	0.0921912450000000
10.0400_1	2.1962875229625749	0.1546663350000000	0.1006134650000000
10.1000_0	2.1996792065686761	0.1543125250000000	0.1042695850000000
10.1000_1	2.2014128343082437	0.1626521900000000	0.1019907200000000
10.1300_0	2.2030338629258739	0.1589701950000000	0.0976904550000000
10.1300_1	2.1993387750689122	0.1482051250000000	0.0996215300000000
10.1930_0	2.2023887975282559	0.1531051500000000	0.0969527900000000
10.1930_1	2.1993196974432445	0.1401060700000000	0.0978151200000000
10.2700_0	2.2004216292871188	0.1482665350000000	0.1038786700000000
10.2700_1	2.1995969518183469	0.1546641450000000	0.0929902500000000
10.3000_1	2.1989581161729221	0.1512811700000000	0.1004611850000000
10.3800_0	2.2002123843808317	0.1530190750000000	0.0973691350000000
10.3800_1	2.1972861630436529	0.1501767050000000	0.0994991700000000
10.3900_0	2.1987555479265208	0.1567715650000000	0.1050693100000000
10.3900_1	2.2007333891936653	0.1553429450000000	0.1119449550000000
10.4200_0	2.2023524569045887	0.1468354600000000	0.0967682700000000
10.4200_1	2.1978668862935331	0.1522867150000000	0.0986398350000000
10.6100_1	2.1920625061229853	0.1597238500000000	0.1111566500000000
10.6200_0	2.2028025303780798	0.1615005050000000	0.1007764250000000
10.6200_1	2.1981208731810891	0.1405480400000000	0.0966742500000000
10.7300_0	2.2024376596631554	0.1562277950000000	0.0952803900000000
10.7300_1	2.2014169381850417	0.1665927450000000	0.1159344250000000
10.7600_0	2.2025340614075803	0.1533575300000000	0.0985062650000000
10.7600_1	2.1984621871594303	0.1761243000000000	0.1115056050000000
10.8800_0	2.2009862424464277	0.1480987500000000	0.0910096150000000
10.8800_1	2.1969169131598054	0.1534069100000000	0.1021391850000000
10.9200_0	2.2028596005646901	0.1422865700000000	0.0924870050000000
10.9200_1	2.1984162271135563	0.1533822400000000	0.1070569500000000
10.9300_0	2.2052243954070141	0.1653699700000000	0.0944119800000000
10.9300_1	2.1977722766871244	0.1402235650000000	0.0973851800000000
10.9600_0	2.2024636791219137	0.1669159450000000	0.1191430850000000
10.9600_1	2.1863518011869347	0.1769528900000000	0.1138778250000000
11.0400_0	2.1992666162455534	0.1495464150000000	0.1004533150000000
11.0400_1	2.1992093509152970	0.1418822600000000	0.1014191900000000
11.0600_0	2.2026947310491036	0.1569306750000000	0.0985092650000000
11.0600_1	2.1992412627240130	0.1496239150000000	0.0943097650000000
11.0800_0	2.2014787193645833	0.1497617000000000	0.0946080700000000
11.0800_1	2.1994215828580117	0.1532478200000000	0.0996349000000000
11.1200_0	2.2004488628886145	0.1520657900000000	0.1006254100000000
11.1200_1	2.3159623096073325	0.2493260050000000	0.1090216200000000
11.1900_0	2.2005570793745610	0.1481455350000000	0.0948762850000000
11.1900_1	2.1966390449424478	0.1540472250000000	0.1028237150000000
11.3800_0	2.2034417357509901	0.1628619000000000	0.1070400300000000
11.3800_1	2.2006569934905920	0.1531106800000000	0.0974705500000000
11.4400_0	2.3824461874844793	0.2732671500000000	0.1086786200000000
11.4400_1	2.1978599541297301	0.1526494800000000	0.1020292600000000
11.4600_0	2.2013731196920134	0.1581342200000000	0.1011958050000000
11.4600_1	2.1985979026165774	0.1555831900000000	0.1043650350000000
11.5300_0	2.2015129258782613	0.1449865300000000	0.0961847550000000
11.5300_1	2.1990980667944822	0.1902946450000000	0.1191758100000000
11.6400_0	2.2003818868695810	0.1598878400000000	0.1017174400000000
11.6400_1	2.1995908140005578	0.1580710300000000	0.0990460750000000
11.7000_0	2.1984641925739417	0.1753034700000000	0.1150153300000000
11.7000_1	2.1974531658748204	0.1584512950000000	0.0974371050000000
11.7001_0	2.2025007320071492	0.1574010850000000	0.0983645150000000
11.7001_1	2.1984129101781331	0.1681328400000000	0.1085272100000000
11.7002_0	2.1995557376097836	0.1513239550000000	0.1042310450000000
11.7002_1	2.1962308197534957	0.1486920900000000	0.0996445900000000
11.7450_1	2.1977030061797804	0.1547847250000000	0.1075596200000000
11.7600_0	2.2014261301900961	0.1569965850000000	0.0996828550000000
11.7600_1	2.1968321881161388	0.1496580850000000	0.1004831000000000
11.8200_0	2.2000613796868049	0.1582544700000000	0.1005330100000000
11.8200_1	2.1973771952257670	0.1468717900000000	0.0998836600000000
11.8700_0	2.2026733299013701	0.1551713450000000	0.0941805300000000
11.8700_1	2.1975821436822178	0.1486787400000000	0.0979079700000000
11.9600_0	2.2001628278643408	0.1592314200000000	0.1040402400000000
11.9600_1	2.1949989226816995	0.1547775200000000	0.1047677250000000
12.1600_0	2.2019551968986000	0.1480935750000000	0.0992340050000000
12.1600_1	2.1976785180827383	0.1513041550000000	0.1033124550000000
12.2300_0	2.2000760127204222	0.1708915400000000	0.1109635900000000
12.2300_1	2.1990401901885539	0.1505453650000000	0.0889898400000000
12.3100_0	2.2005529189853892	0.1561382900000000	0.0997995000000000
12.3100_1	2.1975440371674062	0.1555235600000000	0.0871170800000000
12.4700_0	2.1984704043080678	0.1604003150000000	0.1037628750000000
12.4700_1	2.1986329138178724	0.1484116950000000	0.0955032350000000
12.5600_0	2.2018255549770736	0.1596578250000000	0.1155675900000000
12.5600_1	2.1981320670551723	0.1454585900000000	0.1018912500000000
12.6200_0	2.1999402354568280	0.1436637100000000	0.1022034450000000
12.6200_1	2.2012230575276366	0.1624661800000000	0.1038454900000000
12.6400_0	2.2000872068040711	0.1559210700000000	0.0941369450000000
12.6400_1	2.1969691695148015	0.1565805100000000	0.0994797050000000
12.8900_0	2.2009127285959078	0.1421696150000000	0.1021413800000000
12.8900_1	2.2086086419324640	0.1827818300000000	0.1156790150000000
13.0600_0	2.2016120559029533	0.1459142650000000	0.1020493300000000
13.0600_1	2.1955044899134561	0.1520600550000000	0.1048682150000000
13.1900_1	2.1978781307911426	0.1574240850000000	0.1077935000000000
13.2100_0	2.2001662568784193	0.1506047050000000	0.0987006800000000
13.2100_1	2.1989954602628323	0.1554310200000000	0.0996330600000000
13.2101_0	2.2022118890900835	0.1527479900000000	0.0996588500000000
13.2101_1	2.1984020164781977	0.1688059000000000	0.1043004750000000
13.3200_0	2.2033905547057850	0.1627462350000000	0.0973912550000000
13.3200_1	2.2000137635090411	0.1472644000000000	0.0936130550000000
13.4200_1	2.1890911546343474	0.1569501500000000	0.1115221900000000
13.9800_0	2.2020733124876068	0.1433119850000000	0.0986685150000000
13.9800_1	2.2080355016270321	0.1762605950000000	0.1048319800000000
14.1600_0	2.2033413411821177	0.1553793800000000	0.1025609950000000
14.1600_1	2.1990520595064980	0.1561232250000000	0.1091775400000000
14.7200_0	2.1998831384173942	0.1484699400000000	0.0990606750000000
14.7200_1	2.1962649284592981	0.1579962150000000	0.1062680100000000
147.4900_0	2.1998145745921094	0.1475491050000000	0.0953244350000000
147.4900_1	2.1992846078443695	0.1491563800000000	0.0959398150000000
15.1400_0	2.2001180448287911	0.1483061300000000	0.1012757000000000
15.1400_1	2.1978618256198703	0.1519933000000000	0.1067275400000000
15.4300_0	2.2003681325955791	0.1521800650000000	0.0991733400000000
16.3900_0	2.2022250800929664	0.1546521800000000	0.0920787650000000
16.3900_1	2.1976009744634211	0.1675092450000000	0.1076055500000000
16.4200_0	2.2003991531160296	0.1462193300000000	0.0992551650000000
16.4200_1	2.1997951242617826	0.1512525800000000	0.0911691400000000
16.7800_0	2.1993246376025435	0.1414882950000000	0.0984035800000000
16.7800_1	2.1991798880108773	0.1470904750000000	0.0965650550000000
17.2000_0	2.2136761535016589	0.1760351000000000	0.1087704700000000
17.2000_1	2.1990763155281328	0.1471155350000000	0.1018030250000000
19.1500_0	2.2012916936088476	0.1503361150000000	0.0987888650000000
19.1500_1	2.1965163708990803	0.1709992250000000	0.1091903100000000
26.7440_0	2.2000292276908673	0.1433730650000000	0.0976683800000000
26.7440_1	2.1971793994402473	0.1472151500000000	0.1005188500000000
27.1600_0	2.2004591920259537	0.1504036650000000	0.0980593100000000
27.1600_1	2.2001212664926086	0.1506011250000000	0.0957637600000000
27.7100_0	2.2008923392470257	0.1505053350000000	0.0948948750000000
27.7100_1	2.2001015095482526	0.1477189050000000	0.1020806350000000
32.8900_0	2.2009049172059445	0.1566145150000000	0.1019410000000000
32.8900_1	2.1991983823048162	0.1488378550000000	0.0992642750000000
35.4700_0	2.2003335344051833	0.1493494700000000	0.1024599050000000
35.4700_1	2.1998291991761767	0.1575162650000000	0.1060861500000000
36.2800_0	2.2007582283584060	0.1476976750000000	0.0974535450000000
36.2800_1	2.1992921892235784	0.1440849550000000	0.1003185150000000
40.8400_0	2.2001045505537702	0.1469608400000000	0.0996145650000000
40.8400_1	2.1984372035497639	0.1519422600000000	0.0994061100000000
46.7500_0	2.2007499336695591	0.1504273600000000	0.1010537250000000
46.7500_1	2.1973732597983648	0.1530426650000000	0.1016505400000000
47.2000_0	2.1982410391522751	0.1540944250000000	0.0979232200000000
47.2000_1	2.1990399966479197	0.1476943700000000	0.0963308100000000
5.0010_0	2.2020018769143910	0.1792920750000000	0.1170526350000000
5.0030_0	2.2023754095271855	0.1517333150000000	0.0958940200000000
5.0030_1	2.1971241990457235	0.1526150950000000	0.0953286600000000
5.0031_0	2.2006382442154622	0.1534292000000000	0.0968696950000000
5.0031_1	2.1973849353732522	0.1529700800000000	0.1007970000000000
5.0032_0	2.2046634622540533	0.1455672850000000	0.1010623050000000
5.0032_1	2.1944696745945986	0.1535407150000000	0.0986445200000000
5.0040_0	2.1984033165868628	0.1495884900000000	0.1037222150000000
5.0040_1	2.1977552365470223	0.1423458700000000	0.0984719300000000
5.0070_0	2.1991236552526381	0.1666213650000000	0.1176461100000000
5.0070_1	2.2014281376697031	0.1498385050000000	0.0984977300000000
5.0071_0	2.2014449759044736	0.1424679550000000	0.0989133800000000
5.0071_1	2.1964492055050617	0.1515558950000000	0.1052148300000000
5.0100_0	2.2039427556998223	0.1560734700000000	0.1019167700000000
5.0100_1	2.2013910821633984	0.1566052250000000	0.1024294750000000
5.0120_0	2.2048223293992923	0.1494104400000000	0.0959774900000000
5.0120_1	2.2014354625027495	0.1641516200000000	0.0987969500000000
50.1400_0	2.1998648967288328	0.1444035000000000	0.1040703700000000
50.1400_1	2.1995662958218087	0.1620062100000000	0.0993969650000000
5.0140_0	2.2067638455161056	0.1558300350000000	0.0993056300000000
5.0140_1	2.1915945663883858	0.1521675800000000	0.0962950050000000
5.0180_0	2.2019979897076229	0.1515212700000000	0.1060311800000000
5.0181_0	2.2007325103906248	0.1524513000000000	0.0992120250000000
5.0181_1	2.1965697057119562	0.1544047300000000	0.1027882550000000
5.0182_0	2.2024052170397295	0.1573845050000000	0.1031334400000000
5.0182_1	2.1876900982452878	0.1673530150000000	0.1104838250000000
5.0183_0	2.1998381161089529	0.1570965350000000	0.0873348000000000
5.0183_1	2.1963126037318794	0.1490894700000000	0.1063557400000000
5.0210_0	2.2020737179991112	0.1442794600000000	0.1131330400000000
5.0210_1	2.1971748983248802	0.1563349050000000	0.0951121650000000
5.0230_0	2.2010112069389796	0.1528663150000000	0.1040774500000000
5.0230_1	2.1957981643039441	0.1508278850000000	0.0995163300000000
5.0260_0	2.1996873206294176	0.1441573700000000	0.1039722700000000
5.0260_1	2.1956403943940064	0.1492880100000000	0.1027125950000000
5.0290_0	2.2015232414747801	0.1522173350000000	0.0990876700000000
5.0290_1	2.1949269744783226	0.1528508600000000	0.0991300400000000
5.0300_0	2.2025941332245984	0.1520028800000000	0.1038436400000000
5.0300_1	2.1870985956737989	0.1670352000000000	0.1097626650000000
5.0301_0	2.2039551524254861	0.1584012500000000	0.1041995450000000
5.0301_1	2.1931751704339479	0.1423596400000000	0.0998222800000000
5.0302_0	2.2059441526718988	0.1439704300000000	0.1078394600000000
5.0310_0	2.2033719403428615	0.1403738800000000	0.1053159400000000
5.0310_1	2.1962566475838985	0.1548578150000000	0.0974034550000000
5.0340_0	2.1996891338972513	0.1613339800000000	0.0966689700000000
5.0340_1	2.1954236887078369	0.1563778000000000	0.1067276000000000
5.0341_0	2.2002648694887394	0.1506598450000000	0.1051564600000000
5.0341_1	2.1994636158112750	0.1459397350000000	0.0986791550000000
5.0370_0	2.2033377889128509	0.1566281250000000	0.1061619150000000
5.0370_1	2.2014075037705854	0.1518290850000000	0.1036461700000000
5.0400_0	2.2013804933152388	0.1458434200000000	0.1001201600000000
5.0400_1	2.1984426052977883	0.1455597150000000	0.0974434650000000
5.0401_0	2.2024314289158999	0.1503520400000000	0.0932653550000000
5.0401_1	2.1984807111727291	0.1562482450000000	0.0974436000000000
5.0402_0	2.2064440763075601	0.1505581100000000	0.1010995300000000
5.0402_1	2.1976357911773015	0.1616784200000000	0.1053404800000000
5.0410_0	2.2014319646014275	0.1531207350000000	0.0961131900000000
5.0450_0	2.2004066361963308	0.1507310050000000	0.0997611250000000
5.0450_1	2.2016758289910632	0.1575893150000000	0.0908319300000000
5.0500_0	2.2027545502590780	0.1539818550000000	0.1046493800000000
5.0500_1	2.1977851552140124	0.1562888750000000	0.1009340450000000
5.0501_0	2.2019979662235993	0.1511676800000000	0.1037558700000000
5.0501_1	2.1937451183677963	0.1470505800000000	0.1087841600000000
5.0540_0	2.2045176070923675	0.1611915050000000	0.0994464650000000
5.0540_1	2.1765074904534063	0.1498278300000000	0.1170547100000000
5.0600_0	2.2041788458157985	0.1540914500000000	0.0965899450000000
5.0600_1	2.1924744649617169	0.1554980350000000	0.1026172050000000
5.0601_0	2.2015259097413304	0.1480945600000000	0.0945249100000000
5.0601_1	2.1947149877365679	0.1518646800000000	0.1049973350000000
5.0620_0	2.2013117913510887	0.1642129500000000	0.1068995450000000
5.0620_1	2.1942491506517268	0.1559476100000000	0.0941289300000000
5.0700_0	2.1997102254077205	0.1606089650000000	0.1017205800000000
5.0700_1	2.2004325467343024	0.1567531350000000	0.0954570600000000
5.0800_0	2.2032399605819997	0.1556404600000000	0.0966067750000000
5.0800_1	2.1963221007925817	0.1393229250000000	0.0948478850000000
5.0801_0	2.2061537159217179	0.1536497100000000	0.0920636050000000
5.0801_1	2.1967550201983683	0.1461277850000000	0.0954023950000000
5.0900_0	2.2008004709531197	0.1517412050000000	0.0966944050000000
5.0920_0	2.1993336394568508	0.1555094150000000	0.1066018650000000
5.0920_1	2.1962906957989952	0.1491404150000000	0.1025302950000000
5.1000_0	2.1996041238910728	0.1479540700000000	0.0998039550000000
5.1000_1	2.1871294126923955	0.1531640050000000	0.0921013350000000
5.1001_0	2.2051191870704141	0.1478233150000000	0.0842042100000000
5.1001_1	2.1928035476593144	0.1580665750000000	0.1001730550000000
5.1020_0	2.2032721613445738	0.1400589750000000	0.1031817600000000
5.1030_0	2.1998071874766758	0.1509368250000000	0.1044307100000000
5.1030_1	2.2033304213776863	0.1454679450000000	0.1051644150000000
5.1040_0	2.2038646628406200	0.1511053150000000	0.1001400150000000
5.1040_1	2.1986593432172863	0.1595205000000000	0.0976467700000000
5.1080_0	2.1984804907747137	0.1712476950000000	0.1096968350000000
5.1080_1	2.1989476377833297	0.1488178150000000	0.0985345900000000
5.1100_0	2.2033794549950834	0.1527742700000000	0.0977570200000000
5.1100_1	2.1989414988858407	0.1531822100000000	0.0907028250000000
5.1170_0	2.2034238561299944	0.1500760550000000	0.0900715600000000
5.1170_1	2.1967768313846876	0.1468246800000000	0.0944128900000000
5.1180_0	2.2037667935957335	0.1480470450000000	0.0987732750000000
5.1180_1	2.1946418176431659	0.1519045850000000	0.0983219850000000
5.1210_0	2.2021547637079859	0.1462993150000000	0.0998467500000000
5.1210_1	2.1984298907346966	0.1505817550000000	0.0936785750000000
5.1270_0	2.2004890352783182	0.1537658750000000	0.1084487000000000
5.1270_1	2.1998491191866552	0.1589552000000000	0.0902420850000000
5.1310_0	2.2055697616836487	0.1539203350000000	0.1125802000000000
5.1310_1	2.2014279232111837	0.1525941850000000	0.0976884050000000
5.1330_0	2.2029893151085687	0.1485634200000000	0.1015298450000000
5.1330_1	2.1991322710035330	0.1467413900000000	0.1011745300000000
5.1340_0	2.2042028209452273	0.1447589350000000	0.0962214000000000
5.1340_1	2.2014507911394334	0.1496174450000000	0.0974077950000000
5.1341_0	2.2060700045261390	0.1652650250000000	0.1022282150000000
5.1341_1	2.1993512783663935	0.1532987450000000	0.1016871250000000
5.1400_0	2.2031279694576256	0.1450349350000000	0.1040974350000000
5.1400_1	2.1975531002476205	0.1628548100000000	0.1060114950000000
5.1401_0	2.4076001019019952	0.2764328650000000	0.1322049500000000
5.1401_1	2.1994598140547010	0.1568990250000000	0.0929640600000000
5.1420_0	2.2001546763051598	0.1584829850000000	0.0984166450000000
5.1420_1	2.2001807273045642	0.1639911750000000	0.0941314800000000
5.1440_0	2.2033765955948716	0.1609029400000000	0.1020718550000000
5.1440_1	2.1992319948647618	0.1510228550000000	0.0986473550000000
5.1441_0	2.2030209217320547	0.1472584000000000	0.1036670900000000
5.1441_1	2.2009018569800038	0.1507812700000000	0.0992090250000000
5.1500_0	2.2052723515758723	0.1576716900000000	0.0954255800000000
5.1500_1	2.2014394900080529	0.1547045050000000	0.1026863300000000
5.1540_0	2.1962961676015373	0.1595564400000000	0.1033747300000000
5.1540_1	2.2042916943570638	0.1603789500000000	0.0957266500000000
5.1590_0	2.2020121715321288	0.1460710400000000	0.1000839750000000
5.1590_1	2.1984723245982751	0.1635764300000000	0.1063769150000000
5.1650_0	2.2009580155394559	0.1633106400000000	0.0931778100000000
5.1650_1	2.1963546496211799	0.1505484350000000	0.1010551200000000
5.1690_0	2.2033185177562404	0.1560121250000000	0.0851506200000000
5.1700_0	2.2040037451884342	0.1525828850000000	0.1000628800000000
5.1700_1	2.1964722260171112	0.1575221350000000	0.1027458800000000
5.1701_0	2.2019972072900615	0.1544515550000000	0.1095046850000000
5.1701_1	2.1948585150743098	0.1552083800000000	0.1015173550000000
5.1760_1	2.1965437223188129	0.1491276350000000	0.1000917150000000
5.1800_0	2.2067173420794819	0.1515312500000000	0.0921295450000000
5.1800_1	2.2014069102798088	0.1514283300000000	0.0937209800000000
5.1830_0	2.1986203910423412	0.1503028150000000	0.1028813350000000
5.1830_1	2.1954501847374690	0.1468880450000000	0.1036241700000000
5.1900_0	2.2014623995646403	0.1432070850000000	0.1027524800000000
5.1900_1	2.2052221440646309	0.1672141400000000	0.1136210750000000
5.1901_0	2.2062322982949114	0.1569209650000000	0.1027626050000000
5.1901_1	2.1993798819925283	0.1442673950000000	0.0984121450000000
5.1902_0	2.2050555136447847	0.1446355000000000	0.0960485000000000
5.2000_0	2.2055999975793972	0.1555447350000000	0.0945281000000000
5.2000_1	2.1971631471879136	0.1536987300000000	0.0990598800000000
5.2001_0	2.2040563192757756	0.1476517600000000	0.1002238150000000
5.2002_0	2.2028714996761241	0.1631298300000000	0.1056410900000000
5.2002_1	2.1986596252060506	0.1574378700000000	0.0939756800000000
5.2003_0	2.2014254313005552	0.1786996450000000	0.0801519450000000
5.2003_1	2.1985140542407056	0.1582104850000000	0.1063019700000000
5.2004_0	2.2024909787008755	0.1554546050000000	0.0948192700000000
5.2004_1	2.2004259938826660	0.1556972700000000	0.1006021750000000
5.2005_0	2.2078027818198640	0.1605132750000000	0.0998446000000000
5.2005_1	2.1946260898427674	0.1465850400000000	0.1018883350000000
5.2006_0	2.2040782056799366	0.1591633850000000	0.1099430300000000
5.2006_1	2.1960667817909347	0.1484148150000000	0.0972490900000000
5.2007_0	2.2038375467888938	0.1557820200000000	0.0940247950000000
5.2007_1	2.1580536950035181	0.1329665700000000	0.0877811450000000
5.2008_0	2.2010989520178010	0.1513678850000000	0.0942581250000000
5.2008_1	2.1970573682198258	0.1575360150000000	0.1045309250000000
5.2020_0	2.2054418091800136	0.1521545750000000	0.0827213800000000
5.2020_1	2.1980588031330117	0.1529916050000000	0.0805673700000000
5.2040_0	2.2028763254718626	0.1430710700000000	0.1006099300000000
5.2040_1	2.1967698420436705	0.1484990100000000	0.0993094900000000
5.2100_0	2.2020862658623312	0.1479195750000000	0.1034010550000000
5.2100_1	2.1970066558379657	0.1462203400000000	0.0991570400000000
5.2101_0	2.2004870398680234	0.1574874750000000	0.0969000950000000
5.2101_1	2.1989044218056151	0.1485048900000000	0.0962742650000000
5.2200_0	2.2049505119170809	0.1522107050000000	0.0867871350000000
5.2200_1	2.2014319042899264	0.1490036950000000	0.0981264550000000
5.2201_0	2.2012393877530378	0.1573332500000000	0.0944401450000000
5.2201_1	2.1923139922491952	0.1529506500000000	0.1023752000000000
5.2202_0	2.2027133722986698	0.1521980950000000	0.0985401150000000
5.2202_1	2.1971091353669512	0.1442541000000000	0.1010930700000000
5.2240_0	2.2054031192313093	0.1532190500000000	0.1015937750000000
5.2240_1	2.2001578510582180	0.1545770150000000	0.0945607850000000
5.2241_0	2.1984476895334351	0.1541445200000000	0.0989709200000000
5.2241_1	2.2002074374678640	0.1501250400000000	0.1009048500000000
5.2250_0	2.2004333359544295	0.1611002350000000	0.0962625350000000
5.2250_1	2.1996486608853978	0.1526593150000000	0.1004910950000000
5.2300_0	2.2044598602930705	0.1502388700000000	0.1015545350000000
5.2300_1	2.2007862683833181	0.1581944050000000	0.0990803200000000
5.2301_0	2.2037669681550320	0.1529148000000000	0.0979392900000000
5.2301_1	2.1984621885024347	0.1472483900000000	0.0945850100000000
5.2310_0	2.2009512093891788	0.1570757000000000	0.1059085200000000
5.2310_1	2.1990833808576977	0.1561318250000000	0.1068051700000000
5.2370_0	2.2033164569357941	0.1580846600000000	0.0927476400000000
5.2370_1	2.1943483135644168	0.1457199300000000	0.0982273550000000
5.2500_0	2.2054488695136816	0.1515804600000000	0.1048165400000000
5.2500_1	2.2004662858986670	0.1504554750000000	0.0962030050000000
5.2501_0	2.2052073774608938	0.1527541650000000	0.1116594650000000
5.2501_1	2.1956372866632035	0.1569107100000000	0.1017593900000000
5.2502_0	2.1993098849612580	0.1558541950000000	0.0966101250000000
5.2502_1	2.1990585651083561	0.1511884550000000	0.0973455900000000
5.2560_0	2.1983760180603280	0.1632556750000000	0.0920504650000000
5.2560_1	2.1995747381993196	0.1480308900000000	0.1011991850000000
5.2660_0	2.2005955141833162	0.1576535350000000	0.1009667950000000
5.2660_1	2.1983914343129771	0.1726170400000000	0.1116799000000000
5.2661_1	2.1977705381487378	0.1449766400000000	0.0997654400000000
5.2700_0	2.1990710348676106	0.1511357150000000	0.1027658150000000
5.2700_1	2.1994163796481736	0.1553575600000000	0.0984228000000000
5.2710_0	2.2006194277298787	0.1577399650000000	0.0963635800000000
5.2710_1	2.1717452850595445	0.1423922500000000	0.0944698000000000
5.2740_0	2.2015307913203634	0.1531924650000000	0.0975526500000000
5.2740_1	2.1954567645308658	0.1579861450000000	0.1046317750000000
5.2770_0	2.2024278230360603	0.1497611500000000	0.0980213150000000
5.2770_1	2.1953912741094634	0.1519763150000000	0.0933955450000000
5.2790_0	2.2040754331977115	0.1558870300000000	0.0830184550000000
5.2790_1	2.1967577696421356	0.1552382150000000	0.1058404300000000
5.2870_0	2.2053533855371099	0.1544985350000000	0.0805383550000000
5.2870_1	2.1972643039174384	0.1503137200000000	0.0908372700000000
5.2880_0	2.2058599820073619	0.1583023750000000	0.0982420650000000
5.2880_1	2.1955159773508006	0.1550824750000000	0.1045515850000000
5.2900_0	2.1982835112738965	0.1504426900000000	0.0949764350000000
5.2900_1	2.2066322687066715	0.1933678100000000	0.1162314150000000
5.2901_0	2.2051249102298924	0.1483440400000000	0.0903941100000000
5.2901_1	2.1972840132274589	0.1480294700000000	0.0947659450000000
5.2902_0	2.2060776516267500	0.1512767050000000	0.0990897850000000
5.2902_1	2.1948885152792421	0.1545898150000000	0.1001270250000000
5.2960_0	2.2028216448793043	0.1471050400000000	0.1041728400000000
5.2960_1	2.2021785313372848	0.1566812050000000	0.1013039950000000
5.3000_0	2.1983868541433149	0.1551962250000000	0.0921765750000000
5.3000_1	2.1942742319166264	0.1522701800000000	0.1025507000000000
5.3001_0	2.2028094509624982	0.1506833850000000	0.0978480400000000
5.3001_1	2.1981620026551036	0.1492735350000000	0.0966047650000000
5.3020_0	2.1997660154006824	0.1575181500000000	0.0945180850000000
5.3020_1	2.1972555026664904	0.1484929100000000	0.0984529050000000
5.3060_0	2.1985989170015552	0.1545817500000000	0.1077502300000000
5.3060_1	2.1936694555753453	0.1531721050000000	0.0946376250000000
5.3200_0	2.2047402902927331	0.1538248950000000	0.0961058450000000
5.3200_1	2.1700670180426660	0.1482785000000000	0.1114522200000000
5.3230_0	2.2047216415821653	0.1510674600000000	0.1018917750000000
5.3230_1	2.1967334359297785	0.1567040500000000	0.0970679050000000
5.3240_0	2.2044995026645324	0.1485920350000000	0.0928189500000000
5.3240_1	2.1992512106612301	0.1562068050000000	0.0933797550000000
5.3260_0	2.1984176020843771	0.1478493900000000	0.1015041600000000
5.3260_1	2.1944311791220823	0.1498448700000000	0.1020794400000000
5.3270_0	2.2039104846340081	0.1484966850000000	0.0941050000000000
5.3270_1	2.2001130243998297	0.1487017400000000	0.0955783800000000
5.3280_0	2.1988971114327618	0.1400130750000000	0.1064751050000000
5.3280_1	2.1970873280490815	0.1483948150000000	0.0991584900000000
5.3350_0	2.2049872498445171	0.1481188200000000	0.0960397100000000
5.3350_1	2.2249396748460510	0.1945774850000000	0.1203829950000000
5.3360_0	2.2005277887615149	0.1502762700000000	0.1033593100000000
5.3360_1	2.1966378078622508	0.1490616350000000	0.1040282150000000
5.3400_0	2.2037544920268242	0.1456595400000000	0.0930633550000000
5.3400_1	2.2002598283846613	0.1435315650000000	0.0986433900000000
5.3401_0	2.1986221932967900	0.1381228900000000	0.1002208800000000
5.3401_1	2.1965544369697647	0.1465511700000000	0.0982618450000000
5.3402_0	2.2026767321292726	0.1491622550000000	0.1002076800000000
5.3402_1	2.1973055642861192	0.1476172550000000	0.0933320900000000
5.3450_0	2.2052193402151210	0.1480468800000000	0.0971691350000000
5.3450_1	2.1964725361666684	0.1588845750000000	0.1010559250000000
5.3480_0	2.2046496482976243	0.1623970700000000	0.1058610100000000
5.3490_0	2.2026497300323191	0.1561235350000000	0.0973473600000000
5.3490_1	2.1962915643788699	0.1481593550000000	0.0960807700000000
5.3600_0	2.2007917456722668	0.1627001050000000	0.0923716100000000
5.3600_1	2.2014436915043141	0.1431502000000000	0.1024976100000000
5.3630_0	2.2061484999015497	0.1577207350000000	0.1064405400000000
5.3630_1	2.1963221947005622	0.1532918900000000	0.0982839850000000
5.3640_0	2.2017513019772270	0.1429872950000000	0.0994747400000000
5.3640_1	2.2320898279135113	0.2009779150000000	0.1273967750000000
5.3800_0	2.1962411546857541	0.1441267250000000	0.0972004500000000
5.3800_1	2.2004065047470736	0.1537211000000000	0.1010032350000000
5.3850_0	2.2056508902730814	0.1504786300000000	0.1018178850000000
5.3850_1	2.2007575307127514	0.1527696750000000	0.0947142050000000
5.3851_0	2.1969296899331887	0.1528224600000000	0.1008229450000000
5.3851_1	2.1953905659946646	0.1560111250000000	0.0993584950000000
5.3900_0	2.2054123439099329	0.1507498250000000	0.0983698400000000
5.3900_1	2.1922953846540891	0.1467755950000000	0.1096140650000000
5.3930_0	2.1984596407583732	0.1522089650000000	0.0906927800000000
5.3930_1	2.1955136195781781	0.1555454100000000	0.1019963250000000
5.3970_0	2.1990608728028778	0.1481241550000000	0.1027482000000000
5.3970_1	2.1929240271495014	0.1584124750000000	0.1023109500000000
5.4000_0	2.2033468115147055	0.1530120050000000	0.1000220750000000
5.4000_1	2.1952346968768448	0.1488309400000000	0.1054604300000000
5.4001_0	2.2032932374755054	0.1523695650000000	0.0890777750000000
5.4001_1	2.2013899662219925	0.1572399200000000	0.1026421200000000
5.4060_0	2.2027687346214972	0.1523853700000000	0.0979794050000000
5.4060_1	2.1953866619283096	0.1560679400000000	0.1043469050000000
5.4200_0	2.2032900487308802	0.1605174700000000	0.0968714150000000
5.4230_0	2.2850197189138601	0.2609427500000000	0.1158700750000000
5.4230_1	2.1949826739296978	0.1559977900000000	0.0999842800000000
5.4270_0	2.1987097504292454	0.1555149800000000	0.1086544000000000
5.4270_1	2.1984377161932884	0.1549122550000000	0.1028165900000000
5.4300_0	2.2033946458654046	0.1510046000000000	0.0931564100000000
5.4300_1	2.2025170016599169	0.1587300850000000	0.0993148200000000
5.4350_0	2.2012433574517596	0.1508087450000000	0.1044297400000000
5.4350_1	2.1967242637163098	0.1494531300000000	0.1054035450000000
5.4380_0	2.1962845583577688	0.1556842900000000	0.0962910100000000
5.4380_1	2.1949324229310525	0.1494508200000000	0.0995363800000000
5.4390_0	2.2023738173413796	0.1536576400000000	0.1007664200000000
5.4390_1	2.2014310021360406	0.1573243550000000	0.1013670950000000
5.4400_0	2.2052113280765901	0.1501753700000000	0.0988332850000000
5.4400_1	2.1952292373988715	0.1518788050000000	0.1047911450000000
5.4450_0	2.2024818767196579	0.1557930650000000	0.1023201450000000
5.4450_1	2.1956763880359649	0.1505768550000000	0.1015922950000000
5.4500_0	2.1995595329465982	0.1521125150000000	0.1042430050000000
5.4500_1	2.2006897326146859	0.1453524750000000	0.1002049800000000
5.4540_0	2.1998977627226930	0.1523270350000000	0.0944844100000000
5.4540_1	2.1957659986739544	0.1627367900000000	0.0877204700000000
5.4570_0	2.2037073883117708	0.1547663000000000	0.0993685650000000
5.4570_1	2.1951673836132124	0.1414599650000000	0.1010429350000000
5.4600_0	2.2007070991789450	0.1555589100000000	0.0975048350000000
5.4600_1	2.1953541647109023	0.1479020200000000	0.0960590000000000
5.4601_0	2.2023567736459748	0.1520778500000000	0.0740242950000000
5.4601_1	2.1953012192605681	0.1512814300000000	0.0999573300000000
5.4602_0	2.1984529717076189	0.1495708800000000	0.1044754700000000
5.4602_1	2.2000810318377226	0.1482029000000000	0.0960950850000000
5.4603_0	2.2002818402040218	0.1693790650000000	0.1163823300000000
5.4603_1	2.1997135775313170	0.1553269350000000	0.0946259500000000
5.4700_0	2.2054322372895210	0.1607240750000000	0.1058132400000000
5.4700_1	2.2009898520082225	0.1523073750000000	0.1017691300000000
5.4701_0	2.2033373765194266	0.1447846000000000	0.0980633650000000
5.4701_1	2.2013995586478945	0.1502757150000000	0.0959409800000000
5.4750_0	2.1577519119056165	0.1449400300000000	0.1289241900000000
5.4750_1	2.1971217328977266	0.1497795950000000	0.1023530100000000
5.4800_0	2.2034729263723354	0.1471941400000000	0.1037166650000000
5.4800_1	2.1960110210490420	0.1566926150000000	0.0953785350000000
5.4910_0	2.2054630708380798	0.1467248650000000	0.0962107050000000
5.4910_1	2.1994988986012087	0.1489830950000000	0.1079938250000000
5.4930_0	2.2048143269097196	0.1579200250000000	0.0932401250000000
5.4930_1	2.1966400027149540	0.1471529250000000	0.0979285700000000
5.5000_0	2.2029047990696791	0.1493267900000000	0.0977895000000000
5.5000_1	2.1925225598886646	0.1485890600000000	0.1004899550000000
5.5040_0	2.2022958828502239	0.1440079800000000	0.0955387150000000
5.5040_1	2.1932454639020822	0.1370356850000000	0.0982244750000000
5.5100_0	2.2050622037822150	0.1548691500000000	0.1002690150000000
5.5100_1	2.1961713347125809	0.1475490900000000	0.1022039950000000
5.5101_0	2.2457912310916477	0.2634927050000000	0.1639770350000000
5.5101_1	2.1953573567649354	0.1450381800000000	0.0912695650000000
5.5102_0	2.2047303344717184	0.1646426500000000	0.1146794350000000
5.5102_1	2.2156376343273578	0.1813365900000000	0.1121392050000000
5.5200_0	2.1850920424629026	0.1771528250000000	0.1195376950000000
5.5200_1	2.1958494192392428	0.1528810800000000	0.1022305650000000
5.5210_0	2.2019277309711054	0.1537054100000000	0.1044164750000000
5.5210_1	2.1970677068665605	0.1485835650000000	0.1022382750000000
5.5300_0	2.1985357611668803	0.1536296550000000	0.0975005250000000
5.5300_1	2.1957157399423939	0.1581236500000000	0.1044429200000000
5.5320_0	2.2032394414958087	0.1516320500000000	0.0957264500000000
5.5320_1	2.1926350111222628	0.1497023000000000	0.0944057550000000
5.5500_0	2.2058753713353245	0.1475760000000000	0.1030187250000000
5.5500_1	2.2012871563741858	0.1611810000000000	0.0963112850000000
5.5600_0	2.2060017755219716	0.1546045300000000	0.1028759550000000
5.5600_1	2.1934846005582531	0.1484765150000000	0.1038452050000000
5.5601_0	2.2004760097995177	0.1539053100000000	0.1059136750000000
5.5601_1	2.1952571438346311	0.1728865600000000	0.1188133350000000
5.5650_0	2.2014192703662254	0.1492179550000000	0.0973692150000000
5.5650_1	2.1984842950698926	0.1473895800000000	0.1003414200000000
5.5660_0	2.2041463948314446	0.1493511550000000	0.1023979500000000
5.5700_0	2.2014185296139495	0.1481072300000000	0.1046663950000000
5.5700_1	2.2007363831713529	0.1508805150000000	0.0942886450000000
5.5701_0	2.2023163985215053	0.1651395800000000	0.1089646700000000
5.5701_1	2.1990233578975986	0.1496401700000000	0.0932503800000000
5.5710_0	2.2004385181732720	0.1504443000000000	0.1005463850000000
5.5710_1	2.1967412277160028	0.1512819450000000	0.0924066450000000
5.5780_0	2.2049535713348898	0.1462804250000000	0.0976538500000000
5.5780_1	2.2004313688653880	0.1501937300000000	0.1021777600000000
5.5900_0	2.1999492836217773	0.1565213800000000	0.1027259450000000
5.5900_1	2.1998561244731416	0.1589475000000000	0.0988418550000000
5.6000_0	2.1950657560697273	0.1557344550000000	0.1069797150000000
5.6000_1	2.1987278570915696	0.1785812450000000	0.1146635500000000
5.6001_0	2.2033066726475794	0.1482873550000000	0.0977355350000000
5.6001_1	2.1979001243482568	0.1530285850000000	0.0992788850000000
5.6150_0	2.2028434508890871	0.1543559600000000	0.0989403750000000
5.6150_1	2.2008797559770237	0.1571671200000000	0.1053003200000000
5.6160_0	2.2041236876411872	0.1566589700000000	0.1021958550000000
5.6160_1	2.1947967664604580	0.1498743150000000	0.0996985250000000
5.6180_0	2.2020415558147186	0.1453379600000000	0.1039134000000000
5.6180_1	2.1988130452694041	0.1571370150000000	0.0963387200000000
5.6240_0	2.2004207580513340	0.1480148100000000	0.1098602650000000
5.6240_1	2.1958732903175413	0.1484882650000000	0.0987880600000000
5.6260_0	2.2047199917441280	0.1427636350000000	0.0957827500000000
5.6260_1	2.2013866312756529	0.1493762250000000	0.0940805150000000
5.6290_0	2.2000801172588975	0.1518022850000000	0.1072206900000000
5.6300_0	2.2050914723815915	0.1504243250000000	0.0822657650000000
5.6300_1	2.2014402427999373	0.1445937000000000	0.0996477850000000
5.6301_0	2.2014938032749560	0.1563432750000000	0.1013334000000000
5.6301_1	2.2007057431917585	0.1488245250000000	0.0942381250000000
56.3100_0	2.1996277507682027	0.1539929700000000	0.0983094000000000
56.3100_1	2.1994163759839389	0.1488610000000000	0.0943650750000000
5.6370_0	2.2000400240235605	0.1533925650000000	0.1037525100000000
5.6370_1	2.1980055516794952	0.1523520450000000	0.0948536700000000
5.6400_0	2.2026547750381473	0.1481497400000000	0.0989300650000000
5.6400_1	2.1978347399020501	0.1532746150000000	0.0980007400000000
5.6410_0	2.1984644893360712	0.1561786800000000	0.1023834600000000
5.6410_1	2.2101981247485059	0.1803252850000000	0.1301536250000000
5.6420_0	2.2033203479192260	0.1531016200000000	0.1046445200000000
5.6420_1	2.1966177206646864	0.1485341400000000	0.0967645150000000
5.6421_0	2.2036259213306004	0.1617918250000000	0.0919650100000000
5.6421_1	2.1987437108618155	0.1506248550000000	0.1036324050000000
5.6500_0	2.2039472915274767	0.1552853850000000	0.1003436500000000
5.6500_1	2.1985510331904936	0.1488753600000000	0.0965709250000000
5.6580_0	2.1998853418342450	0.1540710450000000	0.0904587350000000
5.6640_0	2.2024435798386000	0.1565523900000000	0.1019963550000000
5.6640_1	2.1976708753569896	0.1515215800000000	0.1079932550000000
5.6760_0	2.2034571931832079	0.1533646300000000	0.1043807800000000
5.6760_1	2.2019128749972712	0.1892634200000000	0.1083444450000000
5.6800_0	2.2019911112036050	0.1545620850000000	0.1011690750000000
5.6800_1	2.1985901654494211	0.1409554800000000	0.1024490250000000
5.6860_0	2.1996379807060986	0.1580530150000000	0.1036195100000000
5.6860_1	2.2014373828057177	0.1620149500000000	0.0990094300000000
5.6890_0	2.1963493742138906	0.1510227900000000	0.1014063000000000
5.6890_1	2.1961900599780781	0.1603100200000000	0.1021239250000000
5.6900_0	2.2040741016436312	0.1525109450000000	0.0937224900000000
5.6900_1	2.1984655123729926	0.1504437200000000	0.0966459050000000
5.6901_0	2.2033454775345298	0.1512073800000000	0.0982769650000000
5.6901_1	2.1949641243897187	0.1483810250000000	0.1030087400000000
5.7160_0	2.2013984290076225	0.1446628500000000	0.1006501400000000
5.7160_1	2.1948727346472250	0.1529814100000000	0.1063642300000000
5.7200_0	2.2002193660713081	0.1495077350000000	0.0967964350000000
5.7200_1	2.1954840463823353	0.1504503200000000	0.1014035250000000
5.7210_0	2.2014063154019019	0.1403040100000000	0.0996726900000000
5.7210_1	2.2014356571341778	0.1415327200000000	0.0947704250000000
5.7300_0	2.2021943472444163	0.1432264950000000	0.0959695500000000
5.7300_1	2.2596697739045850	0.2076584200000000	0.1014463850000000
5.7330_0	2.2003203228175878	0.1510549950000000	0.1017285450000000
5.7330_1	2.1993481932337504	0.1459734750000000	0.0962813950000000
5.7380_0	2.2042357122645799	0.1548162700000000	0.0975578550000000
5.7380_1	2.1942702970628680	0.1552359050000000	0.1053017050000000
5.7400_0	2.1922645203881883	0.1496650350000000	0.1075306500000000
5.7400_1	2.1951825237059692	0.1477115800000000	0.1004559050000000
5.7401_0	2.2024382018348660	0.1581061900000000	0.0894280400000000
5.7401_1	2.1963090719725207	0.1555398650000000	0.0997096750000000
5.7402_0	2.2013252101025915	0.1429538250000000	0.0930018200000000
5.7402_1	2.1924234907242033	0.1599990500000000	0.0947321300000000
5.7403_0	2.2018074236924123	0.1603729850000000	0.1004787900000000
5.7403_1	2.1991828752371214	0.1494976000000000	0.1017189350000000
5.7404_1	2.1927024572474028	0.1551885250000000	0.1093719800000000
5.7470_0	2.2024151862213728	0.1579604150000000	0.1009276450000000
5.7470_1	2.1947675391921262	0.1519976500000000	0.1015369300000000
5.7500_0	2.2051272180695110	0.1558597450000000	0.1043437600000000
5.7500_1	2.1986382040403054	0.1490468500000000	0.0989839750000000
5.7501_0	2.2033220418270640	0.1581433900000000	0.1169575550000000
5.7501_1	2.1970877187119937	0.1611694650000000	0.0885589000000000
5.7600_0	2.2008789329370773	0.1523140800000000	0.1039091250000000
5.7600_1	2.1895927291943620	0.1606824850000000	0.1093650050000000
5.7601_0	2.1975833437689594	0.1584318150000000	0.1052004100000000
5.7601_1	2.1971133192917418	0.1584116550000000	0.1037972950000000
5.7602_0	2.2047001556677888	0.1458812850000000	0.1003832100000000
5.7602_1	2.1973424636628445	0.1720816300000000	0.0972687150000000
5.7700_0	2.2027864665549113	0.1482748450000000	0.0988997450000000
5.7700_1	2.1965954190719108	0.1573010000000000	0.0990471800000000
5.7701_0	2.2014240030688104	0.1516794000000000	0.1015231650000000
5.7701_1	2.2011090833724984	0.1541030100000000	0.1043421800000000
5.7702_0	2.2063780761400253	0.1555528750000000	0.0956494350000000
5.7702_1	2.1994772486379111	0.1548697900000000	0.0978335050000000
5.7760_0	2.2006721624300525	0.1570721300000000	0.1034582500000000
5.7760_1	2.1989645830940225	0.1624331550000000	0.0934097050000000
5.7820_0	2.1966360175050821	0.1497545700000000	0.1046125900000000
5.7820_1	2.1960390662190439	0.1471299750000000	0.1066107700000000
5.7860_0	2.2025105478426270	0.1472911600000000	0.1000373750000000
5.7860_1	2.1958510401347735	0.1445079350000000	0.0940396750000000
5.8080_0	2.2034441372445199	0.1449597550000000	0.0958207600000000
5.8080_1	2.1534958591099240	0.1691994650000000	0.1094526650000000
5.8100_0	2.2024640442012169	0.1477821700000000	0.0966761000000000
5.8100_1	2.1968792586957160	0.1517612800000000	0.0989789250000000
5.8120_0	2.2049321854148016	0.1598191100000000	0.1102270200000000
5.8120_1	2.1995901567671670	0.1501413600000000	0.0996215650000000
5.8130_0	2.2015808341953353	0.1491897850000000	0.1020725600000000
5.8130_1	2.1982695448535750	0.1536321850000000	0.0943375900000000
5.8200_0	2.2057628614519884	0.1540609350000000	0.0951671000000000
5.8200_1	2.2014457866223860	0.1576274550000000	0.1013904450000000
5.8201_0	2.2025533435982778	0.1533945250000000	0.1044537500000000
5.8201_1	2.1964024622745471	0.1468334000000000	0.1004183400000000
5.8300_0	2.2021990122090638	0.1536474350000000	0.0904359250000000
5.8300_1	2.1946982305467451	0.1440709850000000	0.0929914350000000
5.8340_0	2.2015290450206186	0.1583104750000000	0.1091160050000000
5.8340_1	2.1960254657900635	0.1527393650000000	0.0998983150000000
5.8400_0	2.2120445887278017	0.1653439450000000	0.1121058450000000
5.8400_1	2.2006818336113350	0.1718315300000000	0.1030264100000000
5.8440_1	2.1965809313984228	0.1592396950000000	0.0999866800000000
5.8500_0	2.2028359131200483	0.1680524900000000	0.1030594100000000
5.8510_0	2.2052162740709402	0.1471807450000000	0.0972064300000000
5.8510_1	2.1978035948728389	0.1542305900000000	0.0988340450000000
5.8700_0	2.2023494169626212	0.1456627100000000	0.1034944300000000
5.8700_1	2.1982773035417673	0.1647660100000000	0.0964044850000000
5.8701_0	2.1984375222043289	0.1401748450000000	0.0974185250000000
5.8701_1	2.1948626078794877	0.1510613850000000	0.1044553650000000
5.8702_0	2.2034947802066136	0.1613909000000000	0.1006281200000000
5.8702_1	2.1962836255103899	0.1590776750000000	0.0854993050000000
5.8703_0	2.1984450385132179	0.1658961200000000	0.1079810800000000
5.8703_1	2.2023048882386114	0.1577344850000000	0.0961344300000000
5.8750_0	2.2040932492187557	0.1500126150000000	0.1009175150000000
5.8750_1	2.2013541740366871	0.1556171200000000	0.0902417900000000
5.8820_0	2.2046851768807709	0.1537110150000000	0.1015420200000000
5.8820_1	2.1963146716715114	0.1477733250000000	0.1025812650000000
5.8900_0	2.2033314125784478	0.1534573250000000	0.0933747150000000
5.8900_1	2.2006193924870976	0.1449269200000000	0.1037437550000000
5.8901_0	2.2027715853902547	0.1491677750000000	0.0976150650000000
5.8901_1	2.1934368514851039	0.1493967700000000	0.0989132750000000
5.9100_0	2.2001143301305861	0.1558980550000000	0.0978470950000000
5.9100_1	2.1934108602571611	0.1734744250000000	0.1105527550000000
5.9140_0	2.1985389356271865	0.1421140450000000	0.0979266650000000
5.9140_1	2.1954432380181186	0.1622925850000000	0.0993586600000000
5.9170_0	2.2013293669546155	0.1512062750000000	0.0997813800000000
5.9170_1	2.1991742760250044	0.1470045550000000	0.0962954550000000
5.9310_0	2.1994094174035301	0.1562063900000000	0.1004351500000000
5.9310_1	2.1971832354011140	0.1539615850000000	0.0993402100000000
5.9430_0	2.2014438635729130	0.1457530000000000	0.1000074450000000
5.9430_1	2.1959617257972521	0.1503769300000000	0.1037656350000000
5.9440_0	2.2033251260188580	0.1495572400000000	0.0954757200000000
5.9440_1	2.1966273263740570	0.1547086600000000	0.1035867800000000
5.9441_0	2.1984563669273998	0.1695613500000000	0.1014143250000000
5.9441_1	2.2013049761370076	0.1625970550000000	0.0900850600000000
5.9520_0	2.2011130058703210	0.1572539900000000	0.1019306350000000
5.9520_1	2.1965807349544741	0.1455705350000000	0.0981691350000000
5.9600_0	2.2062794128275738	0.1492331250000000	0.1048924350000000
5.9600_1	2.2692015095848310	0.2230341950000000	0.1177247050000000
5.9700_0	2.2000939086196838	0.1488884550000000	0.0971512400000000
5.9700_1	2.1966946939224452	0.1568074050000000	0.0969345750000000
5.9750_0	2.2059164208630131	0.1590442850000000	0.1083179350000000
5.9750_1	2.1962955075972461	0.1467714000000000	0.0960525550000000
5.9900_0	2.2001175917245654	0.1541347700000000	0.0973597800000000
5.9900_1	2.1992813889215297	0.1604659000000000	0.1062551450000000
6.0100_0	2.1985397458071443	0.1572153450000000	0.0849840650000000
6.0100_1	2.1994122633743172	0.1544791500000000	0.0970757000000000
6.0300_0	2.2001780661320178	0.1520320350000000	0.1119961100000000
6.0300_1	2.1957291869921853	0.1551634050000000	0.0992792250000000
6.0330_0	2.2013881366161168	0.1519952450000000	0.1043033950000000
6.0330_1	2.1983706712501707	0.1532345650000000	0.0991731600000000
6.0450_0	2.2030475730058505	0.1510799200000000	0.1064569200000000
6.0450_1	2.1946354750151542	0.1504112500000000	0.1047599600000000
6.0480_0	2.2021960944515762	0.1440491750000000	0.0991126000000000
6.0480_1	2.1460355677393959	0.1327109950000000	0.1148093400000000
6.0500_0	2.2005444261705116	0.1599389000000000	0.1095113800000000
6.0500_1	2.1956424410269983	0.1533747850000000	0.1015070400000000
6.0501_0	2.2033232653818207	0.1448168550000000	0.0955460950000000
6.0501_1	2.1948819321112021	0.1585194300000000	0.1025848200000000
6.0530_0	2.2059531640430450	0.1577092750000000	0.0977208200000000
6.0530_1	2.1983831538051692	0.1708300550000000	0.1017273000000000
6.0590_0	2.2001666859342865	0.1505839950000000	0.1054401100000000
6.0590_1	2.1978174933426651	0.1637231750000000	0.1035207600000000
6.0610_0	2.2051405846901768	0.1558723450000000	0.0948884800000000
6.0610_1	2.2427093309385997	0.1959461350000000	0.1294955300000000
6.0700_0	2.2052645987280721	0.1523131700000000	0.0980537550000000
6.0700_1	2.1984085930796446	0.1639214450000000	0.1164743400000000
6.0701_0	2.2052750282710516	0.1535344600000000	0.1054569300000000
6.0701_1	2.2015136250996838	0.1575390100000000	0.1008149850000000
6.0720_1	2.1958738246483973	0.1507821000000000	0.0939229800000000
6.0800_0	2.2039301142996233	0.1539736350000000	0.1023543900000000
6.0800_1	2.1989777545603313	0.1529150300000000	0.1020252250000000
6.0860_0	2.2033969130338376	0.1471711100000000	0.0993973800000000
6.0860_1	2.2000847153575420	0.1464650800000000	0.0956022650000000
6.0870_0	2.2029084752566521	0.1472366850000000	0.0993478050000000
6.0870_1	2.1963220967392223	0.1613315350000000	0.1059998200000000
6.0990_0	2.2046296678735970	0.1511570900000000	0.0970435650000000
6.0990_1	2.1979648524704429	0.1524292050000000	0.0992244800000000
6.1000_0	2.2043098738111406	0.1511357050000000	0.0997043050000000
6.1000_1	2.1963391542697352	0.1522954150000000	0.0967317300000000
6.1001_0	2.2044888591692731	0.1574691250000000	0.1054025350000000
6.1001_1	2.2014024886666737	0.1612588000000000	0.1044532600000000
6.1070_0	2.1978616458060847	0.1507837200000000	0.0963955650000000
6.1070_1	2.1994665650730854	0.1604294650000000	0.1008816600000000
6.1090_0	2.2010075641816944	0.1471795050000000	0.1002412250000000
6.1090_1	2.1958659838428360	0.1425266600000000	0.0934889250000000
6.1210_0	2.2039533030678182	0.1565881950000000	0.0984469250000000
6.1210_1	2.1984428867202235	0.1790918300000000	0.1110051700000000
6.1211_0	2.2013593571217567	0.1444566750000000	0.1011169800000000
6.1211_1	2.1934275843882256	0.1477407850000000	0.1026758950000000
6.1330_0	2.1973214896534521	0.1557253900000000	0.0966667100000000
6.1330_1	2.1963101523718400	0.1593332950000000	0.1031525350000000
6.1380_0	2.2042208229671618	0.1509569800000000	0.0976602100000000
6.1380_1	2.1967225397972836	0.1410835300000000	0.0955128000000000
6.1400_0	2.2011800790440099	0.1472036200000000	0.0954853550000000
6.1400_1	2.1972893401934721	0.1603806000000000	0.0946743100000000
6.1401_0	2.2033342660987123	0.1471159450000000	0.0954374300000000
6.1401_1	2.1954460691679705	0.1539276350000000	0.1034644250000000
6.1530_0	2.2023061910346589	0.1538582650000000	0.1014760500000000
6.1530_1	2.1761798364436831	0.1459702750000000	0.1017271350000000
6.1590_0	2.2040922714102895	0.1522903700000000	0.0999400000000000
6.1590_1	2.1999395729241891	0.1392830100000000	0.1004371300000000
6.1600_0	2.2051423707968874	0.1522416100000000	0.0945879750000000
6.1600_1	2.1962787226169955	0.1550179700000000	0.1014310350000000
6.1601_0	2.1991655106967243	0.1581699650000000	0.0903150150000000
6.1601_1	2.2044912456436641	0.1714572550000000	0.1175025400000000
6.1700_0	2.2041219092737863	0.1518746300000000	0.1038028800000000
6.1700_1	2.1682499326797311	0.1392056000000000	0.1285881950000000
6.1701_0	2.2014917168565593	0.1612685800000000	0.0996357700000000
6.1701_1	2.2012844410498880	0.1578305100000000	0.0890840800000000
6.1740_0	2.1991291276348437	0.1524366600000000	0.0992861200000000
6.1800_0	2.2042656782828520	0.1559465600000000	0.0975535200000000
6.1800_1	2.1946503928997636	0.1546826050000000	0.1038632750000000
6.1930_0	2.2003431788588244	0.1491859850000000	0.1049895450000000
6.1930_1	2.1991858520653129	0.1537304900000000	0.1043183450000000
6.2000_0	2.2000996456249475	0.1543012700000000	0.1000527400000000
6.2000_1	2.1959843983434610	0.1586683250000000	0.0986493650000000
6.2080_0	2.2014546721663462	0.1550888050000000	0.1004485300000000
6.2080_1	2.1975967014057045	0.1486783850000000	0.1017325000000000
6.2120_0	2.2028083718738674	0.1462319000000000	0.0964435100000000
6.2120_1	2.1983931479818217	0.1569297500000000	0.1009961450000000
6.2170_0	2.2012166962943929	0.1524803550000000	0.0995581300000000
6.2170_1	2.1992607956516457	0.1557868950000000	0.1068951450000000
6.2240_0	2.1962076682141896	0.1465365800000000	0.1017183700000000
6.2240_1	2.1998038225217589	0.1394509600000000	0.0997227000000000
6.2300_0	2.2000385939355169	0.1581882050000000	0.0988875450000000
6.2300_1	2.1995658202082482	0.1495041800000000	0.1051867450000000
6.2400_0	2.1996763896156954	0.1562440300000000	0.1001681600000000
6.2400_1	2.1959532037642262	0.1517497150000000	0.1027927350000000
6.2401_0	2.2002030604647675	0.1578952000000000	0.1047873750000000
6.2401_1	2.1970336721395269	0.1559593200000000	0.0994417450000000
6.2420_0	2.2052478228013794	0.1525721150000000	0.1011560050000000
6.2420_1	2.1984868918347931	0.1525488500000000	0.0997228650000000
6.2500_0	2.2047436625571679	0.1520561250000000	0.0977030900000000
6.2500_1	2.1946002948715861	0.1497176800000000	0.1042551200000000
6.2501_0	2.2037608322520472	0.1613273100000000	0.1071965150000000
6.2501_1	2.1966062734060863	0.1527493850000000	0.0928149900000000
6.2520_0	2.2028954823415710	0.1526246050000000	0.1051758200000000
6.2520_1	2.1992965500261676	0.1557560500000000	0.0917674250000000
6.2600_1	2.1982220285427254	0.1492413350000000	0.0983179100000000
6.2601_0	2.2057693504669817	0.1525242150000000	0.0941808900000000
6.2601_1	2.1984593201509690	0.1532816250000000	0.1035474450000000
6.2620_0	2.2034407889463674	0.1551157000000000	0.0979133450000000
6.2620_1	2.1985541176747811	0.1487681500000000	0.0975577150000000
6.2800_1	2.1977634508459545	0.1550054150000000	0.1029270700000000
6.3000_0	2.1996209196305454	0.1537972800000000	0.1050797100000000
6.3000_1	2.2003615211607985	0.1473527350000000	0.0894233550000000
6.3001_0	2.1993082970817341	0.1580443750000000	0.1013561350000000
6.3001_1	2.1958411560214808	0.1495786550000000	0.0945924500000000
6.3200_0	2.2014226089551574	0.1493332050000000	0.1049559800000000
6.3200_1	2.2004270644280983	0.1634827250000000	0.1115993250000000
6.3300_0	2.2013965666980631	0.1569865950000000	0.1008554300000000
6.3300_1	2.1989952821051117	0.1420664300000000	0.0979445600000000
6.3400_0	2.2057114231202779	0.1479063950000000	0.0995173950000000
6.3401_0	2.2026153195511031	0.1623652200000000	0.0962847100000000
6.3401_1	2.1941364450112903	0.1495363250000000	0.1032067750000000
6.3460_0	2.2029775039929391	0.1549891450000000	0.1075199500000000
6.3460_1	2.2077106491070535	0.1854438900000000	0.1153005900000000
6.3500_0	2.2025177886042338	0.1604978250000000	0.1043798550000000
6.3500_1	2.1943643852349877	0.1569373250000000	0.1067486100000000
6.3620_0	2.1971223014417518	0.1648081100000000	0.1092663850000000
6.3620_1	2.1954853647291599	0.1483573350000000	0.0988436900000000
6.3870_0	2.2002497518580610	0.1492804600000000	0.0982950750000000
6.3870_1	2.2009568814524365	0.1488284400000000	0.1014542900000000
6.3880_0	2.2052472589406409	0.1514486900000000	0.0963691250000000
6.3880_1	2.1978788082788867	0.1483011250000000	0.1021859550000000
6.3900_0	2.2018460535322357	0.1578201650000000	0.1021703100000000
6.3900_1	2.1950035305695961	0.1568951050000000	0.1044787500000000
6.4030_0	2.1996291540805193	0.1583603450000000	0.1060149700000000
6.4030_1	2.1949430395623479	0.1500068450000000	0.1032651300000000
6.4110_0	2.2021409752712224	0.1543412450000000	0.0995318850000000
6.4110_1	2.1967109989798894	0.1482532850000000	0.0985273950000000
6.4120_0	2.2030201367987088	0.1546205400000000	0.0925066200000000
6.4120_1	2.1983308372223496	0.1611426200000000	0.1025324000000000
6.4300_0	2.2020737884816772	0.1524180700000000	0.0956290650000000
6.4300_1	2.2001831555346669	0.1485495550000000	0.0968769400000000
6.4301_0	2.2042511094829225	0.1563035800000000	0.1012413350000000
6.4301_1	2.1974753577061787	0.1529589750000000	0.1033460750000000
6.4500_0	2.2109516364497046	0.1854487400000000	0.1189376800000000
6.4500_1	2.1970687446236070	0.1526250350000000	0.0958577950000000
6.4560_0	2.2050820376584048	0.1530451300000000	0.1122082550000000
6.4560_1	2.1964192060430001	0.1563838100000000	0.1051765350000000
6.4600_0	2.2054061578770647	0.1518140450000000	0.1034690550000000
6.4600_1	2.1974435541528439	0.1489842250000000	0.0988526750000000
6.4601_0	2.2044068417303695	0.1542286050000000	0.1058250550000000
6.4601_1	2.1774112231561378	0.1664689800000000	0.1050925750000000
6.4800_0	2.2041221853291688	0.1515006250000000	0.0995294800000000
6.4800_1	2.1985091429674273	0.1445189300000000	0.0954766700000000
6.5000_0	2.1984589934005161	0.1820787350000000	0.1226778450000000
6.5000_1	2.1962748020434284	0.1457919850000000	0.0932165250000000
6.5001_0	2.2040697557240385	0.1518975850000000	0.1010179500000000
6.5001_1	2.1942351584589419	0.1531618950000000	0.1056138550000000
6.5002_0	2.1964619666491059	0.1577391200000000	0.1019044950000000
6.5002_1	2.1998339489075045	0.1581472100000000	0.0960282150000000
6.5070_0	2.2037657381036198	0.1523931500000000	0.0813115300000000
6.5070_1	2.1927988565814029	0.1732903200000000	0.1170407150000000
6.5100_0	2.2009689176394351	0.1514395800000000	0.1006037800000000
6.5100_1	2.1991168996799901	0.1397000300000000	0.0982710800000000
6.5220_0	2.2051764855558216	0.1519332050000000	0.1102566900000000
6.5220_1	2.1963197266537793	0.1536704650000000	0.1005072700000000
6.5290_0	2.2009637731389060	0.1559052150000000	0.0976741450000000
6.5290_1	2.1945866507561620	0.1439968900000000	0.0993603250000000
6.5300_0	2.2038548385993639	0.1480188700000000	0.0971854500000000
6.5300_1	2.2012580392744274	0.1541818100000000	0.1042699700000000
6.5340_0	2.2003823404085328	0.1502505650000000	0.1006268450000000
6.5340_1	2.1963332413431225	0.1515305300000000	0.1029564700000000
6.5350_0	2.2005432775585665	0.1560943400000000	0.0911187850000000
6.5350_1	2.1979821938905508	0.1587604100000000	0.1023231250000000
6.5400_0	2.2030958301672992	0.1507923600000000	0.1006524850000000
6.5400_1	2.1991623419212774	0.1427311600000000	0.1010732300000000
6.5500_0	2.2030754893994784	0.1545577300000000	0.0981716900000000
6.5500_1	2.1958533139750926	0.1561716350000000	0.1026234950000000
6.5600_0	2.2047200621477998	0.1498378550000000	0.0967133500000000
6.5600_1	2.2005472746439314	0.1506695200000000	0.0922238050000000
6.5601_0	2.2019883968793761	0.1533543700000000	0.0989694500000000
6.5601_1	2.1970644943272708	0.1578495150000000	0.1032940900000000
6.5880_0	2.2014387704365008	0.1479429050000000	0.0941939750000000
6.5880_1	2.2006208609561999	0.1673299450000000	0.0999122300000000
6.5900_0	2.2034095302581136	0.1515849250000000	0.0902935700000000
6.5900_1	2.1973199996349324	0.1537993750000000	0.0990809200000000
6.5901_0	2.2053787830233449	0.1529464800000000	0.0972131350000000
6.5901_1	2.2911457407622162	0.2487896500000000	0.0571455100000000
6.6090_0	2.2013483436948147	0.1507728500000000	0.0936089500000000
6.6090_1	2.1951152080816820	0.1545125650000000	0.0955783500000000
6.6200_0	2.2013994782779971	0.1520862950000000	0.1015120550000000
6.6200_1	2.1965772994014330	0.1535931700000000	0.0917316250000000
6.6300_0	2.2471762397433355	0.2173572600000000	0.1480765350000000
6.6300_1	2.2013035079086358	0.1457821900000000	0.0972120600000000
6.6400_0	2.2024309097661363	0.1545510950000000	0.1078100950000000
6.6400_1	2.2014215951296081	0.1559413650000000	0.1055650700000000
6.6401_0	2.2014077365433566	0.1663736500000000	0.1137017850000000
6.6401_1	2.1965591767703772	0.1565069400000000	0.1029161350000000
6.6460_0	2.2013161792717715	0.1579037400000000	0.1092026100000000
6.6460_1	2.2925027756789653	0.2752496050000000	0.1250609050000000
6.6600_0	2.2308253594681253	0.1978632850000000	0.1126405200000000
6.6600_1	2.1984681362457628	0.1482208200000000	0.1004914050000000
6.7000_0	2.2006899937069413	0.1486254000000000	0.0959851350000000
6.7000_1	2.1949146016444478	0.1479790900000000	0.1003590450000000
6.7100_0	2.2011122317586431	0.1538809350000000	0.1057730650000000
6.7100_1	2.1968046608873153	0.1540689550000000	0.1027483650000000
6.7101_0	2.2024701568803833	0.1516885250000000	0.0991490300000000
6.7101_1	2.1995964227755076	0.1569338100000000	0.0980501300000000
6.7120_0	2.1998459592458457	0.1591877450000000	0.1072612300000000
6.7120_1	2.1950914551553566	0.1572298050000000	0.1192344750000000
6.7400_0	2.2579693207178448	0.2089551100000000	0.1261092600000000
6.7400_1	2.1992941712817626	0.1599148200000000	0.0961900350000000
6.7500_0	2.1985146885513016	0.1697514850000000	0.1144582550000000
6.7500_1	2.1970971130287844	0.1576209750000000	0.1021671650000000
6.7501_0	2.2009209211952201	0.1575698300000000	0.1068860400000000
6.7501_1	2.1996786173412235	0.1494138950000000	0.1035432600000000
6.7700_0	2.2030456852599118	0.1460341250000000	0.0950691750000000
6.7700_1	2.2014276035219518	0.1474473100000000	0.1017937000000000
6.7900_0	2.2033951428785614	0.1562713800000000	0.0998037350000000
6.7900_1	2.1958544281812493	0.1636787000000000	0.0884128400000000
6.7901_0	2.2018112173585975	0.1540605100000000	0.0987340600000000
6.7901_1	2.1970760385255117	0.1534229750000000	0.0984969200000000
6.8000_0	2.2057504680086129	0.1554184050000000	0.0973709300000000
6.8000_1	2.1952389360872533	0.1499212250000000	0.1024353750000000
6.8040_0	2.2025770733535026	0.1511302150000000	0.1038161650000000
6.8040_1	2.1970555668132548	0.1520076350000000	0.0925710750000000
6.8100_0	2.2034458971048831	0.1509772500000000	0.1020576600000000
6.8100_1	2.1914192087398860	0.1687120950000000	0.0934721600000000
6.8200_0	2.2018054611921523	0.1541160900000000	0.0973052750000000
6.8300_0	2.2008886670174839	0.1575398850000000	0.0997887550000000
6.8400_0	2.2024297188835695	0.1532601750000000	0.0992024400000000
6.8400_1	2.1927494009632387	0.1526242300000000	0.1122991250000000
6.8640_0	2.1882690735846535	0.1504403750000000	0.1154008650000000
6.8640_1	2.1991498095811179	0.1446804400000000	0.1011467000000000
6.8800_0	2.2020820743319036	0.1518047850000000	0.0950324300000000
6.8800_1	2.1974203982170817	0.1519163350000000	0.1033281500000000
6.8801_0	2.2026733478808613	0.1488165700000000	0.1002537100000000
6.8801_1	2.1979123742648188	0.1462188750000000	0.1026174700000000
6.8802_0	2.1984634429652905	0.1413939100000000	0.0925114400000000
6.8802_1	2.2007223588911340	0.1461809350000000	0.0988174450000000
6.8803_0	2.2051392915339867	0.1552049250000000	0.0997238450000000
6.8803_1	2.1962836080612766	0.1533433250000000	0.0994649050000000
6.8900_0	2.2027475762461606	0.1538603100000000	0.1047646900000000
6.8900_1	2.1990588579079504	0.1626174200000000	0.1020877550000000
6.9000_0	2.2014249036179834	0.1518415900000000	0.1019779050000000
6.9000_1	2.1916703287221191	0.1559406050000000	0.1026083350000000
6.9020_0	2.2043674944227396	0.1566145300000000	0.1044115100000000
6.9020_1	2.2004268295168847	0.1538119800000000	0.0994481700000000
6.9500_0	2.1984393454947058	0.1654869150000000	0.1120499250000000
6.9500_1	2.1975796716988429	0.1541183600000000	0.0904982450000000
6.9700_0	2.2033523122010550	0.1447823900000000	0.0966334000000000
6.9700_1	2.1962308473247001	0.1548803600000000	0.1010341450000000
6.9730_0	2.2047440702562686	0.1567566050000000	0.0938720250000000
6.9730_1	2.1989919416856312	0.1521981850000000	0.0947291300000000
6.9800_0	2.2045351611884940	0.1519600150000000	0.1005454350000000
6.9800_1	2.1920758936770270	0.1792362900000000	0.1102138200000000
6.9801_0	2.1985230703200722	0.1519129250000000	0.0998550750000000
6.9801_1	2.2014518152421871	0.1571530100000000	0.0991185000000000
6.9820_0	2.2289062510022402	0.2090033300000000	0.1188079200000000
6.9820_1	2.1970787965849117	0.1501232050000000	0.1018800300000000
6.9900_0	2.1984269543803108	0.1642505850000000	0.1107600500000000
6.9900_1	2.2015506466248227	0.1813631800000000	0.1127260100000000
6.9901_0	2.2025902476257104	0.1502963600000000	0.0974376900000000
6.9901_1	2.1968233210652222	0.1477379950000000	0.0944886600000000
7.0000_0	2.2031861296952977	0.1587407050000000	0.1043398050000000
7.0000_1	2.2003617783199090	0.1586850500000000	0.1008481750000000
7.0001_0	2.1984873689554170	0.1486223150000000	0.0996878800000000
7.0001_1	2.1935094047001522	0.1484677500000000	0.0989348400000000
7.0100_0	2.2019371321761603	0.1528102450000000	0.0975324900000000
7.0100_1	2.1979231880679677	0.1385709050000000	0.1007980050000000
7.0101_0	2.2027934841941250	0.1520018000000000	0.0961231650000000
7.0101_1	2.2052212939635085	0.1765072750000000	0.1175399600000000
7.0200_0	2.2037468606374011	0.1514534200000000	0.0883650850000000
7.0200_1	2.1949337205368469	0.1531342300000000	0.1013011000000000
7.0220_0	2.2047234007056500	0.1469056500000000	0.0960124250000000
7.0220_1	2.1984579732205791	0.1544567650000000	0.0983020700000000
7.0400_0	2.2041282313341259	0.1560644350000000	0.0976412550000000
7.0400_1	2.1974647178747690	0.1528959450000000	0.1000877500000000
7.0500_0	2.2034446818187159	0.1524743200000000	0.0976447800000000
7.0500_1	2.1945712927285044	0.1504447150000000	0.1044634600000000
7.0520_0	2.1984811113272618	0.1609179800000000	0.1119532150000000
7.0520_1	2.1996527742631358	0.1496885650000000	0.0993572450000000
7.0530_0	2.2032872668025645	0.1599392700000000	0.1053876950000000
7.0530_1	2.2005414713948777	0.1597860750000000	0.0924370000000000
7.0600_0	2.2026515736011674	0.1455639500000000	0.0978439500000000
7.0600_1	2.1925690802016979	0.1583991450000000	0.1083591850000000
7.0700_0	2.2024655941022200	0.1579378500000000	0.1130629900000000
7.0700_1	2.1946240133365027	0.1577462800000000	0.1032688950000000
7.0900_0	2.2025744547472992	0.1556282800000000	0.0987292550000000
7.0900_1	2.1984569589642518	0.1525116600000000	0.0968526600000000
7.0901_0	2.1990696348004048	0.1569024200000000	0.1034648850000000
7.0901_1	2.1984665544922231	0.1544276400000000	0.0923919800000000
7.1000_0	2.2004005032320766	0.1511929850000000	0.0989872850000000
7.1000_1	2.1945327926200711	0.1569083550000000	0.1033625200000000
7.1100_0	2.1994568164855721	0.1552261950000000	0.1047415500000000
7.1100_1	2.1992077478016450	0.1411541850000000	0.0982929650000000
7.1200_0	2.2007501969194445	0.1512184500000000	0.0902168900000000
7.1200_1	2.1993044805168331	0.1508457800000000	0.0979524950000000
7.1201_0	2.2039853508410125	0.1517603800000000	0.1003092750000000
7.1201_1	2.2009565614325290	0.1418316900000000	0.0940252500000000
71.3400_0	2.2000986506912961	0.1499277900000000	0.0984231000000000
71.3400_1	2.1994333806643547	0.1511294050000000	0.0928892050000000
7.1500_0	2.2014281353180984	0.1484681600000000	0.0983370500000000
7.1500_1	2.1961665390982845	0.1598974800000000	0.1046647750000000
7.1501_0	2.2521223013958065	0.2354348100000000	0.1210873550000000
7.1501_1	2.1985270624705402	0.1535190600000000	0.1091038950000000
7.1600_0	2.1985916825232814	0.1551526300000000	0.0970391700000000
7.1600_1	2.1984427457581610	0.1462975000000000	0.0945029500000000
7.1760_0	2.2017308126766189	0.1599854400000000	0.0989606200000000
7.1760_1	2.1996239216806410	0.1542580050000000	0.0965045300000000
7.1800_0	2.2022234866334389	0.1456780800000000	0.1000040400000000
7.1800_1	2.1990100386859761	0.1465885300000000	0.1009299350000000
7.1801_0	2.2021018246977597	0.1494271900000000	0.1001116350000000
7.1801_1	2.2015616304450840	0.1615683750000000	0.0958560350000000
7.2000_0	2.2011514732465272	0.1573791850000000	0.1097132750000000
7.2100_0	2.2019267871759984	0.1547725150000000	0.0933120200000000
7.2100_1	2.1962734184683508	0.1500373650000000	0.0946259600000000
7.2110_0	2.2033119436101467	0.1626576650000000	0.1105200800000000
7.2110_1	2.1973299476639747	0.1618362900000000	0.0998877300000000
7.2200_0	2.2029172768821299	0.1528571100000000	0.0952665800000000
7.2230_0	2.1984738591473199	0.1496297600000000	0.1023209600000000
7.2230_1	2.1985140164731445	0.1530920650000000	0.1042608950000000
7.2300_1	2.1989124175186912	0.1790549350000000	0.1088283250000000
7.2400_0	2.2050514955791383	0.1530077950000000	0.0976594250000000
7.2400_1	2.1993104131819714	0.1549779450000000	0.1012462700000000
7.2500_0	2.2033201571765146	0.1539459150000000	0.0987934200000000
7.2500_1	2.2002433301956676	0.1518836650000000	0.0965780750000000
7.2600_0	2.2043687262944753	0.1558759000000000	0.1025377550000000
7.2600_1	2.1959808805000245	0.1499990250000000	0.1007746650000000
7.3300_0	2.2023572288780864	0.1571538150000000	0.0930124400000000
7.3300_1	2.1949886106664076	0.1540892650000000	0.1009090500000000
7.3500_0	2.2033660783446818	0.1474011250000000	0.0940910450000000
7.3500_1	2.1944454692030537	0.1563548000000000	0.0908734200000000
7.3700_0	2.2052856062330144	0.1674017950000000	0.1048975000000000
7.3700_1	2.1998348007691386	0.1514226050000000	0.1038499950000000
7.3800_0	2.1985054015478491	0.1407492750000000	0.0942875300000000
7.3800_1	2.1971196914984903	0.1499575050000000	0.1047107100000000
7.3810_0	2.2099082021127843	0.1652164900000000	0.1073701850000000
7.3810_1	2.1984232439859226	0.1505307900000000	0.0919635200000000
7.3840_0	2.2005575440603526	0.1532847400000000	0.0951844750000000
7.3840_1	2.1959811491879284	0.1521710650000000	0.1062905200000000
7.3900_0	2.2014448184381918	0.1518344300000000	0.0957025050000000
7.4120_0	2.2007416369604398	0.1479718550000000	0.1012391750000000
7.4120_1	2.1966143154327464	0.1429712950000000	0.1070673750000000
7.4230_0	2.2005742514471138	0.1532688350000000	0.0970823000000000
7.4230_1	2.1954075958866834	0.1530567200000000	0.1084911850000000
7.4500_0	2.2001458936418392	0.1565944400000000	0.1032603450000000
7.4500_1	2.1972650842221930	0.1499349700000000	0.0927478850000000
7.4600_0	2.1982193825669465	0.1514595200000000	0.1104743150000000
7.4600_1	2.1998946055856972	0.1555695150000000	0.0918173800000000
7.4601_0	2.2031349819293657	0.1454403650000000	0.1003867950000000
7.4601_1	2.1974952655706468	0.1585718700000000	0.1049014900000000
7.4700_0	2.2399670597473382	0.1950126950000000	0.1206260000000000
7.4700_1	2.1953391554396804	0.1630072150000000	0.1134314800000000
7.4800_0	2.2046200831595923	0.1557754300000000	0.0898838200000000
7.4800_1	2.1966773306390657	0.1539912200000000	0.1006153500000000
7.4801_0	2.2001942899074067	0.1539831900000000	0.0970762350000000
7.4801_1	2.1973478767603596	0.1544352650000000	0.0972634000000000
7.5000_1	2.1978576983650684	0.1564153800000000	0.1005768250000000
7.5010_0	2.2000719706732292	0.1593801650000000	0.1034814050000000
7.5010_1	2.1987513167759265	0.1562629350000000	0.0989785650000000
7.5100_0	2.2032957916425264	0.1517074650000000	0.0985179300000000
7.5100_1	2.1962567996168540	0.1509149250000000	0.1043502900000000
7.5160_0	2.2001935168884015	0.1590088850000000	0.1059778700000000
7.5160_1	2.1942829951846408	0.1522943300000000	0.0970315500000000
7.5300_0	2.2014260438160376	0.1590486750000000	0.0936186950000000
7.5300_1	2.2015233568921140	0.1518837400000000	0.0947569750000000
7.5500_0	2.2008351074102093	0.1612863200000000	0.1010412350000000
7.5500_1	2.1988708135905046	0.1570936800000000	0.1045579250000000
7.5501_0	2.2018576057191703	0.1419293850000000	0.0962366450000000
7.5501_1	2.1956292406270341	0.1460693650000000	0.0942427300000000
7.5700_0	2.1995850077298313	0.1581241450000000	0.1035469100000000
7.5700_1	2.1987876756777056	0.1562914050000000	0.0958368500000000
7.5900_0	2.2001194404483262	0.1517803800000000	0.1080534750000000
7.5900_1	2.1984766401689275	0.1493591350000000	0.1024371150000000
7.5901_0	2.2035193932513550	0.1632920350000000	0.1018913900000000
7.5901_1	2.2014586566325720	0.1577098650000000	0.0969210250000000
7.6000_0	2.1999106732531821	0.1485265100000000	0.1033860000000000
7.6000_1	2.1845357436770412	0.1578684200000000	0.1104870750000000
7.6400_0	2.2006768446490668	0.1480733250000000	0.1034670750000000
7.6400_1	2.2018385927817663	0.1543871500000000	0.1009514700000000
7.6420_0	2.2008518499054310	0.1529636800000000	0.1015122950000000
7.6420_1	2.1999150701098733	0.1510026650000000	0.1010221450000000
7.6600_0	2.1996540196832908	0.1519969300000000	0.0929999950000000
7.6600_1	2.2008920716636262	0.1565667650000000	0.1026834400000000
7.6700_0	2.2005625944037135	0.1555025850000000	0.1045486850000000
7.6700_1	2.1984792933115993	0.1551344450000000	0.1047261450000000
7.6730_0	2.2014640710074205	0.1506362850000000	0.0963504650000000
7.6730_1	2.1976638518385387	0.1568684950000000	0.1025960700000000
7.6900_0	2.2020888857549203	0.1481267100000000	0.0989355700000000
7.6900_1	2.1962384121812182	0.1589670250000000	0.1068449700000000
7.6901_0	2.1997950382501967	0.1453572800000000	0.1006472350000000
7.6901_1	2.1995276726002140	0.1532792300000000	0.1031416400000000
7.6902_0	2.2013291068159342	0.1595125850000000	0.1005496650000000
7.6902_1	2.1958998591946277	0.1507512150000000	0.0964723550000000
7.7000_0	2.2025788008838001	0.1472616500000000	0.0977390000000000
7.7000_1	2.1978205971518721	0.1472922950000000	0.1044516550000000
7.7100_0	2.1995855142052112	0.1533703950000000	0.1022465900000000
7.7100_1	2.1992641931870933	0.1439851100000000	0.0989323100000000
7.7101_0	2.2024403350010520	0.1508234650000000	0.1045307600000000
7.7101_1	2.2029074806362519	0.1594443600000000	0.0926040050000000
7.7200_0	2.1992264274823250	0.1559179150000000	0.0911182300000000
7.7200_1	2.1988439536048339	0.1632901200000000	0.0958906550000000
7.7600_0	2.2000823824582199	0.1563352900000000	0.1024282100000000
7.7700_0	2.2021388855053776	0.1486127200000000	0.0999141000000000
7.7700_1	2.1956083337382979	0.1584006100000000	0.1081972250000000
7.7701_0	2.2007051849344585	0.1601906800000000	0.0903752500000000
7.7701_1	2.2013741491646690	0.1478638200000000	0.0926682600000000
7.7720_0	2.2024691090729940	0.1541258300000000	0.0974540500000000
7.7720_1	2.1961391571384277	0.1516904500000000	0.0987238250000000
7.7800_0	2.2034389881836915	0.1581902300000000	0.0984267150000000
7.7800_1	2.1957618336313582	0.1527087450000000	0.0943311400000000
7.7801_0	2.2027832426837146	0.1537515350000000	0.0980451050000000
7.7801_1	2.1984000369166146	0.1516367450000000	0.1054115250000000
7.7802_0	2.1991150332068283	0.1462562900000000	0.0993941100000000
7.7802_1	2.1987966161706036	0.1531640500000000	0.0944844150000000
7.8050_0	2.2233034112034082	0.1857706550000000	0.1258406500000000
7.8050_1	2.1989562103641380	0.1425798050000000	0.1003370300000000
7.8100_0	2.2013354361924473	0.1498890600000000	0.1002480600000000
7.8100_1	2.1837223036747084	0.1626487950000000	0.1145116100000000
7.8300_0	2.2057335243265221	0.1575347600000000	0.0997994300000000
7.8300_1	2.1951108377950987	0.1499213950000000	0.0929068400000000
7.8380_0	2.2033761820852118	0.1564137450000000	0.0997644450000000
7.8380_1	2.1982157401769360	0.1505447200000000	0.1003057000000000
7.8400_0	2.2005032945692196	0.1423434650000000	0.1011773750000000
7.8400_1	2.1910124179139392	0.1509619550000000	0.1043390500000000
7.8490_0	2.2042863566130184	0.1532903200000000	0.0981591750000000
7.8490_1	2.1971871441760147	0.1483522350000000	0.0984289650000000
7.8600_0	2.2007562086736621	0.1567825050000000	0.1029860100000000
7.8600_1	2.1977353256883085	0.1557644550000000	0.0967598550000000
7.8601_0	2.2000475873082777	0.1691931150000000	0.1042219850000000
7.8601_1	2.1975524826352850	0.1437882450000000	0.1022395800000000
7.8680_0	2.2149590745876369	0.1782421400000000	0.0749814400000000
7.8680_1	2.2009584445473265	0.1497720450000000	0.0967180500000000
7.8800_0	2.2028699818059496	0.1506681100000000	0.0925687500000000
7.8800_1	2.1976539510842104	0.1543114050000000	0.1012422300000000
7.8900_0	2.2010566192826029	0.1510813550000000	0.0955390150000000
7.8900_1	2.1956000512679839	0.1495477100000000	0.0996526550000000
7.8901_1	2.1987153929710890	0.1514420200000000	0.1038755600000000
7.9100_0	2.2026433560622714	0.1630962000000000	0.1059473600000000
7.9100_1	2.1959751403127674	0.1606501400000000	0.1106290800000000
7.9200_0	2.2020475741576040	0.1504566350000000	0.1047325250000000
7.9200_1	2.1954268001082853	0.1476178950000000	0.1001848950000000
7.9201_0	2.2042984932813341	0.1482010900000000	0.0964683600000000
7.9201_1	2.2013890768769877	0.1500549350000000	0.0944100650000000
7.9202_0	2.2018758545955226	0.1430994600000000	0.1027012800000000
7.9202_1	2.1978715318927984	0.1401450000000000	0.0902343050000000
7.9600_0	2.2007509563994909	0.1438339650000000	0.1007410550000000
7.9600_1	2.1984491909068349	0.1678537200000000	0.1134653050000000
7.9700_0	2.2042307408564965	0.1457617200000000	0.0968718450000000
7.9700_1	2.1991615153432957	0.1468777150000000	0.0959466100000000
7.9720_0	2.2001295209273786	0.1534149400000000	0.0939560050000000
7.9720_1	2.1956360564674497	0.1373728850000000	0.0999569650000000
7.9800_0	2.2003212740401037	0.1573586850000000	0.0945530050000000
7.9800_1	2.1949164868767106	0.1639911150000000	0.1166742350000000
7.9900_0	2.1999173882509324	0.1469220400000000	0.0995538450000000
7.9900_1	2.2000926417763358	0.1584971250000000	0.1015578850000000
7.9901_0	2.2024418798960474	0.1452792650000000	0.1022565900000000
8.0000_1	2.1984587467358834	0.1656044500000000	0.0964393100000000
8.0001_0	2.2006016940777249	0.1597851100000000	0.1030852450000000
8.0001_1	2.1962593511469719	0.1472876250000000	0.0981100450000000
8.0002_0	2.2014103825800135	0.1590712800000000	0.1009378000000000
8.0002_1	2.1946347277542619	0.1466325700000000	0.1043020100000000
8.0100_0	2.2024562909802050	0.1598222850000000	0.1000996200000000
8.0100_1	2.1976546472342169	0.1465850300000000	0.1007072150000000
8.0110_0	2.2019739095167616	0.1420378100000000	0.0961324350000000
8.0110_1	2.1966808236878075	0.1513735150000000	0.1064129850000000
8.0450_0	2.1999976503316101	0.1461826050000000	0.1021671250000000
8.0450_1	2.1986002030477496	0.1602913650000000	0.1010687900000000
8.0600_0	2.2010674550918483	0.1551093300000000	0.1048555000000000
8.0600_1	2.1989920102351506	0.1537156550000000	0.0975655450000000
8.0700_0	2.1994984235417450	0.1508713850000000	0.1017727950000000
8.0700_1	2.1957372308032546	0.1491918050000000	0.1027789100000000
8.0800_0	2.2026158420733739	0.1432293500000000	0.0976282100000000
8.0800_1	2.1951231879998168	0.1510415800000000	0.1036886200000000
8.1000_0	2.2537626833633122	0.1971816500000000	0.1219097650000000
8.1000_1	2.2014315314791526	0.1612191700000000	0.0991377600000000
8.1660_0	2.1983804226833019	0.1570369350000000	0.1054009700000000
8.1660_1	2.1984488217101581	0.1508754250000000	0.0969256150000000
8.1700_0	2.1997968917141448	0.1554388700000000	0.0931970650000000
8.1700_1	2.3665738460796288	0.2681312050000000	0.0952743500000000
8.2000_0	2.2026508139323768	0.1504348800000000	0.0846970350000000
8.2000_1	2.2013775247623140	0.1691429450000000	0.1163170750000000
8.2250_0	2.2001325947980321	0.1515463200000000	0.1008409950000000
8.2250_1	2.1901096099653272	0.1461802900000000	0.1079096300000000
8.2500_0	2.2030253135696864	0.1604558200000000	0.0985495500000000
8.2500_1	2.2014608170085781	0.1489607550000000	0.0980599050000000
8.2630_0	2.2041947725273161	0.1469221000000000	0.1013698800000000
8.2630_1	2.1991093591089892	0.1532004800000000	0.0999565050000000
8.2800_0	2.2024157993213631	0.1404252750000000	0.1025923950000000
8.2800_1	2.1962717833665222	0.1512118200000000	0.0955270250000000
8.3300_0	2.2004115037430778	0.1517097450000000	0.1038002000000000
8.3300_1	2.2180087418043768	0.2011684950000000	0.1078643500000000
8.3400_0	2.2025220292780943	0.1500182800000000	0.0973459050000000
8.3400_1	2.1966224520237874	0.1580675400000000	0.0953510200000000
8.3500_0	2.2027790809592194	0.1565991350000000	0.0988165000000000
8.3500_1	2.1976678096363491	0.1464090450000000	0.0951695050000000
8.3600_0	2.2019504580996188	0.1589814950000000	0.1008174650000000
8.3600_1	2.1972299607819274	0.1419660150000000	0.0991870750000000
8.3710_0	2.1982167649735738	0.1694060750000000	0.1166893300000000
8.3710_1	2.1991929608404761	0.1505981000000000	0.0994954750000000
8.3880_0	2.2004683969306140	0.1466484850000000	0.0965272050000000
8.3880_1	2.1951407000413710	0.1608987300000000	0.1019032550000000
8.4400_0	2.2027134397562125	0.1522734800000000	0.0980813900000000
8.4800_0	2.2001140898149627	0.1572928250000000	0.1034924350000000
8.4800_1	2.1974003153347867	0.1577464750000000	0.1015208600000000
8.6200_0	2.2026549883496669	0.1661444500000000	0.1071214250000000
8.6200_1	2.1976873336432012	0.1576191500000000	0.1024856800000000
8.6300_1	2.2000659136824066	0.1711655500000000	0.1161856500000000
8.6301_0	2.2024286435800153	0.1538559250000000	0.1054987200000000
8.6301_1	2.2001212720317018	0.1537651750000000	0.1054999250000000
8.7400_0	2.1976391382673421	0.1554703400000000	0.1044254250000000
8.7400_1	2.1747388301083710	0.1406209150000000	0.1048522600000000
8.8200_0	2.2019786928558065	0.1545183300000000	0.1040741550000000
8.8200_1	2.1983652744737903	0.1537835350000000	0.1024662550000000
8.8600_0	2.2034581680247025	0.1445774700000000	0.0982599900000000
8.8600_1	2.1983775789654407	0.1465308500000000	0.0964189800000000
8.9300_0	2.2018470154208623	0.1479871450000000	0.0970494850000000
8.9300_1	2.1951184867450237	0.1483995300000000	0.1012231750000000
8.9500_0	2.1984544535117911	0.1617959500000000	0.1083701800000000
8.9500_1	2.1979756815671019	0.1485502950000000	0.1008999600000000
8.9600_0	2.1976537239326634	0.1528771850000000	0.0932619600000000
8.9600_1	2.1987065658700251	0.1481406850000000	0.0975764950000000
8.9800_0	2.2004955639981461	0.1518332650000000	0.0969232000000000
8.9800_1	2.1984608013582805	0.1507133150000000	0.1018853050000000
8.9900_0	2.2015851713094317	0.1447789700000000	0.0956912200000000
8.9900_1	2.1973833618759264	0.1495504650000000	0.1034144550000000
9.0100_0	2.1984917846305945	0.1446781200000000	0.1081760650000000
9.0100_1	2.1805227059284973	0.1642922550000000	0.1156411050000000
9.0101_0	2.2028079631763866	0.1484177750000000	0.1034622000000000
9.0101_1	2.1974680397552220	0.1449048000000000	0.0976593650000000
9.1300_0	2.1984675115727139	0.1380318900000000	0.0938527100000000
9.1300_1	2.2005815494075365	0.1570128200000000	0.0861032950000000
9.1301_0	2.2023728476073066	0.1560191000000000	0.1002351200000000
9.1301_1	2.1950015015283757	0.1452896350000000	0.0960331500000000
9.1400_0	2.2005814025605783	0.1547714600000000	0.1042871950000000
9.1400_1	2.1959876964743326	0.1538442300000000	0.1022762100000000
9.1401_0	2.2001046413564893	0.1629157950000000	0.0998255000000000
9.1401_1	2.1986405558468114	0.1508498450000000	0.1031860300000000
9.1402_0	2.1969231285607465	0.1675622050000000	0.0964813850000000
9.1402_1	2.1984043083536173	0.1578194100000000	0.1042292400000000
91.6300_0	2.2003309968563656	0.1582559900000000	0.1023265400000000
91.6300_1	2.2003723188082018	0.1483231750000000	0.0978856000000000
9.1700_0	2.2022216705702320	0.1607519450000000	0.1124841150000000
9.1700_1	2.1990036777317972	0.1563203950000000	0.1028246400000000
9.1900_0	2.2015961713232035	0.1681504950000000	0.1028127050000000
9.1900_1	2.2562788665185081	0.2275407350000000	0.1229473600000000
9.2300_0	2.2004438616120230	0.1495833950000000	0.1014105100000000
9.2300_1	2.1984428887501752	0.1549985350000000	0.0977607750000000
9.2400_0	2.2014218592308881	0.1415419750000000	0.0939460800000000
9.2400_1	2.1975054173437676	0.1561596150000000	0.1045764000000000
9.2401_0	2.2033492382106492	0.1506126950000000	0.1021638950000000
9.2401_1	2.1970177745835304	0.1474915750000000	0.1069722150000000
9.2600_0	2.4346721963328162	0.2798393550000000	0.1159674550000000
9.2600_1	2.1984659285714834	0.1806861650000000	0.1078059100000000
9.2601_0	2.2010503357399518	0.1463977550000000	0.1016526750000000
9.2601_1	2.1983946528804310	0.1673999500000000	0.1171937000000000
9.3130_0	2.2009556085872872	0.1511864350000000	0.0991562750000000
9.3130_1	2.1941897039455189	0.1420303450000000	0.0947183250000000
9.3300_0	2.2014587355199451	0.1480278550000000	0.0968555500000000
9.3300_1	2.1989544941572872	0.1546648350000000	0.0982167850000000
9.4200_0	2.2007841552186012	0.1542272350000000	0.1032913650000000
9.4200_1	2.1991437772254110	0.1609345600000000	0.0930501400000000
9.4500_0	2.2019541213784670	0.1495245100000000	0.0988124400000000
9.5000_0	2.2000543762710167	0.1474539150000000	0.0980808100000000
9.5000_1	2.1963003233344831	0.1601900000000000	0.1063667700000000
9.5400_0	2.2014487122528812	0.1443173250000000	0.0958058850000000
9.5400_1	2.1988755766135188	0.1509156550000000	0.0985201650000000
9.5800_0	2.2029233537011446	0.1474581650000000	0.1068013850000000
9.5800_1	2.1999678984567890	0.1457501350000000	0.0995962600000000
9.5870_0	2.1977130566537499	0.1612333850000000	0.1002981950000000
9.5870_1	2.1984019044892604	0.1513476450000000	0.1002622100000000
9.5900_0	2.2017223278714426	0.1350036050000000	0.1007846050000000
9.5900_1	2.2001727568260585	0.1551644600000000	0.0757370700000000
9.6030_0	2.2002496166753298	0.1538907200000000	0.0972543750000000
9.6030_1	2.1998470131022487	0.1533473000000000	0.1009342300000000
9.6600_0	2.2004573871576580	0.1527369400000000	0.1044032250000000
9.6600_1	2.1993871519805230	0.1566278750000000	0.0824964350000000
9.6601_0	2.2007177511819473	0.1459555150000000	0.1012051300000000
9.6601_1	2.1984128978420556	0.1751414500000000	0.1088026800000000
9.6700_0	2.2009157909219765	0.1543221750000000	0.0978028850000000
9.6700_1	2.1976322631504499	0.1561088350000000	0.1081528100000000
9.7900_0	2.1994569685813508	0.1473520750000000	0.1008994950000000
9.7900_1	2.1979578300631104	0.1513396350000000	0.1013070750000000
