10.0400_0	2.2021387815623243	0.1591197950000000	0.0856261100000000
10.0400_1	2.1961550890785313	0.1533992950000000	0.0995408850000000
10.1000_0	2.2000701255886108	0.1524620600000000	0.1033589650000000
10.1000_1	2.2016945840158417	0.1618218300000000	0.1132179000000000
10.1300_0	2.2035757377389151	0.1675614950000000	0.1005487500000000
10.1300_1	2.1989356223989822	0.1419443350000000	0.0989025300000000
10.1930_0	2.2038224710588921	0.1582551100000000	0.1037878100000000
10.1930_1	2.1978964004804835	0.1384356550000000	0.0911210500000000
10.2700_0	2.2007763107577869	0.1485433050000000	0.1033959700000000
10.2700_1	2.2001369509140050	0.1547486500000000	0.0877274150000000
10.3000_1	2.1981637047870715	0.1464746700000000	0.1017513100000000
10.3800_0	2.2005860802806549	0.1534839200000000	0.0988818400000000
10.3800_1	2.1957791179051425	0.1543363650000000	0.0982383800000000
10.3900_0	2.1985196056037246	0.1499807100000000	0.1029428000000000
10.3900_1	2.2060618030093435	0.1636871900000000	0.1114962600000000
10.4200_0	2.2027955300284114	0.1514718350000000	0.0979260850000000
10.4200_1	2.1972733527658597	0.1522815550000000	0.0990501950000000
10.6100_1	2.1884811851156010	0.1653826900000000	0.1221292550000000
10.6200_0	2.2035461823858631	0.1647989650000000	0.0992950800000000
10.6200_1	2.1977794889070146	0.1423695750000000	0.0892738400000000
10.7300_0	2.2029276154978219	0.1515807600000000	0.0851499100000000
10.7300_1	2.2087975609399395	0.1893979650000000	0.1097998700000000
10.7600_0	2.2031094895166317	0.1466916150000000	0.0985592850000000
10.7600_1	2.1984714314459213	0.1778224600000000	0.1108056200000000
10.8800_0	2.2014950977600440	0.1448189500000000	0.0888182750000000
10.8800_1	2.1958073261724476	0.1596042550000000	0.1041462750000000
10.9200_0	2.2030591704940821	0.1447732450000000	0.0924290450000000
10.9200_1	2.2022434213554432	0.1681271500000000	0.1166776600000000
10.9300_0	2.2052486954935460	0.1710979500000000	0.1131202550000000
10.9300_1	2.1973940869166739	0.1398797100000000	0.0955156700000000
10.9600_0	2.1973125747296760	0.1478071950000000	0.1154844950000000
10.9600_1	2.5590159799430623	0.3156406550000000	0.0805215750000000
11.0400_0	2.1998938601796048	0.1465206050000000	0.0980342100000000
11.0400_1	2.1988909823285447	0.1452132600000000	0.1019164000000000
11.0600_0	2.2034943984776341	0.1581444650000000	0.0946505600000000
11.0600_1	2.1990960827477473	0.1548276200000000	0.0931014900000000
11.0800_0	2.2013984099541930	0.1563961400000000	0.0928266200000000
11.0800_1	2.1991767646739193	0.1525509350000000	0.1004323550000000
11.1200_0	2.2013900302940934	0.1481222150000000	0.1007779600000000
11.1200_1	2.4016119986747597	0.2880940350000000	0.1111792000000000
11.1900_0	2.2005297704275342	0.1475467750000000	0.0975389750000000
11.1900_1	2.1959958387154166	0.1526022950000000	0.1036518650000000
11.3800_0	2.2013888772133079	0.1639573800000000	0.1101865700000000
11.3800_1	2.1995542354178896	0.1554050400000000	0.1020096250000000
11.4400_0	2.4729863171431457	0.2891172250000000	0.1164976650000000
11.4400_1	2.1976154340083793	0.1567384300000000	0.1001363250000000
11.4600_0	2.2015889791763779	0.1531029600000000	0.0931546550000000
11.4600_1	2.1981586355132881	0.1440681900000000	0.1031158450000000
11.5300_0	2.2014083249717959	0.1452118650000000	0.0947024500000000
11.6400_0	2.2001577366107341	0.1537166200000000	0.1027257900000000
11.6400_1	2.1990531359810674	0.1528430050000000	0.1015439500000000
11.7000_0	2.1984090793166788	0.1704092500000000	0.1042408100000000
11.7000_1	2.1990306909355049	0.1620293850000000	0.0998959750000000
11.7001_0	2.2024490399337311	0.1524956900000000	0.1097765450000000
11.7001_1	2.1984736672098291	0.1703002750000000	0.1061526550000000
11.7002_0	2.2000676683451603	0.1499241350000000	0.1030920800000000
11.7002_1	2.1955029988084043	0.1506827000000000	0.1004357950000000
11.7450_1	2.2013768563580922	0.1636413150000000	0.1056287900000000
11.7600_0	2.2014380124019755	0.1489178600000000	0.0944565450000000
11.7600_1	2.1959712235441664	0.1490503300000000	0.0990514100000000
11.8200_0	2.2004739164595573	0.1567949800000000	0.0988176950000000
11.8200_1	2.1968522407250135	0.1459529100000000	0.1014186550000000
11.8700_0	2.2029019914000001	0.1505422050000000	0.0943162500000000
11.8700_1	2.1972442850462541	0.1430835900000000	0.0959305800000000
11.9600_0	2.1996629736362805	0.1673402750000000	0.1030532750000000
11.9600_1	2.1954138487293440	0.1564669450000000	0.1036965150000000
12.1600_0	2.2022737088542903	0.1516530350000000	0.0966359200000000
12.1600_1	2.1976177028432042	0.1508263550000000	0.1022988150000000
12.2300_0	2.1980602201298183	0.1644113750000000	0.1058184850000000
12.2300_1	2.1985231438339170	0.1514328750000000	0.0921030150000000
12.3100_0	2.2010274913169838	0.1520239400000000	0.0981140600000000
12.3100_1	2.1974229074967577	0.1570177100000000	0.0893461850000000
12.4700_0	2.1984818583750769	0.1643148400000000	0.1106341300000000
12.4700_1	2.1978620770458734	0.1427668650000000	0.0953668100000000
12.5600_0	2.2171696386578632	0.1902226650000000	0.1323895450000000
12.5600_1	2.1978789433755037	0.1442730500000000	0.1077103100000000
12.6200_0	2.2006654870426332	0.1440756450000000	0.1024861550000000
12.6200_1	2.2009323498340594	0.1597558500000000	0.1070584850000000
12.6400_0	2.2001060261769108	0.1524343700000000	0.0948711650000000
12.6400_1	2.1963366897377012	0.1571824150000000	0.0980590250000000
12.8900_0	2.2019051122772240	0.1529093750000000	0.1037558850000000
12.8900_1	2.1943049732118971	0.1774819200000000	0.1227451900000000
13.0600_0	2.2017323622321130	0.1445477300000000	0.1016583600000000
13.0600_1	2.1947332774853598	0.1411078950000000	0.0990599350000000
13.1900_1	2.1972191347999388	0.1697026350000000	0.1130398900000000
13.2100_0	2.2006707261486933	0.1488351450000000	0.1001263150000000
13.2100_1	2.1978688320202213	0.1556675650000000	0.1015420350000000
13.2101_0	2.2028853074146495	0.1502755700000000	0.0976032750000000
13.2101_1	2.1984282369492933	0.1555360550000000	0.1014480100000000
13.3200_0	2.2026808229905299	0.1666796700000000	0.0917402900000000
13.3200_1	2.1996887215175924	0.1455775100000000	0.0945596300000000
13.4200_1	2.1994328229332112	0.1634814400000000	0.1180434800000000
13.9800_0	2.2021738782353038	0.1479455500000000	0.0986884150000000
13.9800_1	2.2076076344202562	0.1777327950000000	0.1002613950000000
14.1600_0	2.2033354231585567	0.1574901000000000	0.1070187550000000
14.1600_1	2.1976366131694283	0.1496025550000000	0.1059889650000000
14.7200_0	2.2000351103326730	0.1443201550000000	0.0995854050000000
147.4900_0	2.1998864073146298	0.1441286750000000	0.0949939500000000
147.4900_1	2.1992680525473145	0.1555545100000000	0.0998257950000000
15.1400_0	2.2002612760721378	0.1452618300000000	0.0982547650000000
15.1400_1	2.1987270276154773	0.1553306700000000	0.1052265650000000
15.4300_0	2.2007507554550654	0.1541358900000000	0.0908933500000000
16.3900_0	2.2022583222163381	0.1553517400000000	0.0873793900000000
16.4200_0	2.2008891991652910	0.1479099000000000	0.0991634500000000
16.4200_1	2.1993980127950792	0.1491994650000000	0.0898428900000000
16.7800_0	2.1997040435169160	0.1420864600000000	0.1027782050000000
16.7800_1	2.1992232505085965	0.1495007600000000	0.0931250400000000
17.2000_0	2.2124185269214509	0.1802849000000000	0.1239802750000000
17.2000_1	2.1984383226009294	0.1420945950000000	0.1018819250000000
19.1500_0	2.2016862882026635	0.1565386100000000	0.1004652100000000
19.1500_1	2.2171859180324738	0.1994232450000000	0.1067707000000000
26.7440_0	2.2001013078163298	0.1462246900000000	0.0993715300000000
26.7440_1	2.1969067418140069	0.1532012600000000	0.1000697850000000
27.1600_0	2.2010071150086983	0.1525513950000000	0.0885027950000000
27.1600_1	2.1998396027202620	0.1501911150000000	0.0973199500000000
27.7100_0	2.2019591337519224	0.1468987700000000	0.0949198600000000
27.7100_1	2.1999058696351517	0.1494273550000000	0.1016424950000000
32.8900_0	2.2008875496321747	0.1563653450000000	0.1034987650000000
32.8900_1	2.1981134513085112	0.1444501750000000	0.0970052350000000
35.4700_0	2.2000140996963826	0.1478613600000000	0.1036550950000000
35.4700_1	2.1996068202983947	0.1505682150000000	0.1056542850000000
36.2800_0	2.2008591042855312	0.1455824800000000	0.0954558450000000
36.2800_1	2.1993966384636767	0.1437113900000000	0.0986886500000000
40.8400_0	2.2002091067610516	0.1476412900000000	0.1003302350000000
40.8400_1	2.1982961016684639	0.1612948450000000	0.1027703550000000
46.7500_0	2.2018391698814019	0.1550478700000000	0.1018489800000000
46.7500_1	2.1970616128463010	0.1538130650000000	0.1077083000000000
47.2000_0	2.1984743872112746	0.1580283750000000	0.1013268350000000
47.2000_1	2.1986267954808558	0.1567656950000000	0.1028638550000000
5.0010_0	2.2052998458590656	0.1596417500000000	0.1098593600000000
5.0030_0	2.2033426985947950	0.1494058500000000	0.0920953250000000
5.0030_1	2.1965699512266439	0.1531397950000000	0.0961419550000000
5.0031_0	2.2009918594859390	0.1484470050000000	0.0960641650000000
5.0031_1	2.1964829730492070	0.1524142400000000	0.1015335350000000
5.0032_0	2.2060470654991682	0.1431696750000000	0.0997497900000000
5.0032_1	2.1913936824598017	0.1507654550000000	0.0990227900000000
5.0040_0	2.1992943427131264	0.1549218200000000	0.1023623250000000
5.0040_1	2.1968127263716304	0.1496547250000000	0.0999526700000000
5.0070_0	2.1917204001976143	0.1833278550000000	0.1252386350000000
5.0070_1	2.2009627737937372	0.1597543350000000	0.0986473900000000
5.0071_0	2.2014311728276406	0.1481251350000000	0.1000870250000000
5.0071_1	2.1953314185890664	0.1568336500000000	0.1018998150000000
5.0100_0	2.2052331711652662	0.1555403950000000	0.0945611250000000
5.0100_1	2.2014599841587055	0.1597665150000000	0.1031343000000000
5.0120_0	2.2056872822752385	0.1484271550000000	0.0965844550000000
5.0120_1	2.2014053831049609	0.1766592100000000	0.1093210850000000
50.1400_0	2.1999226661193507	0.1455596850000000	0.1103204250000000
50.1400_1	2.1988979374833373	0.1592393150000000	0.1018736700000000
5.0140_0	2.2080339120535797	0.1560269900000000	0.0996291400000000
5.0140_1	2.1900610453831151	0.1529185250000000	0.0936374400000000
5.0180_0	2.2030990534296810	0.1427412600000000	0.1075165300000000
5.0181_0	2.2016638761893725	0.1548128300000000	0.0986520250000000
5.0181_1	2.1952686778484516	0.1480000050000000	0.1017623200000000
5.0182_0	2.2029889233237259	0.1610578850000000	0.1074877950000000
5.0183_0	2.2021389415630326	0.1623689050000000	0.0898077150000000
5.0183_1	2.1961783815384148	0.1493576250000000	0.1081070700000000
5.0210_0	2.2029445906437179	0.1385855800000000	0.1112323500000000
5.0210_1	2.1957752970609019	0.1519116050000000	0.0927081750000000
5.0230_0	2.2025381278065539	0.1564903500000000	0.1005525750000000
5.0230_1	2.1956364564980260	0.1563084850000000	0.0975839500000000
5.0260_0	2.2005715703560798	0.1409793550000000	0.1019204900000000
5.0260_1	2.1950258309528912	0.1521003950000000	0.1028950000000000
5.0290_0	2.2022504821222291	0.1490125100000000	0.0977925900000000
5.0290_1	2.1937788770160425	0.1534453700000000	0.1011494850000000
5.0300_0	2.2040043827309681	0.1484792050000000	0.1026064550000000
5.0300_1	2.1730384274242516	0.1532546150000000	0.1196721600000000
5.0301_0	2.2051964164052285	0.1593431350000000	0.1083687250000000
5.0301_1	2.1920861773198319	0.1416294200000000	0.1018401850000000
5.0302_0	2.2069745821910796	0.1410291300000000	0.1065526650000000
5.0310_0	2.2033840310647763	0.1415955550000000	0.1014058850000000
5.0310_1	2.1962069092784735	0.1512869650000000	0.0938507350000000
5.0340_0	2.2001119948463925	0.1615362700000000	0.0932152850000000
5.0340_1	2.1931369089678272	0.1543344550000000	0.1074238650000000
5.0341_0	2.2004067848062840	0.1524129300000000	0.1058814600000000
5.0341_1	2.1985738123219960	0.1442823350000000	0.0988189200000000
5.0370_0	2.2039686549224866	0.1591606750000000	0.1096959450000000
5.0370_1	2.2014359218619020	0.1512233500000000	0.1019210200000000
5.0400_0	2.2012675837065281	0.1494116450000000	0.0968537250000000
5.0400_1	2.1984437373236534	0.1504341700000000	0.0971623750000000
5.0401_0	2.2040912469400133	0.1498127450000000	0.0923613500000000
5.0401_1	2.1984491137285476	0.1475305500000000	0.0936697300000000
5.0402_0	2.2073251792057107	0.1508549900000000	0.1097223800000000
5.0402_1	2.1968118404013048	0.1527368000000000	0.0991878150000000
5.0410_0	2.2014486215284328	0.1494589800000000	0.0949033200000000
5.0450_0	2.2019387946588673	0.1502543750000000	0.0978661100000000
5.0450_1	2.2005122056548982	0.1579079000000000	0.0928303800000000
5.0500_0	2.2028636381047222	0.1494436450000000	0.1049866100000000
5.0500_1	2.1973545514285582	0.1512163900000000	0.1013863000000000
5.0501_0	2.2027948980629355	0.1487001900000000	0.1051670950000000
5.0501_1	2.1873215032691045	0.1577007500000000	0.1185891700000000
5.0540_0	2.2047266975058588	0.1581965100000000	0.1009398300000000
5.0600_0	2.2052921562779608	0.1565688400000000	0.0990647600000000
5.0600_1	2.1932449630171242	0.1509860700000000	0.1020773950000000
5.0601_0	2.2024129310393623	0.1462401250000000	0.0964124950000000
5.0601_1	2.1923053084276498	0.1543985000000000	0.1101459550000000
5.0620_0	2.2024873857527858	0.1535524900000000	0.1063506150000000
5.0620_1	2.1919512365617706	0.1524335850000000	0.0954875450000000
5.0700_0	2.2000319638918304	0.1603428800000000	0.1005883600000000
5.0700_1	2.1994675216231476	0.1572875200000000	0.0908961100000000
5.0800_0	2.2034654043785613	0.1581680850000000	0.0968109450000000
5.0800_1	2.1962695991924459	0.1452733800000000	0.0948747300000000
5.0801_0	2.2069397413662575	0.1533667000000000	0.0942918050000000
5.0801_1	2.1957403782393077	0.1475091200000000	0.0983751300000000
5.0900_0	2.2013982653992819	0.1523216000000000	0.0944536550000000
5.0920_0	2.2008158776001769	0.1465221750000000	0.1070862550000000
5.0920_1	2.1947137126708176	0.1514460950000000	0.1028598850000000
5.1000_0	2.2000898742552883	0.1457248500000000	0.0963590150000000
5.1000_1	2.1846370869560596	0.1616262700000000	0.0906305200000000
5.1001_0	2.2056159354328573	0.1492348100000000	0.0904837100000000
5.1001_1	2.1933878663104758	0.1593396050000000	0.1036353800000000
5.1020_0	2.2038647389009247	0.1392859300000000	0.1089492400000000
5.1030_0	2.2002983851360010	0.1576034250000000	0.1106622500000000
5.1030_1	2.2032199754905673	0.1515405850000000	0.1050834100000000
5.1040_0	2.2048703559144269	0.1552522200000000	0.1034366450000000
5.1040_1	2.1969884202403938	0.1611220450000000	0.0973971050000000
5.1080_0	2.1986140047699423	0.1640996900000000	0.1025314750000000
5.1080_1	2.1975961525217977	0.1559030950000000	0.0995721350000000
5.1100_0	2.2033445863095964	0.1530724500000000	0.0950913950000000
5.1100_1	2.1970338628858954	0.1578859550000000	0.0906369050000000
5.1170_0	2.2043704069055368	0.1494031300000000	0.0861327450000000
5.1170_1	2.1963097891174903	0.1499620250000000	0.0948977700000000
5.1180_0	2.2044479470468508	0.1491751600000000	0.0954324500000000
5.1180_1	2.1924923422756089	0.1523568550000000	0.0962119950000000
5.1210_0	2.2026236463265794	0.1529167100000000	0.1019278050000000
5.1210_1	2.1984598769260439	0.1466970050000000	0.0898819400000000
5.1270_0	2.2022254612154097	0.1569468500000000	0.1106036050000000
5.1270_1	2.1982328293461988	0.1591860850000000	0.0965230350000000
5.1310_0	2.2057184387912168	0.1508197100000000	0.1049041600000000
5.1310_1	2.2014225238659577	0.1476967400000000	0.0955669600000000
5.1330_0	2.2034318013181005	0.1512661650000000	0.1013588200000000
5.1330_1	2.1972958586785478	0.1445051000000000	0.1047510650000000
5.1340_0	2.2050892662863593	0.1475056950000000	0.0960688150000000
5.1340_1	2.2014284438919307	0.1522281750000000	0.0986810850000000
5.1341_0	2.2071152467735087	0.1644083850000000	0.1025762950000000
5.1341_1	2.1984050892977107	0.1586158950000000	0.1081265450000000
5.1400_0	2.2037118633725092	0.1424633400000000	0.1020215100000000
5.1400_1	2.2541261804700579	0.2055602250000000	0.0988070200000000
5.1401_1	2.1975934668066999	0.1533732250000000	0.0876560200000000
5.1420_0	2.2009252856002566	0.1532979500000000	0.0959443600000000
5.1420_1	2.1995876353505182	0.1680515750000000	0.0998466400000000
5.1440_0	2.2033924933498152	0.1668214600000000	0.1105771400000000
5.1440_1	2.1978471614525761	0.1429519100000000	0.0977741250000000
5.1441_0	2.2041391173012377	0.1484138400000000	0.1026378550000000
5.1441_1	2.1994107552826003	0.1494752700000000	0.1025260450000000
5.1500_0	2.2066144393904970	0.1619883100000000	0.0981880550000000
5.1500_1	2.2014248413393687	0.1496401700000000	0.0973693100000000
5.1540_0	2.1968441731630959	0.1496144250000000	0.1026266650000000
5.1540_1	2.2036804459456949	0.1559977950000000	0.0974016700000000
5.1590_0	2.2024622628609292	0.1501686700000000	0.0987573600000000
5.1590_1	2.1984525014236973	0.1752220700000000	0.1079151200000000
5.1650_0	2.2014442834044603	0.1637354850000000	0.0890258700000000
5.1650_1	2.1952229891027062	0.1518809350000000	0.1021992150000000
5.1690_0	2.2041503955080195	0.1545125000000000	0.0857118650000000
5.1700_0	2.2043792746140247	0.1513038300000000	0.1081698100000000
5.1700_1	2.1962278358039371	0.1580774400000000	0.0943939800000000
5.1701_0	2.2026087027285315	0.1513019850000000	0.1077064050000000
5.1701_1	2.1941800965532581	0.1508894650000000	0.1001913900000000
5.1760_1	2.1953977206436193	0.1525309150000000	0.1011818750000000
5.1800_0	2.2076135047924890	0.1536751150000000	0.0947200250000000
5.1800_1	2.2013995703137947	0.1554613650000000	0.0930899900000000
5.1830_0	2.1984700914679127	0.1492530150000000	0.1008544650000000
5.1830_1	2.1950672323858211	0.1492866900000000	0.1020208650000000
5.1900_0	2.2026854542236429	0.1408988700000000	0.1012948700000000
5.1900_1	2.2609358756297797	0.2201645650000000	0.1149984050000000
5.1901_0	2.2071211476471260	0.1600914350000000	0.1016068750000000
5.1901_1	2.1976371045778751	0.1403340400000000	0.0964790150000000
5.1902_0	2.2059988097945067	0.1459463950000000	0.0977287650000000
5.2000_0	2.2064092258988999	0.1572282100000000	0.0955603650000000
5.2000_1	2.1966221155624908	0.1522682400000000	0.1000032600000000
5.2001_0	2.2051543510513434	0.1442833650000000	0.0998398300000000
5.2002_0	2.2033261449906236	0.1581875600000000	0.1007138300000000
5.2002_1	2.1985175928294147	0.1602935950000000	0.0997599950000000
5.2003_0	2.1972757872628779	0.1746067550000000	0.0798848800000000
5.2003_1	2.1984361492404689	0.1581687200000000	0.1102504200000000
5.2004_0	2.2038450426534388	0.1584760300000000	0.0942726400000000
5.2004_1	2.1996081135737646	0.1540044650000000	0.0929891400000000
5.2005_0	2.2086470661526865	0.1616646950000000	0.0946299600000000
5.2005_1	2.1926119670215565	0.1451678250000000	0.0917085600000000
5.2006_0	2.2057466332026863	0.1503547850000000	0.1003197300000000
5.2006_1	2.1963172856705895	0.1531383000000000	0.0985683850000000
5.2007_0	2.2040578376781506	0.1563727450000000	0.0898019000000000
5.2008_0	2.2019421242937027	0.1552054500000000	0.0990486250000000
5.2008_1	2.1955843462484252	0.1565496800000000	0.0998633850000000
5.2020_0	2.2061568061402230	0.1515848750000000	0.0859601900000000
5.2020_1	2.1973701105329053	0.1510555800000000	0.0798071400000000
5.2040_0	2.2041419553088040	0.1459706600000000	0.0995099850000000
5.2040_1	2.1955836112484213	0.1419929600000000	0.0961579450000000
5.2100_0	2.2034100189663088	0.1508659350000000	0.0994099950000000
5.2100_1	2.1959532828561765	0.1399216600000000	0.1016462750000000
5.2101_0	2.2011265382905019	0.1543381850000000	0.0931221950000000
5.2101_1	2.1984726431283836	0.1486148450000000	0.0960514050000000
5.2200_0	2.2060332033782966	0.1472644200000000	0.0787532700000000
5.2200_1	2.2015078344782455	0.1511401100000000	0.0966620550000000
5.2201_0	2.2016499994134309	0.1578969050000000	0.0912291350000000
5.2201_1	2.1911127273346698	0.1474408700000000	0.1000457000000000
5.2202_0	2.2039863635542010	0.1586762900000000	0.1046543250000000
5.2202_1	2.1964178952365239	0.1433808300000000	0.1015264000000000
5.2240_0	2.2070359167522806	0.1530537750000000	0.0951992000000000
5.2240_1	2.1993806890445233	0.1494738250000000	0.0906587900000000
5.2241_0	2.1982426317438821	0.1587609100000000	0.0984354050000000
5.2241_1	2.2001883768200359	0.1541777000000000	0.1011615550000000
5.2250_0	2.2019699285924599	0.1616351200000000	0.0980263500000000
5.2250_1	2.1973171213987110	0.1523098950000000	0.1009415700000000
5.2300_0	2.2051838699968020	0.1524371650000000	0.1053406650000000
5.2300_1	2.2001297556791419	0.1539511400000000	0.0950883400000000
5.2301_0	2.2047110604144318	0.1562462800000000	0.1019576400000000
5.2301_1	2.1984705521427603	0.1583207100000000	0.1007714800000000
5.2310_0	2.2012502335050970	0.1570852250000000	0.0930444650000000
5.2310_1	2.1973915400945923	0.1584861800000000	0.1057162450000000
5.2370_0	2.2031317385469213	0.1603603400000000	0.0999373950000000
5.2370_1	2.1923896783489121	0.1472274200000000	0.1008709350000000
5.2500_0	2.2061469672482699	0.1517964650000000	0.1043639550000000
5.2500_1	2.1994152864658401	0.1476397000000000	0.0954850950000000
5.2501_0	2.2057120607098164	0.1510923000000000	0.1082032900000000
5.2501_1	2.1942052129299845	0.1564209550000000	0.1046610100000000
5.2502_0	2.2001075886689114	0.1543353850000000	0.1062096100000000
5.2502_1	2.1981745049849986	0.1488209750000000	0.0944131250000000
5.2560_0	2.2007199594704829	0.1621280200000000	0.0981507600000000
5.2560_1	2.1990320921974389	0.1394964450000000	0.0980588950000000
5.2660_0	2.2021596113581641	0.1541271900000000	0.1007809200000000
5.2660_1	2.1892147672235795	0.1629758100000000	0.1139510150000000
5.2661_1	2.1970388440741693	0.1459054800000000	0.0999337300000000
5.2700_0	2.2000914802298652	0.1489692850000000	0.1053025050000000
5.2700_1	2.1966967023167063	0.1555155000000000	0.1011715650000000
5.2710_0	2.2011108348060597	0.1565735050000000	0.0903867800000000
5.2710_1	2.1732903598785072	0.1511596950000000	0.1042896150000000
5.2740_0	2.2022122191903604	0.1564587000000000	0.0929222050000000
5.2740_1	2.1954942231494226	0.1588687250000000	0.1024093550000000
5.2770_0	2.2040354802145776	0.1486002100000000	0.0970761500000000
5.2770_1	2.1944399446247917	0.1484815950000000	0.0921829000000000
5.2790_0	2.2052096364068401	0.1484541750000000	0.0840522000000000
5.2790_1	2.1960456786078453	0.1510635100000000	0.1051044450000000
5.2870_0	2.2062240908546524	0.1510600100000000	0.0802155600000000
5.2870_1	2.1962161074370137	0.1534726900000000	0.0922968450000000
5.2880_0	2.2070997963227788	0.1547125750000000	0.0972679900000000
5.2880_1	2.1844592541256538	0.1565572150000000	0.1238864950000000
5.2900_0	2.1984114317407712	0.1525357750000000	0.0977679000000000
5.2900_1	2.0573779322751884	0.1237703850000000	0.4078303550000000
5.2901_0	2.2057761218076015	0.1474339650000000	0.0917150600000000
5.2901_1	2.1962740896555362	0.1466647650000000	0.0960887050000000
5.2902_0	2.2070195736721177	0.1502417450000000	0.1025008000000000
5.2902_1	2.1949207389370748	0.1501218050000000	0.0984158250000000
5.2960_0	2.2033735259566907	0.1451761000000000	0.1032462900000000
5.2960_1	2.2007636777165045	0.1581725950000000	0.0991830500000000
5.3000_0	2.1990540209928855	0.1554331000000000	0.0928908250000000
5.3000_1	2.1934695277280554	0.1499328500000000	0.1041701350000000
5.3001_0	2.2042191213324327	0.1447417100000000	0.0990618950000000
5.3001_1	2.1975245538465886	0.1510769350000000	0.0962794050000000
5.3020_0	2.2002135036808363	0.1538188400000000	0.0927249050000000
5.3020_1	2.1966505676977537	0.1424377900000000	0.0971417150000000
5.3060_0	2.2001052249761823	0.1595234550000000	0.1064322400000000
5.3060_1	2.1930908690540205	0.1544858000000000	0.0958653250000000
5.3200_0	2.2057251177007520	0.1535404900000000	0.0917811950000000
5.3200_1	2.3969114902885820	0.2628585450000000	0.1075827800000000
5.3230_0	2.2048373126275851	0.1506209700000000	0.1004674550000000
5.3230_1	2.1938473705534483	0.1535839700000000	0.0962335000000000
5.3240_0	2.2050654670741854	0.1489543250000000	0.0936556750000000
5.3240_1	2.1979382365198279	0.1568029100000000	0.0958317200000000
5.3260_0	2.1984720714168926	0.1451032400000000	0.1003348000000000
5.3260_1	2.1935122977467705	0.1567921200000000	0.1050402900000000
5.3270_0	2.2050793238312756	0.1495665750000000	0.0924945900000000
5.3270_1	2.1994683900171323	0.1512349600000000	0.0948243000000000
5.3280_0	2.1996984566943167	0.1443538650000000	0.1094818050000000
5.3280_1	2.1960189825839813	0.1471683100000000	0.1018102300000000
5.3350_0	2.2057276779934809	0.1470858150000000	0.0930830050000000
5.3360_0	2.2017977656674388	0.1515119650000000	0.1050209650000000
5.3360_1	2.1955485736759077	0.1474981450000000	0.1019201850000000
5.3400_0	2.2046152428203958	0.1441599800000000	0.0928362550000000
5.3400_1	2.1999086873692346	0.1439955350000000	0.1021067400000000
5.3401_0	2.1984261821997557	0.1392058800000000	0.1010960800000000
5.3401_1	2.1963812786271029	0.1444623700000000	0.0946491900000000
5.3402_0	2.2032849149966287	0.1465363300000000	0.1008170100000000
5.3402_1	2.1958833901112200	0.1519710900000000	0.0942413400000000
5.3450_0	2.2063075751387120	0.1496773250000000	0.0982705000000000
5.3450_1	2.1996883601991986	0.1696318350000000	0.1077916700000000
5.3480_0	2.2061421379616650	0.1644807050000000	0.1117269950000000
5.3490_0	2.2033017373667940	0.1565173450000000	0.0996483400000000
5.3490_1	2.1959579282434829	0.1493997800000000	0.0992669150000000
5.3600_0	2.2021010827710112	0.1579143950000000	0.0952163100000000
5.3600_1	2.2014350168923196	0.1483698600000000	0.1013916150000000
5.3630_0	2.2068239043132247	0.1530683500000000	0.1053739350000000
5.3630_1	2.1963210860566380	0.1477849400000000	0.0931257750000000
5.3640_0	2.2027827228766133	0.1464476300000000	0.0992819100000000
5.3640_1	2.2757156774178564	0.2257803450000000	0.1258011850000000
5.3800_0	2.1966369963601009	0.1409781950000000	0.0976565550000000
5.3800_1	2.1990541052868156	0.1526638150000000	0.0997844650000000
5.3850_0	2.2065641616108915	0.1479458300000000	0.1003682450000000
5.3850_1	2.1997914661221469	0.1541486800000000	0.0946974800000000
5.3851_0	2.1975717368803989	0.1490629200000000	0.0989191900000000
5.3851_1	2.1943808067940367	0.1556676250000000	0.0975770650000000
5.3900_0	2.2057193435654425	0.1476823550000000	0.0972348550000000
5.3900_1	2.1915297516515375	0.1322715800000000	0.1020142850000000
5.3930_0	2.1985237786633274	0.1555123650000000	0.0916295500000000
5.3930_1	2.2073958048189870	0.1729872700000000	0.1143343750000000
5.3970_0	2.1998147160975359	0.1482769950000000	0.0986101250000000
5.3970_1	2.1854173801499099	0.1500372950000000	0.1098842800000000
5.4000_0	2.2033091826051274	0.1558544800000000	0.0993301600000000
5.4000_1	2.1954002575947662	0.1462971400000000	0.1057396350000000
5.4001_0	2.2033523108199993	0.1541619050000000	0.0824882700000000
5.4001_1	2.2014067987946899	0.1542312950000000	0.0998947400000000
5.4060_0	2.2040224099699413	0.1547391950000000	0.1032780950000000
5.4060_1	2.1953328625293680	0.1592941050000000	0.1045035300000000
5.4200_0	2.2042117860652666	0.1578045050000000	0.0958086700000000
5.4230_0	2.2145335680755163	0.2227625150000000	0.1320263850000000
5.4230_1	2.1947462715750166	0.1487924400000000	0.0979550600000000
5.4270_0	2.2002302743942375	0.1486650850000000	0.1049197850000000
5.4270_1	2.1984557582831754	0.1525973550000000	0.1003238150000000
5.4300_0	2.2042946518066580	0.1510858450000000	0.0867194150000000
5.4300_1	2.2009069657590472	0.1566820600000000	0.0929743700000000
5.4350_0	2.2021899441972632	0.1570213400000000	0.1113685900000000
5.4350_1	2.1955976019698165	0.1477738550000000	0.1020855600000000
5.4380_0	2.1962742648028102	0.1497598800000000	0.0931533050000000
5.4380_1	2.1952057774023492	0.1567136050000000	0.1034319000000000
5.4390_0	2.2034636249820267	0.1512140100000000	0.1004225350000000
5.4390_1	2.2014324450962288	0.1545069300000000	0.1007397350000000
5.4400_0	2.2058587297474763	0.1514746800000000	0.0974743000000000
5.4400_1	2.1944703691686063	0.1521277800000000	0.1095386450000000
5.4450_0	2.2037616812628888	0.1606952850000000	0.0981788900000000
5.4450_1	2.1946711354848301	0.1455595650000000	0.1026201250000000
5.4500_0	2.2000738323601361	0.1530308300000000	0.1038913100000000
5.4500_1	2.1999673827943065	0.1449926200000000	0.0995613250000000
5.4540_0	2.2005890583385015	0.1501578400000000	0.1008794650000000
5.4540_1	2.1900197774525147	0.1651881050000000	0.0868626350000000
5.4570_0	2.2043861989181837	0.1558528000000000	0.0996871050000000
5.4570_1	2.1944670230773582	0.1417372300000000	0.0970504000000000
5.4600_0	2.2025654878413898	0.1536072750000000	0.0908127350000000
5.4600_1	2.1953852907111737	0.1459351200000000	0.0945394600000000
5.4601_0	2.2039103219926970	0.1546748550000000	0.0664496150000000
5.4601_1	2.1949736604691465	0.1512887150000000	0.0996051950000000
5.4602_0	2.1984939230419998	0.1542374050000000	0.1060202850000000
5.4602_1	2.1993764549127439	0.1489060700000000	0.0952345800000000
5.4603_0	2.2014503900256921	0.1674954200000000	0.1175535150000000
5.4603_1	2.1991111581261640	0.1483576800000000	0.0975174700000000
5.4700_0	2.2056782855113495	0.1562826050000000	0.1060807050000000
5.4700_1	2.2005468954169989	0.1503074200000000	0.1001698100000000
5.4701_0	2.2038849767377595	0.1450440650000000	0.1000591350000000
5.4701_1	2.2014280176088681	0.1533422300000000	0.0940755350000000
5.4750_1	2.1969638212972584	0.1559533400000000	0.1051311000000000
5.4800_0	2.2033269550009908	0.1440732050000000	0.1016728950000000
5.4800_1	2.1962777071766824	0.1605214400000000	0.0992829150000000
5.4910_0	2.2060978921899368	0.1464728350000000	0.0961649050000000
5.4910_1	2.1977545179491638	0.1492008100000000	0.1069855100000000
5.4930_0	2.2062893938764723	0.1610918600000000	0.0932221200000000
5.4930_1	2.1953825982572766	0.1502110400000000	0.0970347850000000
5.5000_0	2.2041078079891356	0.1461965050000000	0.0968962900000000
5.5000_1	2.1921660866069219	0.1467580500000000	0.1032369250000000
5.5040_0	2.2028476792833351	0.1414021500000000	0.0950399000000000
5.5040_1	2.1932997761416173	0.1302531700000000	0.0926822600000000
5.5100_0	2.2058080564343516	0.1521647100000000	0.0940472450000000
5.5100_1	2.1962658207714569	0.1525007500000000	0.1016795650000000
5.5101_1	2.1953694619640376	0.1461465000000000	0.0916180900000000
5.5102_0	2.2025825255820046	0.1646012000000000	0.1221652850000000
5.5102_1	2.2033417504647366	0.1738043850000000	0.0889467550000000
5.5200_1	2.1953172100617588	0.1494658500000000	0.1016092500000000
5.5210_0	2.2026056979570878	0.1520503300000000	0.1076184500000000
5.5210_1	2.1960022397523176	0.1468914350000000	0.1001635750000000
5.5300_0	2.1984754738614711	0.1577637950000000	0.0939777200000000
5.5300_1	2.1958562371260411	0.1520094050000000	0.1043939900000000
5.5320_0	2.2032837143240838	0.1485248050000000	0.0958670900000000
5.5320_1	2.1921419482589872	0.1592046400000000	0.0979827200000000
5.5500_0	2.2068118749063244	0.1510477600000000	0.1025852000000000
5.5500_1	2.1970679450416193	0.1639377900000000	0.1002229100000000
5.5600_0	2.2067902874376082	0.1603687250000000	0.1007976300000000
5.5600_1	2.1924941964328037	0.1451668450000000	0.1020240750000000
5.5601_0	2.1995000996270271	0.1556898350000000	0.1051201500000000
5.5601_1	2.1913604302533436	0.1577049050000000	0.1176323150000000
5.5650_0	2.2014721884938719	0.1550528950000000	0.0988137600000000
5.5650_1	2.1984554260915399	0.1311066600000000	0.0983326450000000
5.5660_0	2.2050220077307086	0.1483372250000000	0.1028546050000000
5.5700_0	2.2027335238083476	0.1566688350000000	0.1028703900000000
5.5700_1	2.1996423063023927	0.1485398600000000	0.0957341750000000
5.5701_0	2.2012950814499104	0.1624321800000000	0.1118985750000000
5.5701_1	2.1974836151467256	0.1448906950000000	0.0922002550000000
5.5710_0	2.2019244772623492	0.1488630200000000	0.1001986250000000
5.5710_1	2.1955508902840153	0.1436078050000000	0.0908313300000000
5.5780_0	2.2057593511390015	0.1460743750000000	0.0953277300000000
5.5780_1	2.2001036067675841	0.1474498000000000	0.1034507000000000
5.5900_0	2.2008418145065711	0.1486163450000000	0.1001388100000000
5.5900_1	2.1990034338362268	0.1543097050000000	0.0981335450000000
5.6000_0	2.1963425149223164	0.1617958300000000	0.1044809900000000
5.6000_1	2.1984739696108750	0.1784259400000000	0.1186430500000000
5.6001_0	2.2033761573052484	0.1455261350000000	0.1002437250000000
5.6001_1	2.1974557148778291	0.1500164100000000	0.0991844700000000
5.6150_0	2.2042480472294614	0.1527571150000000	0.1026674150000000
5.6150_1	2.1982161360945467	0.1713511200000000	0.1165279150000000
5.6160_0	2.2047275053690836	0.1527925200000000	0.0936891500000000
5.6160_1	2.1934785171179909	0.1577954250000000	0.1041902600000000
5.6180_0	2.2028768357033002	0.1449140450000000	0.1037831750000000
5.6180_1	2.1971106457305760	0.1518696850000000	0.0991100650000000
5.6240_0	2.2020585224333598	0.1427539200000000	0.1092042250000000
5.6240_1	2.1953026172969681	0.1534617900000000	0.0992018250000000
5.6260_0	2.2047299287960511	0.1411774250000000	0.0960922050000000
5.6260_1	2.2007294451951922	0.1465857550000000	0.0949237100000000
5.6290_0	2.2007535864651642	0.1504996400000000	0.1061714250000000
5.6300_0	2.2061659087916485	0.1514699700000000	0.0828154850000000
5.6300_1	2.2013572662002843	0.1458624150000000	0.0983221900000000
5.6301_0	2.2013517778311011	0.1543108150000000	0.0988025550000000
5.6301_1	2.2000322173526543	0.1506819150000000	0.0943838350000000
56.3100_0	2.1998906903009470	0.1522619500000000	0.0992726150000000
56.3100_1	2.1990925295855814	0.1439937850000000	0.0957069750000000
5.6370_0	2.2004842779958027	0.1641477900000000	0.1046437850000000
5.6370_1	2.1968307797748663	0.1539435000000000	0.0904673550000000
5.6400_0	2.2034230029755806	0.1461604750000000	0.0977437700000000
5.6400_1	2.1974158490474331	0.1496698650000000	0.1004760050000000
5.6410_0	2.1983692658835712	0.1591953700000000	0.1008077700000000
5.6410_1	2.2544935813274720	0.2237018800000000	0.1475021900000000
5.6420_0	2.2037667303388209	0.1537765850000000	0.0978431350000000
5.6420_1	2.1956555269271503	0.1497529500000000	0.0966157250000000
5.6421_0	2.2042757597570373	0.1638191450000000	0.0919803900000000
5.6421_1	2.1976523199555125	0.1486491650000000	0.1016182450000000
5.6500_0	2.2049319533493268	0.1615038350000000	0.1010291400000000
5.6500_1	2.1982083693935865	0.1518018650000000	0.0981689600000000
5.6580_0	2.2018739504987623	0.1549109050000000	0.0853313900000000
5.6640_0	2.2028332266594997	0.1489891350000000	0.0994971500000000
5.6640_1	2.1961603070713687	0.1469318350000000	0.1073950300000000
5.6760_0	2.2034273087454883	0.1548084750000000	0.0972246500000000
5.6800_0	2.2024783739506373	0.1474373450000000	0.0997407150000000
5.6800_1	2.1972822366468585	0.1459075750000000	0.1057385250000000
5.6860_0	2.1996447366154981	0.1539353900000000	0.1051055050000000
5.6860_1	2.2015789826068310	0.1541612950000000	0.1070237450000000
5.6890_0	2.1968842609919439	0.1569783850000000	0.1002046950000000
5.6890_1	2.1963131983871769	0.1538986400000000	0.1011882650000000
5.6900_0	2.2051697573981097	0.1517495650000000	0.0917835850000000
5.6900_1	2.1984818043187677	0.1499217800000000	0.0958617450000000
5.6901_0	2.2038575966781737	0.1539505250000000	0.1037603350000000
5.6901_1	2.1942461170989715	0.1520777700000000	0.1003762300000000
5.7160_0	2.2014387785130847	0.1569908700000000	0.1024861100000000
5.7160_1	2.1945513545972299	0.1557747200000000	0.1062936300000000
5.7200_0	2.2004592596569861	0.1484347750000000	0.0983207200000000
5.7200_1	2.1927901901524307	0.1562359700000000	0.0993369050000000
5.7210_0	2.2014221475625990	0.1369474350000000	0.0964972500000000
5.7210_1	2.2010201339234432	0.1464969000000000	0.0947092700000000
5.7300_0	2.2028179284315677	0.1406650150000000	0.0931802700000000
5.7300_1	2.2473845203954435	0.2052467450000000	0.1071637750000000
5.7330_0	2.2014911489535089	0.1556759000000000	0.1011125400000000
5.7330_1	2.1973672680496716	0.1437356300000000	0.0985565300000000
5.7380_0	2.2054403598268695	0.1554450000000000	0.0982514200000000
5.7380_1	2.2077168007467418	0.2058961950000000	0.1180256250000000
5.7400_0	2.1943940996204745	0.1494983750000000	0.1040004200000000
5.7400_1	2.1938557717611094	0.1525816400000000	0.0998703550000000
5.7401_0	2.2029378011517426	0.1583333600000000	0.0916990500000000
5.7401_1	2.1962179896671175	0.1502507950000000	0.1004062600000000
5.7402_0	2.2020687938499068	0.1465112450000000	0.0930881850000000
5.7402_1	2.1933755979568672	0.1559666050000000	0.0985902350000000
5.7403_0	2.2023510090706431	0.1626888500000000	0.1020301750000000
5.7403_1	2.1987815404112996	0.1531394150000000	0.1013014300000000
5.7404_1	2.1934310886286617	0.1547051100000000	0.1149259450000000
5.7470_0	2.2042041912941572	0.1574981100000000	0.0935601450000000
5.7470_1	2.1945794771178666	0.1509746950000000	0.1047376450000000
5.7500_0	2.2061641503807157	0.1579787800000000	0.1072915450000000
5.7500_1	2.1984497295061445	0.1434542100000000	0.0964087900000000
5.7501_0	2.2225973790151548	0.1865794450000000	0.1354030550000000
5.7501_1	2.1962889684114630	0.1623276500000000	0.0941569150000000
5.7600_0	2.2015340542974409	0.1407910700000000	0.1008472450000000
5.7600_1	2.3083272394789551	0.2379147150000000	0.1143002400000000
5.7601_0	2.1993761349353926	0.1554277100000000	0.1073369250000000
5.7601_1	2.1978448691993537	0.1587726450000000	0.1022088350000000
5.7602_0	2.2057017495008413	0.1498612100000000	0.1021003000000000
5.7602_1	2.2742583463399999	0.2112307550000000	0.0761898200000000
5.7700_0	2.2040565445593225	0.1465170700000000	0.0990207950000000
5.7700_1	2.1995626408168922	0.1604092750000000	0.1068003400000000
5.7701_0	2.2014247004434857	0.1592906900000000	0.1113426750000000
5.7701_1	2.2009588806210658	0.1628519500000000	0.1048577900000000
5.7702_0	2.2076000869927732	0.1555269450000000	0.0923585050000000
5.7702_1	2.2004796755835936	0.1605876800000000	0.1092469850000000
5.7760_0	2.2018437537262479	0.1517902200000000	0.1038111550000000
5.7760_1	2.1984488808991167	0.1553891200000000	0.0849631900000000
5.7820_0	2.1973818527802580	0.1470751600000000	0.1064847450000000
5.7820_1	2.1947981519375168	0.1472414450000000	0.0982115950000000
5.7860_0	2.2036347207328113	0.1506333400000000	0.1021153500000000
5.7860_1	2.1954088688671991	0.1467501200000000	0.0974428300000000
5.8080_0	2.2036532439637151	0.1439147550000000	0.0969032550000000
5.8100_0	2.2026392996367665	0.1448506600000000	0.0985406750000000
5.8100_1	2.1959731182047908	0.1487986400000000	0.0978681200000000
5.8120_0	2.2057193216559225	0.1702278350000000	0.1115902700000000
5.8120_1	2.1993552001599914	0.1510188650000000	0.0963106750000000
5.8130_0	2.2024955438319398	0.1460651300000000	0.1043465700000000
5.8130_1	2.1984294389961154	0.1584000750000000	0.0928897500000000
5.8200_0	2.2069857131323394	0.1549249450000000	0.1013153850000000
5.8200_1	2.2014100190551917	0.1558118050000000	0.1025846750000000
5.8201_0	2.2026591060133591	0.1515175750000000	0.1026528950000000
5.8201_1	2.1950001304924287	0.1468998900000000	0.1012561050000000
5.8300_0	2.2034043233491669	0.1553469600000000	0.0898215650000000
5.8300_1	2.1939801141580619	0.1432659250000000	0.0824853900000000
5.8340_0	2.2019146999870669	0.1554806000000000	0.1124496950000000
5.8340_1	2.1953788510507826	0.1532624200000000	0.0991688750000000
5.8400_0	2.2176409094862439	0.1658742050000000	0.1073372800000000
5.8400_1	2.1789050562872778	0.1912835700000000	0.1337862650000000
5.8440_1	2.1962962390708487	0.1599271650000000	0.1033972100000000
5.8500_0	2.1998680891443971	0.1607570450000000	0.1054855950000000
5.8510_0	2.2063014607732367	0.1500776550000000	0.0980174200000000
5.8510_1	2.1972804397844965	0.1442522700000000	0.0964317950000000
5.8700_0	2.2032348263210246	0.1484054750000000	0.1026708800000000
5.8700_1	2.1984539315636882	0.1619372300000000	0.0937420600000000
5.8701_0	2.1984596284731901	0.1374610700000000	0.0991576850000000
5.8701_1	2.1932865783544053	0.1515637650000000	0.1027304250000000
5.8702_0	2.2039102874741472	0.1613603600000000	0.0984962450000000
5.8702_1	2.1962608790219424	0.1606218800000000	0.0850054300000000
5.8703_0	2.1984220334640798	0.1526738450000000	0.0983320950000000
5.8703_1	2.2018149055382099	0.1502853950000000	0.0994474950000000
5.8750_0	2.2047922625441942	0.1530799300000000	0.1024455200000000
5.8750_1	2.2013689149656805	0.1569966050000000	0.0891333550000000
5.8820_0	2.2047466495941173	0.1570872450000000	0.1041502950000000
5.8820_1	2.1955634918598617	0.1480759150000000	0.1033577500000000
5.8900_0	2.2033638449537047	0.1517029900000000	0.0874404550000000
5.8900_1	2.1995536461290772	0.1510512400000000	0.1055236900000000
5.8901_0	2.2033518642966787	0.1454082700000000	0.0965207250000000
5.8901_1	2.1913248001208925	0.1509146050000000	0.1011236800000000
5.9100_0	2.2008643612524881	0.1592236600000000	0.1025499300000000
5.9100_1	2.2579342877638737	0.2093940600000000	0.1147320100000000
5.9140_0	2.1994554898862808	0.1457845100000000	0.0972125000000000
5.9140_1	2.1948222422874131	0.1620210650000000	0.0960275250000000
5.9170_0	2.2024750417724892	0.1519097750000000	0.1035220350000000
5.9170_1	2.1989847080390468	0.1565669000000000	0.0979520750000000
5.9310_0	2.1997880433255741	0.1494680350000000	0.1019057050000000
5.9310_1	2.1970395084254841	0.1488634200000000	0.0969374850000000
5.9430_0	2.2020600308075369	0.1441615300000000	0.0988481350000000
5.9430_1	2.1957744998164368	0.1498265150000000	0.1016677400000000
5.9440_0	2.2033839366190899	0.1516323800000000	0.0917714700000000
5.9440_1	2.1942234267263743	0.1609949100000000	0.1057144650000000
5.9441_0	2.2047202710127656	0.1720590250000000	0.1017644700000000
5.9441_1	2.2017473672076942	0.1613197650000000	0.0882666000000000
5.9520_0	2.2011036414798353	0.1538867600000000	0.1055360350000000
5.9520_1	2.1956591794520719	0.1442854100000000	0.0966409650000000
5.9600_0	2.2073453635771756	0.1486369000000000	0.1087368350000000
5.9600_1	2.2474467793383810	0.2227913100000000	0.1131618850000000
5.9700_0	2.2010234456266287	0.1533323150000000	0.0931636700000000
5.9700_1	2.1950523699834470	0.1574145300000000	0.0973287000000000
5.9750_0	2.2067034450727956	0.1598959800000000	0.1097099850000000
5.9750_1	2.1958688271091020	0.1482078600000000	0.0988817300000000
5.9900_0	2.2011145600267792	0.1548212900000000	0.0963438150000000
6.0100_0	2.1991936231637008	0.1565984550000000	0.0897048800000000
6.0100_1	2.1990731072880720	0.1517818250000000	0.0959255150000000
6.0300_0	2.2012193874197794	0.1476416850000000	0.1128841200000000
6.0300_1	2.1949000294045153	0.1532406250000000	0.0995796750000000
6.0330_0	2.2017865873693681	0.1558943650000000	0.1057641200000000
6.0330_1	2.1973429503994675	0.1568967000000000	0.0986198650000000
6.0450_0	2.2041290497809252	0.1604872400000000	0.1128398250000000
6.0450_1	2.1924826444286283	0.1493965000000000	0.1040240500000000
6.0480_0	2.2029560236509980	0.1479775750000000	0.0995181100000000
6.0480_1	2.1496515461327723	0.1311282300000000	0.1097461250000000
6.0500_0	2.1898506720062345	0.1606293850000000	0.1138980650000000
6.0500_1	2.1948117081263776	0.1511133200000000	0.1064276350000000
6.0501_0	2.2038711319588722	0.1395209950000000	0.0951478550000000
6.0501_1	2.1951987492167695	0.1600153100000000	0.1013136050000000
6.0530_0	2.2061324616474280	0.1528305700000000	0.0956549000000000
6.0590_0	2.2018009070739075	0.1534700650000000	0.1049975000000000
6.0590_1	2.1974838167039215	0.1566072200000000	0.1083288050000000
6.0610_0	2.2056744949747440	0.1526550350000000	0.0948201400000000
6.0610_1	2.2923283484409942	0.2599779400000000	0.1286881300000000
6.0700_0	2.2063251842139229	0.1548275650000000	0.0989428450000000
6.0700_1	2.1990314954787840	0.1820608950000000	0.1260674850000000
6.0701_0	2.2054657161191114	0.1454190500000000	0.1030739350000000
6.0701_1	2.2014327023928497	0.1646103550000000	0.1008036350000000
6.0720_1	2.1953007810966789	0.1480319200000000	0.0928000450000000
6.0800_0	2.2047470399446039	0.1505993100000000	0.1049391450000000
6.0800_1	2.1981335550836025	0.1482799350000000	0.0949296750000000
6.0860_0	2.2034775539948708	0.1447452500000000	0.1003029250000000
6.0860_1	2.1995441820864290	0.1529086600000000	0.0963579700000000
6.0870_0	2.2033449097482398	0.1431907050000000	0.0974447400000000
6.0870_1	2.1908658913542460	0.1776601850000000	0.1180888350000000
6.0990_0	2.2054397601619571	0.1476322750000000	0.0985380750000000
6.0990_1	2.1972343559377108	0.1527825950000000	0.0987169200000000
6.1000_0	2.2047902127576533	0.1504530000000000	0.1057754750000000
6.1000_1	2.1945677795715639	0.1580081450000000	0.0975810850000000
6.1001_0	2.2053707828740183	0.1578587150000000	0.1111203450000000
6.1001_1	2.2013527981532222	0.1715871600000000	0.1135025650000000
6.1070_0	2.1984753618683999	0.1493491100000000	0.0959776650000000
6.1070_1	2.1969708381309432	0.1551203550000000	0.1042821150000000
6.1090_0	2.2021725319088179	0.1486548450000000	0.1019891850000000
6.1090_1	2.1954260449925114	0.1502283200000000	0.0969541300000000
6.1210_0	2.2047343155387327	0.1559084950000000	0.0970078550000000
6.1210_1	2.2001194516603975	0.1723233750000000	0.1121893950000000
6.1211_0	2.2014342954383834	0.1421465850000000	0.1011402700000000
6.1211_1	2.1937965098799981	0.1691812850000000	0.1138984800000000
6.1330_0	2.1991869502463333	0.1534476850000000	0.0930111700000000
6.1330_1	2.1963825220145403	0.1516072250000000	0.1001049400000000
6.1380_0	2.2046523295171796	0.1461318300000000	0.0976028800000000
6.1380_1	2.1957759283250611	0.1481494250000000	0.0989869800000000
6.1400_0	2.2021018433259147	0.1473801000000000	0.0966819050000000
6.1400_1	2.1961642826065964	0.1553372950000000	0.0899641950000000
6.1401_0	2.2031395694501170	0.1487543650000000	0.0973035550000000
6.1401_1	2.1950355993920532	0.1503000100000000	0.1009861300000000
6.1530_0	2.2028937596259657	0.1495054800000000	0.0980051500000000
6.1530_1	2.1659338146226470	0.1371005150000000	0.1054837300000000
6.1590_0	2.2052347093241251	0.1522583850000000	0.1071906150000000
6.1590_1	2.1990778294689650	0.1433480400000000	0.0928094750000000
6.1600_0	2.2061448503317322	0.1506267500000000	0.0972534400000000
6.1600_1	2.1944327479505077	0.1573185950000000	0.1014225000000000
6.1601_0	2.1996634112706199	0.1560834900000000	0.0927594950000000
6.1601_1	2.2116109082789279	0.1874133950000000	0.1126898950000000
6.1700_0	2.2050124835361777	0.1575478850000000	0.1033731750000000
6.1701_0	2.2014233770996299	0.1562605300000000	0.1008183450000000
6.1701_1	2.2014211493888816	0.1595520050000000	0.0853808550000000
6.1740_0	2.1999363263794649	0.1495822000000000	0.0959484000000000
6.1800_0	2.2057424491964936	0.1617168500000000	0.0974694350000000
6.1800_1	2.1950738356063435	0.1538825350000000	0.1004134000000000
6.1930_0	2.2007431201499910	0.1465227750000000	0.1034644100000000
6.1930_1	2.1978981498529717	0.1570659750000000	0.0997633200000000
6.2000_0	2.2001164959841546	0.1553289250000000	0.1009262950000000
6.2000_1	2.1963621813863852	0.1584081800000000	0.1029267100000000
6.2080_0	2.2014467652735807	0.1524114000000000	0.1040754550000000
6.2080_1	2.1972013172379858	0.1404065000000000	0.0973345250000000
6.2120_0	2.2033854316823529	0.1445548900000000	0.0967935300000000
6.2120_1	2.1974767764733443	0.1461252950000000	0.1003661800000000
6.2170_0	2.2020079097964147	0.1502238600000000	0.0973862100000000
6.2170_1	2.2001596391711002	0.1584576550000000	0.1053394100000000
6.2240_0	2.1972981308139250	0.1408413450000000	0.1000090550000000
6.2240_1	2.1982916613454995	0.1391378500000000	0.0953901500000000
6.2300_0	2.2027782094329069	0.1554335350000000	0.0918061350000000
6.2300_1	2.1991950191635392	0.1543698250000000	0.1058123150000000
6.2400_0	2.1999571324676848	0.1510831750000000	0.0988448750000000
6.2400_1	2.1951358638927241	0.1620001850000000	0.1005736400000000
6.2401_0	2.2010617980783569	0.1564217700000000	0.1034271800000000
6.2401_1	2.1965632571166638	0.1541985250000000	0.1010004000000000
6.2420_0	2.2057807873107231	0.1566000350000000	0.1014224350000000
6.2420_1	2.1976485402722479	0.1508443850000000	0.0989905400000000
6.2500_0	2.2052004199362498	0.1551660200000000	0.0959034200000000
6.2500_1	2.1934217763816712	0.1469990500000000	0.1029993550000000
6.2501_0	2.2041083573208522	0.1629402450000000	0.1109453150000000
6.2501_1	2.1954918527405836	0.1479373000000000	0.0965671200000000
6.2520_0	2.2033010761435703	0.1559856300000000	0.1037537950000000
6.2520_1	2.1990202885779548	0.1550731950000000	0.0893196050000000
6.2600_1	2.1975605920839403	0.1552888750000000	0.0963846800000000
6.2601_0	2.2068540443890559	0.1522733750000000	0.0917620950000000
6.2601_1	2.1995006990778427	0.1723716050000000	0.1115953100000000
6.2620_0	2.2037640152295057	0.1540786250000000	0.1030350250000000
6.2620_1	2.1976395815363152	0.1417948450000000	0.0964949950000000
6.2800_1	2.1951611004687392	0.1535946350000000	0.1043449650000000
6.3000_0	2.2006241506181707	0.1521559750000000	0.1044114700000000
6.3000_1	2.1992050288992169	0.1475169100000000	0.0893085800000000
6.3001_0	2.1993097151132104	0.1574801250000000	0.0981739900000000
6.3001_1	2.1948276585742517	0.1511917000000000	0.0949717350000000
6.3200_0	2.2013983620720898	0.1585304950000000	0.1048945300000000
6.3200_1	2.1949472755716246	0.1545156000000000	0.1108636800000000
6.3300_0	2.2014482846441807	0.1545811850000000	0.0918793150000000
6.3300_1	2.1976115005531658	0.1458275050000000	0.1013511050000000
6.3400_0	2.2063056531012131	0.1534854300000000	0.1044669400000000
6.3401_0	2.2055251826210487	0.1670872850000000	0.0870442400000000
6.3401_1	2.1937772657177486	0.1536509600000000	0.1087127600000000
6.3460_0	2.2031275360272464	0.1603439600000000	0.1127156800000000
6.3460_1	2.2744180944798269	0.2232931950000000	0.1121838200000000
6.3500_0	2.2023352055612335	0.1571822500000000	0.1112347400000000
6.3500_1	2.1757137356329435	0.1605566600000000	0.1228816800000000
6.3620_0	2.2033526282447911	0.1713118250000000	0.1128190150000000
6.3620_1	2.1952046689322184	0.1563178100000000	0.0981648500000000
6.3870_0	2.2009000031463457	0.1537113150000000	0.1012056000000000
6.3870_1	2.2004800694832438	0.1520209350000000	0.1011749900000000
6.3880_0	2.2058722238634321	0.1529810600000000	0.0911526000000000
6.3880_1	2.1970826455374142	0.1503654250000000	0.1042290400000000
6.3900_0	2.2024938875627842	0.1613992150000000	0.1028959250000000
6.3900_1	2.1945022439076176	0.1585026600000000	0.1032189250000000
6.4030_0	2.2015644182910918	0.1741712950000000	0.1201364650000000
6.4030_1	2.1957679471425076	0.1513300300000000	0.1011836150000000
6.4110_0	2.2030368180752742	0.1484651300000000	0.0996204800000000
6.4110_1	2.1956644189016314	0.1493219900000000	0.1015541500000000
6.4120_0	2.2033023427339504	0.1549467300000000	0.0890859700000000
6.4120_1	2.1968086925159040	0.1519351800000000	0.1040141500000000
6.4300_0	2.2027131231450641	0.1517630400000000	0.0935651400000000
6.4300_1	2.1993543197694061	0.1539708400000000	0.0990023300000000
6.4301_0	2.2052066864260915	0.1528266800000000	0.1031189750000000
6.4301_1	2.1962585377107526	0.1488451850000000	0.1067645050000000
6.4500_0	2.2081044788108883	0.1653531200000000	0.1005680500000000
6.4500_1	2.1958284693102144	0.1517127800000000	0.0952731100000000
6.4560_0	2.2056611272003539	0.1771019950000000	0.1182758600000000
6.4560_1	2.1968175055625907	0.1551188800000000	0.1024166500000000
6.4600_0	2.2060392494381817	0.1515145850000000	0.0995011950000000
6.4600_1	2.1966296695360659	0.1499846100000000	0.0977179600000000
6.4601_0	2.2058803489223497	0.1595753900000000	0.1017051900000000
6.4601_1	2.2002356615743537	0.1881493150000000	0.0974620550000000
6.4800_0	2.2047603881065947	0.1501965300000000	0.1012895850000000
6.4800_1	2.1985681987022043	0.1373626100000000	0.0916130200000000
6.5000_0	2.1984396523236795	0.1564660400000000	0.1099612600000000
6.5000_1	2.1954747255330349	0.1483994050000000	0.0958935300000000
6.5001_0	2.2045450787890171	0.1565078400000000	0.1066680700000000
6.5001_1	2.2199180119182240	0.1996436550000000	0.1211540700000000
6.5002_0	2.1958877886823789	0.1607662350000000	0.1016652750000000
6.5002_1	2.1977926002221060	0.1565982850000000	0.0978489250000000
6.5070_0	2.2044990605049013	0.1496375650000000	0.0761489850000000
6.5070_1	2.2212092227336346	0.2797640600000000	0.1482852200000000
6.5100_0	2.2013970735347308	0.1517569300000000	0.1024985700000000
6.5100_1	2.1976598482675223	0.1415696300000000	0.0979641950000000
6.5220_0	2.2057413417643188	0.1586787500000000	0.1174508600000000
6.5220_1	2.1962673495815328	0.1486457700000000	0.0973679450000000
6.5290_0	2.2021216814546070	0.1550347850000000	0.0890918450000000
6.5290_1	2.1939517463127358	0.1452287100000000	0.0975454650000000
6.5300_0	2.2046987921032906	0.1509526800000000	0.1004750800000000
6.5300_1	2.2008251995958088	0.1487332300000000	0.1048676400000000
6.5340_0	2.2008963711873828	0.1505583800000000	0.0993474550000000
6.5340_1	2.1962721781108021	0.1507964100000000	0.1021190250000000
6.5350_0	2.2015924877602449	0.1567607400000000	0.0841037250000000
6.5350_1	2.1971024294186230	0.1494115050000000	0.1038905250000000
6.5400_0	2.2042896501356553	0.1623107350000000	0.1086857150000000
6.5400_1	2.1982096426123379	0.1418459300000000	0.1040809150000000
6.5500_0	2.2042224092785863	0.1515559750000000	0.1038297050000000
6.5500_1	2.1952856866636039	0.1598842350000000	0.1027562250000000
6.5600_0	2.2049035933699215	0.1489512000000000	0.0968217500000000
6.5600_1	2.1995625085923338	0.1514664950000000	0.0898744600000000
6.5601_0	2.2023334890210351	0.1536860250000000	0.1027703350000000
6.5601_1	2.1966628571556051	0.1496179900000000	0.1010327050000000
6.5880_0	2.2020746635862647	0.1478770450000000	0.0922145750000000
6.5880_1	2.2057518650002255	0.1735424400000000	0.1029813800000000
6.5900_0	2.2038567596194505	0.1563658400000000	0.0971620900000000
6.5900_1	2.1960507003037315	0.1584390000000000	0.0967167250000000
6.5901_0	2.2055975865757458	0.1536643450000000	0.0961327800000000
6.5901_1	2.2848126296001703	0.2436210250000000	0.0776196850000000
6.6090_0	2.2013756523463925	0.1538886300000000	0.0917308800000000
6.6090_1	2.1944511159193527	0.1472999700000000	0.0959824400000000
6.6200_0	2.2013863449973519	0.1594004300000000	0.1014119050000000
6.6200_1	2.1962602352475660	0.1541338650000000	0.0957797850000000
6.6300_0	2.4240359039291763	0.2812812300000000	0.1354713750000000
6.6300_1	2.2014118845234623	0.1491724650000000	0.0985783300000000
6.6400_0	2.2033044775017516	0.1489395900000000	0.1106980200000000
6.6400_1	2.2038457874556578	0.1787495150000000	0.1117129450000000
6.6401_0	2.2014123279848170	0.1586373300000000	0.1088530350000000
6.6401_1	2.1922545994098339	0.1616104200000000	0.1087197000000000
6.6460_0	2.1767042623398978	0.1214951600000000	0.1090331250000000
6.6600_1	2.1984795102699821	0.1637504300000000	0.1030550450000000
6.7000_0	2.2019874319805863	0.1548995000000000	0.0994097100000000
6.7000_1	2.1949395667152589	0.1511039300000000	0.1028045700000000
6.7100_0	2.2021998689102085	0.1552838900000000	0.1032827650000000
6.7100_1	2.1961827272677699	0.1541626100000000	0.1005402450000000
6.7101_0	2.2029329487082676	0.1579130300000000	0.1034643450000000
6.7101_1	2.1977593973666476	0.1546408050000000	0.0981952300000000
6.7120_0	2.2217085634251847	0.1877741100000000	0.1128761000000000
6.7120_1	2.1948485392910753	0.1602356000000000	0.1196401000000000
6.7400_0	2.3015765802473704	0.2261335350000000	0.1322820300000000
6.7400_1	2.1997909689366901	0.1695446700000000	0.1144528650000000
6.7500_0	2.1991648059641609	0.1610602400000000	0.1137926200000000
6.7500_1	2.1968096704588933	0.1578426850000000	0.1001480800000000
6.7501_0	2.2044982742177779	0.1751734500000000	0.1113134550000000
6.7501_1	2.1991043116470745	0.1494186000000000	0.1036465700000000
6.7700_0	2.2039831225170019	0.1432606150000000	0.0942079250000000
6.7700_1	2.2014217168310721	0.1511316250000000	0.1013861100000000
6.7900_0	2.2044061663721273	0.1569331600000000	0.1003541600000000
6.7900_1	2.1957500508427015	0.1583531450000000	0.0857267500000000
6.7901_0	2.2023524853495742	0.1514380100000000	0.1002541350000000
6.7901_1	2.1968281276896273	0.1526071700000000	0.1006372100000000
6.8000_0	2.2058190963329185	0.1512636700000000	0.0931409900000000
6.8000_1	2.1953559513620453	0.1522297100000000	0.1008998400000000
6.8040_0	2.2034766829315582	0.1440376550000000	0.1008445050000000
6.8040_1	2.1963307380453352	0.1524431600000000	0.0938174600000000
6.8100_0	2.2039805873139602	0.1539142050000000	0.0994640050000000
6.8200_0	2.2024677679115214	0.1570328900000000	0.0912015800000000
6.8300_0	2.2014136681419769	0.1600299450000000	0.1039641500000000
6.8400_0	2.2027971155900934	0.1525772800000000	0.1015349200000000
6.8400_1	2.1906696558904075	0.1433291550000000	0.1059160250000000
6.8640_0	2.1890744398383739	0.1426082200000000	0.1160534000000000
6.8640_1	2.1976785169640691	0.1480631800000000	0.0981409850000000
6.8800_0	2.2028541061567264	0.1551850000000000	0.0940714250000000
6.8800_1	2.1976659565667647	0.1603798500000000	0.1073251500000000
6.8801_0	2.2033879534719900	0.1507534900000000	0.1022533800000000
6.8801_1	2.1975099448565070	0.1516379450000000	0.1037076150000000
6.8802_0	2.1984423924928631	0.1382265050000000	0.0869994250000000
6.8802_1	2.2001814220191109	0.1518369850000000	0.0993165450000000
6.8803_0	2.2056699900352670	0.1522255100000000	0.1056069000000000
6.8803_1	2.1961118033988396	0.1629129050000000	0.1030971450000000
6.8900_0	2.2047277732277539	0.1532083050000000	0.1082422250000000
6.8900_1	2.1957186540847795	0.1749759500000000	0.1061843650000000
6.9000_0	2.2021210974153402	0.1513014650000000	0.1020281750000000
6.9000_1	2.2159253806650017	0.1810762100000000	0.0914065450000000
6.9020_0	2.2063040877156426	0.1571980050000000	0.1056905800000000
6.9020_1	2.2001317416038035	0.1496176850000000	0.0979330450000000
6.9500_0	2.1985275677306118	0.1653160950000000	0.1184503050000000
6.9500_1	2.1960246235513923	0.1579299750000000	0.0943504200000000
6.9700_0	2.2033834703714175	0.1435051050000000	0.0972875700000000
6.9700_1	2.1990219325142295	0.1613825150000000	0.1028436000000000
6.9730_0	2.2046942574995616	0.1575440850000000	0.0959118750000000
6.9730_1	2.1974206765387838	0.1516719800000000	0.0981794650000000
6.9800_0	2.2047208315972058	0.1551063500000000	0.1000287600000000
6.9801_0	2.1984888086007515	0.1431110450000000	0.0927271750000000
6.9801_1	2.2009094977176407	0.1516379150000000	0.0989992600000000
6.9820_1	2.1965093969935325	0.1462190500000000	0.0996153300000000
6.9900_0	2.1984233074857009	0.1697258100000000	0.1068623300000000
6.9900_1	2.1681673496211977	0.1743043500000000	0.1006350100000000
6.9901_0	2.2037578391746764	0.1518275600000000	0.0919544150000000
6.9901_1	2.1957930937126702	0.1440321350000000	0.0942685950000000
7.0000_0	2.2047963140270976	0.1602716200000000	0.1075354450000000
7.0000_1	2.1996811755305523	0.1565103650000000	0.0997575900000000
7.0001_0	2.1985061328203361	0.1541617600000000	0.0997232050000000
7.0001_1	2.1922154601126120	0.1623274400000000	0.1024433000000000
7.0100_0	2.2024474730698884	0.1471890400000000	0.0935926750000000
7.0100_1	2.1974195830505323	0.1456886150000000	0.0982704600000000
7.0101_0	2.2038390992270060	0.1485233400000000	0.1021038950000000
7.0200_0	2.2042937786862757	0.1495005150000000	0.0815592100000000
7.0200_1	2.1956766740444400	0.1568540350000000	0.0974128450000000
7.0220_0	2.2046740181437432	0.1464196350000000	0.0969312800000000
7.0220_1	2.1984316261650285	0.1530613300000000	0.0968334100000000
7.0400_0	2.2047782215996490	0.1621958950000000	0.1094934800000000
7.0400_1	2.1965320377872932	0.1530879650000000	0.1005180000000000
7.0500_0	2.2034547242276585	0.1566907200000000	0.1006826250000000
7.0500_1	2.1933084049633242	0.1504893700000000	0.1061236300000000
7.0520_0	2.1984880086640253	0.1640715250000000	0.1177702350000000
7.0520_1	2.1990226953243934	0.1437810100000000	0.1005692050000000
7.0530_0	2.2033072124545363	0.1570526250000000	0.1034182600000000
7.0530_1	2.2020996654611151	0.1657482050000000	0.0987590650000000
7.0600_0	2.2033483567193728	0.1448079400000000	0.0965862450000000
7.0600_1	2.2722540985074882	0.2282102200000000	0.1171897300000000
7.0700_0	2.3059707658139299	0.2495686400000000	0.1391945700000000
7.0700_1	2.1943803768950505	0.1534344850000000	0.1009475650000000
7.0900_0	2.2037520744488512	0.1608514200000000	0.0956598450000000
7.0900_1	2.1984334672450276	0.1571589350000000	0.1001460050000000
7.0901_0	2.1985688866302655	0.1507874650000000	0.1034290000000000
7.0901_1	2.1986137979702018	0.1513692700000000	0.0962078950000000
7.1000_0	2.2016630183198194	0.1493163450000000	0.0954841500000000
7.1000_1	2.1914650647175149	0.1511267300000000	0.1027148500000000
7.1100_0	2.1998640154016615	0.1525852450000000	0.1044401650000000
7.1100_1	2.1977386667896730	0.1415968800000000	0.0970705000000000
7.1200_0	2.2019359758860735	0.1528557200000000	0.0907004200000000
7.1200_1	2.1984888897042234	0.1488053200000000	0.0973647850000000
7.1201_0	2.2045790822725682	0.1518452400000000	0.1003146750000000
7.1201_1	2.2003452225182221	0.1443317950000000	0.0943778850000000
71.3400_0	2.2001583892171692	0.1478509350000000	0.0981533100000000
71.3400_1	2.1995268535880235	0.1513614650000000	0.0931831400000000
7.1500_0	2.2013981850446993	0.1484207300000000	0.0972829800000000
7.1500_1	2.1744002559144664	0.1627272200000000	0.1056041900000000
7.1501_0	2.4283537437849176	0.3113077000000000	0.0846404950000000
7.1501_1	2.1978321987584946	0.1453594650000000	0.1058106600000000
7.1600_0	2.1984380034438984	0.1576787750000000	0.0945930800000000
7.1600_1	2.1986195695217305	0.1522672800000000	0.0940494600000000
7.1760_0	2.2021516195342112	0.1609487850000000	0.0973334300000000
7.1760_1	2.1989081704883917	0.1483717650000000	0.0971283250000000
7.1800_0	2.2028522880023944	0.1464441650000000	0.0994956700000000
7.1800_1	2.1974407219935763	0.1543689350000000	0.1010325250000000
7.1801_0	2.2025296646998482	0.1492606800000000	0.1013512850000000
7.1801_1	2.2016227821359098	0.1629370650000000	0.0945684200000000
7.2000_0	2.2027346536539136	0.1584878400000000	0.1119133600000000
7.2100_0	2.2023886228724541	0.1544136200000000	0.0922252950000000
7.2100_1	2.1962838902757236	0.1439424500000000	0.0968261600000000
7.2110_0	2.2033557956430103	0.1567350900000000	0.1104630800000000
7.2110_1	2.1989471246565535	0.1660982000000000	0.1020993100000000
7.2200_0	2.2039894121384895	0.1518464650000000	0.0950048400000000
7.2230_0	2.1985027550332612	0.1367860700000000	0.0947116050000000
7.2230_1	2.1985649900225313	0.1514785800000000	0.1031929800000000
7.2300_1	2.1576893040808591	0.1484902150000000	0.0783041550000000
7.2400_0	2.2062854474682982	0.1581941450000000	0.1056246450000000
7.2400_1	2.1989836890943573	0.1517460100000000	0.1025338900000000
7.2500_0	2.2032837941354373	0.1508891650000000	0.0999188250000000
7.2500_1	2.1993200410263052	0.1544127000000000	0.0974765950000000
7.2600_0	2.2050805306476611	0.1517393300000000	0.1050829600000000
7.2600_1	2.1951100378226673	0.1449878250000000	0.0993328950000000
7.3300_0	2.2029334719211109	0.1536088200000000	0.0941468350000000
7.3300_1	2.1939084102363080	0.1495324450000000	0.1033189500000000
7.3500_0	2.2033548263465694	0.1491373150000000	0.0936622950000000
7.3500_1	2.1917076161233986	0.1571907900000000	0.0884444800000000
7.3700_0	2.2165710150826903	0.1776581850000000	0.1035626150000000
7.3700_1	2.1996378035869073	0.1557299800000000	0.1053657550000000
7.3800_0	2.1984229784149001	0.1400011550000000	0.0919200000000000
7.3800_1	2.1959137857728499	0.1523266200000000	0.1038110850000000
7.3810_0	2.2056324540778149	0.1635758950000000	0.0986541550000000
7.3810_1	2.1984836230515672	0.1564297500000000	0.0993741200000000
7.3840_0	2.2013209038326282	0.1464839650000000	0.0980125100000000
7.3840_1	2.1958459762404505	0.1502479850000000	0.1077772800000000
7.3900_0	2.2017913760341354	0.1483997750000000	0.0943763400000000
7.4120_0	2.2012295984866275	0.1509169050000000	0.1006860100000000
7.4120_1	2.1954802280061347	0.1437444750000000	0.1048228950000000
7.4230_0	2.2017073002124889	0.1537977900000000	0.0932676150000000
7.4230_1	2.2055604086827021	0.1713269400000000	0.1157059350000000
7.4500_0	2.2013105796482484	0.1522502050000000	0.1035156950000000
7.4500_1	2.1966656940315592	0.1510731550000000	0.0945924400000000
7.4600_0	2.1983044919146235	0.1492062450000000	0.1128678650000000
7.4600_1	2.1999008698016600	0.1580878200000000	0.0890354000000000
7.4601_0	2.2039854801976633	0.1453423050000000	0.1005903100000000
7.4601_1	2.1922941277902943	0.1682702750000000	0.1104313700000000
7.4700_0	2.2297850993665169	0.1856194250000000	0.1193147900000000
7.4700_1	2.2478119408911432	0.1963495250000001	0.1236011450000000
7.4800_0	2.2053482234095871	0.1547735350000000	0.0895180400000000
7.4800_1	2.1962929803124434	0.1574361950000000	0.1026394150000000
7.4801_0	2.2001359627688020	0.1532614000000000	0.0950676600000000
7.4801_1	2.1968463265218614	0.1566131500000000	0.0976853850000000
7.5000_1	2.1956776774399329	0.1520994750000000	0.0987649100000000
7.5010_0	2.1948580324961995	0.1598180650000000	0.1064697700000000
7.5010_1	2.1977589169014724	0.1515997300000000	0.0972424850000000
7.5100_0	2.2032904236794417	0.1466468250000000	0.1007881900000000
7.5100_1	2.1962513280584384	0.1491181750000000	0.1026107050000000
7.5160_0	2.2016141594068634	0.1658283250000000	0.1032420550000000
7.5160_1	2.1941515590996410	0.1501864700000000	0.0964494400000000
7.5300_0	2.2014111110931349	0.1547387300000000	0.0922984350000000
7.5300_1	2.2017532755452867	0.1534731200000000	0.0939012900000000
7.5500_0	2.2024792251137071	0.1532367400000000	0.1089084900000000
7.5500_1	2.1993320034670871	0.1627862850000000	0.1009276750000000
7.5501_0	2.2023810322611204	0.1441613400000000	0.0967433250000000
7.5501_1	2.1946883104731829	0.1549117550000000	0.0952498150000000
7.5700_0	2.2000717537398575	0.1616007150000000	0.0987956650000000
7.5700_1	2.1977492288615275	0.1571325600000000	0.0969242250000000
7.5900_0	2.2014007849661517	0.1540644550000000	0.1034237250000000
7.5900_1	2.1983863655756872	0.1425642900000000	0.0977602100000000
7.5901_0	2.2039496112559545	0.1632679400000000	0.1003982350000000
7.5901_1	2.2009093361996839	0.1585620250000000	0.0957371950000000
7.6000_0	2.2006168903364567	0.1524497850000000	0.1018667400000000
7.6000_1	2.1834460576925476	0.1463259450000000	0.1108465800000000
7.6400_0	2.2010958728009142	0.1441372900000000	0.1046012450000000
7.6400_1	2.1999584523459301	0.1574537150000000	0.1102549900000000
7.6420_0	2.2021830761608210	0.1533974900000000	0.1019655250000000
7.6420_1	2.1992035071518359	0.1466198050000000	0.0986977200000000
7.6600_0	2.2000439219317762	0.1528525600000000	0.0973851200000000
7.6600_1	2.2005240630142389	0.1539113400000000	0.0973650200000000
7.6700_0	2.2009899569467870	0.1596273850000000	0.1040968900000000
7.6700_1	2.1984597162992165	0.1537213300000000	0.1022362250000000
7.6730_0	2.2013032157958241	0.1578577650000000	0.0941240600000000
7.6730_1	2.1982403342381565	0.1578369750000000	0.1022501500000000
7.6900_0	2.2026472552869132	0.1472767900000000	0.0983746200000000
7.6900_1	2.2017069822040920	0.1773781250000000	0.1199156350000000
7.6901_0	2.2005615650042838	0.1453547600000000	0.0988891500000000
7.6901_1	2.1979528110197748	0.1507141900000000	0.1033008800000000
7.6902_0	2.2019433012431420	0.1619425550000000	0.1008517550000000
7.6902_1	2.1950198007861288	0.1491160600000000	0.0939599050000000
7.7000_0	2.2028351026508859	0.1462100350000000	0.0968913500000000
7.7000_1	2.1971853960123560	0.1502714700000000	0.1006059000000000
7.7100_0	2.1997955708434525	0.1498148350000000	0.1037129050000000
7.7100_1	2.1977303059704250	0.1487347900000000	0.0998423400000000
7.7101_0	2.2030521198188433	0.1479216050000000	0.1054230350000000
7.7101_1	2.2022307209856145	0.1580634850000000	0.0941574650000000
7.7200_0	2.2001219715900779	0.1552010050000000	0.0838446550000000
7.7200_1	2.1943076982064382	0.1602490500000000	0.1035806550000000
7.7600_0	2.2000693708907235	0.1544371000000000	0.1029905450000000
7.7700_0	2.2024618868017760	0.1530614200000000	0.1009336450000000
7.7700_1	2.2050662877649221	0.1785764500000000	0.1141627600000000
7.7701_0	2.2025317953877934	0.1635812200000000	0.0914024150000000
7.7701_1	2.2011534037167193	0.1478612100000000	0.0925627200000000
7.7720_0	2.2033018798749087	0.1528955150000000	0.1047342250000000
7.7720_1	2.1956472218840153	0.1473348300000000	0.0978838400000000
7.7800_0	2.2048133802564069	0.1562035950000000	0.1005109550000000
7.7800_1	2.1959594548212720	0.1593838500000000	0.0935844950000000
7.7801_0	2.2033895864861366	0.1526329300000000	0.1013980150000000
7.7801_1	2.1985371006621977	0.1612181150000000	0.1150370150000000
7.7802_0	2.1997549906288230	0.1453402150000000	0.1000159400000000
7.7802_1	2.1986173275685559	0.1514594700000000	0.0952623750000000
7.8050_0	2.3486349672045881	0.2483210850000000	0.1215344150000000
7.8050_1	2.1975280946303095	0.1383526100000000	0.1010340000000000
7.8100_0	2.2019837472359729	0.1527676000000000	0.0971921100000000
7.8100_1	2.1871129167491135	0.1542106250000000	0.1072773750000000
7.8300_0	2.2065359468367554	0.1609139950000000	0.1005309650000000
7.8300_1	2.1949549160326085	0.1488863900000000	0.0950584350000000
7.8380_0	2.2034812750727339	0.1545611950000000	0.0912680350000000
7.8380_1	2.1974533428787635	0.1513968100000000	0.1021092850000000
7.8400_0	2.2008361178806775	0.1457498000000000	0.0996096650000000
7.8400_1	2.3431791466801819	0.2624192100000000	0.1280409200000000
7.8490_0	2.2047001914673308	0.1548463200000000	0.1001874750000000
7.8490_1	2.1964794434118398	0.1383646800000000	0.1010608200000000
7.8600_0	2.2022481648480183	0.1557719100000000	0.1051131100000000
7.8600_1	2.1968091970106474	0.1507036300000000	0.1021015150000000
7.8601_0	2.3175595580068906	0.2680458449999999	0.1228346350000000
7.8601_1	2.1968393530362347	0.1428128900000000	0.0997221850000000
7.8680_0	2.2161976240301207	0.1761060050000000	0.0747540950000000
7.8680_1	2.2004564255161121	0.1508004150000000	0.0960334150000000
7.8800_0	2.2037334429760205	0.1508297050000000	0.0944048200000000
7.8800_1	2.1968727061883375	0.1569689900000000	0.1024993150000000
7.8900_0	2.2014519544529985	0.1502367050000000	0.0932383950000000
7.8900_1	2.1954183995843404	0.1494658250000000	0.0980870050000000
7.8901_1	2.1982807351670828	0.1507117400000000	0.1048125600000000
7.9100_0	2.2033384897538433	0.1571120750000000	0.0997313050000000
7.9100_1	2.1950749776849729	0.1503955200000000	0.1081590850000000
7.9200_0	2.2030067284201764	0.1538201050000000	0.1017244000000000
7.9200_1	2.1954019100256286	0.1436975650000000	0.1027625600000000
7.9201_0	2.2053693849937592	0.1496145900000000	0.0981471400000000
7.9201_1	2.2014524045640185	0.1532835250000000	0.0949516100000000
7.9202_0	2.2025888010904326	0.1434263100000000	0.1017678500000000
7.9202_1	2.1972493929066688	0.1420427950000000	0.0894716750000000
7.9600_0	2.2019580151619729	0.1430620100000000	0.1002584150000000
7.9600_1	2.1984005268537667	0.1616440550000000	0.1143801100000000
7.9700_0	2.2049715798433089	0.1449690200000000	0.0971723100000000
7.9700_1	2.1982746343932122	0.1419357700000000	0.0973671300000000
7.9720_0	2.2004702346724399	0.1530201700000000	0.0985091150000000
7.9720_1	2.1949912498088349	0.1402520550000000	0.0937007750000000
7.9800_0	2.2000007560789960	0.1572881150000000	0.0959811500000000
7.9800_1	2.2148567323446708	0.1737354950000000	0.1161661250000000
7.9900_0	2.2001098187982846	0.1437901850000000	0.0996221650000000
7.9900_1	2.1991533837209771	0.1561195100000000	0.1003469750000000
7.9901_0	2.2030185305459766	0.1500763100000000	0.1023326950000000
8.0000_1	2.1992452923930519	0.1665591800000000	0.0918147950000000
8.0001_0	2.1994761513353800	0.1587745550000000	0.1057074250000000
8.0001_1	2.1957854224137274	0.1510965350000000	0.0996822650000000
8.0002_0	2.2013189623134521	0.1588039950000000	0.0981320950000000
8.0002_1	2.1941949391205902	0.1504721150000000	0.1027815550000000
8.0100_0	2.2035427343121201	0.1570807250000000	0.1089238800000000
8.0100_1	2.1971914055035584	0.1445672100000000	0.0976072950000000
8.0110_0	2.2027525654386384	0.1404418100000000	0.0931318800000000
8.0110_1	2.1962809220875408	0.1482810600000000	0.1095490400000000
8.0450_0	2.2004827590797533	0.1452723400000000	0.1008992850000000
8.0450_1	2.1960641621125170	0.1624754200000000	0.1106062650000000
8.0600_0	2.2016015653662051	0.1557279150000000	0.1041669650000000
8.0600_1	2.1974384121017563	0.1468801300000000	0.0991845500000000
8.0700_0	2.2002423933277160	0.1524922500000000	0.1024066800000000
8.0700_1	2.1947451594913163	0.1528435250000000	0.1069207700000000
8.0800_0	2.2036048992313813	0.1485801900000000	0.0975254500000000
8.0800_1	2.1949564361999974	0.1507953100000000	0.1061253850000000
8.1000_0	2.2521682313098244	0.1977917450000000	0.1117229650000000
8.1000_1	2.2002922426138105	0.1665848150000000	0.1042091450000000
8.1660_0	2.1984851560591476	0.1588219150000000	0.1114952500000000
8.1660_1	2.1985174562595389	0.1617676550000000	0.1104120100000000
8.1700_0	2.2009468874407090	0.1546126150000000	0.0971428350000000
8.1700_1	2.1436903526636688	0.2262397100000000	0.1035654500000000
8.2000_0	2.2034791217709024	0.1511196050000000	0.0897580500000000
8.2000_1	2.2000237825845379	0.1723010700000000	0.1109854100000000
8.2250_0	2.2005833714383058	0.1554928200000000	0.1023805650000000
8.2250_1	2.1898163854659116	0.1503208650000000	0.1084901550000000
8.2500_0	2.2038166153401924	0.1569502300000000	0.0962114900000000
8.2500_1	2.2014497849665031	0.1492717050000000	0.0989020500000000
8.2630_0	2.2048067731100707	0.1465535300000000	0.1007676000000000
8.2630_1	2.1987701512990441	0.1587182700000000	0.0993150000000000
8.2800_0	2.2028944857342854	0.1477500450000000	0.1039031000000000
8.2800_1	2.1963889077138274	0.1567722450000000	0.0900939200000000
8.3300_0	2.2005118981553231	0.1598697300000000	0.1137890050000000
8.3400_0	2.2029238452496287	0.1470230150000000	0.0953317500000000
8.3400_1	2.1968905052423384	0.1593476300000000	0.0934446000000000
8.3500_0	2.2040660065260318	0.1579861650000000	0.0906250500000000
8.3500_1	2.1972622093647103	0.1452254950000000	0.0934214050000000
8.3600_0	2.2032595383735956	0.1588600650000000	0.1021231400000000
8.3600_1	2.1969656141486382	0.1421381400000000	0.1039104900000000
8.3710_0	2.3933734501038519	0.2792185100000000	0.1002657700000000
8.3710_1	2.1988948328109630	0.1499740450000000	0.0996274850000000
8.3880_0	2.2009680170205046	0.1503938300000000	0.0973473000000000
8.3880_1	2.1947652037364733	0.1532891900000000	0.0943529500000000
8.4400_0	2.2032161459056510	0.1516808850000000	0.0987548250000000
8.4800_0	2.2001074929240301	0.1547807800000000	0.1021841300000000
8.4800_1	2.1945546435296461	0.1579000700000000	0.0973835700000000
8.6200_0	2.2059707741040477	0.1621126800000000	0.1063349600000000
8.6200_1	2.1971142057802400	0.1680234150000000	0.1131607250000000
8.6300_1	2.1976375308395282	0.1640592300000000	0.1172418650000000
8.6301_0	2.2024811403990086	0.1573518400000000	0.1017384200000000
8.6301_1	2.2000695171320368	0.1547989300000000	0.1040010400000000
8.7400_0	2.1991028270368953	0.1491498850000000	0.1030786350000000
8.7400_1	2.1746167841623163	0.1436747450000000	0.1072668750000000
8.8200_0	2.2024971842249279	0.1554088450000000	0.1119015300000000
8.8200_1	2.1984336574203782	0.1595927450000000	0.0971754700000000
8.8600_0	2.2040658316945247	0.1468491150000000	0.0989892350000000
8.8600_1	2.1984497875987050	0.1486736000000000	0.0992731000000000
8.9300_0	2.2022019303979925	0.1522282050000000	0.0995669750000000
8.9300_1	2.1944717844025408	0.1520264800000000	0.0996403500000000
8.9500_0	2.1976882678988012	0.1675289650000000	0.1080592850000000
8.9500_1	2.1976274529146109	0.1506319850000000	0.0997704800000000
8.9600_0	2.2004991066945214	0.1632439300000000	0.0904059050000000
8.9600_1	2.1983589422416467	0.1507581900000000	0.0998721450000000
8.9800_0	2.2015525039340571	0.1562588200000000	0.0964519550000000
8.9800_1	2.1984639655978366	0.1696948700000000	0.1134206300000000
8.9900_0	2.2020848846627334	0.1445306950000000	0.0937696100000000
8.9900_1	2.1973411251225303	0.1525642550000000	0.1033487400000000
9.0100_0	2.1984846745109499	0.1478093250000000	0.1127805400000000
9.0101_0	2.2033458472259064	0.1483934000000000	0.1014994950000000
9.0101_1	2.1971134177373810	0.1437288600000000	0.0946869300000000
9.1300_0	2.1984280226832174	0.1373675650000000	0.0850689950000000
9.1300_1	2.1991866509803528	0.1522478500000000	0.0930401750000000
9.1301_0	2.2029577858328566	0.1514136700000000	0.0985213150000000
9.1301_1	2.1947255728521724	0.1541470450000000	0.0968744750000000
9.1400_0	2.2004800649799350	0.1531660050000000	0.1048186600000000
9.1400_1	2.1960856248273903	0.1489342400000000	0.1009871950000000
9.1401_0	2.2009738391501474	0.1688443550000000	0.0995688950000000
9.1401_1	2.1980870421111516	0.1519036700000000	0.1029435500000000
9.1402_0	2.1959067639412844	0.1648599550000000	0.0929015100000000
9.1402_1	2.1984669087642690	0.1541412650000000	0.1018490800000000
91.6300_0	2.2006315605014826	0.1571788250000000	0.0983487500000000
91.6300_1	2.2004470950575206	0.1496428750000000	0.0990639550000000
9.1700_0	2.9802654818690022	0.3173858050000000	0.1242480350000000
9.1700_1	2.1976334114610472	0.1562447850000000	0.1010543850000000
9.1900_0	2.2051636894405400	0.1668345100000000	0.0971012900000000
9.1900_1	2.2939031232852818	0.2509572900000000	0.1294856700000000
9.2300_0	2.2006685276042472	0.1446108200000000	0.0995460800000000
9.2300_1	2.1986948484917495	0.1552007450000000	0.0872784700000000
9.2400_0	2.2013911198235632	0.1413225150000000	0.0908527050000000
9.2400_1	2.1970663437763744	0.1529645050000000	0.1055439300000000
9.2401_0	2.2033032653557107	0.1531324900000000	0.1020835650000000
9.2401_1	2.1970681640495027	0.1472320800000000	0.1018026450000000
9.2600_0	2.5677086082155731	0.2889012050000000	0.1215725650000000
9.2600_1	2.2057711634013835	0.1928943750000000	0.1006326200000000
9.2601_0	2.2017755564682369	0.1534440750000000	0.1019646050000000
9.2601_1	2.2038976970591251	0.1725591400000000	0.1176819850000000
9.3130_0	2.2020745232970094	0.1500245500000000	0.0991316900000000
9.3130_1	2.1931642719301840	0.1490086050000000	0.0971733600000000
9.3300_0	2.2014139173372747	0.1504189250000000	0.0994635950000000
9.3300_1	2.1984338747762378	0.1555690950000000	0.0980320150000000
9.4200_0	2.2026184487675589	0.1636020700000000	0.1022339300000000
9.4200_1	2.1985178060770401	0.1601964750000000	0.0882245450000000
9.4500_0	2.2026378827480428	0.1581839350000000	0.0996853000000000
9.5000_0	2.2005877669790155	0.1529260050000000	0.0999161500000000
9.5000_1	2.2097262451911490	0.1775822850000000	0.1301216200000000
9.5400_0	2.2014093102104120	0.1441507050000000	0.0979230900000000
9.5400_1	2.1982816845744781	0.1466896550000000	0.0952789750000000
9.5800_0	2.2041137408384852	0.1540915800000000	0.1059855400000000
9.5800_1	2.1992464276601922	0.1488136700000000	0.1010740450000000
9.5870_0	2.2001820066316871	0.1639660600000000	0.1019488450000000
9.5870_1	2.1989707077295937	0.1499287500000000	0.0971957650000000
9.5900_0	2.2022180084423035	0.1383113850000000	0.1019985200000000
9.5900_1	2.1997168088909831	0.1577568100000000	0.0795302750000000
9.6030_0	2.2006285986312175	0.1522718150000000	0.0981878750000000
9.6030_1	2.1997769029422405	0.1613295650000000	0.1059075850000000
9.6600_0	2.2000121481404862	0.1543825250000000	0.1017534350000000
9.6600_1	2.1991068790420396	0.1520523050000000	0.0788877450000000
9.6601_0	2.2011178477334545	0.1438386450000000	0.0987435000000000
9.6601_1	2.1985537221337892	0.1644918250000000	0.1070901950000000
9.6700_0	2.2020816483503287	0.1620986350000000	0.0957987950000000
9.6700_1	2.2106811338264447	0.1880085650000000	0.1170387700000000
9.7900_0	2.2002125607797263	0.1444901100000000	0.0982266150000000
9.7900_1	2.1972342636144195	0.1518489600000000	0.1013138800000000
