10.0400_0	2.2249658389499105	0.1618730750000000	0.0640448300000000
10.3800_0	2.2183501174199369	0.1598439100000000	0.1006002500000000
10.3900_0	2.2160579500959701	0.1139239250000000	0.0930113550000000
10.4200_0	2.2233102830925926	0.1493081100000000	0.0859265650000000
10.7600_0	2.2127395979970825	0.1778863400000000	0.0949111200000000
10.8800_0	2.2204008637861326	0.1541242700000000	0.0546298200000000
10.8800_1	2.1945530046592578	0.1438892850000000	0.0680837850000000
10.9200_0	2.2204080277984843	0.1477134900000000	0.1094831500000000
11.1900_0	2.2123611277405062	0.1372539600000000	0.0755079100000000
11.3800_1	2.3789513694353204	0.2745780150000000	0.1567102400000000
11.5300_0	2.2171566361033057	0.1105003000000000	0.0592745900000000
11.6400_0	2.2209549529711157	0.1264350450000000	0.1065426450000000
11.7600_0	2.2215975296927462	0.1661301300000000	0.0545798250000000
11.8200_1	2.1886378264304169	0.1402523100000000	0.1003542900000000
11.8700_0	2.2219001628180970	0.1418249550000000	0.0721706000000000
12.1600_0	2.2219921968801009	0.1522998850000000	0.1089927450000000
12.3100_0	2.2163993237007054	0.1403077950000000	0.0842149400000000
12.6200_0	2.2187574688723011	0.1299474000000000	0.1123628000000000
12.6400_0	2.2153386279384661	0.1398509550000000	0.0891544500000000
13.0600_0	2.2250144543989743	0.1578881350000000	0.0786320350000000
13.2100_0	2.2163419379503666	0.1486123500000000	0.0563449700000000
13.3200_1	2.1902896069647939	0.1531458500000000	0.0870343600000000
13.9800_0	2.2125442680578189	0.1341993950000000	0.0828684300000000
14.1600_1	2.1890885074262600	0.1259688350000000	0.0891375150000000
147.4900_0	2.2001825265430188	0.1564862650000000	0.0974466000000000
15.4300_0	2.2186942798002969	0.1516941550000000	0.1006161450000000
16.3900_0	2.2173484378311485	0.1484928350000000	0.0944194900000000
16.4200_0	2.2126816346024247	0.1780507800000000	0.0651854950000000
16.7800_0	2.2153090219940581	0.1261009950000000	0.1022398750000000
16.7800_1	2.2822186876815533	0.2324199600000000	0.1189171450000000
19.1500_0	2.2185948255341095	0.1738340300000000	0.0535335800000000
27.7100_0	2.2089148411940598	0.1388905050000000	0.0771988050000000
35.4700_0	2.2198682663554776	0.1725409200000000	0.1402044250000000
35.4700_1	2.1941600995129926	0.1443574650000000	0.0703548050000000
36.2800_1	2.1943848473565191	0.1283037650000000	0.0408515000000000
40.8400_0	2.2530364767391564	0.1737078400000000	0.1228555750000000
5.0032_0	2.2462033228243086	0.1531316250000000	0.0884467800000000
5.0040_0	2.2340252174184867	0.1535399900000000	0.0943535450000000
5.0071_0	2.2320770132990502	0.1218130150000000	0.1017203900000000
5.0100_0	2.2444764093041512	0.1290290550000000	0.0591406850000000
50.1400_0	2.2041272417026736	0.1514591200000000	0.0625757650000000
5.0140_0	2.2468420639371418	0.1634670200000000	0.0901388700000000
5.0180_0	2.2434608753809626	0.1440279950000000	0.1075956250000000
5.0181_0	2.2433894109995518	0.1561788900000000	0.0883860900000000
5.0183_0	2.2379885526439702	0.1715131850000000	0.1196056350000000
5.0260_0	2.2305194976541407	0.0538593500000000	0.0695948900000000
5.0302_0	2.2470516354412227	0.1060893000000000	0.0763687350000000
5.0310_0	2.2369741117190074	0.1044872750000000	0.1016789550000000
5.0310_1	2.1719486715078671	0.1311783100000000	0.0779548600000000
5.0341_1	2.2344473660970925	0.1958915400000000	0.0538871050000000
5.0370_0	2.2389813820128355	0.1397092200000000	0.1050568600000000
5.0400_0	2.2418543063559095	0.1463241100000000	0.1053058500000000
5.0401_0	2.2442989185209496	0.1465956200000000	0.0996964150000000
5.0410_0	2.2385619561672416	0.1421650150000000	0.0835908500000000
5.0450_0	2.2349000914058159	0.0876696550000000	0.0896067700000000
5.0501_0	2.2435605714967934	0.1465127300000000	0.1222793350000000
5.0540_0	2.2374239891181888	0.1511711850000000	0.0921379400000000
5.0600_0	2.2482463152937524	0.1544277900000000	0.1190795550000000
5.0620_0	2.2415815985224326	0.1467908450000000	0.0664922600000000
5.0700_0	2.2364786606366551	0.1618744600000000	0.0933479750000000
5.0800_0	2.2393012502510796	0.1350802350000000	0.0918715300000000
5.0801_0	2.2373156883484375	0.1377578500000000	0.0931517800000000
5.0920_0	2.2387858890328811	0.1415044700000000	0.1107866150000000
5.1000_0	2.2368331106872223	0.1565369300000000	0.0735179100000000
5.1020_0	2.2345643729127507	0.1463008500000000	0.1145515700000000
5.1030_0	2.2237897094125705	0.1441719100000000	0.1385960350000000
5.1170_0	2.2468191213222979	0.1839521300000000	0.0948005150000000
5.1180_0	2.2441469785082631	0.1302067650000000	0.0695241750000000
5.1210_0	2.2461002268055705	0.1324009850000000	0.1002828200000000
5.1310_0	2.2402230026798127	0.1567526950000000	0.0932787550000000
5.1330_0	2.2317553487828032	0.0903058300000000	0.0871224400000000
5.1340_0	2.2426581672964812	0.1152875350000000	0.0850369500000000
5.1400_0	2.2411919946128229	0.1353590900000000	0.1262798700000000
5.1440_0	2.2328208712189168	0.1302455350000000	0.0756428900000000
5.1441_0	2.2450203515350560	0.1297455650000000	0.0782774550000000
5.1500_0	2.3604872415523430	0.2283629450000000	0.1058166400000000
5.1650_0	2.2397374747996674	0.1529028750000000	0.1331144100000000
5.1690_0	2.2405654756382165	0.1498493750000000	0.1099697450000000
5.1700_0	2.2479995710050611	0.1538227200000000	0.0559454000000000
5.1701_0	2.2416109451744051	0.1557800150000000	0.0938447400000000
5.1800_0	2.2487086663618756	0.1524539350000000	0.0761620250000000
5.1830_0	2.2361870265703292	0.1453554050000000	0.0964981500000000
5.1900_0	2.2388055611629927	0.1295751150000000	0.0930263450000000
5.1901_0	2.2190002291027007	0.0644204600000000	0.0876563500000000
5.2002_0	2.3108316542274410	0.2172377900000000	0.1769229050000000
5.2002_1	2.2895253187586109	0.2039150250000000	0.0623399550000000
5.2004_0	2.2383267174756623	0.1459500900000000	0.1193365650000000
5.2007_0	2.2385719601838812	0.1606724650000000	0.0844901200000000
5.2008_0	2.2434340045696275	0.1546852250000000	0.0828258200000000
5.2020_0	2.2444736328481270	0.1646645950000000	0.0862129000000000
5.2100_0	2.2378913693423663	0.1435885150000000	0.0934119300000000
5.2101_0	2.2410706016710797	0.1265705300000000	0.0826018550000000
5.2200_0	2.2393185442366836	0.1450586750000000	0.1046999100000000
5.2240_0	2.2454522079550876	0.1303152400000000	0.0981992250000000
5.2241_0	2.2385662340456558	0.1627444700000000	0.0425467350000000
5.2250_0	2.2340905533710225	0.1628874900000000	0.0985080000000000
5.2300_0	2.2386860646095657	0.1565690550000000	0.0729614750000000
5.2301_0	2.2649514303477680	0.1568844500000000	0.1469522100000000
5.2370_0	2.2840413567229612	0.2045930500000000	0.1342622950000000
5.2500_0	2.3245847371106421	0.1812784250000000	0.0869845050000000
5.2560_0	2.3422050527548439	0.2579244200000000	0.1522363250000000
5.2700_0	2.2390965319315765	0.1399839300000000	0.0694305700000000
5.2740_0	2.2411766071940971	0.1414595500000000	0.0788659750000000
5.2770_0	2.2411662403020070	0.1362179950000000	0.0718005900000000
5.2870_0	2.2479647751138376	0.1480287450000000	0.0948346100000000
5.2870_1	2.1627291258594914	0.1501502050000000	0.1033888400000000
5.2880_0	2.2416958590266338	0.1572313650000000	0.0473724200000000
5.2901_0	2.2426039840295271	0.1592511100000000	0.1043245300000000
5.2960_0	2.2402336455452607	0.1501957150000000	0.0970364200000000
5.3000_0	2.2346195801934292	0.1110015500000000	0.0685231350000000
5.3001_0	2.2359383137612250	0.1518877600000000	0.1048244000000000
5.3020_0	2.2411566592400960	0.1563224950000000	0.0950603050000000
5.3060_0	2.2381516016060474	0.1547935900000000	0.0908942600000000
5.3240_0	2.2371715613985650	0.1173054950000000	0.0504122650000000
5.3270_0	2.2388668693820248	0.1477481950000000	0.1143924700000000
5.3280_0	2.2296801749127102	0.1133358950000000	0.0941085300000000
5.3350_0	2.2432666514891264	0.1366123800000000	0.1107275850000000
5.3360_0	2.2389916360572824	0.1415513500000000	0.0887796900000000
5.3400_0	2.2424553985095015	0.1282947150000000	0.0922149550000000
5.3401_0	2.2295405630021610	0.1107229000000000	0.0838857200000000
5.3450_0	2.2360048065345088	0.1117655150000000	0.0986507000000000
5.3630_0	2.2414927478338988	0.1450482150000000	0.0853678400000000
5.3800_0	2.2403682707702055	0.1448792100000000	0.1311162100000000
5.3850_0	2.2442556154672082	0.1409647850000000	0.1140540100000000
5.3851_0	2.2339476903184177	0.1464978350000000	0.0853834100000000
5.3930_0	2.2349976725026579	0.1537944400000000	0.0485157250000000
5.3970_0	2.2363133793520031	0.1262088200000000	0.0984903700000000
5.4000_0	2.2424453577779611	0.1778192100000000	0.0963365450000000
5.4001_0	2.2346089228795751	0.1480068400000000	0.1101375800000000
5.4060_0	2.2408235209237906	0.1304834300000000	0.0645302500000000
5.4200_0	2.2448240830644517	0.1561228000000000	0.0389014100000000
5.4300_0	2.2374100043497269	0.1315300300000000	0.0707603050000000
5.4350_0	2.2396407208084086	0.1608343550000000	0.1045535850000000
5.4390_0	2.2344705430854961	0.1167477350000000	0.0748790300000000
5.4450_0	2.2376910278749924	0.1516333150000000	0.0741587450000000
5.4500_0	2.2345896404597174	0.1258735650000000	0.1013350250000000
5.4570_0	2.2358135899184659	0.1597400900000000	0.1058864650000000
5.4600_0	2.2287130610574044	0.1528108200000000	0.0736980550000000
5.4603_0	2.2399595146532056	0.1580200150000000	0.0842408800000000
5.4700_0	2.2379427704639436	0.1504193300000000	0.1081548400000000
5.4800_0	2.2386825821674234	0.1162836800000000	0.0941638700000000
5.4910_0	2.2358683199632345	0.1387213000000000	0.0774187250000000
5.5000_0	2.2358831869323588	0.1152186100000000	0.0860866650000000
5.5040_0	2.2379973768641226	0.1470490850000000	0.0871848600000000
5.5040_1	2.1592577251301237	0.0794819950000000	0.0526181950000000
5.5100_0	2.2410934262533360	0.1271899500000000	0.0635494050000000
5.5600_0	2.2359315942066083	0.1746253850000000	0.0932393550000000
5.5650_0	2.2359487732303620	0.1713370700000000	0.1407421700000000
5.5660_0	2.2387592393819538	0.1627892950000000	0.1258027200000000
5.5710_0	2.2360872754522587	0.1138592550000000	0.0659843500000000
5.5780_0	2.2395942417174552	0.1511974650000000	0.0746576600000000
5.5900_0	2.2391436863781911	0.1473529750000000	0.1003125000000000
5.6001_0	2.2359380614479729	0.1129336100000000	0.0789198650000000
5.6150_0	2.2416173323973494	0.1558515600000000	0.0965563400000000
5.6180_0	2.2328683189975158	0.1099172050000000	0.0782711300000000
5.6180_1	2.3363248576112206	0.2434610200000000	0.1109163850000000
5.6240_0	2.2370723147774196	0.1475600750000000	0.0921960250000000
5.6260_0	2.2345897907106398	0.1521852800000000	0.1077923750000000
5.6300_0	2.2431184181868846	0.1497854950000000	0.0551627000000000
5.6301_0	2.2291944520269924	0.1296893850000000	0.0969986900000000
56.3100_1	2.2025220340057410	0.1664279400000000	0.0856681650000000
5.6410_0	2.2370617633749110	0.1524714250000000	0.0828571300000000
5.6500_0	2.2480951048048192	0.1662737850000000	0.1174370250000000
5.6580_0	2.2376255134397915	0.1443957500000000	0.0332003800000000
5.6640_0	2.2126307382026704	0.1251713200000000	0.0635009600000000
5.6760_0	2.2440182339089647	0.1560605700000000	0.0357244900000000
5.6800_0	2.2338824018433634	0.1146584250000000	0.0514444800000000
5.6890_0	2.2331983107340836	0.1328747250000000	0.0920836100000000
5.6900_0	2.2416174218470224	0.1435582200000000	0.0597851650000000
5.7160_0	2.2310072649003043	0.1245118500000000	0.0952254050000000
5.7200_0	2.2272075629943280	0.1020338900000000	0.0459680400000000
5.7210_0	2.2350751149169223	0.1330593850000000	0.0939713750000000
5.7300_0	2.2334282146282169	0.1213718600000000	0.0837300900000000
5.7380_0	2.2411336275183658	0.1601155500000000	0.1153462750000000
5.7400_0	2.2221856659202621	0.1549749300000000	0.0957380250000000
5.7402_0	2.2337874850928743	0.1477138300000000	0.1055806750000000
5.7470_0	2.2273489673517632	0.1490479250000000	0.0500158000000000
5.7500_0	2.2389814183516603	0.1261178900000000	0.0986935200000000
5.7600_0	2.2301066612837319	0.1100538800000000	0.0640956000000000
5.7602_0	2.2378093283255551	0.1239566700000000	0.0758633000000000
5.7602_1	2.2525987707182722	0.2037007150000000	0.0549242850000000
5.7701_0	2.2311199598689604	0.1251761200000000	0.1117816450000000
5.7702_0	2.2452123707111031	0.1588700000000000	0.0724908650000000
5.7820_0	2.2375848992393883	0.2051154900000000	0.1068420300000000
5.7860_0	2.2431168058029995	0.1655559550000000	0.0664248650000000
5.8080_0	2.2346337527362321	0.1449804200000000	0.0552720650000000
5.8100_0	2.2351154622791878	0.1279391050000000	0.0771751200000000
5.8120_0	2.2286597126005758	0.1607649700000000	0.1075451500000000
5.8130_0	2.2401999376933204	0.1407597850000000	0.0709189750000000
5.8201_0	2.2333693412057212	0.1598558050000000	0.0972288600000000
5.8300_0	2.2338267953532505	0.1312654800000000	0.0681526000000000
5.8400_0	2.2509204121855242	0.1390554700000000	0.0606409900000000
5.8510_0	2.2350822357057019	0.1623029250000000	0.0883659350000000
5.8701_0	2.2324532867230742	0.1285913250000000	0.1094995050000000
5.8703_0	2.2280007782113942	0.1555838600000000	0.0974983650000000
5.8703_1	2.1637466510359298	0.0971683800000000	0.0491462500000000
5.8900_0	2.2359170218550544	0.1290097200000000	0.0628316700000000
5.8901_0	2.2349935123833871	0.1292054400000000	0.0735258900000000
5.9100_0	2.2359050549521755	0.1866459050000000	0.1572504450000000
5.9140_0	2.2342196574910007	0.1486388150000000	0.0781529150000000
5.9170_0	2.2331060348011440	0.1436069550000000	0.1016771950000000
5.9310_0	2.2352527107612428	0.1238377950000000	0.0795128800000000
5.9430_0	2.2373728461456075	0.1273246600000000	0.0777350000000000
5.9520_0	2.2224655432022300	0.0771706450000000	0.0503164100000000
5.9600_0	2.2429707275109614	0.1512995900000000	0.1100480600000000
5.9700_0	2.2287418988734635	0.1531421950000000	0.0952398350000000
5.9750_0	2.2448453433460007	0.1612874100000000	0.0812065800000000
6.0100_0	2.2297357082041374	0.1481989150000000	0.0821898150000000
6.0501_0	2.2278819946737904	0.0980603800000000	0.1250819650000000
6.0501_1	2.1658236480255733	0.1516030800000000	0.0638006750000000
6.0530_0	2.2409444379613523	0.1608380950000000	0.1044595000000000
6.0700_0	2.2449288118552024	0.1929182900000000	0.1070801800000000
6.0800_0	2.2383392558685822	0.1520560850000000	0.0972022450000000
6.0860_0	2.2378509669197912	0.1485894950000000	0.1350257900000000
6.0870_0	2.2332265590837075	0.1395817000000000	0.1102208650000000
6.0990_0	2.2393185920284422	0.1198396450000000	0.0829958100000000
6.1001_0	2.2377395031628824	0.1425105650000000	0.0872933800000000
6.1090_0	2.2327340519915766	0.1400488950000000	0.1211810650000000
6.1210_0	2.2299104856659602	0.1606046300000000	0.0569311600000000
6.1330_0	2.2243448704532156	0.1004100600000000	0.0588083950000000
6.1380_0	2.2399603320967265	0.1397246250000000	0.0860780100000000
6.1400_0	2.2310405760949146	0.1430973100000000	0.1011963900000000
6.1401_0	2.2381012260297433	0.1631950600000000	0.1081297900000000
6.1590_0	2.2375901939378697	0.1559536450000000	0.0853974550000000
6.1600_0	2.2412907260686032	0.1538518100000000	0.0987125500000000
6.1700_0	2.2409211928884769	0.1511456600000000	0.1023498000000000
6.1740_0	2.2306732068256463	0.1255772150000000	0.0997511850000000
6.1800_0	2.2332349356749575	0.1363804950000000	0.1094730000000000
6.1930_0	2.2333321430881319	0.1380117700000000	0.0847679700000000
6.2080_1	2.1717272017020837	0.1613344450000000	0.0570095550000000
6.2120_0	2.2293468869397128	0.1220859500000000	0.0988128300000000
6.2170_0	2.2287580724445739	0.1478227300000000	0.1250306250000000
6.2240_0	2.2311118076638365	0.1395519850000000	0.1042221300000000
6.2401_0	2.2180836718067929	0.1473748550000000	0.0811739050000000
6.2401_1	2.1720041115528095	0.1252475800000000	0.0838401800000000
6.2420_0	2.2283305332818331	0.1109940750000000	0.0486172600000000
6.2520_0	2.2327080889860755	0.1453968200000000	0.0946004100000000
6.3300_0	2.2302610453487137	0.1481568800000000	0.1084532050000000
6.3400_0	2.2401495556422706	0.1511414250000000	0.1181154500000000
6.3500_0	nan	nan	0.0000000000000000
6.3880_0	2.2256198453565372	0.1708804350000000	0.1450902200000000
6.4110_0	2.2371602786048621	0.1626683350000000	0.0919886500000000
6.4120_0	2.2321751693864593	0.1601259700000000	0.0628170750000000
6.4300_0	2.2315211006199847	0.1462860500000000	0.1299246750000000
6.4301_0	2.2372813682494974	0.1528101100000000	0.0871332900000000
6.4500_0	2.2358427544066579	0.1525987200000000	0.0799104450000000
6.4601_0	2.2359237578089970	0.1439539650000000	0.1036599950000000
6.4800_0	2.2326374280270622	0.1234613400000000	0.0841335250000000
6.5000_0	2.2257720486476695	0.1312165800000000	0.0998155400000000
6.5000_1	2.1717301844211847	0.1341421700000000	0.0976042950000000
6.5070_0	2.2345229169790501	0.1480796100000000	0.0855104600000000
6.5340_0	2.2335900042426928	0.1590779100000000	0.0668158750000000
6.5350_0	2.2320409287053682	0.1299495350000000	0.0896034550000000
6.5400_0	2.2283549085250502	0.0631674550000000	0.0954582150000000
6.5500_0	2.2377487505349061	0.1539902550000000	0.0523915850000000
6.5600_0	2.2339105401916703	0.1434186800000000	0.0833753250000000
6.5600_1	2.1702155843968849	0.1138326350000000	0.0410804300000000
6.5880_0	2.2335727995160402	0.1207987600000000	0.0636039650000000
6.6090_0	2.2123360714783753	0.1535048800000000	0.0718708200000000
6.6090_1	2.2986123806288425	0.2273303050000000	0.1149826900000000
6.6401_0	2.2349636046359462	0.1858176350000000	0.0896879100000000
6.7100_0	2.2317605012646782	0.1549385550000000	0.1013638600000000
6.7400_0	2.3022127288084815	0.2063421250000000	0.0887641750000000
6.7700_0	2.2319150789668023	0.1119872800000000	0.0664578950000000
6.8040_0	2.2258155215989848	0.1327790000000000	0.0586079050000000
6.8200_0	2.2325452356208944	0.1570861600000000	0.1171429800000000
6.8400_0	2.2311171381954726	0.1410704400000000	0.1130688950000000
6.8802_0	2.2216133531371995	0.1366021650000000	0.1135070350000000
6.9000_0	2.2310286485922739	0.1531777350000000	0.0884250450000000
6.9020_0	2.2308189469313304	0.1482815200000000	0.0716690050000000
6.9700_0	2.2318169156752194	0.1199238450000000	0.0661278500000000
6.9730_0	2.2317578587537330	0.1481431450000000	0.0893549750000000
6.9901_0	2.2343193046754726	0.1484347100000000	0.1000976850000000
7.0100_0	2.2296390005255091	0.1423571250000000	0.0883315250000000
7.0101_0	2.2266361298515829	0.1523042150000000	0.0801670750000000
7.0200_0	2.2275281522420549	0.1217191400000000	0.1307964300000000
7.0220_0	2.2278768057178109	0.1224947500000000	0.0882220950000000
7.0400_0	2.2295193019967532	0.1253323750000000	0.1160122200000000
7.0500_0	2.2291370357466089	0.1324217650000000	0.0644079900000000
7.0530_0	2.2970102873076197	0.2431941250000000	0.1526055650000000
7.0600_0	2.2327298508644917	0.1632699800000000	0.0743835050000000
7.0901_0	2.2299638763663294	0.1503424950000000	0.0979330200000000
7.1000_0	2.2346333526092432	0.1627819550000000	0.1176110250000000
7.1100_0	2.3313573313891025	0.2216278600000000	0.1198393000000000
7.1200_0	2.2259849221486268	0.0964754900000000	0.0623770900000000
7.1201_0	2.2281077740014563	0.1356515150000000	0.1206148050000000
71.3400_0	2.2015169657823148	0.1126929650000000	0.1126441850000000
7.1600_0	2.2209605881738965	0.1408421050000000	0.0810240350000000
7.1800_0	2.2282774691240785	0.1284472450000000	0.1131031850000000
7.1801_0	2.2303270038486365	0.1471005450000000	0.0695045650000000
7.2100_0	2.2244463606994254	0.1359087550000000	0.0582119350000000
7.2110_0	2.2248024086938472	0.1360123150000000	0.1103860900000000
7.2230_0	2.2189190010897879	0.1250854400000000	0.0887748100000000
7.2400_0	2.2334852391609958	0.1255652700000000	0.0829593850000000
7.2500_0	2.2287317210771853	0.1475212850000000	0.1034123500000000
7.2600_0	2.2318091050363522	0.1054485850000000	0.0942065850000000
7.3300_0	2.2321682921432671	0.1431571150000000	0.0551649800000000
7.3500_0	2.2298033220178053	0.1247127450000000	0.0730752700000000
7.3800_0	2.2201245949615247	0.1153648250000000	0.0656274150000000
7.4120_0	2.2257942144607514	0.1309363550000000	0.0985628050000000
7.4600_0	2.3062118163624770	0.2261667950000000	0.1382533200000000
7.4601_0	2.2257363314952991	0.1796993850000000	0.1325158700000000
7.4800_0	2.2286779661571550	0.1538367550000000	0.1017314600000000
7.4801_0	2.2183352105117220	0.1424771450000000	0.0363329650000000
7.5300_0	2.2212519792563548	0.1336313550000000	0.0450754100000000
7.5501_0	2.2329749685814808	0.1662852200000000	0.0855512550000000
7.5900_0	2.2287230586511799	0.1559071750000000	0.1183154050000000
7.5900_1	2.1823286096940357	0.1588567500000000	0.0658721150000000
7.5901_0	2.2328316991048998	0.1564844850000000	0.1095310500000000
7.6000_0	2.2273095482226006	0.1495026000000000	0.0975412300000000
7.6400_0	2.2221652295796757	0.1134271650000000	0.1029578600000000
7.6420_1	2.1732768034021062	0.1013645250000000	0.0945507250000000
7.6900_0	2.2176171640557012	0.1674959600000000	0.0669933950000000
7.6902_0	2.2267944633340382	0.1613390850000000	0.0851706100000000
7.7000_0	2.2251103184232210	0.1410048150000000	0.0744390500000000
7.7100_0	2.2244398538120773	0.1242211150000000	0.0715100350000000
7.7101_0	2.2306951680184204	0.1520924150000000	0.1118150950000000
7.7101_1	2.1758833331735952	0.1448003950000000	0.0380059900000000
7.7200_0	2.2248338974339110	0.1531564100000000	0.0842513200000000
7.7600_0	2.2245053488870563	0.0657427150000000	0.1012199500000000
7.7701_0	2.2292655703680362	0.1541315500000000	0.1060595300000000
7.7720_0	2.2294818836173125	0.1524520750000000	0.1025672050000000
7.7800_0	2.2125328010459651	0.1273601900000000	0.0864909650000000
7.7801_0	2.2230649592373788	0.1489719850000000	0.0883524100000000
7.7802_0	2.2249379785314498	0.1335079400000000	0.1056934650000000
7.8100_0	2.2259493779376762	0.1633025850000000	0.0781294250000000
7.8400_0	2.2262199394388764	0.1223799800000000	0.0766908500000000
7.8490_0	2.2335772893465231	0.1591983700000000	0.0861209000000000
7.8600_1	2.1702221202001462	0.1262488750000000	0.0534605950000000
7.8601_1	2.1791290197188338	0.1512166350000000	0.0597937350000000
7.8800_0	2.2287056879453453	0.1533207000000000	0.0981548400000000
7.8900_0	2.2229631205436178	0.0974867700000000	0.0815089100000000
7.9200_0	2.2296442077103991	0.1374447850000000	0.0603785650000000
7.9201_0	2.2277137827018025	0.1507347900000000	0.1033199500000000
7.9202_0	2.2294774592699271	0.1538634700000000	0.1106079850000000
7.9600_0	2.2261483633641319	0.1525730050000000	0.0747695300000000
7.9700_0	2.2285405508571157	0.1368796450000000	0.1162977750000000
7.9800_0	2.2261504899880729	0.1460554750000000	0.0873157250000000
7.9900_0	2.2254155952386547	0.1323740550000000	0.0904600100000000
7.9901_0	2.2261662440834136	0.1442956800000000	0.1048021400000000
8.0110_0	2.2290873787258505	0.1219004050000000	0.0868184450000000
8.0450_0	2.2210179374190751	0.1380923900000000	0.0859521700000000
8.0800_0	2.2296198754107079	0.1539526050000000	0.0818116650000000
8.1700_0	2.2220757065032553	0.1286238150000000	0.0696585750000000
8.2000_0	2.2316778891019893	0.1351711150000000	0.0923166100000000
8.2630_0	2.2297394956077028	0.0980750250000000	0.0650620900000000
8.2800_0	2.2302712000686524	0.1435743650000000	0.1039761450000000
8.3400_0	2.2241019079447959	0.1503588100000000	0.1079899700000000
8.3500_0	2.2230002346456863	0.1547183650000000	0.0838458200000000
8.3500_1	2.1748607590767270	0.1359338850000000	0.0752844200000000
8.3600_0	2.2176943897893406	0.1816818450000000	0.0839235600000000
8.3880_0	2.2246214164351921	0.1208961200000000	0.0847402050000000
8.4400_0	2.2229743048948709	0.1432823100000000	0.1080271700000000
8.4800_0	2.2324022083310453	0.1531279750000000	0.0686445550000000
8.6301_0	2.2279647744367308	0.1323115200000000	0.0808671450000000
8.7400_0	2.2207008410847413	0.0886170200000000	0.0954344400000000
8.8600_0	2.2229063359750398	0.1463708350000000	0.1069257800000000
8.9300_1	2.2167991165202241	0.1553508450000000	0.1339907250000000
8.9500_1	2.1743261330168742	0.1424398500000000	0.0435420600000000
8.9600_0	2.2274138883721610	0.1508189650000000	0.0645986050000000
8.9900_0	2.2268835502050091	0.1291875500000000	0.0676629700000000
8.9900_1	2.1740880607409987	0.1599753000000000	0.0693941200000000
9.0101_0	2.2249058809529259	0.1426438900000000	0.1145170450000000
9.1300_0	2.2170597002289347	0.1341741550000000	0.0924520000000000
9.1400_0	2.2256197701243190	0.1537811100000000	0.1023531350000000
9.1402_1	2.1604140022449703	0.1218628200000000	0.1042970050000000
91.6300_0	2.2006546964873150	0.1299707200000000	0.0990785400000000
91.6300_1	2.1973688492089156	0.1502944450000000	0.0985138050000000
9.1700_1	2.1765139304611165	0.1027460950000000	0.0958059150000000
9.2300_0	2.2175946675240086	0.1618134950000000	0.1300807000000000
9.2300_1	2.1823019019311101	0.1335422550000000	0.0637247650000000
9.2400_0	2.2191575031614210	0.1321903050000000	0.1061238700000000
9.2401_0	2.2228755031545910	0.0986343800000000	0.0538497500000000
9.3300_0	2.2223588453973604	0.1090037050000000	0.0509541500000000
9.4200_0	2.2281724562226102	0.1463483800000000	0.1160452800000000
9.4500_0	2.2212909010362636	0.1388205800000000	0.1034461050000000
9.5800_0	2.2228528349791254	0.1349657500000000	0.1090186950000000
9.5800_1	2.1862630934648153	0.1232557700000000	0.0973586450000000
9.5870_0	2.2256803131275760	0.1656355200000000	0.0896772800000000
9.5900_0	2.2238047241058405	0.1314412150000000	0.0720841900000000
9.6030_0	2.2215663677778736	0.1373581250000000	0.0791852850000000
9.6600_0	2.2203007347416226	0.1384778650000000	0.0993354200000000
9.6601_0	2.2254349907734641	0.1309126800000000	0.0773155450000000
9.6700_0	2.2274137844673620	0.1306182700000000	0.0721163450000000
9.7900_0	2.2202907627548516	0.1170488650000000	0.0707559850000000
