3	144.83400	2.1966939273271802	0.1360196700000000	0.0931038600000000
4	141.17100	2.1992742668171235	0.1373067700000000	0.0933776200000000
802	11.74220	2.2331283217634872	0.1330304400000000	0.0926374000000000
812	11.72650	2.2229416314061212	0.2006669200000000	0.1341778000000000
817	11.72430	2.1951476066997992	0.1545368200000000	0.0835015000000000
821	11.72220	2.2442434986436761	0.1782751100000000	0.1622989300000000
828	11.71240	2.1879905182781636	0.1352387300000000	0.0681824700000000
829	11.71240	2.3257924239622518	0.2236557700000000	0.0516765000000000
830	11.71140	2.2358981522015715	0.1406205000000000	0.0722748200000000
832	11.71070	2.1746218099161667	0.1012236500000000	0.0644226500000000
833	11.71070	2.1791661797682651	0.1384018600000000	0.0650266800000000
836	11.70160	2.2295597338171889	0.1441765300000000	0.0809854800000000
837	11.70160	2.2325042127503587	0.1642060900000000	0.0804923800000000
839	11.70000	2.2321519855177523	0.1049364200000000	0.0636047900000000
841	11.70000	2.2050459836926923	0.1485265400000000	0.1016882600000000
842	11.70000	2.1674674695025438	0.1142482700000000	0.0640815100000000
843	11.70000	2.3402147659550900	0.2421640000000000	0.0572627900000000
845	11.70000	2.1741283397785582	0.1277450400000000	0.0506269200000000
847	11.70000	2.2257948451664693	0.1483025900000000	0.0972936900000000
856	11.70000	2.2250595111450444	0.1100018500000000	0.0742100500000000
858	11.70000	2.2195769867941393	0.1276018700000000	0.0874321100000000
862	11.70000	nan	nan	0.0000000000000000
867	11.70000	2.4515925170814596	0.2515994800000000	0.0727854700000000
869	11.70000	2.2359037109812352	0.1433293800000000	0.0997765200000000
870	11.70000	2.2257112674414432	0.1865100100000000	0.1223949100000000
873	11.70000	2.2332405222267591	0.1272833000000000	0.0935054100000000
874	11.70000	2.2341971120461941	0.1497275100000000	0.0833577700000000
80	26.68980	2.2129730458726211	0.1636172800000000	0.0972764300000000
81	26.68980	2.4268714231596733	0.2686498600000000	0.1621790000000000
82	26.48190	2.2340049556942225	0.1567330600000000	0.1223704700000000
83	26.48190	2.2165127073684130	0.1537150800000000	0.0950989500000000
85	26.46800	2.2100966034604705	0.1113301900000000	0.0809833400000000
881	11.70000	2.2047348061432532	0.1504101200000000	0.0911744200000000
886	11.69360	2.2069069752447978	0.1559181700000000	0.0718139300000000
887	11.69360	2.1899808370835188	0.1059456500000000	0.0867511100000000
888	11.68810	2.2416316201459892	0.1659353900000000	0.0946624200000000
894	11.67530	2.1823341689347826	0.1273772200000000	0.0904565200000000
895	11.67530	2.2145943573892319	0.1266039900000000	0.0495670500000000
901	11.67020	2.2008474497155919	0.1531981300000000	0.0951630300000000
907	11.63960	2.2149844071170861	0.1264695100000000	0.0555746600000000
908	11.63210	2.2321571719317639	0.1485406800000000	0.0742946900000000
910	11.62890	2.2415903091223943	0.1448087400000000	0.0867589000000000
912	11.62220	2.1628508724351501	0.1319573200000000	0.0558935900000000
914	11.61880	2.2083657490057158	0.1503182100000000	0.0959679200000000
915	11.61880	2.2187009018121606	0.1363947500000000	0.0987148500000000
917	11.60350	2.2276402824545025	0.1174291500000000	0.0589550400000000
920	11.59250	2.2255434091530399	0.1341602300000000	0.0767489900000000
923	11.58810	2.2244753977656617	0.1168092900000000	0.0862708600000000
925	11.57950	2.2305979737875861	0.1238441400000000	0.0601833000000000
932	11.52700	2.2311088456328916	0.1352668900000000	0.0639802000000000
938	11.52030	2.1912172991522629	0.1349052900000000	0.1062600900000000
947	11.50830	2.2325890966000812	0.1287769800000000	0.0872399100000000
949	11.50430	2.2277349437333256	0.1424790100000000	0.0813800000000000
952	11.48170	2.2371177071687294	0.1440613600000000	0.0498189900000000
953	11.48170	2.2389402124373565	0.1402088500000000	0.1241714300000000
955	11.47710	2.2213641188411759	0.0658501700000000	0.1151776900000000
88	26.22460	2.2005137975282980	0.1398279900000000	0.0963809600000000
89	26.22460	2.2054313804485477	0.1365658400000000	0.1133606100000000
90	25.99150	2.2078513778205573	0.1567868800000000	0.0894160700000000
91	25.99150	2.1978458791004600	0.1184347600000000	0.0801114900000000
964	11.45440	2.2141838521797625	0.1323023500000000	0.0826726900000000
965	11.45440	2.1618691859744796	0.1378665000000000	0.0544033500000000
976	11.41910	2.1961843962894969	0.1459398900000000	0.0990475200000000
979	11.41090	2.3009408548711443	0.1877337200000000	0.1515446700000000
980	11.39810	2.2319923947410598	0.1322194700000000	0.0836970400000000
984	11.38880	2.2198064661289894	0.1624384900000000	0.0478733800000000
986	11.38710	2.2168137364110936	0.1137372900000000	0.0845510400000000
988	11.38180	2.2225368262363352	0.1759081000000000	0.1405822000000000
996	11.35540	2.2008385035118128	0.1518908400000000	0.1028899400000000
1000	11.34480	2.1890728423009920	0.1559155100000000	0.0932824800000000
1004	11.32070	2.2302125170697211	0.1321640000000000	0.0894670700000000
1006	11.30660	2.2822443284847518	0.2160932000000000	0.1103782100000000
1010	11.30350	2.2153469609707139	0.1457405700000000	0.1003485700000000
1011	11.30350	2.2127417495028068	0.1130638800000000	0.0605841400000000
1012	11.28590	2.2163877712080660	0.1268211500000000	0.0885263400000000
1015	11.28320	2.2304047470020549	0.1492767300000000	0.1042716300000000
1016	11.27850	2.2362709070644904	0.1531586900000000	0.1308175400000000
1018	11.27530	2.2016310170773066	0.1303298000000000	0.0508127600000000
1028	11.26650	2.2892319028479404	0.2563778300000000	0.1652315100000000
1032	11.24410	2.2213023701101524	0.1073876400000000	0.0802300100000000
1036	11.23560	2.2249845105534045	0.1555786400000000	0.0885763400000000
1039	11.23230	2.2287397447685993	0.1390477800000000	0.0680703200000000
99	24.92170	2.2003051377338161	0.1375522400000000	0.0889589400000000
103	24.57650	2.1767823038528404	0.1361610200000000	0.0898360600000000
1040	11.22350	2.2388030651530677	0.1513048500000000	0.1206893800000000
1047	11.18810	2.2436977835220082	0.1753843700000001	0.1140290100000000
1048	11.18260	2.2624014224846341	0.1421790300000000	0.1056373700000000
1050	11.18250	2.2261416595276873	0.0747505200000000	0.0525019300000000
1053	11.18230	2.2330928317940875	0.1353978300000000	0.0802211200000000
1055	11.17720	2.2040279982540212	0.1282886100000000	0.0863093900000000
1056	11.17510	2.2298866601572263	0.1248940400000000	0.0844247900000000
1060	11.14950	2.2270019056811385	0.1335881400000000	0.0843029700000000
1065	11.13930	2.2273380445636430	0.1423341700000000	0.0745641600000000
1067	11.13620	2.1884569504390470	0.1559582800000000	0.0449389100000000
1071	11.11750	2.2129312089144531	0.1823751900000000	0.1138848200000000
1074	11.08920	2.2253896119870107	0.1171656100000000	0.0489578000000000
1076	11.07770	2.2386274632827012	0.1589688800000000	0.1160477200000000
1080	11.06540	2.2357818457684844	0.1728230200000000	0.1312562100000000
1082	11.06380	2.1823853189630920	0.1585291500000000	0.0750932200000000
1083	11.06380	2.2425698592102314	0.1535095400000000	0.0926670300000000
1084	11.06310	2.2287891909868445	0.1289185700000000	0.0644748500000000
1085	11.06310	2.2323354152791746	0.1554762600000000	0.0836371400000000
1087	11.05860	2.2271145054255173	0.1453781400000000	0.1183172400000000
1092	11.03460	2.2042211318480849	0.1285001000000000	0.0931802100000000
1093	11.03460	2.2101535742931282	0.1377586900000000	0.0506947200000000
1099	11.02590	2.2096982114614696	0.1429709600000000	0.1026832700000000
1106	10.97450	2.2098636025147682	0.1491177700000000	0.1151054000000000
1111	10.96410	2.2376209137294607	0.1270651500000000	0.0814900900000000
1114	10.95360	2.2021417372766794	0.0959285400000000	0.0882080600000000
1117	10.93930	2.2503528748082737	0.1381035100000000	0.1217195100000000
104	24.51240	2.2114362635972005	0.1010190400000000	0.0868324000000000
110	23.82210	2.1984934934825424	0.1381614100000000	0.0837334900000000
111	23.82210	2.2144397575014438	0.1696413600000000	0.1049855400000000
1127	10.92830	2.2331631950022528	0.0866595700000000	0.0504863500000000
1129	10.92790	2.2415751617910913	0.1495918300000000	0.0834308300000000
1137	10.92380	2.2153784806967893	0.1185316900000000	0.0729218000000000
1140	10.92290	2.2085463157150729	0.1195983500000000	0.0709648200000000
1145	10.92230	2.2330823380662519	0.1409237400000000	0.0420662000000000
1146	10.92210	2.2388077025909316	0.1486057300000000	0.0741615300000000
1147	10.92210	2.2358971013955937	0.1431040900000000	0.1230033300000000
1152	10.91860	2.2383719986606723	0.1419751100000000	0.0444147400000000
1154	10.91650	2.2204559523573009	0.0669865300000000	0.0920810200000000
1155	10.91650	2.2391246430977834	0.1311956100000000	0.0731723300000000
1158	10.90520	2.2287046100497188	0.1452048900000000	0.1158911700000000
1160	10.90250	2.2138486831046360	0.1351484200000000	0.0860895700000000
1161	10.90250	2.2158978049876583	0.1424748400000000	0.0391320700000000
1163	10.90130	2.2396750817038105	0.1518244000000000	0.1241122000000000
1165	10.89690	2.2301988658268930	0.1510917300000000	0.1040798500000000
1169	10.88480	2.2401102044896350	0.1248813900000000	0.0823838100000000
1171	10.88460	2.2039230518206878	0.1629417800000000	0.0602228400000000
1172	10.88410	2.2047515321906812	0.1744998800000000	0.0716048100000000
1173	10.88410	2.1893148741381077	0.1350920400000000	0.0378588100000000
1177	10.88150	2.1667419534504453	0.1248528100000000	0.0735094200000000
1179	10.84320	2.2383978507162530	0.1528650300000000	0.0692151900000000
1182	10.82110	2.2342190396735941	0.1526411900000000	0.1053830800000000
1185	10.76010	2.2378658448186965	0.1388756000000000	0.0997233900000000
1191	10.62350	2.2392165349912228	0.1407032300000000	0.0606767300000000
1193	10.61910	2.2081699584146763	0.1369289000000000	0.0846391000000000
1195	10.61840	2.2041340027510423	0.1484350900000000	0.0674283400000000
1196	10.61790	2.2456945552631020	0.1353416700000000	0.0836664900000000
1207	10.61610	2.2453521306744126	0.1598563600000000	0.1112975900000000
1215	10.61230	2.2001244070404544	0.1590167700000000	0.0988284000000000
1216	10.61210	2.2324685829026132	0.1579804600000000	0.0904719300000000
1217	10.61210	2.2236595817220977	0.1582932200000000	0.0795748900000000
1218	10.61090	2.3542192686555401	0.2374027600000000	0.0867987600000000
1223	10.61040	2.2047511896490977	0.1275021700000000	0.0706249100000000
1224	10.61010	2.2033994420007876	0.1670881100000000	0.0512686800000000
1228	10.58910	2.2275256838534814	0.1350787600000000	0.0957962500000000
1229	10.58910	2.2320958122336512	0.1625710300000000	0.1189174100000000
1230	10.58300	2.2048016927606522	0.1476746600000000	0.0833604600000000
1232	10.54440	2.2281447768338558	0.1508294600000000	0.1092969800000000
1234	10.52320	2.2123482144178896	0.1021547800000000	0.0479524300000000
1237	10.51650	2.2028628147701261	0.1429544600000000	0.1285512700000000
1240	10.47010	2.2442451140699045	0.1430363700000000	0.1113935100000000
1242	10.46930	2.2002664859504271	0.1977677999999999	0.0744766000000000
1243	10.46930	2.2285483216715209	0.1440898500000000	0.0994802300000000
1249	10.42930	2.2023692408269606	0.1107792500000000	0.0659636900000000
1251	10.41750	2.2255374351512707	0.1572919000000000	0.0803696000000000
1254	10.39910	2.2059325538509005	0.1243145000000000	0.1011705000000000
1255	10.39910	2.2320745259322905	0.1483472700000000	0.1016744500000000
1256	10.39850	2.2396343882207352	0.1435415200000000	0.0745881000000000
1258	10.39810	2.2220576972746175	0.1609307200000000	0.0745634600000000
1262	10.37670	2.2527736495488559	0.1766150400000000	0.1048188300000000
1264	10.36310	2.2481951492621355	0.1542381600000000	0.1246310700000000
1265	10.36310	2.2417911033557996	0.1512037900000000	0.0798356000000000
1266	10.35950	2.2379602763276782	0.1519069900000000	0.0633320200000000
1272	10.34210	2.2188203636700830	0.1398078000000000	0.0924150600000000
1273	10.34210	2.2206083215966661	0.1500397300000000	0.1029608200000000
1275	10.34030	2.2979827619943802	0.1992530700000000	0.0948256100000000
1278	10.33740	2.1992962532762594	0.1312258700000000	0.0659070800000000
1279	10.33740	2.2272728290207446	0.1113322700000000	0.0562273000000000
120	22.50900	2.2119890490537606	0.1272627000000000	0.1188237500000000
121	22.50900	2.2075867900979991	0.1459990700000000	0.0864504400000000
122	21.95780	2.2046840661762945	0.1441643500000000	0.0334702600000000
123	21.95780	2.2073918899001930	0.1207796100000000	0.0645246900000000
126	21.78800	2.2086304695334875	0.1665933600000000	0.1005983900000000
127	21.78800	2.2225744316557554	0.1650935000000000	0.1034368000000000
1280	10.32880	2.2475915828561042	0.1543248400000000	0.1419158000000000
1285	10.32170	2.2173581251499694	0.1425673300000000	0.0515288700000000
1286	10.32150	2.2326358161044904	0.1504336900000000	0.0959072400000000
1293	10.29770	2.2287721723086764	0.1461734500000000	0.1099675600000000
1297	10.29030	2.2162770204182212	0.1645753500000000	0.0918615500000000
1300	10.28650	2.2385341424890899	0.1465617100000000	0.0807984500000000
1305	10.28410	2.2477795452408080	0.1471243500000000	0.1465737500000000
1314	10.27740	2.2371489786500587	0.1394311600000000	0.0736645500000000
1320	10.26090	2.1678623775823129	0.1375191300000000	0.0554110600000000
1321	10.26090	2.2321077880054050	0.1551117400000000	0.1038013800000000
1324	10.25040	2.2373566596106351	0.1217741600000000	0.0926450700000000
1325	10.25040	2.2398041911434401	0.1520232400000000	0.0862231200000000
1326	10.23910	2.2265488122583097	0.1231037700000000	0.0747064800000000
1328	10.23050	2.2248192906130697	0.0994231200000000	0.1348267700000000
1333	10.20550	2.1963530907122579	0.1255462000000000	0.0852231300000000
1334	10.20380	2.2168725667820248	0.1171763900000000	0.0673387300000000
1339	10.19020	2.1803087764072173	0.1419005700000000	0.0759919400000000
1342	10.18510	2.2390283208402719	0.1548070300000000	0.1175849100000000
1345	10.18490	2.2463758350857441	0.1742229600000000	0.0856155000000000
1346	10.18350	2.2375516835224070	0.1269223600000000	0.0763022000000000
1359	10.16060	2.2451095077306320	0.1720553800000000	0.0641283700000000
131	21.40930	2.2104674126942037	0.1375279700000000	0.0987002100000000
133	21.29740	2.2043694148759685	0.1465608700000000	0.0911178300000000
134	21.21890	2.2179037959123797	0.1561186100000000	0.0314346600000000
135	21.21890	2.2243968834960364	0.1884014700000000	0.1075882500000000
1360	10.15810	2.2126639642558161	0.1055955900000000	0.0890363900000000
1361	10.15810	2.2283915442821782	0.1298881300000000	0.0986901500000000
1362	10.15700	2.2025142030921656	0.1503268500000000	0.0709267100000000
1365	10.15050	2.2502186975737817	0.1630909400000000	0.1324374400000000
1366	10.15010	2.2358127229236815	0.1453198000000000	0.1161392600000000
1375	10.14090	2.2430884662689996	0.1303065000000000	0.0832038100000000
1376	10.13960	2.1963217635477270	0.1407861400000000	0.0498371800000000
1377	10.13960	2.1825069924864309	0.1480785900000000	0.0518171900000000
1379	10.13950	2.2475646569455003	0.1588691800000000	0.1128741500000000
1380	10.12850	2.2332517501611746	0.1449124600000000	0.0942298400000000
1381	10.12850	2.1791706395862165	0.1535310600000000	0.0781275100000000
1382	10.12620	2.2444201057187043	0.1569966400000000	0.0751954500000000
1383	10.12620	2.2107425314249594	0.1572281100000000	0.0910671900000000
1386	10.12610	2.2006176704019844	0.1319251300000000	0.0875022700000000
1395	10.12330	2.2088590360794109	0.1391509500000000	0.0429992200000000
1396	10.12260	2.2318683627553004	0.1384704500000000	0.1105420800000000
1409	10.07350	2.1730264383802571	0.1307750200000000	0.0814423600000000
1415	10.06280	2.2312714992039000	0.1463300700000000	0.0929271400000000
1417	10.05140	2.2281067544506650	0.1475479300000000	0.0992603400000000
1418	10.04880	2.1818346086615321	0.0978032200000000	0.0585865500000000
1430	10.00540	2.2336454605088085	0.1344477800000000	0.0888702600000000
1433	9.97105	2.2146964092510886	0.0987157500000000	0.0942742100000000
1434	9.95261	2.2047736515000822	0.1649520200000000	0.0828588600000000
1436	9.94991	2.2105906985745616	0.1444927000000000	0.1007421300000000
1437	9.94991	2.2209948860967255	0.1052119400000000	0.0897391200000000
1439	9.93271	2.2357192222992759	0.1455546400000000	0.0720647300000000
138	20.82900	2.2180552751536475	0.1317241300000000	0.1179602900000000
142	20.48610	2.2177958814641729	0.1583019200000000	0.1088350700000000
143	20.48610	2.1963388459761846	0.1487708300000000	0.0965235600000000
1441	9.90524	2.3022015557498672	0.2175158200000000	0.1022656300000000
1442	9.82061	2.2409004409338844	0.1246880400000000	0.0992015800000000
1446	9.79928	2.2330961572256323	0.1380454700000000	0.0848947800000000
1449	9.79831	2.2071067659121568	0.1541524900000000	0.0960208400000000
1452	9.79790	2.2025269793247313	0.1314839200000000	0.1041970100000000
1459	9.79694	2.2319123647422554	0.1244756200000000	0.0869272600000000
1462	9.79521	2.2299124009444964	0.1761111300000000	0.0886053200000000
1464	9.79515	2.2464847848040028	0.1338298800000000	0.0727125100000000
1469	9.79345	2.2190439503481367	0.1609734100000000	0.1004677400000000
1471	9.79320	2.2096429484195248	0.1522321500000000	0.1008225800000000
1475	9.79288	2.2418789458843067	0.1537865900000000	0.0982016300000000
1479	9.79166	2.2195745785393002	0.0991098200000000	0.0959132200000000
1481	9.79145	2.2426008202449230	0.1555151900000000	0.1349290000000000
1492	9.72526	2.2436628790327049	0.1328526800000000	0.0563174500000000
1497	9.70935	2.2411476727199093	0.1515817800000000	0.0630829700000000
1498	9.69595	2.2320942555778327	0.1163723800000000	0.0844022200000000
1500	9.67046	2.2291693697836101	0.0989291000000000	0.0914996200000000
1510	9.67000	2.1353402863969007	0.1266434200000000	0.0531786000000000
1514	9.66336	2.2461801208538308	0.1520748700000000	0.0752599000000000
1516	9.66178	2.2367821756992710	0.1514636500000000	0.1009818400000000
1517	9.66178	2.1963300646650614	0.1228730700000000	0.0597398900000000
1518	9.66145	2.2143537259088650	0.1380908500000000	0.0940159700000000
147	20.23890	2.2125781508726128	0.2158738600000000	0.1539882100000000
148	20.14810	2.2084707020623866	0.1355191800000000	0.0806461600000000
1525	9.66111	2.2154120468012657	0.1674686300000000	0.1156852100000000
1526	9.66104	2.2429986998207072	0.1765826100000000	0.0875730600000000
1529	9.66080	2.2163943227166971	0.1235668200000000	0.0758094900000000
1531	9.65958	2.2310659928685665	0.1475756400000000	0.0873932800000000
1537	9.65484	2.2382331304014609	0.1499983600000000	0.1143237000000000
1539	9.65423	2.2234561450734218	0.0965716700000000	0.1434958000000000
1541	9.65415	2.2348226321420035	0.1232256700000000	0.0552776200000000
1543	9.65411	2.2462788395926081	0.1356195200000000	0.0987709100000000
1548	9.65323	2.2404594247489862	0.1635897700000000	0.0786391400000000
1549	9.65323	2.2420371292626005	0.1500832400000000	0.1062826200000000
1554	9.62796	2.2114044459426525	0.1531720300000000	0.0774073200000000
1557	9.62658	2.2164987568297581	0.1550699000000000	0.0921787600000000
1562	9.61583	2.2478915807081079	0.1475266300000000	0.1226705900000000
1569	9.61229	2.2312542518180130	0.1658685400000000	0.0315171400000000
1572	9.60674	2.2284247568081810	0.1495632600000000	0.0622372800000000
1586	9.59731	2.2805135691897296	0.1532262700000000	0.1726450100000000
1590	9.59629	2.2359293105935096	0.1073319800000000	0.0852208600000000
9	139.63100	2.4386122368847114	0.2842138599999999	0.0626513500000000
1601	9.58934	2.2015537137659913	0.1392216200000000	0.0390527000000000
1603	9.58931	2.2182378125616831	0.1526793700000000	0.0833245100000000
1606	9.58877	2.2457413866597022	0.1267521300000000	0.0874470500000000
1607	9.58877	2.2468653004906289	0.1392660300000000	0.1198891900000000
1609	9.58865	2.2299702662360033	0.1466801000000000	0.1021127000000000
1611	9.58849	2.2198296023283497	0.1381609400000000	0.0958117200000000
1613	9.58849	2.1958314452035719	0.1555743900000000	0.0778464800000000
1617	9.58787	2.1969057708944462	0.1358552000000000	0.0907906600000000
1619	9.58777	2.2181367580881317	0.1427122300000000	0.1141410700000000
1622	9.58663	2.2142906172399939	0.1313450900000000	0.0918659800000000
1624	9.58434	2.2069972845029926	0.1186179200000000	0.1200947100000000
1625	9.58434	2.2195048574860121	0.1644061700000000	0.0553520000000000
1626	9.58386	2.1703061575035361	0.0944162800000000	0.0438413200000000
1628	9.58364	2.2015066423280576	0.1242667800000000	0.1262449700000000
1629	9.58364	2.2197510701852639	0.1784421500000000	0.1194835500000000
1637	9.58269	2.2010743838456182	0.1619368300000000	0.0497025800000000
1640	9.58190	2.2488831254261603	0.1602217200000000	0.0627466800000000
1642	9.58167	2.1773205866145346	0.1207106100000000	0.0510466900000000
1645	9.58133	2.2446886223472529	0.1397151300000000	0.0740950400000000
1651	9.57473	2.2329705420850710	0.1021113300000000	0.0745086000000000
1658	9.57127	2.2165084738748448	0.1614588400000000	0.1040478500000000
1661	9.57124	2.2287350844068206	0.1456711700000000	0.0970087000000000
1663	9.57023	2.2326341254180839	0.1296798600000000	0.0878637400000000
1667	9.56748	2.2433311205179618	0.1460608200000000	0.1025225200000000
1669	9.56294	2.2434328104921328	0.1317204900000000	0.1066731100000000
1672	9.55930	2.2185748879385714	0.1367278800000000	0.0865045700000000
1674	9.55679	2.2280239113899531	0.1352761400000000	0.1105543300000000
1676	9.55202	2.2232892050378776	0.1546964400000000	0.0992882700000000
160	19.02050	2.2058505504786092	0.1302507600000000	0.0879316800000000
161	19.02050	2.2148186925880622	0.1628512200000000	0.0347172900000000
162	18.89830	2.2214287925534433	0.1634689100000000	0.0928207200000000
163	18.89830	2.2208365442123519	0.1644344100000000	0.0775773000000000
166	18.66980	2.2103466796966078	0.1381835300000000	0.0965146300000000
1680	9.54781	2.2415262312797446	0.1423939100000000	0.1090131500000000
1688	9.53021	2.1992284278603536	0.1578942200000000	0.1010907600000000
1692	9.52252	2.1848487649130219	0.1447237600000000	0.0457879000000000
1696	9.51582	2.2195211922041960	0.1524852900000000	0.1007291600000000
1698	9.51319	2.2238408022874951	0.1348865400000000	0.0953365100000000
1700	9.51255	2.2839825989004749	0.2086345800000000	0.1629872200000000
1702	9.51053	2.2095709012031466	0.1603906200000000	0.0930239500000000
1704	9.50834	2.2391190575815219	0.1295314900000000	0.0680408600000000
1711	9.50323	2.2064863592818167	0.1075890700000000	0.0562599200000000
1721	9.48442	2.1521928377787631	0.0959332000000000	0.0790353200000000
1739	9.43735	2.2376333996133400	0.1518457700000000	0.0658350700000000
1740	9.43695	2.2326144827213783	0.1424468900000000	0.0591499700000000
1742	9.41095	2.2182715499912438	0.1541860900000000	0.0947918200000000
1743	9.41095	2.2313208426908946	0.1443109800000000	0.0483971700000000
1746	9.36075	2.2347106371493060	0.1560284400000000	0.1121587300000000
1750	9.32657	2.2463482940547101	0.1504175900000000	0.1047589200000000
1752	9.31892	2.2431094715495772	0.1337566800000000	0.0863708400000000
1753	9.31892	2.2331838844632790	0.1405392600000000	0.0640945600000000
1756	9.30095	2.2189447440548284	0.1565670200000000	0.1028340400000000
1758	9.29419	2.2436323334627644	0.1530470100000000	0.1053928900000000
1759	9.29419	2.2394173492379070	0.1418305300000000	0.0786367800000000
171	18.56620	2.2206395570242869	0.1164551100000000	0.0386854500000000
172	18.38690	2.2125786230144260	0.1757228400000000	0.1228745500000000
174	18.33440	2.2001542299909249	0.1471898000000000	0.0978801300000000
175	18.33440	2.2154505995834199	0.1502957700000000	0.0539120100000000
1760	9.29040	2.2154906475284299	0.1488549100000000	0.1090462300000000
1763	9.28669	2.2412080567174395	0.1256639800000000	0.0609366600000000
1766	9.27618	2.2062905306394995	0.1320494100000000	0.1019963100000000
1769	9.27601	2.2362473275792882	0.1406208200000000	0.1076859900000000
1780	9.26310	2.1606004367744109	0.1306696000000000	0.0499154100000000
1786	9.25823	2.2377094160998761	0.0884429700000000	0.1167058900000000
1788	9.25791	2.2460010408423066	0.1336037400000000	0.1193296800000000
1793	9.25719	2.2419314361444536	0.1339269100000000	0.0957497300000000
1794	9.25625	2.1663585104858991	0.1279058000000000	0.0581041000000000
1795	9.25625	2.2174387540378890	0.1637280100000000	0.0778349100000000
1797	9.25601	2.2296451278675185	0.1554773400000000	0.1146266500000000
1798	9.25564	2.2284042913955253	0.1035132000000000	0.0466134400000000
1800	9.25542	2.1999207250155202	0.1122219200000000	0.0431196800000000
1805	9.25320	2.2094219239533039	0.1705991100000000	0.1104680700000000
1806	9.25229	2.2041773844460959	0.1521864400000000	0.0962390100000000
1809	9.25199	2.2378658100300393	0.1444221700000000	0.1115408700000000
1812	9.24949	2.1984908821094686	0.1433302800000000	0.0756485800000000
1815	9.24858	2.2280498362294807	0.1485524200000000	0.0497909200000000
1816	9.24577	2.2371245396502029	0.1443305000000000	0.0698824400000000
1818	9.24519	2.2390579893425544	0.1428396000000000	0.1193739400000000
1821	9.24436	2.2416611974361160	0.1366695800000000	0.0336005900000000
1826	9.24000	2.2153154350492410	0.1241976000000000	0.0694772800000000
1827	9.24000	2.2249961251685675	0.1164075700000000	0.0764898500000000
1833	9.24000	2.2496068063634089	0.1690108500000000	0.1277054400000000
1834	9.24000	2.2527418781522579	0.1438424200000000	0.1301127000000000
1836	9.24000	2.2358894571724424	0.1178373300000000	0.0810305800000000
176	18.28240	2.2308872834251781	0.1479928600000000	0.0718262200000000
1845	9.24000	2.2250090654187877	0.1554245800000000	0.1061097600000000
1851	9.24000	2.2433205423562796	0.1474381300000000	0.0908143300000000
1853	9.24000	2.2431264584617825	0.1347873700000000	0.0623511500000000
1861	9.23882	2.2405605077686928	0.1323253400000000	0.1034132600000000
1862	9.23812	2.2281578541187241	0.1585209500000000	0.0928471000000000
1868	9.23567	2.2425410555254195	0.1374215700000000	0.0702664100000000
1871	9.23551	2.2040930118922715	0.1474803500000000	0.1218661400000000
1875	9.23490	2.1966069645019886	0.1327461700000000	0.0893063500000000
1876	9.23438	2.2251885531136733	0.1058153300000000	0.0864626400000000
1877	9.23438	2.2242887764553645	0.1499466500000000	0.1455796400000000
1878	9.23309	2.2342932129922146	0.1258512300000000	0.0917977400000000
1882	9.23219	2.2012916746884690	0.1596533200000000	0.0661525300000000
1885	9.23106	2.2414559120021385	0.1342444600000000	0.0711675300000000
1889	9.23018	2.2401410007299742	0.1647308900000000	0.1476767100000000
1890	9.22622	2.1712556349505769	0.1160416300000000	0.0869230700000000
1900	9.21053	2.2202278173828560	0.1210680900000000	0.0801432300000000
1903	9.19737	2.2315245078303576	0.1337068000000000	0.0526765900000000
1904	9.19634	2.2405569989350167	0.1332250100000000	0.0777410400000000
1908	9.18574	2.2034719847132411	0.1330067800000000	0.0966497200000000
1909	9.18574	2.2351850666504935	0.1693371500000000	0.0932554800000000
1914	9.18130	2.2459304203839778	0.1553592200000000	0.0991938200000000
1919	9.18028	2.2366581755926522	0.1003537400000000	0.0759359900000000
184	17.79570	2.2068861863525435	0.1377982700000000	0.1079150200000000
185	17.79570	2.2215760680557817	0.1442783300000000	0.1048596800000000
186	17.79430	2.2177978114834702	0.1160253200000000	0.1006817100000000
187	17.79430	2.2257076294114300	0.1487148500000000	0.1071692200000000
188	17.79230	2.2243160743424446	0.1505472000000000	0.1106505900000000
1920	9.17907	2.2260511001224135	0.1543867000000000	0.1119598900000000
1922	9.17791	2.2257309622289463	0.1534342800000000	0.0939226700000000
1927	9.17739	2.2385911790792536	0.0955746400000000	0.0935204800000000
1928	9.17710	2.2173446566612700	0.1784042900000000	0.0781648800000000
1930	9.17523	2.2045911088805563	0.1376629900000000	0.1177643500000000
1938	9.17204	2.2440453379554879	0.1486666000000000	0.0916777900000000
1939	9.17204	2.2400442911096072	0.1558613800000000	0.0357763300000000
1949	9.15790	2.2500534167565394	0.1551128600000000	0.1131561900000000
1950	9.15340	2.2057151870292953	0.1454655000000000	0.0952805700000000
1953	9.15240	2.2072609999546473	0.1540803200000000	0.1008873700000000
1955	9.15182	2.2182734202315921	0.1654510500000000	0.1243425400000000
1957	9.14276	2.2029963994087409	0.1373649700000000	0.0973948100000000
1965	9.14000	2.2228654265348893	0.1238347400000000	0.0817195500000000
1970	9.14000	2.2234341527369810	0.1524468900000000	0.0936095000000000
1979	9.14000	2.2030531415902055	0.1483874400000000	0.0698018700000000
1981	9.14000	2.2346547246439155	0.1590663100000000	0.0409567400000000
1984	9.14000	2.1592145921167063	0.0945540400000000	0.0835625200000000
1985	9.14000	2.2195219480509762	0.1316567600000000	0.1476620200000000
1986	9.14000	2.2394157590518953	0.1459628300000000	0.0461428500000000
1990	9.14000	2.2058528774828337	0.1480128800000000	0.0904710800000000
1992	9.14000	2.2385428576128912	0.1314249900000000	0.1003044200000000
1999	9.14000	2.1764539163086729	0.1230697900000000	0.0656367700000000
193	17.71340	2.2210159634109181	0.1452005300000000	0.1181190500000000
196	17.66620	2.2079759105986509	0.1569708600000000	0.0919411800000000
197	17.66620	2.2072706567399698	0.1596144000000000	0.1067738200000000
2001	9.14000	2.2339897251835468	0.1175907700000000	0.0717862000000000
2005	9.13999	2.2358382695246992	0.1411342800000000	0.1265942200000000
2008	9.13770	2.2012726683000032	0.1286235700000000	0.1064418400000000
2009	9.13770	2.2433972055597557	0.1630312600000000	0.0927433800000000
2010	9.13758	2.2425788993023832	0.1544753700000000	0.0979733200000000
2012	9.13558	2.2435511141253386	0.1247249200000000	0.0853057900000000
2014	9.13489	2.2257665402241131	0.1611532600000000	0.1246660800000000
2021	9.13287	2.2025436267799767	0.1316843100000000	0.0838104300000000
2023	9.13245	2.2803093705888706	0.2319384600000000	0.1031471600000000
2026	9.13189	2.2126468959862988	0.0949442500000000	0.0705632900000000
2027	9.13189	2.2328608055120975	0.1606670800000000	0.0767654200000000
2030	9.11916	2.2081013550204442	0.1365060100000000	0.0781863300000000
2031	9.11916	2.2519849143853543	0.1639055300000000	0.1378657100000000
2032	9.11751	2.2434086063069159	0.1653920000000000	0.0917760000000000
2033	9.11751	2.2125999110842236	0.1222560800000000	0.0495127100000000
2034	9.10786	2.2313946851904021	0.1540865200000000	0.0795216800000000
2036	9.10508	2.2488724278723997	0.1631209700000000	0.0854518000000000
2037	9.10508	2.2826011854834016	0.1929632000000000	0.1244051700000000
2042	9.08550	2.2244513750240702	0.1132644300000000	0.1135975000000000
2045	9.06423	2.2430332545833305	0.1272077100000000	0.0955987900000000
2046	9.05605	2.2185520610102971	0.1626893300000000	0.1003416400000000
2049	9.04366	2.1874540319997360	0.1017398600000000	0.1055999400000000
2050	9.03912	2.2070168948758724	0.1606928600000000	0.1011027700000000
2051	9.03912	2.2345112971166596	0.1537459400000000	0.1049264600000000
2056	9.03142	2.2317803679976049	0.1567627200000000	0.1136642200000000
2057	9.03142	2.2315842607359802	0.1488894500000000	0.1025728600000000
2060	9.02477	2.2514095237701803	0.1588407400000000	0.1265553900000000
2062	9.02425	2.2362635351573750	0.1372551200000000	0.1058000400000000
2066	9.02185	2.2319893752667022	0.1364761200000000	0.0973532800000000
2067	9.02185	2.2475309105980221	0.1477490300000000	0.1410729400000000
2068	9.02041	2.2948912053079904	0.2004735600000000	0.1080974300000000
2069	9.02041	2.2389576391817805	0.1411728900000000	0.0714209600000000
2076	9.01653	2.2205881984162619	0.1493462900000000	0.1038062400000000
2077	9.01653	2.2473440558657134	0.1389662900000000	0.0769087700000000
207	17.27710	2.1883741384349888	0.1381114800000000	0.0800266300000000
2080	9.01619	2.2437037994069740	0.1692626600000000	0.1473742200000000
2083	9.01556	2.2037046720822810	0.1374926600000000	0.0943964200000000
2086	9.01160	2.2309953295046387	0.1494767500000000	0.1241495300000000
2088	9.01098	2.2376572377524666	0.1544294000000000	0.0660252400000000
2090	9.00911	2.2308698284904547	0.1104176800000000	0.0895912700000000
2091	9.00911	2.2104383493719615	0.1365743100000000	0.1094764100000000
2097	9.00734	2.2302327650870541	0.1402564900000000	0.0656955700000000
2099	9.00711	2.1658653926190645	0.1461247100000000	0.0792203200000000
2100	9.00469	2.2258091121373376	0.1545326700000000	0.0352377200000000
2113	8.99981	2.2242474558499903	0.1635382500000000	0.1080767800000000
2114	8.99965	2.2351460655841771	0.1437173800000000	0.0626799700000000
2124	8.99371	2.2233338480222220	0.1031219700000000	0.0691064800000000
2125	8.99371	2.2346337999754859	0.1533688400000000	0.1212958100000000
2128	8.99078	2.2359896287090595	0.1607362000000000	0.0924331800000000
2130	8.98943	2.2467264965187770	0.1303187300000000	0.0599802100000000
2132	8.98853	2.2384494145052716	0.1379908500000000	0.0980554300000000
2137	8.98743	2.2362609048238471	0.0992042200000000	0.0775434900000000
2141	8.98605	2.2493481729594946	0.1489411800000000	0.0997709600000000
2146	8.98340	2.2257963928051212	0.1443994500000000	0.0947612000000000
2149	8.98311	2.2126026141421367	0.2219857800000000	0.1292075300000000
2150	8.98274	2.2245124523571818	0.1523876600000000	0.0681033100000000
2152	8.98141	2.2460908729264082	0.1460490100000000	0.1050772200000000
2156	8.98000	2.1987610689118893	0.1505126500000000	0.0902340500000000
210	17.07690	2.2279000650155654	0.1480787100000000	0.0777052100000000
2161	8.98000	2.2394921929466123	0.1398092600000000	0.0931520200000000
2162	8.98000	2.2287985877938361	0.1800015300000000	0.0814318700000000
2164	8.98000	2.1856951588733864	0.1418659000000000	0.0510363600000000
2166	8.98000	2.2378253295579094	0.1600775400000000	0.0478365900000000
2167	8.98000	2.2348103752258250	0.1598623800000000	0.0856180000000000
2170	8.98000	2.2245702651741879	0.1462937800000000	0.1130781900000000
2171	8.98000	2.2526655714383246	0.1641975100000000	0.0883198300000000
2175	8.97946	2.2472105822191137	0.1318924200000000	0.0980753500000000
2176	8.97810	2.1963692830909842	0.1367368500000000	0.1060879200000000
2180	8.97481	2.1595487000628899	0.1039088500000000	0.0473935400000000
2182	8.97445	2.2485381498592085	0.1584072800000000	0.1221249500000000
2184	8.97257	2.2174865382295930	0.0731369100000000	0.1138329300000000
2190	8.96742	2.2356739254783959	0.1886192800000000	0.1267006400000000
2191	8.96742	2.2563367965756913	0.1343844700000000	0.0947126700000000
2194	8.96342	2.1596266166379254	0.1317793300000000	0.0685579100000000
2199	8.95967	2.2018654698032107	0.1424861000000000	0.0916374400000000
2207	8.95637	2.2179878438498308	0.1518373500000000	0.0918413000000000
2209	8.95617	2.2123734803241764	0.1297743400000000	0.1155433900000000
2212	8.95552	2.2394719682076376	0.1252906200000000	0.1024618400000000
2214	8.95525	2.2107240500283662	0.1376095000000000	0.0934163400000000
2216	8.95504	2.2457443297289035	0.1571062800000000	0.1129532500000000
2217	8.95504	2.2359894178209272	0.1239688100000000	0.0801700300000000
2222	8.95293	2.1815279169409174	0.1254199300000000	0.0830373200000000
2227	8.95171	2.2344415228194214	0.1712272100000000	0.0929521500000000
2228	8.95049	2.2140674498247508	0.1588213400000000	0.1051704200000000
2231	8.95019	2.2428677761779969	0.1480680600000000	0.1340415800000000
2234	8.94969	2.2415175754251604	0.1341798100000000	0.0784092100000000
217	16.98740	2.2057449475462598	0.1566323300000000	0.0803714300000000
218	16.98050	2.2102881651964150	0.1224918100000000	0.0624135300000000
220	16.93270	2.2168317281008627	0.1420481500000000	0.1143342100000000
2241	8.94271	2.2290134471618264	0.1148188400000000	0.1312979700000000
2243	8.93885	2.2436456582474875	0.1152196600000000	0.0555580600000000
2244	8.93734	2.2377112615992401	0.1428835700000000	0.0961432500000000
2247	8.93637	2.2434007410159578	0.1538544500000000	0.0968635100000000
2254	8.92967	2.2189980176330302	0.1054396800000000	0.0884609900000000
2256	8.92952	2.2291573838363896	0.1347551500000000	0.1033733700000000
2259	8.92877	2.2064919321249095	0.1663404100000000	0.0934804500000000
2260	8.92662	2.2399820639265022	0.1363275700000000	0.0830613200000000
2264	8.92659	2.1886298559680899	0.1272631200000000	0.1050995900000000
2278	8.92315	2.2006055245666265	0.1476295200000000	0.1151603800000000
2279	8.92315	2.2232569799529105	0.1476262000000000	0.0910183600000000
2282	8.92271	2.2436839488324951	0.1410578300000000	0.1062550800000000
2283	8.92271	2.2059600148631175	0.1323680000000000	0.0867030800000000
2284	8.92246	2.2430789475215138	0.1546134100000000	0.1221300200000000
2286	8.91801	2.2440796265759348	0.1587146700000000	0.0766364100000000
2289	8.91786	2.2235462578109471	0.1323602400000000	0.0853011000000000
2293	8.91512	2.2408914523069439	0.1383924700000000	0.0952680400000000
2303	8.90204	2.2281988710333609	0.1529972500000000	0.1169720100000000
2304	8.89888	2.2470915289245297	0.1340518400000000	0.1198304700000000
2306	8.89326	2.2519921418168436	0.1460869500000000	0.1138953600000000
2311	8.88775	2.2268542771777793	0.1441930700000000	0.0825908500000000
2316	8.87173	2.2359082926840008	0.1499352800000000	0.0742087500000000
2320	8.86736	2.2293418322997463	0.1455205300000000	0.0916346900000000
2328	8.85706	2.1689784854229619	0.1471984400000000	0.0920629900000000
2331	8.85054	2.2512532419156481	0.1696458400000000	0.1172262600000000
2332	8.85044	2.2383117875368992	0.1392600500000000	0.1034873100000000
2335	8.85037	2.2431010083711236	0.1263867700000000	0.0929851000000000
2339	8.84617	2.2408026197881417	0.1649700700000000	0.0553923700000000
2342	8.83638	2.2542381318529037	0.1534086900000000	0.0608810900000000
2343	8.83638	2.2470606138930616	0.1517609800000000	0.0568474900000000
2347	8.82773	2.3418101967557852	0.2414579000000000	0.1101537500000000
2349	8.82689	2.2397182891499097	0.1575077000000000	0.0880784700000000
2350	8.82364	2.2221985476681625	0.1233591600000000	0.1292261200000000
2352	8.81628	2.2444071822565799	0.1558388800000000	0.0925556800000000
2354	8.81623	2.2469080310294074	0.1319226700000000	0.0868535700000000
2355	8.81623	2.1933226693495711	0.1502859000000000	0.0460477600000000
2357	8.81004	2.2536876928670075	0.1378412400000000	0.0659168700000000
2363	8.80658	2.2384600795877434	0.1305548700000000	0.1125818500000000
2365	8.80631	2.3139551268248679	0.2449777900000000	0.1464021800000000
2368	8.79150	2.2379569880906982	0.1391796400000000	0.1221803500000000
2372	8.78074	2.2269280759400787	0.1391309700000000	0.0698927400000000
2374	8.77878	2.2203095161765432	0.1270911700000000	0.0777701900000000
2375	8.77878	2.2221089143846298	0.1436008300000000	0.0919452600000000
2376	8.77192	2.2501192749576377	0.1819436200000000	0.0975573000000000
2379	8.75648	2.2189941778651114	0.1693698800000000	0.0476705800000000
2380	8.75301	2.2500816700521025	0.1449129400000000	0.1054480500000000
2381	8.75301	2.2449339468492435	0.1375540300000000	0.0311202700000000
2384	8.74216	2.2151109323761600	0.1275776800000000	0.0351129000000000
2387	8.74090	2.2083256349888569	0.1088858900000000	0.0721236600000000
2390	8.73721	2.2418392591794936	0.1468492300000000	0.0435775200000000
2397	8.72279	2.2144855776865180	0.1313389400000000	0.0899654700000000
2399	8.71645	2.2287881345095686	0.1528256500000000	0.0588015700000000
232	16.86620	2.2198513589020372	0.1541674000000000	0.0832250900000000
236	16.81790	2.2289327208678089	0.1527894800000000	0.1155449600000000
239	16.79440	2.2029896304466030	0.1499824500000000	0.0582871100000000
17	118.50600	2.2028401721467268	0.1184390300000000	0.0560856000000000
18	117.68400	2.1902812634059998	0.1439449000000000	0.1266458800000000
19	117.68400	2.2070606861599669	0.1693183500000000	0.0970914400000000
2402	8.70886	2.2323608942501645	0.1432522500000000	0.0954277700000000
2403	8.70886	2.2228433871231945	0.1256523200000000	0.0988312800000000
2404	8.70243	2.2359149238761060	0.1739728100000000	0.1382446300000000
2406	8.69579	2.2425631971920845	0.1297099500000000	0.0592781400000000
2409	8.69451	2.2316867086295473	0.1317027700000000	0.0992143400000000
2414	8.67928	2.2278113480081219	0.1446680500000000	0.0979445800000000
2416	8.66682	2.2359372081062587	0.1848403500000000	0.1336343300000000
2417	8.66682	2.2415667648359325	0.1249023100000000	0.0909072100000000
2418	8.66452	2.2154774885427995	0.0839880400000000	0.0739081000000000
2425	8.64481	2.2371162854843005	0.1822695700000000	0.1346010600000000
2426	8.64296	2.1967177952555890	0.1490171600000000	0.0767708700000000
2431	8.62991	2.2519583191483390	0.1501082900000000	0.0560383800000000
2433	8.62916	2.2463653450259260	0.1235783200000000	0.1013292800000000
2434	8.62915	2.2394351801521202	0.1388105400000000	0.0776196300000000
2440	8.62799	2.1843059229472130	0.1460057400000000	0.0811117600000000
2449	8.62562	2.2342007570011524	0.1390066800000000	0.1032819000000000
2454	8.62494	2.2329422247206145	0.1486382000000000	0.1058923200000000
2460	8.62151	2.1849388570049819	0.1237277500000000	0.0804810500000000
2463	8.62143	2.2126722596116499	0.0693198900000000	0.0819610100000000
2464	8.62139	2.2407118755515039	0.1240959400000000	0.1026353200000000
2470	8.60630	2.2425107434752491	0.1091101200000000	0.0777288400000000
2471	8.60630	2.2317092145187800	0.1529675300000000	0.0927194400000000
2477	8.58354	2.2468580240179454	0.1368903800000000	0.0619010400000000
241	16.69370	2.1874499425619152	0.1090465200000000	0.0965841900000000
243	16.68240	2.2113525822376241	0.1209369400000000	0.0658279400000000
244	16.67950	2.2183321170417458	0.1478041800000000	0.1017696900000000
245	16.67950	2.2277664113917575	0.1525796000000000	0.0895830600000000
246	16.65760	2.2154061562221559	0.1540785600000000	0.0803695800000000
247	16.65760	2.1721732541589791	0.1348653200000000	0.0408575000000000
2481	8.56453	2.2098897393771133	0.1276927700000000	0.0666959200000000
2482	8.55860	2.2481460819569330	0.1615786100000000	0.1140835800000000
2486	8.54908	2.2355452562444906	0.1342333100000000	0.0884565800000000
2488	8.54109	2.2511355885092761	0.1330603800000000	0.0688695100000000
2490	8.53987	2.2304931624699766	0.1536667800000000	0.0344935400000000
2492	8.53909	2.2287125406907147	0.1638185600000000	0.0578721600000000
2497	8.53821	2.1959067746715997	0.1336244400000000	0.0963152200000000
2504	8.53734	2.2434075422906266	0.1639119600000000	0.1097871600000000
2506	8.53691	2.2288123121445089	0.1897725900000000	0.0834640500000000
2508	8.53661	2.2446185686166440	0.1286585800000000	0.0801497100000000
2511	8.53659	2.1984034394359053	0.1825140000000000	0.1081733900000000
2513	8.53601	2.2510232170445743	0.1702967000000000	0.1016100900000000
2519	8.53272	2.2505440829274099	0.1408740800000000	0.1207286700000000
2521	8.53184	2.2196196971785418	0.1497844300000000	0.0763328800000000
2524	8.53047	2.1914492989598950	0.1585239000000000	0.1022035100000000
2525	8.53047	2.2241923185473684	0.1260206400000000	0.0986587200000000
2528	8.52617	2.2433812876523525	0.1522928600000000	0.0625325900000000
2531	8.52522	2.2370246264761393	0.1832180700000000	0.1161679200000000
2534	8.51488	2.2261263242768257	0.0892587900000000	0.0656660600000000
2535	8.51488	2.2059777123992874	0.1310920800000000	0.0764451700000000
2536	8.51130	2.2086828356566559	0.1446194700000000	0.0946440800000000
2539	8.50858	2.2462064437584766	0.1304864200000000	0.0863314800000000
2540	8.50824	2.2125523267565876	0.1105679900000000	0.1018361900000000
2543	8.49075	2.2232842038714162	0.1539772700000000	0.0378877400000000
2544	8.48967	2.2350076352356769	0.1431417600000000	0.0949924200000000
2545	8.48967	2.2093234542859421	0.1391312200000000	0.1240839200000000
2547	8.48000	2.2425873410101080	0.1238667900000000	0.1314936500000000
2550	8.48000	2.2497895041910114	0.1360758400000000	0.0823621500000000
2552	8.48000	2.2877519268005257	0.2113349200000000	0.0471680100000000
2553	8.48000	2.2372845175088756	0.1632464200000000	0.0948661200000000
248	16.57590	2.2081133299702613	0.1496295400000000	0.0830565700000000
250	16.51990	2.3802217523432394	0.2566010500000000	0.1365913100000000
252	16.50140	2.1986402384361323	0.1379354500000000	0.1084784700000000
2560	8.48000	2.2090594219545103	0.1587696100000000	0.0770947100000000
2563	8.48000	2.2420361524157970	0.1262611800000000	0.1155297800000000
2566	8.48000	2.2511317147152812	0.1491319100000000	0.1055024600000000
2567	8.48000	2.2359169222382049	0.1505046000000000	0.0696531000000000
2568	8.48000	2.2288110720328529	0.1333014900000000	0.0525590400000000
2571	8.47797	2.2426031805296138	0.1822664800000000	0.1035462300000000
2573	8.47403	2.2418753138429426	0.1862007400000000	0.1474289700000000
2574	8.47213	2.2319790284809402	0.1395206600000000	0.0945726900000000
2578	8.46680	2.2491616597643840	0.1312129900000000	0.0610880900000000
2580	8.46656	2.1895780222135572	0.1155845900000000	0.0989716900000000
2583	8.46167	2.2487351867946916	0.1402189500000000	0.0863308000000000
2584	8.46055	2.2213946162658438	0.1224167600000000	0.0974952000000000
2585	8.46055	2.2328801940988794	0.1164829600000000	0.0814212000000000
2591	8.44759	2.2422637549662356	0.1323532800000000	0.0852269600000000
2598	8.43092	2.2309030047408620	0.1156852300000000	0.0865650200000000
2604	8.42061	2.2512636871352885	0.1208552800000000	0.0730642500000000
2608	8.41614	2.2202352744032874	0.1220045800000000	0.0839593800000000
2610	8.40807	2.2379455215569717	0.1451954700000000	0.0823917900000000
2611	8.40807	2.2280185624339852	0.1374586000000000	0.1114061100000000
2615	8.40334	2.2128519357520995	0.2158649900000000	0.1248555700000000
2626	8.38446	2.2488875993306841	0.1471282900000000	0.1289366800000000
2628	8.37889	2.2443066433961176	0.1161508400000000	0.0928644600000000
2633	8.37012	2.2518016115575255	0.1800531900000000	0.0938785100000000
2635	8.36918	2.2330635246129464	0.1474504600000000	0.0994985300000000
2638	8.36731	2.2283387272813759	0.1110748900000000	0.0857071800000000
259	16.44450	2.1916998775762173	0.1654652100000000	0.0869802300000000
262	16.21650	2.2227065232745318	0.1178164800000000	0.0642583200000000
2643	8.36655	2.2462960639806857	0.1468993400000000	0.1055126300000000
2650	8.36541	2.2552654672224834	0.1754530800000000	0.0724481800000000
2659	8.36450	2.2734281452636678	0.1293985400000000	0.0615600400000000
2660	8.36229	2.2444812832946419	0.1268764000000000	0.0705468700000000
2661	8.36229	2.2486635850909971	0.1675772000000000	0.0749371700000000
2663	8.35987	2.2371922540650626	0.1394788500000000	0.1003891300000000
2667	8.35941	2.2563180237200542	0.1542716800000000	0.0886983000000000
2669	8.35877	2.2377136035839373	0.1714008200000000	0.0635235000000000
2670	8.35560	2.2385482381418522	0.1397480700000000	0.0800151900000000
2672	8.35329	2.2104108094148232	0.1539295500000000	0.0819667600000000
2677	8.34964	2.2160072281365486	0.1628081600000000	0.0672596300000000
2685	8.34776	2.2383304937383306	0.1410070300000000	0.0784322800000000
2694	8.34473	2.2474911139716300	0.1589913300000000	0.0961777500000000
2697	8.34384	2.6057652014824266	0.2508476000000000	0.0858526500000000
2698	8.34301	2.1983219985105529	0.1467079800000000	0.1000022300000000
2699	8.34301	2.2294674982374878	0.1525825700000000	0.0945395800000000
2704	8.34054	2.2329619730374488	0.1087715700000000	0.0903514700000000
2716	8.31924	2.2325992180742125	0.1385317200000000	0.0989467400000000
266	16.20770	2.3158312475309764	0.1873137800000000	0.0724967000000000
268	16.15410	2.2113846456048627	0.1324028900000000	0.0861508700000000
271	16.15400	2.1925179903172252	0.1409783400000000	0.1177187100000000
2722	8.30872	2.2529296827542384	0.1571597100000000	0.0853798600000000
2729	8.30123	2.1931487494806525	0.1427307400000000	0.0719696300000000
2733	8.29158	2.2006414314934606	0.1087786500000000	0.0952147300000000
2735	8.27979	2.2418091565768514	0.1417057900000000	0.1128599700000000
2743	8.27706	2.2463456758237599	0.1263471500000000	0.0842541200000000
2749	8.27052	2.2411370126040171	0.1403936900000000	0.0483925200000000
2751	8.27016	2.2497301969381880	0.1527909000000000	0.0379037400000000
2755	8.26649	nan	nan	0.0000000000000000
2756	8.26450	2.2451389688637291	0.1321835500000000	0.0703274700000000
2758	8.26374	2.2373086435725793	0.1505682300000000	0.0812849600000000
2768	8.24687	2.2373419469966511	0.1424544200000000	0.0615776100000000
2777	8.23853	2.2714498335465185	0.2073386300000000	0.0415722800000000
2778	8.23466	2.2486192283063358	0.1114893400000000	0.0832205000000000
2780	8.23239	2.2467603420950617	0.1203755000000000	0.0779247000000000
2781	8.23239	2.2350665871659112	0.1344003300000000	0.1145958200000000
2786	8.22882	2.2068921324652480	0.1501846700000000	0.1321618200000000
2795	8.21916	2.2236791180694588	0.1484025500000000	0.1152198400000000
2797	8.21880	2.2063366293424354	0.1444837000000000	0.0847548700000000
277	15.97560	2.2206777581359178	0.2057200700000000	0.0850245000000000
2800	8.21535	2.2042407634006369	0.1624914400000000	0.0867905500000000
2803	8.21484	2.2255047215188979	0.1533152800000000	0.1152296400000000
2807	8.20236	2.2372794536987390	0.1355000600000000	0.1125597100000000
2809	8.20000	2.2488596364926687	0.1258494800000000	0.0892265100000000
2813	8.20000	2.2425269975083091	0.1335615700000000	0.0946105000000000
2814	8.20000	2.2529535170723265	0.1180161600000000	0.0817076800000000
2822	8.20000	2.2798283656423699	0.1472613300000000	0.0958543000000000
2828	8.20000	2.2443288344452768	0.1591170300000000	0.1130757600000000
2831	8.20000	2.2484689821653783	0.1421054900000000	0.0535453200000000
2835	8.20000	2.2425415310729546	0.1349530400000000	0.0682044400000000
2836	8.20000	2.2368226772755406	0.1376659000000000	0.0527585000000000
2837	8.20000	2.2252949520077445	0.1506135600000000	0.1076245800000000
2842	8.19382	2.2067916287891314	0.1390749100000000	0.0407792200000000
2845	8.19066	2.2326243687123521	0.1101506100000000	0.1126030700000000
2849	8.18384	2.2028274730056130	0.1361461300000000	0.0934243700000000
2851	8.18156	2.1863861543110681	0.1553067200000000	0.0969052100000000
2852	8.17698	2.2552168355706970	0.1797002100000000	0.0766351600000000
2855	8.17129	2.2121487895034804	0.1517797300000000	0.1150711900000000
2856	8.17046	2.1684859860667851	0.1441665000000000	0.0445129100000000
2858	8.16935	2.2316737711522880	0.1199648000000000	0.0346619800000000
2859	8.16935	2.2051363192887745	0.1706609200000000	0.1014279200000000
2864	8.16645	2.2490424265615991	0.1372362900000000	0.1036330500000000
2865	8.16645	2.2398957509334574	0.1749380600000000	0.0715024000000000
2876	8.14937	2.2563212562191071	0.1427984300000000	0.1445479700000000
280	15.79130	2.1933125474711552	0.0844242300000000	0.0797792000000000
282	15.71830	2.2277404346561682	0.1581127700000000	0.1105189300000000
287	15.37460	2.2268995244877976	0.1410959000000000	0.1061109800000000
2880	8.14488	2.2471199594887161	0.1502554000000000	0.0793487700000000
2881	8.14488	2.2437336844935483	0.1165690300000000	0.0791514500000000
2884	8.14298	2.2320480859095611	0.1540407300000000	0.0682477200000000
2887	8.13966	2.2333453378568726	0.1547961800000000	0.1159194400000000
2888	8.13955	2.2433405800388733	0.1563705200000000	0.0961220600000000
2896	8.13696	2.2230631565791148	0.1443365600000000	0.0980152700000000
2900	8.13578	2.1963320675107392	0.1386987100000000	0.0650246900000000
2903	8.13443	2.2485555262559331	0.1455641500000000	0.1059210100000000
2904	8.13383	2.2504079402941759	0.1566703400000000	0.1237335200000000
2911	8.13048	2.2323985186390121	0.1717557399999999	0.0843166500000000
2914	8.12793	2.2127955759823683	0.1634399400000000	0.0910692300000000
2919	8.12592	2.2963478771615993	0.2268743400000000	0.1434496300000000
2921	8.12544	2.2430511501124313	0.1359279400000000	0.0657439600000000
2922	8.12272	2.1985055283020349	0.1319340800000000	0.0970083400000000
2924	8.12265	2.2542671098637865	0.1379161700000000	0.0906359400000000
2925	8.12265	2.2079488679430339	0.1135732000000000	0.1328676200000000
2928	8.12122	2.2483521786488856	0.1503045800000000	0.0951960300000000
2937	8.11438	2.2285964759217878	0.1595494200000000	0.0970645300000000
2938	8.11091	2.2153926488772053	0.1434972100000000	0.1109515100000000
2941	8.11078	2.2377717409740829	0.1459504400000000	0.0983373300000000
2944	8.10951	2.2332852999400892	0.1460572200000000	0.1108884900000000
2945	8.10951	2.2078971909645118	0.1772473899999999	0.0882344900000000
2947	8.10739	2.1836434148848576	0.1410287900000000	0.0909471300000000
2949	8.10659	2.2473825273189352	0.1215139100000000	0.1034095700000000
2950	8.10431	2.2195110524044472	0.1286396100000000	0.0635812000000000
2952	8.09909	2.2519026133258997	0.1472009700000000	0.0742063200000000
2955	8.09854	2.3318786285550588	0.2874121300000000	0.1252134300000000
294	15.28500	2.2030673628630630	0.1461591200000000	0.1120044500000000
2966	8.09614	2.2314489812991485	0.1112840100000000	0.0836747100000000
2967	8.09614	2.2022110886684123	0.1134317900000000	0.0761167200000000
2968	8.09578	2.2426916694142038	0.1493744700000000	0.1107036600000000
2970	8.09432	2.2552300332138944	0.1566016000000000	0.0881336700000000
2973	8.09383	2.2522778401319705	0.1337186100000000	0.0831867000000000
2974	8.09179	2.2514657715461732	0.0962249500000000	0.0719755500000000
2977	8.09157	2.2410839876396254	0.1507701700000000	0.0929311300000000
2980	8.09130	2.2310554039417347	0.1431920300000000	0.1584978000000000
2982	8.09088	2.2394621659564486	0.1416634900000000	0.1061968600000000
2985	8.09051	2.2559764329231689	0.2031563100000000	0.0982977800000000
2987	8.09000	2.2128296976198829	0.1281022400000000	0.0766150800000000
2989	8.09000	2.2129733507833445	0.1861271700000000	0.1075930100000000
2991	8.09000	2.2600520645397415	0.1398727100000000	0.1004050200000000
2995	8.09000	2.2255622414213621	0.1469937700000000	0.0807799600000000
2998	8.09000	2.2416227797883059	0.1403431100000000	0.1030214400000000
2999	8.09000	2.2492176737987064	0.1474536400000000	0.1002210900000000
3000	8.09000	2.2471067571902732	0.0984785000000000	0.0835931600000000
3002	8.09000	2.2351134348997057	0.1194817200000000	0.1099027000000000
3009	8.09000	2.2191664314159141	0.1624487800000000	0.0683779400000000
3014	8.09000	2.1918326813943523	0.1317360200000000	0.0880785000000000
3015	8.09000	2.2029321447920012	0.1251528400000000	0.0686421800000000
3017	8.09000	2.2487485890819836	0.1407942100000000	0.0800901700000000
3025	8.08933	2.1999707840003500	0.1442429700000000	0.0925544200000000
3032	8.08660	2.2208289643363486	0.1536504500000000	0.0558124000000000
3033	8.08660	2.2304603610491931	0.1467293900000000	0.0771338800000000
3038	8.08469	2.1925587173707934	0.0767925600000000	0.0524830300000000
301	15.20500	2.2269028561236355	0.1223719300000000	0.0805759600000000
3040	8.08242	2.2467674759428502	0.1267933800000000	0.1147084600000000
3043	8.08148	2.2428053669372385	0.1140377600000000	0.0949525200000000
3046	8.07997	2.2368786149770727	0.1282237700000000	0.0828939600000000
3053	8.07878	2.2270121993549625	0.1588122000000000	0.1220133400000000
3055	8.07877	2.2450368097947799	0.1424653000000000	0.0710089200000000
3057	8.07712	2.2446564797343211	0.1501141400000000	0.0631939100000000
3058	8.07629	2.2296693878184355	0.1003154900000000	0.0933742000000000
3059	8.07629	2.2562035551790789	0.1828101100000000	0.0844569600000000
3062	8.07519	2.1823866492532962	0.1427098400000000	0.0497757000000000
3063	8.07519	2.2455019609016693	0.1294483200000000	0.0801861000000000
3065	8.07504	2.2291469850070906	0.1839945400000000	0.1508967100000000
3066	8.07475	2.2072164082636685	0.1414883900000000	0.0524796900000000
3067	8.07475	2.2370473558969004	0.1122306900000000	0.0505761800000000
3075	8.07165	2.2133697531592258	0.1896781200000000	0.1138564200000000
3080	8.06908	2.2392967481026660	0.1328065300000000	0.0898801000000000
3084	8.06592	2.1752756290313378	0.1543715600000000	0.0364232400000000
3100	8.05284	2.2561644626637380	0.1508837600000000	0.1514602100000000
3101	8.05284	2.2556268633570107	0.1561912100000000	0.1014416900000000
3104	8.05108	2.2426464717040484	0.1378246000000000	0.0742666000000000
3107	8.05001	2.2197997807990366	0.1372420200000000	0.0418029600000000
3108	8.04961	2.2372324385885674	0.1267107000000000	0.0443340000000000
3111	8.04777	2.2243341271844121	0.1622554500000000	0.1184118400000000
3113	8.04733	2.2508466354270533	0.1661327300000000	0.0889936200000000
3116	8.04640	2.2123405185249667	0.1687626100000000	0.0875261400000000
3117	8.04640	2.2271652771415207	0.1502884600000000	0.1020401700000000
307	15.11510	2.1880192606426849	0.1998180600000000	0.1254703800000000
309	15.08880	2.1990258152262907	0.1503513100000000	0.1103393000000000
311	15.04170	2.2780130487434489	0.2103602000000001	0.1463985600000000
3121	8.04428	2.2572563966202597	0.1388004300000000	0.0984096900000000
3123	8.04340	2.2418152231435466	0.1574391100000000	0.0744069200000000
3125	8.04295	2.2411188835911875	0.1267996400000000	0.0922152800000000
3128	8.04112	2.2459735640323357	0.1163564500000000	0.0607114800000000
3131	8.04084	2.2390831970725271	0.1525373200000000	0.1024809700000000
3132	8.04055	2.2444126726492115	0.1471739200000000	0.0573750600000000
3136	8.03868	2.2028378265214470	0.1330823000000000	0.0789793300000000
3143	8.03299	2.2487330102617245	0.1645427700000000	0.0877482000000000
3146	8.02833	2.2359601127793436	0.1610740700000000	0.1033772700000000
3148	8.02785	2.3042358893984338	0.2110210100000000	0.1240512500000000
3162	8.01282	2.2155315766710375	0.1512801900000000	0.1068539700000000
3163	8.01282	2.3182322348183133	0.2455323400000000	0.1238755200000000
3164	8.01094	2.2192594019830145	0.1298967700000000	0.0838143500000000
3166	8.01092	2.2419247451914877	0.1320732400000000	0.0857825500000000
3176	8.01068	2.1645773914495998	0.1149987900000000	0.1228791200000000
3177	8.01068	2.1836561563112502	0.1343736800000000	0.0693743700000000
3178	8.01058	2.2375519234835624	0.1669409699999999	0.0713804500000000
3180	8.01055	2.1725786325950271	0.1258629600000000	0.0632034600000000
3181	8.01055	2.2769385809703180	0.1613762700000000	0.0551843000000000
3184	8.01041	2.2233354895026851	0.1612969700000000	0.0825864400000000
3186	8.01038	2.2226062527026986	0.1598242300000000	0.0919809400000000
3189	8.01028	2.2403617204708919	0.1449999600000000	0.1064223800000000
312	15.02260	2.1711535351533806	0.1272854300000000	0.0857723600000000
315	15.01960	2.2157400573575274	0.1257080600000000	0.0747950800000000
318	14.98660	2.2189662687796283	0.1432994300000000	0.1184102400000000
30	76.54120	2.2216143093204521	0.1966086300000000	0.1131330300000000
321	14.98120	2.2217279273814472	0.1502079500000000	0.0377242600000000
328	14.72970	2.1912909379277821	0.1195225700000000	0.1113337700000000
329	14.72970	2.1966656508054689	0.1575603800000000	0.0882262400000000
333	14.68190	2.2334948072323204	0.1207625400000000	0.0787842600000000
339	14.65620	2.3794509282386578	0.2660317700000000	0.0784481000000000
341	14.65040	2.1994776206428468	0.1356251600000000	0.0996617500000000
345	14.64280	2.2249967537472486	0.1356882100000000	0.1051883500000000
352	14.56770	2.2282101606492692	0.1483274400000000	0.0992639000000000
355	14.55770	2.2249106774049809	0.1600585900000000	0.1020444500000000
361	14.54000	2.1712088834684939	0.1238178100000000	0.0696192600000000
364	14.51810	2.2888008927024064	0.2381805300000000	0.1364693600000000
369	14.49040	2.1994194117834822	0.1447875400000000	0.0893729300000000
371	14.46400	2.2300422855209181	0.1505016400000000	0.0627381300000000
373	14.42060	2.3229207382084360	0.2433931800000000	0.1567696100000000
374	14.41300	2.2064879399591795	0.1383626400000000	0.1186097500000000
377	14.40380	2.2110031236261634	0.1504176600000000	0.0645255000000000
378	14.38140	2.1914690493776221	0.1499170500000000	0.0718713500000000
381	14.36460	2.2125652681444041	0.1542800500000000	0.0839240300000000
384	14.28480	2.2126831231206059	0.1348326700000000	0.0936973100000000
385	14.28480	2.2390524115406949	0.1816814500000000	0.0767806700000000
387	14.18730	2.2304187192237017	0.1103098100000000	0.0946879200000000
391	14.17370	2.2275348393392642	0.1267701200000000	0.1141673300000000
32	70.71640	2.2028160663689205	0.1227357600000000	0.0475335100000000
35	68.84570	2.2033704355835106	0.1519376800000000	0.0993164000000000
36	67.20040	2.2093961696868374	0.1753981400000000	0.0687213100000000
409	13.91000	2.2470839181250937	0.1613079900000000	0.1282086700000000
410	13.90950	2.2269148365500078	0.1283278000000000	0.0736075600000000
419	13.68290	2.2096587106880237	0.1293171200000000	0.0533183400000000
422	13.54540	2.2392061382975483	0.1648236600000000	0.0746268700000000
424	13.54440	2.2050318910317168	0.1235256500000000	0.1074736200000000
426	13.50120	2.2377818213866960	0.1646576300000000	0.0683018300000000
430	13.44830	2.2190078347968325	0.1289031900000000	0.0641111700000000
434	13.38960	2.1805259505956371	0.1324480000000000	0.0738100600000000
436	13.38880	2.1838391047439814	0.1409703700000000	0.0533897700000000
448	13.33910	2.2081125605929417	0.1400742200000000	0.0983706700000000
450	13.33800	2.2366367251968748	0.1631828600000000	0.0343136600000000
451	13.33800	2.2215261257765078	0.0609884800000000	0.0764602200000000
458	13.32660	2.2232779495272910	0.1355986300000000	0.1133709500000000
459	13.32660	2.1864580322407443	0.1148363700000000	0.0975689100000000
460	13.31720	2.2334704752382950	0.1452780400000000	0.0788548400000000
464	13.29930	2.2313329774856063	0.1345953400000000	0.1156439500000000
465	13.29930	2.1892236292305198	0.1607149400000000	0.0772219200000000
470	13.28050	2.2248935238640204	0.1496329600000000	0.1121829200000000
471	13.28050	2.2360953361128191	0.1450474500000000	0.1193341700000000
475	13.26380	2.2215631850063997	0.1273704900000000	0.0716826900000000
44	56.03560	2.2028805707863439	0.1259499700000000	0.1211593600000000
481	13.21680	2.2217423441832005	0.1436524300000000	0.1077977400000000
484	13.21000	2.2073357932088160	0.0787463800000000	0.1042013600000000
490	13.21000	2.2207186209236767	0.1378387400000000	0.0732010800000000
497	13.21000	2.2332889950892341	0.1246045300000000	0.1357343400000000
500	13.21000	2.3730778004680957	0.2425789800000000	0.0620945000000000
503	13.20940	2.2162632815331293	0.1499311300000000	0.1211138800000000
510	13.20650	2.2267318449438869	0.1391961900000000	0.0972170000000000
511	13.20650	2.2906949694024967	0.2230164400000000	0.1909244700000000
516	13.20490	2.2215446799917151	0.1364555800000000	0.0482899700000000
519	13.20380	2.2191160156643677	0.1470595000000000	0.0970349400000000
521	13.20350	2.2319030701715676	0.1308385000000000	0.0811946300000000
522	13.19800	2.1854938747104216	0.1370977600000000	0.1153556900000000
523	13.19800	2.2186836579104976	0.1536252800000000	0.1172675000000000
525	13.19760	2.2335711278214103	0.1142351200000000	0.0895648300000000
526	13.19720	2.2295686514682278	0.1481482200000000	0.1268354200000000
527	13.19720	2.2248369210531465	0.1457601500000000	0.0975228200000000
528	13.19430	2.2359224191125149	0.1623184600000000	0.0857275300000000
529	13.19430	2.2015111729057302	0.1156922800000000	0.0902349100000000
531	13.19420	2.2262491513000238	0.1829909000000000	0.1213503600000000
532	13.19230	2.2270931505345075	0.1485771600000000	0.0681779300000000
536	13.19110	2.1973609996853267	0.1487588100000000	0.0610377500000000
537	13.19110	2.2217316054877081	0.1586625400000000	0.0876092000000000
539	13.19100	2.2164993830152264	0.1197282800000000	0.1019665400000000
540	13.16820	2.2126264833686125	0.0571528400000000	0.0697651700000000
541	13.16820	2.2221667478355496	0.1589264300000000	0.0773055900000000
543	13.14490	2.2275038354423131	0.1521876600000000	0.1193031400000000
547	13.09850	2.2218707523446080	0.1459579200000000	0.1093433200000000
552	13.07160	2.1985179630963634	0.1723315300000000	0.0590639500000000
557	13.05700	2.1946469381863474	0.1602804600000000	0.0764425400000000
49	53.59700	2.2058448749786224	0.1221752400000000	0.0722446400000000
51	47.21450	2.2045495099048571	0.1379167400000000	0.1024369000000000
52	47.09940	2.2020734748715900	0.1486698100000000	0.0904809600000000
53	47.09940	2.2062091229464791	0.1406620800000000	0.0891450800000000
561	13.04230	2.2288391431939707	0.1675285200000000	0.0929206500000000
564	13.01880	2.2198750234718174	0.1530860200000000	0.0426590500000000
566	13.01160	2.2322030640244992	0.1299238100000000	0.0812438400000000
570	12.98000	2.2054107613975567	0.1372719800000000	0.0894297400000000
583	12.78530	2.2164917812241072	0.1413884100000000	0.0929422300000000
586	12.70350	2.2287539126603817	0.1599455600000000	0.1134680500000000
590	12.66740	2.2269866991098644	0.1245228100000000	0.1005696200000000
592	12.65950	2.2280496152038967	0.1370140500000000	0.0826954000000000
595	12.64030	2.2037856962652818	0.1495994300000000	0.0926449500000000
598	12.62770	2.2146297961520744	0.1303259900000000	0.0686265500000000
599	12.62770	2.1873370942617050	0.1511982800000000	0.0371983300000000
600	12.60080	2.2148480245330160	0.1696974600000000	0.0879232600000000
605	12.58840	2.2256513716570612	0.1300604900000000	0.0860403200000000
606	12.57920	2.4185159513029104	0.2944482900000000	0.1579560600000000
610	12.56820	2.2264180474537167	0.1420183500000000	0.1088955500000000
611	12.56820	2.2125906501575967	0.1697160699999999	0.0787068600000000
615	12.55630	2.2342059881516079	0.1618279000000000	0.1058788900000000
621	12.52900	2.2330091263495935	0.1332046900000000	0.0901498100000000
623	12.52010	2.2660713485752293	0.1622585200000000	0.0895825100000000
624	12.48940	2.1701806414464881	0.1451896600000000	0.0609816900000000
627	12.46550	2.2210033698521841	0.0954081800000000	0.0942581800000000
629	12.44730	2.2153352560085184	0.1328763900000000	0.1054565800000000
631	12.43320	2.2382633887853647	0.1519194900000000	0.0436498500000000
632	12.42190	2.2101582810558327	0.1342965000000000	0.0893871200000000
633	12.42190	2.2217785171759385	0.1264591700000000	0.0346681200000000
634	12.41290	2.2259085098195337	0.1170358500000000	0.0792293400000000
639	12.39250	2.2337788648307719	0.1510254000000000	0.1158431500000000
58	42.54600	2.1981352233048201	0.1590527200000000	0.1354438700000000
59	42.54600	2.2076232007889067	0.1374127600000000	0.1014708000000000
60	42.09350	2.2085869388589439	0.1455493100000000	0.0866157900000000
640	12.36280	2.2035691438730516	0.1610044000000000	0.0858868100000000
642	12.35490	2.2107618607439563	0.1317888400000000	0.0910339400000000
645	12.34660	2.2369303002682566	0.1716165900000000	0.0674895100000000
649	12.32760	2.2141546983254665	0.1447475300000000	0.0983564500000000
651	12.31590	2.2282901787858740	0.1330077300000000	0.0649868400000000
660	12.28060	2.2304953099783646	0.1328021800000000	0.0528856300000000
672	12.26710	2.2315847808592819	0.1748188100000000	0.0893153900000000
674	12.26040	2.1946957842484571	0.1609948900000000	0.0780509400000000
676	12.25110	2.2390126246845354	0.1627712200000000	0.1108679200000000
683	12.24970	2.1979911523016367	0.1361889200000000	0.0723502600000000
688	12.24830	2.2407512026971457	0.1668388700000000	0.0714903000000000
693	12.24590	2.2188061756062973	0.1100738000000000	0.0548412300000000
695	12.24330	2.2273681312998646	0.1230785500000000	0.0693171500000000
698	12.24100	2.2390630746119169	0.1506322300000000	0.0417647900000000
708	12.23660	2.2948609845037655	0.2238838400000000	0.0848608200000000
709	12.23660	2.2402080608018458	0.1370741900000000	0.1087180500000000
714	12.23160	2.1768809527359267	0.1563196300000000	0.0640945000000000
64	36.87240	2.2101560985570088	0.1278119300000000	0.0623645400000000
65	36.87240	2.1882181647637156	0.1403827700000000	0.0855191400000000
68	34.70490	2.1730736872514922	0.1361240200000000	0.1066825800000000
69	34.70490	2.1901393809645304	0.1481961300000000	0.0642608400000000
71	34.34650	2.1992815720558880	0.1171182200000000	0.1045326400000000
721	12.20990	2.1968088634893195	0.1386344100000000	0.0321921400000000
724	12.19220	2.3757197754853063	0.2654763800000000	0.1471757700000000
726	12.19070	2.2383548257202657	0.1312272500000000	0.0765407100000000
729	12.18790	2.2223727885725286	0.0963991900000000	0.0509824200000000
736	12.18220	2.2084129724511268	0.1589813800000000	0.0963379500000000
739	12.17880	2.1726870104765683	0.1094602900000000	0.0908521500000000
741	12.17800	2.3688925498055493	0.2773686100000001	0.1532938900000000
746	12.16690	2.2380656179655269	0.1489996500000000	0.0784550000000000
749	12.16000	2.1588957348783437	0.1281772100000000	0.0664620900000000
751	12.14600	2.2181553897171358	0.1646177500000000	0.0946433600000000
756	12.04910	2.2384149580735562	0.1661906600000000	0.1127076500000000
759	12.04560	2.2512395850523168	0.1775050900000000	0.1004642800000000
761	12.03310	2.2004760743295266	0.1176481200000000	0.0537958000000000
762	11.98980	2.2126187897141962	0.0979752800000000	0.0758665100000000
763	11.98980	2.1809138117664695	0.1358551700000000	0.0641702100000000
766	11.96070	2.1993458264211379	0.1221386100000000	0.0957101200000000
768	11.93360	2.2257209222051930	0.1619852800000000	0.0868523300000000
773	11.90250	2.2347392739823033	0.1480567400000000	0.1312027800000000
775	11.87410	2.2299618806379149	0.1664865400000000	0.0890872800000000
779	11.86530	2.2288065513360467	0.1385022200000000	0.0672548600000000
780	11.85060	2.2316463715288442	0.1266065000000000	0.0942035000000000
786	11.81710	2.2222303155124150	0.1414582900000000	0.0888927800000000
791	11.79730	2.2392643715299876	0.1474200600000000	0.1038603600000000
797	11.77000	2.2286120869624280	0.1133758300000000	0.0769495300000000
798	11.74940	2.2242399299236801	0.1185890800000000	0.1053889800000000
74	32.32140	2.1901520453870207	0.1306011800000000	0.0726515700000000
75	32.32140	2.2106443466309433	0.1478920400000000	0.0906153300000000
