3	144.83400	2.1975559060942587	0.1335618550000000	0.0932591300000000
4	141.17100	2.1994925919403556	0.1354536650000000	0.0830546900000000
5	141.17100	2.2053165390352505	0.1630171850000000	0.1020039600000000
802	11.74220	2.2208391897856261	0.1299645000000000	0.0849067550000000
805	11.74090	2.1980258778735360	0.1451055950000000	0.1163582500000000
808	11.73530	2.2142125468221083	0.1606037700000000	0.1189914950000000
812	11.72650	2.2092934677250771	0.1608808950000000	0.0960620550000000
817	11.72430	2.1984093455138223	0.1507920300000000	0.0632612700000000
821	11.72220	2.2221759962489691	0.1781484500000000	0.1499793300000000
823	11.72100	2.1856732198630811	0.1332208000000000	0.0828304250000000
828	11.71240	2.1925788099047701	0.1355727900000000	0.0868773250000000
829	11.71240	2.3418786036616761	0.2243524350000000	0.0648440000000000
830	11.71140	2.2282849550827764	0.1562243950000000	0.0964614650000000
831	11.71140	2.2165364709143627	0.1555357850000000	0.1160381550000000
832	11.71070	2.1850804394539360	0.1041164650000000	0.0820928500000000
833	11.71070	2.1881385436833716	0.1486039350000000	0.0658581150000000
836	11.70160	2.2196943314737139	0.1600240800000000	0.0848507550000000
837	11.70160	2.2236203390406502	0.1553787350000000	0.0969701850000000
839	11.70000	2.2236824118075198	0.0987988050000000	0.0638025150000000
840	11.70000	2.2211251657995454	0.1679812650000000	0.1385053050000000
841	11.70000	2.2023201600226390	0.1376779800000000	0.0950129250000000
842	11.70000	2.1839018699162165	0.1231996450000000	0.0714646050000000
843	11.70000	2.1926444291314571	0.1600705250000000	0.0470913850000000
845	11.70000	2.1869085573717970	0.1305512150000000	0.0426777400000000
847	11.70000	2.2154159587940958	0.1456928200000000	0.1041094650000000
856	11.70000	2.2164140534499688	0.1326158100000000	0.0934676850000000
858	11.70000	2.2096795282647506	0.1415369500000000	0.0910177200000000
859	11.70000	2.1907306873114787	0.1404240150000000	0.1035809900000000
862	11.70000	2.2117776715959581	0.1426919450000000	0.1015752150000000
866	11.70000	2.1612552521796569	0.1370701400000000	0.0922841550000000
867	11.70000	2.1847861286857051	0.1514605150000000	0.1175161450000000
868	11.70000	2.2108209543413837	0.1638021300000000	0.0967219550000000
869	11.70000	2.2249686509045254	0.1451604200000000	0.1119930100000000
870	11.70000	2.2230687198268724	0.1541121400000000	0.1106939400000000
873	11.70000	2.2225295816170436	0.1208955150000000	0.0766672350000000
874	11.70000	2.2198382974634563	0.1425186000000000	0.0736005450000000
875	11.70000	2.2200172415253929	0.1548425950000000	0.1225005950000000
80	26.68980	2.2088178393866111	0.1429378600000000	0.0893743100000000
81	26.68980	2.3022421051843001	0.2121318400000000	0.1558777400000000
82	26.48190	2.2154293737645570	0.1647570150000000	0.0815555200000000
83	26.48190	2.2089270700609980	0.1551810550000000	0.0872005000000000
85	26.46800	2.2061862118357451	0.1294644550000000	0.0984435650000000
881	11.70000	2.2047713678552179	0.1593910900000000	0.0997749500000000
882	11.69840	2.2125775754157795	0.2000847800000000	0.1265304550000000
886	11.69360	2.2047852374566710	0.1600468600000000	0.0628410100000000
887	11.69360	2.1903558989288068	0.1287502200000000	0.1034615400000000
888	11.68810	2.2277371720382955	0.1450076700000000	0.0670057750000000
891	11.68000	2.1782436470285371	0.1320902150000000	0.0874044300000000
894	11.67530	2.1872695173820573	0.1348037300000000	0.0954173500000000
895	11.67530	2.2109913248051152	0.1667833400000000	0.0671536650000000
899	11.67240	2.1676426436968734	0.1728935850000000	0.0955624450000000
901	11.67020	2.2004590452212591	0.1448240200000000	0.0949577850000000
907	11.63960	2.2088826159427328	0.1385722650000000	0.0532221250000000
908	11.63210	2.2225713260535112	0.1573017000000000	0.0846338500000000
910	11.62890	2.2279358091823354	0.1563865750000000	0.0862714000000000
912	11.62220	2.1770023416501880	0.1318820500000000	0.0534613750000000
914	11.61880	2.2064730662392447	0.1465288050000000	0.0726027700000000
915	11.61880	2.2100443489025454	0.1470466150000000	0.1020084300000000
917	11.60350	2.2171041955093140	0.1142494050000000	0.0584097550000000
920	11.59250	2.2177676415069856	0.1470900900000000	0.0735413050000000
921	11.59250	2.1992898434609605	0.1798196700000000	0.0681094100000000
923	11.58810	2.2171310769255035	0.1377174350000000	0.0988095450000000
925	11.57950	2.2210139050880375	0.1266594150000000	0.0690311250000000
929	11.55440	2.1772640997912349	0.1256721100000000	0.1160598750000000
932	11.52700	2.2218343953218129	0.1555891650000000	0.0938271200000000
936	11.52380	2.2057790891239288	0.1677610300000000	0.0834430350000000
938	11.52030	2.2044657813751738	0.1516579600000000	0.1070488150000000
942	11.51670	2.2128783637261527	0.1527613650000000	0.0817278200000000
947	11.50830	2.2214850121657128	0.1211590200000000	0.0792430300000000
949	11.50430	2.2185549120799832	0.1410430650000000	0.0821182750000000
952	11.48170	2.2219452980583667	0.1508759050000000	0.0747807450000000
953	11.48170	2.2239083547738692	0.1423552400000000	0.1199377450000000
955	11.47710	2.2126403545887832	0.1492125250000000	0.1387085550000000
88	26.22460	2.2003747687793718	0.1396137500000000	0.0983066350000000
89	26.22460	2.2022896109638310	0.1344128750000000	0.1128473150000000
90	25.99150	2.2069502739283315	0.1543120400000000	0.1023050350000000
91	25.99150	2.1980277867658118	0.1256204800000000	0.0887502750000000
94	25.96410	2.2124927399364913	0.1711682700000000	0.0976406550000000
964	11.45440	2.2065112487813070	0.1272595250000000	0.0912768850000000
965	11.45440	2.1820722769216316	0.1540215500000000	0.0341484350000000
976	11.41910	2.1994622620739728	0.1532860650000000	0.1035437050000000
979	11.41090	2.2854303664602900	0.1828967150000000	0.1405282750000000
980	11.39810	2.2187734186279036	0.1340003200000000	0.0800703900000000
984	11.38880	2.2122641729350216	0.1480913950000000	0.0576075100000000
986	11.38710	2.2091381976598035	0.1430797300000000	0.0961219250000000
987	11.38710	2.1993519338477880	0.1478027850000000	0.1050304050000000
988	11.38180	2.2078845436852066	0.1508706800000000	0.1070324400000000
996	11.35540	2.2018509722649138	0.1353226700000000	0.1011380300000000
1000	11.34480	2.1890007461747207	0.1726377250000000	0.0820991100000000
1004	11.32070	2.2195255994294070	0.1292493500000000	0.0875216900000000
1006	11.30660	2.2928467128956953	0.2483433150000000	0.1423328950000000
1010	11.30350	2.2076314760205480	0.1451381350000000	0.0993769050000000
1011	11.30350	2.2085553852643973	0.1485268300000000	0.0865781850000000
1012	11.28590	2.2096811417624105	0.1209728350000000	0.0803921900000000
1015	11.28320	2.2198311856146442	0.1461731600000000	0.1021702850000000
1016	11.27850	2.2226222518158836	0.1530472050000000	0.0973040750000000
1017	11.27850	2.1872443618532298	0.1648429850000000	0.1120248050000000
1018	11.27530	2.2014460062489247	0.1355134550000000	0.0687091450000000
1028	11.26650	2.2228124724427341	0.1702781750000000	0.1070531900000000
1032	11.24410	2.2123948810478793	0.1510485600000000	0.1089532050000000
1036	11.23560	2.2176382088038071	0.1727389650000000	0.1280826550000000
1039	11.23230	2.2157685824358713	0.1479272050000000	0.0912936100000000
96	25.06110	2.1915196719176344	0.1403959000000000	0.1002391450000000
99	24.92170	2.1997348092282767	0.1441942550000000	0.0875456500000000
101	24.61260	2.1918387900465697	0.1625988000000000	0.0591514300000000
103	24.57650	2.1886839160710112	0.1440114950000000	0.0968694200000000
1040	11.22350	2.2249012442078424	0.1502452100000000	0.1112196550000000
1047	11.18810	2.2347963220168410	0.1827366200000000	0.1033150000000000
1048	11.18260	2.2597633861533462	0.1498558150000000	0.1044832300000000
1050	11.18250	2.2143991994443568	0.0763694950000000	0.0486456750000000
1053	11.18230	2.2206715285633027	0.1349374700000000	0.0797344750000000
1055	11.17720	2.2025160281686667	0.1382588950000000	0.0864727800000000
1056	11.17510	2.2190800158172470	0.1424303950000000	0.0934998450000000
1059	11.17360	2.1933360698376889	0.1601023000000000	0.1026614250000000
1060	11.14950	2.2191622589357194	0.1235371800000000	0.0745105500000000
1063	11.14770	2.2055883604000543	0.1523705650000000	0.1123737450000000
1065	11.13930	2.2193618630841447	0.1460254100000000	0.0673760600000000
1067	11.13620	2.1899125656853355	0.1476769900000000	0.0449169700000000
1069	11.11960	2.1733651374894767	0.1545521550000000	0.0455941450000000
1071	11.11750	2.2034168829114793	0.1411858950000000	0.1042129200000000
1073	11.09650	2.1987786560550737	0.1571607400000000	0.1007192600000000
1074	11.08920	2.2113521866985710	0.1252158900000000	0.0505662100000000
1075	11.08920	2.3307863525853958	0.2386938200000000	0.1410366150000000
1076	11.07770	2.2266877250230221	0.1649930150000000	0.1055354800000000
1080	11.06540	2.2249507310391978	0.1537135900000000	0.1100472900000000
1082	11.06380	2.1877409709784530	0.1501088950000000	0.0810553850000000
1083	11.06380	2.2273073541340422	0.1438386800000000	0.0991248000000000
1084	11.06310	2.2209374430111790	0.1435863650000000	0.0748933700000000
1085	11.06310	2.2255115165252128	0.1610677800000000	0.0944914500000000
1087	11.05860	2.2182456217652140	0.1511672050000000	0.1141220950000000
1088	11.05560	2.2015713276865059	0.1543481900000000	0.0784315950000000
1092	11.03460	2.2025824283910986	0.1408331700000000	0.1012776400000000
1093	11.03460	2.2058431540237269	0.1604348400000000	0.0858792100000000
1099	11.02590	2.2062400351757878	0.1479631750000000	0.1003247550000000
1102	10.99100	2.1823039049162944	0.2006119550000000	0.1016788900000000
1105	10.97710	2.1872754000558507	0.1424216050000000	0.1198806100000000
1106	10.97450	2.2037578157565281	0.1448374300000000	0.1140719350000000
1111	10.96410	2.2230432156751463	0.1411174650000000	0.0975914950000000
1114	10.95360	2.2012471743653932	0.1032653750000000	0.0822292500000000
1115	10.95360	2.1777242431623209	0.1319766200000000	0.0820874800000000
1117	10.93930	2.2354610394771912	0.1401741750000000	0.1172486200000000
104	24.51240	2.2072280437118628	0.1340902750000000	0.0862619850000000
108	24.08970	2.2091078694361146	0.1519858850000000	0.0939907950000000
110	23.82210	2.1984935237384482	0.1377485100000000	0.0795581650000000
111	23.82210	2.2048746898275349	0.1481006450000000	0.1010950500000000
1127	10.92830	2.2192730814615027	0.0819641300000000	0.0389144850000000
1129	10.92790	2.2258637317788592	0.1560202700000000	0.1014954250000000
1137	10.92380	2.2101271915255660	0.1451577050000000	0.0771166750000000
1140	10.92290	2.2059287639196934	0.1223456150000000	0.0730825950000000
1141	10.92290	2.2127269568162382	0.2421896900000000	0.1395309600000000
1145	10.92230	2.2243764626882552	0.1539425750000000	0.0783497750000000
1146	10.92210	2.2249988155623783	0.1446407650000000	0.0911414350000000
1147	10.92210	2.2234571959469136	0.1440850150000000	0.1059514800000000
1151	10.92080	2.2093510040918529	0.1532441150000000	0.1032583200000000
1152	10.91860	2.2209665594608965	0.1482166600000000	0.0903945950000000
1154	10.91650	2.2126899421676396	0.0930498500000000	0.0990370850000000
1155	10.91650	2.2250138556510932	0.1456539700000000	0.1067731350000000
1158	10.90520	2.2174860174344402	0.1430498300000000	0.1075409450000000
1160	10.90250	2.2062286837262137	0.1470771350000000	0.0830846550000000
1161	10.90250	2.2154367595470217	0.1794018700000000	0.0750756200000000
1163	10.90130	2.2236579894916080	0.1531026150000000	0.1107840200000000
1165	10.89690	2.2172940092978561	0.1623660100000000	0.0939028800000000
1168	10.88480	2.1913746889754964	0.1576816700000000	0.1349384600000000
1169	10.88480	2.2263299347638452	0.1524275550000000	0.0971142850000000
1171	10.88460	2.2065816561407137	0.1697498500000000	0.0473518200000000
1172	10.88410	2.1920685829966318	0.1676261500000000	0.0793242650000000
1173	10.88410	2.1922468466834295	0.1255757350000000	0.0508068400000000
1176	10.88150	2.1983235402747838	0.1425284500000000	0.0929986450000000
1177	10.88150	2.1799047313323223	0.1165383150000000	0.0607488450000000
1179	10.84320	2.2215924026734384	0.1510638950000000	0.0748952650000000
1180	10.83340	2.3459305744560313	0.2911088650000000	0.0904260000000000
1182	10.82110	2.2213006463194391	0.1565304050000000	0.1097468800000000
1185	10.76010	2.2245263733892706	0.1456915050000000	0.1013827150000000
1186	10.74210	2.1746163249985524	0.1413935800000000	0.0542131600000000
1191	10.62350	2.2292763396320550	0.1326237850000000	0.0662907400000000
1193	10.61910	2.2052746602120319	0.1274200450000000	0.0792817300000000
1195	10.61840	2.2008591213222446	0.1488519050000000	0.0881917500000000
1196	10.61790	2.2308964024848148	0.1568085700000000	0.1154437600000000
1198	10.61770	2.1914569425533710	0.1535885450000000	0.0762756500000000
113	23.57600	2.1949529365256852	0.1628820300000000	0.0867655200000000
118	22.53360	2.2036738540762553	0.1436869500000000	0.1157575500000000
1207	10.61610	2.2314142740489800	0.1652724500000000	0.0798852200000000
1213	10.61400	2.2047178532536886	0.1540832950000000	0.0969673000000000
1215	10.61230	2.2001600235212364	0.1473167000000000	0.0919098100000000
1216	10.61210	2.2170242409238976	0.1569267700000000	0.0890937100000000
1217	10.61210	2.2172169240480795	0.1577561500000000	0.0329880300000000
1218	10.61090	2.1985278765794583	0.1382894800000000	0.0902516650000000
1223	10.61040	2.2041492513222050	0.1265793400000000	0.0676047200000000
1224	10.61010	2.1964049808036710	0.1578625100000000	0.0942680250000000
1228	10.58910	2.2188868662924510	0.1306323650000000	0.0910240350000000
1229	10.58910	2.2197155339891150	0.1557603950000000	0.1004300650000000
1230	10.58300	2.2014753226267132	0.1444059050000000	0.0824724700000000
1232	10.54440	2.2189577303425052	0.1449160400000000	0.1037270950000000
1234	10.52320	2.2085574282405438	0.1404837300000000	0.0807710400000000
1237	10.51650	2.1900828417300842	0.1471552550000000	0.1026489500000000
1239	10.49100	2.1823675323297120	0.1383824150000000	0.0893624150000000
1240	10.47010	2.2279548945788865	0.1329399550000000	0.1154042300000000
1242	10.46930	2.1963784634732328	0.1338909850000000	0.0936269550000000
1243	10.46930	2.2173077980833802	0.1375323800000000	0.1013461550000000
1244	10.46380	2.1948918421471260	0.1373795100000000	0.1057571250000000
1248	10.42930	2.2047653428165406	0.1603276400000000	0.1075373200000000
1249	10.42930	2.2019890354105365	0.1326007900000000	0.0969488500000000
1251	10.41750	2.2139162714488929	0.1404302100000000	0.0604537000000000
1253	10.40010	2.2124509918462665	0.1758681850000000	0.1017532800000000
1254	10.39910	2.2025566409135049	0.1224683100000000	0.1062720400000000
1255	10.39910	2.2219969258629528	0.1429439400000000	0.0982269600000000
1256	10.39850	2.2276861529964180	0.1552650350000000	0.1128333700000000
1258	10.39810	2.2181508629512714	0.1677902600000000	0.0690194200000000
1262	10.37670	2.2398914812761919	0.1783554550000000	0.0995605850000000
1264	10.36310	2.2321114538205742	0.1698762650000000	0.1285017650000000
1265	10.36310	2.2249260453418143	0.1467849400000000	0.1005724300000000
1266	10.35950	2.2235509683412626	0.1358489900000000	0.0573201300000000
1268	10.34790	2.2590178964442140	0.2091139000000000	0.0494139700000000
1271	10.34430	2.3020143966664723	0.2579795400000001	0.0938851750000000
1272	10.34210	2.2096364716737846	0.1335328000000000	0.1066242900000000
1273	10.34210	2.2142807128220259	0.1503338800000000	0.1005583950000000
1275	10.34030	2.2998305314759167	0.2067892750000000	0.1119060400000000
1277	10.33880	2.1725501877348585	0.1446704250000000	0.0841704450000000
1278	10.33740	2.1993829259149491	0.1360273900000000	0.1067218850000000
1279	10.33740	2.2126141334362290	0.1447418850000000	0.0758368650000000
120	22.50900	2.2076518217771257	0.1387592550000000	0.1139372900000000
121	22.50900	2.2064876181495139	0.1459335350000000	0.0947515950000000
122	21.95780	2.2035412684525819	0.1508970550000000	0.0517219400000000
123	21.95780	2.2047759624927101	0.1134555850000000	0.0586852100000000
126	21.78800	2.2047815745928006	0.1564464750000000	0.0918857800000000
127	21.78800	2.2171849587032173	0.1434871600000000	0.1190471300000000
1280	10.32880	2.2347262155622181	0.1575906100000000	0.1247640400000000
1285	10.32170	2.2073437769463173	0.1315273550000000	0.0527149250000000
1286	10.32150	2.2222245863626098	0.1276170600000000	0.0545880400000000
1288	10.31540	2.2256209471352522	0.1617547200000000	0.1276451800000000
1290	10.30710	2.1966206106207662	0.1266974400000000	0.0982964200000000
1293	10.29770	2.2226607323357790	0.1498648700000000	0.1083763000000000
1296	10.29030	2.2087913058727686	0.1389146550000000	0.0827223300000000
1297	10.29030	2.2083776818791461	0.1480415900000000	0.0892800000000000
1300	10.28650	2.2268488999994016	0.1517808100000000	0.0961465250000000
1304	10.28410	2.2086203764804111	0.1762312450000000	0.1204847550000000
1305	10.28410	2.2287061031900612	0.1521264150000000	0.1283995100000000
1306	10.27900	2.2378826882640306	0.1756659650000000	0.1307303700000000
1307	10.27900	2.2101438942215448	0.1479302450000000	0.0470300300000000
1314	10.27740	2.2194481258147913	0.1459429750000000	0.1045720600000000
1315	10.27740	2.2138251687305464	0.1457859300000000	0.1139709450000000
1319	10.27300	2.1890911767962642	0.1372317250000000	0.0774900000000000
1320	10.26090	2.1790133667012150	0.1308536450000000	0.0718920800000000
1321	10.26090	2.2172067893224696	0.1293267800000000	0.0671578750000000
1322	10.25420	2.2127707583933840	0.1740827350000000	0.0927578050000000
1324	10.25040	2.2246426722693418	0.1281983600000000	0.1007652450000000
1325	10.25040	2.2245362154708919	0.1453693650000000	0.1079325200000000
1326	10.23910	2.2141585996047115	0.1247108950000000	0.0685295400000000
1327	10.23910	2.2162076117658822	0.1383053150000000	0.1201828200000000
1328	10.23050	2.2125145575267364	0.1043405600000000	0.1275879850000000
1333	10.20550	2.1973857692850998	0.1224919150000000	0.0834053000000000
1334	10.20380	2.2104766598845194	0.1340998050000000	0.0926463450000000
1339	10.19020	2.1910500598783358	0.1278667000000000	0.0850481200000000
1342	10.18510	2.2248695611171421	0.1542183550000000	0.1125654500000000
1345	10.18490	2.2268518184277530	0.1684567650000000	0.0880680650000000
1346	10.18350	2.2244175232907701	0.1453465450000000	0.0915565300000000
1347	10.18350	2.2440180022674623	0.1882149400000000	0.0681127100000000
1355	10.16150	2.1880403996291160	0.1433522650000000	0.1008713350000000
1359	10.16060	2.2296577791461343	0.1673017300000000	0.0785396400000000
129	21.56620	2.1839186039449805	0.1602798700000000	0.1372212750000000
131	21.40930	2.2070618748932889	0.1374525000000000	0.0960737750000000
132	21.29740	2.2124373273063402	0.1595381450000000	0.0920957650000000
133	21.29740	2.2025467668936201	0.1458948650000000	0.0959004500000000
134	21.21890	2.2096026821444150	0.1527818450000000	0.0375476400000000
135	21.21890	2.2068654633043279	0.1599071350000000	0.0975517300000000
1360	10.15810	2.2101424586140297	0.1496892100000000	0.0984328900000000
1361	10.15810	2.2154314216468598	0.1123900750000000	0.0811611150000000
1362	10.15700	2.2023593467626723	0.1538628250000000	0.0488885350000000
1365	10.15050	2.2315449904655145	0.1640460900000000	0.0945291250000000
1366	10.15010	2.2249615793154600	0.1406312700000000	0.1038225100000000
1375	10.14090	2.2283513564523885	0.1501723100000000	0.0916279300000000
1376	10.13960	2.1965573491967612	0.1173771200000000	0.0494269500000000
1377	10.13960	2.1922016720480633	0.1468874550000000	0.0626906500000000
1379	10.13950	2.2303652827839970	0.1577883800000000	0.0942180250000000
1380	10.12850	2.2218008616294860	0.1313464350000000	0.0987485300000000
1381	10.12850	2.1884534449181263	0.1506466500000000	0.0779401750000000
1382	10.12620	2.2266032268674274	0.1528298400000000	0.0889162250000000
1383	10.12620	2.2051649041756991	0.1409468500000000	0.0447115700000000
1384	10.12620	2.2128384383669881	0.1686624950000000	0.0882325600000000
1386	10.12610	2.1994716648447663	0.1177239250000000	0.0742592550000000
1393	10.12400	2.2020559379824265	0.1779331200000000	0.0811649700000000
1394	10.12330	2.2180239445295937	0.1519848700000000	0.1191655850000000
1395	10.12330	2.2067884620305476	0.1581303900000000	0.0715917850000000
1396	10.12260	2.2175186106641376	0.1353495900000000	0.1128580200000000
1405	10.10280	2.2092937661844800	0.1730347100000000	0.1278909250000000
1409	10.07350	2.1891123079400492	0.1461542000000000	0.0796111000000000
1413	10.06450	2.2173119848347760	0.1556679900000000	0.1074411450000000
1415	10.06280	2.2191326111243890	0.1273114150000000	0.0758112900000000
1417	10.05140	2.2201920956655692	0.1436545650000000	0.0986872200000000
1418	10.04880	2.1876051691285330	0.1071998000000000	0.0621604100000000
1425	10.04410	2.2125949836643408	0.1792510450000000	0.1271301350000000
1430	10.00540	2.2214935843482810	0.1420579750000000	0.0945669500000000
1433	9.97105	2.2074002180409535	0.1584718450000000	0.1389636300000000
1434	9.95261	2.2040526729415606	0.1511751350000000	0.0964588400000000
1436	9.94991	2.2062396346778272	0.1416847250000000	0.1102697500000000
1437	9.94991	2.2144462311696680	0.1278215850000000	0.1041773200000000
1439	9.93271	2.2249316492941476	0.1455235550000000	0.0678320600000000
137	21.14770	2.1659327700379825	0.1473459100000000	0.1272130650000000
138	20.82900	2.2106491420248244	0.1257724250000000	0.1089560200000000
140	20.53460	2.1908076123081281	0.1442034900000000	0.0758073450000000
142	20.48610	2.2099401978783422	0.1458379600000000	0.1047586400000000
143	20.48610	2.1967326472699531	0.1566413500000000	0.1020624500000000
1441	9.90524	2.1949123353886346	0.1520812300000000	0.0953596500000000
1442	9.82061	2.2287501757718293	0.1404746800000000	0.1104021150000000
1445	9.80216	2.1785329152385056	0.1413465200000000	0.0813066950000000
1446	9.79928	2.2236833791875439	0.1380163550000000	0.0851456250000000
1449	9.79831	2.2018022947718485	0.1488277750000000	0.0982037750000000
1451	9.79801	2.2546918227905182	0.2133097750000000	0.0734192450000000
1452	9.79790	2.2044521332560287	0.1556995050000000	0.1155115200000000
1459	9.79694	2.2170850098320298	0.1288030150000000	0.0896403400000000
1462	9.79521	2.1628500326015851	0.1360970600000000	0.0866727100000000
1463	9.79521	2.1954541020544780	0.1679391400000000	0.0927875000000000
1464	9.79515	2.2281606143800041	0.1493272350000000	0.0926567750000000
1466	9.79475	2.1925250637822158	0.1390864050000000	0.1114876000000000
1469	9.79345	2.2103233265076860	0.1473134600000000	0.1108939900000000
1471	9.79320	2.2062679707808748	0.1470933550000000	0.0851151850000000
1475	9.79288	2.2284344409410268	0.1412414450000000	0.0878963350000000
1477	9.79273	2.3147333653670579	0.2375650850000000	0.1087630150000000
1479	9.79166	2.2111908673984866	0.1158083000000000	0.1060760650000000
1480	9.79145	2.2552062652857385	0.1890782900000000	0.1162698600000000
1481	9.79145	2.2311868178031404	0.1508863900000000	0.0884840350000000
1492	9.72526	2.2267360761018544	0.1335450650000000	0.0570495100000000
1496	9.70935	2.3066105539801929	0.2503845350000000	0.1014042500000000
1497	9.70935	2.2308415218944972	0.1561182050000000	0.0771291300000000
1498	9.69595	2.2230008123546705	0.1142713200000000	0.0836971500000000
1500	9.67046	2.2160612814508736	0.1338209950000000	0.1068157850000000
1507	9.67000	2.2145254301447945	0.1657558950000000	0.1204096200000000
1509	9.67000	2.1825347561740336	0.1414971550000000	0.1282380300000000
1510	9.67000	2.1857762182278058	0.1364730800000000	0.0772933250000000
1514	9.66336	2.2311297698902051	0.1499901900000000	0.0551136700000000
1515	9.66336	2.1916019757480139	0.1856893350000000	0.1094668300000000
1516	9.66178	2.2257958152866282	0.1282151950000000	0.0871574900000000
1517	9.66178	2.1985186103050305	0.1205954850000000	0.0531738300000000
1518	9.66145	2.2063874302113033	0.1418592550000000	0.1020504450000000
145	20.48180	2.2108462370699002	0.1648322600000000	0.0887802050000000
147	20.23890	2.2091594668015011	0.1381958650000000	0.1097720250000000
148	20.14810	2.2057872229653701	0.1170975950000000	0.0658555800000000
151	19.99580	2.2123735954985251	0.1329448850000000	0.1354835250000000
1521	9.66139	2.1997523742071037	0.1577775200000000	0.1224426350000000
1524	9.66111	2.1457495158470885	0.1389689900000000	0.0808086800000000
1525	9.66111	2.2063996502161474	0.1510577200000000	0.1024275750000000
1526	9.66104	2.2330092489934921	0.1590835850000000	0.0962858500000000
1529	9.66080	2.2124596656627200	0.1117138650000000	0.0567473300000000
1531	9.65958	2.2198368738221137	0.1393972300000000	0.0873025150000000
1534	9.65573	2.2234791827454852	0.1670020050000000	0.1177336750000000
1536	9.65484	2.4184240421156380	0.2928207750000000	0.1150807700000000
1537	9.65484	2.2220745087493690	0.1343618700000000	0.0950121450000000
1539	9.65423	2.2126560023021304	0.0906923250000000	0.1453220100000000
1541	9.65415	2.2235293658284792	0.1217996800000000	0.0496922200000000
1542	9.65411	2.3109696091621181	0.2144721600000000	0.1042735350000000
1543	9.65411	2.2279278958222890	0.1344369300000000	0.1078602050000000
1548	9.65323	2.2256432655177618	0.1525482100000000	0.0939746750000000
1549	9.65323	2.2265353606623721	0.1601900350000000	0.1012361200000000
1554	9.62796	2.2044642507390857	0.1425553300000000	0.0877106400000000
1557	9.62658	2.2091857171939631	0.1394269800000000	0.0908447750000000
1562	9.61583	2.2312941471124610	0.1413666850000000	0.1087193550000000
1563	9.61583	2.2098859689970403	0.2254693300000000	0.1295649550000000
1569	9.61229	2.2203274584301274	0.1604203500000000	0.0708963300000000
1572	9.60674	2.2189260311446497	0.1616099950000000	0.0698766600000000
1586	9.59731	2.2640006901806919	0.1377273800000000	0.1590824900000000
1588	9.59695	2.1824676011013553	0.1531443800000000	0.0577934750000000
1590	9.59629	2.2278042108273133	0.1283792400000000	0.0936690000000000
152	19.67710	2.2098049857207864	0.1584524500000000	0.0937317000000000
9	139.63100	2.1971161654394553	0.1580539850000000	0.0634632250000000
10	128.05800	2.1990307211030973	0.1498214750000000	0.1047899850000000
11	128.05800	2.1983898584184365	0.1497113700000000	0.1027547400000000
13	126.69400	2.1945394115188543	0.1383850850000000	0.0939942400000000
14	118.71200	2.2052785592594413	0.1662704550000000	0.0875165550000000
1601	9.58934	2.2015008032416761	0.1499335750000000	0.0752959750000000
1602	9.58931	2.1764851543919441	0.1390902950000000	0.0717528400000000
1603	9.58931	2.2100158686483393	0.1426903450000000	0.1008365500000000
1606	9.58877	2.2299262594204152	0.1459411600000000	0.0975770400000000
1607	9.58877	2.2303977427943313	0.1452643100000000	0.1154126300000000
1609	9.58865	2.2180996031438398	0.1474349800000000	0.1080122050000000
1611	9.58849	2.2105021488880028	0.1552534100000000	0.0953075050000000
1613	9.58849	2.1972770657469631	0.1473778050000000	0.0920178450000000
1617	9.58787	2.1988016101586623	0.1538469950000000	0.0898598850000000
1619	9.58777	2.2065397068862471	0.1444150000000000	0.1186014900000000
1622	9.58663	2.2079598989918559	0.1388848650000000	0.1052201800000000
1624	9.58434	2.2045015846753571	0.1228513100000000	0.1068409700000000
1625	9.58434	2.2104106010807048	0.1564171300000000	0.0692975250000000
1626	9.58386	2.1766204413594172	0.1211121750000000	0.0506528700000000
1628	9.58364	2.2226455430183636	0.1699808000000000	0.1045033300000000
1629	9.58364	2.2143948271875291	0.1721967900000000	0.0800647750000000
1636	9.58269	2.1978119995661682	0.1351214100000000	0.1098096650000000
1637	9.58269	2.2042225454744302	0.1632591150000000	0.0948113200000000
1638	9.58265	2.2125655948673510	0.1526543250000000	0.1000562600000000
1640	9.58190	2.2305222509450062	0.1587607200000000	0.0457402450000000
1642	9.58167	2.1852094563704552	0.1204176300000000	0.0552532950000000
1645	9.58133	2.2288559061722126	0.1311237700000000	0.0704990300000000
1651	9.57473	2.2198587105084480	0.1274086150000000	0.0960879550000000
1652	9.57470	2.1785480222237652	0.1130258700000000	0.1153388800000000
1653	9.57470	2.2108100518684886	0.1473205100000000	0.1054796550000000
1657	9.57149	2.2438640879311147	0.1986943550000000	0.0644299250000000
1658	9.57127	2.2099829518704430	0.1686309200000000	0.0938257700000000
1661	9.57124	2.2169822014494294	0.1320476000000000	0.0925081950000000
1663	9.57023	2.2214402984458204	0.1348755600000000	0.0853614950000000
1664	9.56859	2.1957448780798940	0.1445476150000000	0.1100026600000000
1667	9.56748	2.2289119610780408	0.1424184200000000	0.0717658050000000
1669	9.56294	2.2293371473789523	0.1314153400000000	0.1087749650000000
1672	9.55930	2.2095895311407214	0.1524980450000000	0.0885590450000000
1674	9.55679	2.2177261812216171	0.1494720100000000	0.1194975650000000
1676	9.55202	2.2178513876432091	0.1528961800000000	0.0818254900000000
160	19.02050	2.2035727056057173	0.1419709500000000	0.0885417650000000
161	19.02050	2.2057594019889066	0.1537194500000000	0.1052610950000000
162	18.89830	2.2126133743037908	0.1437875950000000	0.0381725400000000
163	18.89830	2.2154201642716158	0.1560867400000000	0.0774509300000000
166	18.66980	2.2057680176811214	0.1379121250000000	0.1004556750000000
1680	9.54781	2.2270328344272627	0.1527352000000000	0.1204686400000000
1685	9.54687	2.1694839730700619	0.1256063000000000	0.0812292850000000
1688	9.53021	2.1997303613262744	0.1522503200000000	0.1030950050000000
1692	9.52252	2.1903757508921653	0.1511087500000000	0.0611597150000000
1696	9.51582	2.2142705393963689	0.1493114850000000	0.0994627150000000
1698	9.51319	2.2154029806182325	0.1393202000000000	0.1069169000000000
1700	9.51255	2.3602391693466878	0.2436547600000000	0.1188214000000000
1702	9.51053	2.2033980601567631	0.1566919850000000	0.0932604100000000
1704	9.50834	2.2239215114341193	0.1475789250000000	0.0956556350000000
1711	9.50323	2.2037891920326391	0.1339423600000000	0.0821394100000000
1712	9.50220	2.2022094930457050	0.1530579300000000	0.0986738300000000
1713	9.50220	2.1874339459264527	0.1411855600000000	0.0998181450000000
1715	9.49656	2.2209870222706978	0.1858342350000000	0.1283119700000000
1721	9.48442	2.1679303312433298	0.1041070200000000	0.0901646250000000
1723	9.48286	2.2125190211865231	0.1702688350000000	0.1086323550000000
1729	9.47319	2.1857984208385299	0.1437164250000000	0.0846026550000000
1735	9.45239	2.1878417886019768	0.1654349350000000	0.1122999650000000
1736	9.45130	2.2072159687302064	0.1678143800000000	0.0992306350000000
1739	9.43735	2.2280220239216040	0.1515524550000000	0.0765106450000000
1740	9.43695	2.2160900195694033	0.1550396050000000	0.0683722200000000
1742	9.41095	2.2085864516429905	0.1367246350000000	0.1014482600000000
1743	9.41095	2.2198358731549503	0.1532426000000000	0.0793999400000000
1746	9.36075	2.2213237238246029	0.1504359950000000	0.0957704400000000
1748	9.33968	2.1897718931778880	0.1542392450000000	0.0827086900000000
1750	9.32657	2.2306460345101264	0.1762758800000000	0.1344781350000000
1752	9.31892	2.2286716861605380	0.1326861100000000	0.0636827600000000
1753	9.31892	2.2170127825547965	0.1543858000000000	0.0998787950000000
1756	9.30095	2.2084108562185967	0.1415492600000000	0.1044833650000000
1758	9.29419	2.2262851237410879	0.1518568550000000	0.0999643850000000
1759	9.29419	2.2225356813278059	0.1615555100000000	0.1169110450000000
168	18.56780	2.3668553745913266	0.2589294650000000	0.1033981650000000
171	18.56620	2.2112288980304675	0.1223487350000000	0.0580273700000000
172	18.38690	2.2086358711671377	0.1565263100000000	0.1055960450000000
174	18.33440	2.2001978881994821	0.1394997000000000	0.0957227400000000
175	18.33440	2.2086074696146785	0.1550203050000000	0.0707833250000000
1760	9.29040	2.2084831871204269	0.1498837500000000	0.1013162700000000
1763	9.28669	2.2259464673891229	0.1333838200000000	0.0698853900000000
1766	9.27618	2.2043763419674400	0.1401297050000000	0.0972718650000000
1769	9.27601	2.2233724224022442	0.1429156150000000	0.0918352100000000
1775	9.27078	2.1925494010117563	0.1506109750000000	0.0724396800000000
1780	9.26310	2.1753121523361352	0.1431246000000000	0.0591751750000000
1782	9.25991	2.4037214883161737	0.2706242000000000	0.1373688750000000
1783	9.25991	2.1984948103237443	0.1581343750000000	0.1062902350000000
1786	9.25823	2.2213713021636257	0.0792644850000000	0.1098066750000000
1788	9.25791	2.2333555163225207	0.1434240200000000	0.1139087000000000
1793	9.25719	2.2252582639913503	0.1434200700000000	0.1020154100000000
1794	9.25625	2.1789405646675513	0.1278141350000000	0.0674605550000000
1795	9.25625	2.2107739623011864	0.1490220800000000	0.0548203050000000
1796	9.25601	2.2162693154397606	0.1547950500000000	0.1463708750000000
1797	9.25601	2.2101768593634712	0.1408983950000000	0.1174705450000000
1798	9.25564	2.2167518437184444	0.1031338050000000	0.0517594450000000
1800	9.25542	2.1999968478190137	0.1325246000000000	0.0705527400000000
1805	9.25320	2.2057997722708533	0.1508872750000000	0.1109519700000000
1806	9.25229	2.2018403299471863	0.1543221250000000	0.0759906650000000
1809	9.25199	2.2225254673138792	0.1472019400000000	0.1094252000000000
1812	9.24949	2.1990730365183517	0.1527092050000000	0.0832002100000000
1814	9.24858	2.1951107107311763	0.1438677200000000	0.0835560150000000
1815	9.24858	2.2195944036477173	0.1399600800000000	0.0988237450000000
1816	9.24577	2.2217211006111643	0.1417260600000000	0.0655077050000000
1818	9.24519	2.2244314948333708	0.1413405450000000	0.1074989250000000
1820	9.24436	2.3645072676871299	0.2600902700000000	0.0674572750000000
1821	9.24436	2.2270829769128397	0.1396886900000000	0.0420350350000000
1822	9.24404	2.1998921995945868	0.1780736850000000	0.0483700250000000
1826	9.24000	2.2074708964259564	0.1485421900000000	0.0974144750000000
1827	9.24000	2.2150209455745409	0.1219798700000000	0.0757123800000000
1833	9.24000	2.2258117519728136	0.1587167100000000	0.1312953850000000
1834	9.24000	2.2349347453915489	0.1446706500000000	0.1178575300000000
1835	9.24000	2.1791689669545682	0.1347768450000000	0.0919032700000000
1836	9.24000	2.2209591499297905	0.1207010800000000	0.0818670500000000
176	18.28240	2.2206182900800568	0.1583695900000000	0.1002845950000000
183	17.81420	2.3165987292766594	0.2757601800000000	0.1385140800000000
1840	9.24000	2.2119506868910146	0.1553870200000000	0.0862128100000000
1844	9.24000	2.1985223266387361	0.1953560200000000	0.1222149100000000
1845	9.24000	2.2206509507047909	0.1301634850000000	0.0690965200000000
1851	9.24000	2.2279669944950191	0.1368845100000000	0.0902334950000000
1853	9.24000	2.2286984245883530	0.1418540400000000	0.0726642950000000
1861	9.23882	2.2227913899273273	0.1363458600000000	0.1111574800000000
1862	9.23812	2.2154440316009185	0.1561942500000000	0.0999747350000000
1868	9.23567	2.2285998729514942	0.1615426550000000	0.0859227400000000
1871	9.23551	2.2005142928749635	0.1348600900000000	0.0958020400000000
1875	9.23490	2.1963447667439495	0.1469581050000000	0.1137068300000000
1876	9.23438	2.2163051488296244	0.1301379150000000	0.0985205550000000
1877	9.23438	2.2105773704424596	0.1655052100000000	0.1170046700000000
1878	9.23309	2.2249886044277272	0.1445989750000000	0.0933657450000000
1882	9.23219	2.2014651620819983	0.1595780700000000	0.0725937750000000
1885	9.23106	2.2269734788150557	0.1288270400000000	0.0740070900000000
1889	9.23018	2.2321171506146888	0.1517625950000000	0.1008983950000000
1890	9.22622	2.1808732108023827	0.1319884650000000	0.0847013700000000
1892	9.22493	2.1917686374769563	0.1684365550000000	0.0396068250000000
1900	9.21053	2.2112014967776732	0.1124048250000000	0.0873426150000000
1901	9.21053	2.2249583323350124	0.1783315650000000	0.1383233650000000
1903	9.19737	2.2198245688456186	0.1415787150000000	0.0633640100000000
1904	9.19634	2.2256129395073212	0.1476180150000000	0.0876622850000000
1908	9.18574	2.2021451225728130	0.1311067650000000	0.1006234100000000
1909	9.18574	2.2203330298370152	0.1666134400000000	0.0833669150000000
1914	9.18130	2.2311652357868912	0.1485116750000000	0.0911260050000000
1919	9.18028	2.2220938541495365	0.1029008800000000	0.0743275200000000
184	17.79570	2.2052560120442020	0.1476154200000000	0.0996309200000000
185	17.79570	2.2165397195293775	0.1434652550000000	0.1009986050000000
186	17.79430	2.2100757518412313	0.1491906900000000	0.1035655300000000
187	17.79430	2.2180285735461940	0.1473190850000000	0.1053718200000000
188	17.79230	2.2170028965656603	0.1556191150000000	0.0943812200000000
189	17.79230	2.1859427511163783	0.1544926400000000	0.0909619450000000
1920	9.17907	2.2154251170027739	0.1553376400000000	0.0775885500000000
1921	9.17907	2.1824891478816082	0.1454437000000000	0.1141792400000000
1922	9.17791	2.2182663452717284	0.1463386850000000	0.0899765550000000
1927	9.17739	2.2236741799156228	0.1046389700000000	0.0926939250000000
1928	9.17710	2.1850661009636627	0.1455105950000000	0.0961755000000000
1930	9.17523	2.2027738404610813	0.1406505450000000	0.1017034000000000
1938	9.17204	2.2274601378112906	0.1487512300000000	0.0923818950000000
1939	9.17204	2.2265746438312282	0.1571317000000000	0.0551222550000000
1943	9.16873	2.1974179526106923	0.1591664200000000	0.1038659000000000
1947	9.16072	2.2527266557143402	0.1868243600000000	0.1351551100000000
1949	9.15790	2.2323014687519152	0.1445372200000000	0.0698866200000000
1950	9.15340	2.2038320197781580	0.1457923300000000	0.0863229550000000
1953	9.15240	2.2053370841760191	0.1509478000000000	0.1022164200000000
1955	9.15182	2.2212031850723695	0.1402142350000000	0.1222582550000000
1957	9.14276	2.2021005477909745	0.1387928100000000	0.0829285300000000
1964	9.14000	2.1963414575159170	0.1532789850000000	0.0660750900000000
1965	9.14000	2.2148764383313924	0.1470062650000000	0.0960367900000000
1970	9.14000	2.2141488069498161	0.1502680550000000	0.0992581000000000
1971	9.14000	2.1990816204534562	0.1497769950000000	0.1005448650000000
1974	9.14000	2.1977815970062684	0.1408079150000000	0.1093465650000000
1976	9.14000	2.2413886965074590	0.1365097100000000	0.1370986100000000
1979	9.14000	2.2016744533764534	0.1464388550000000	0.0670701150000000
1981	9.14000	2.2184200826063636	0.1462903700000000	0.0540806150000000
1984	9.14000	2.1709313317422247	0.0946970400000000	0.0911728150000000
1985	9.14000	2.2122042533237112	0.1877147600000000	0.1176201150000000
1986	9.14000	2.2221195929174606	0.1606062800000000	0.0937765650000000
1990	9.14000	2.2047813615181493	0.1511351350000000	0.0942079350000000
1992	9.14000	2.2233172436078572	0.1217389900000000	0.0915330550000000
1999	9.14000	2.1854783140309615	0.1287453650000000	0.0795628200000000
192	17.71340	2.1963718271541062	0.1520084200000000	0.1121596100000000
193	17.71340	2.2154352590196109	0.1473245050000000	0.1133529050000000
194	17.70800	2.1993845074453588	0.1507513850000000	0.1065055450000000
196	17.66620	2.2071641206034736	0.1577250550000000	0.0979028800000000
197	17.66620	2.2047931176702584	0.1507447550000000	0.1019363050000000
2001	9.14000	2.2217266616955995	0.1441370900000000	0.0932236850000000
2005	9.13999	2.2271752647189884	0.1398876000000000	0.1143784000000000
2008	9.13770	2.1934021997510280	0.1213373200000000	0.1013549750000000
2009	9.13770	2.2223794676364261	0.1475032700000000	0.0707280150000000
2010	9.13758	2.2315409143558314	0.1585315600000000	0.1078208950000000
2012	9.13558	2.2270903624297524	0.1216049500000000	0.0833931050000000
2014	9.13489	2.2258089456767767	0.1599771350000000	0.1175661650000000
2019	9.13416	2.1799645506575662	0.1237555750000000	0.0954632550000000
2021	9.13287	2.2006040122703832	0.1302699800000000	0.0921157000000000
2023	9.13245	2.2803755393670619	0.1957781050000000	0.0805521400000000
2026	9.13189	2.2108515810977507	0.1522011500000000	0.0810651150000000
2027	9.13189	2.2237521301665000	0.1562845550000000	0.0969574250000000
2030	9.11916	2.2046472531299197	0.1386048400000000	0.0830793700000000
2031	9.11916	2.2340148201219736	0.1354984050000000	0.0840113900000000
2032	9.11751	2.2298404344577745	0.1746086350000000	0.1095986000000000
2033	9.11751	2.2096155308573904	0.1558693550000000	0.0819633350000000
2034	9.10786	2.2162236893638698	0.1404802650000000	0.0603081750000000
2036	9.10508	2.2351873808377154	0.1610122000000000	0.0888237750000000
2037	9.10508	2.2340309788983794	0.1758916200000000	0.1367767750000000
2040	9.09280	2.1891174498490846	0.1563679600000000	0.0874687250000000
2042	9.08550	2.2125643776145401	0.0979055250000000	0.0832377250000000
2045	9.06423	2.2282879919095344	0.1272449250000000	0.0945830850000000
2046	9.05605	2.2106413139517374	0.1479504050000000	0.0769447750000000
2049	9.04366	2.1872586649114600	0.0993949150000000	0.1135402650000000
2050	9.03912	2.2048210370977417	0.1606453600000000	0.0920644250000000
2051	9.03912	2.2273752302110119	0.1478480150000000	0.1090820500000000
2056	9.03142	2.2217095904484965	0.1631493650000000	0.1009369050000000
2057	9.03142	2.2209646141922330	0.1535489900000000	0.1102582750000000
2060	9.02477	2.2336168905555112	0.1538897150000000	0.0896878950000000
2062	9.02425	2.2254262014635904	0.1156482800000000	0.0912930950000000
2066	9.02185	2.2226052463970478	0.1387323500000000	0.0961679150000000
2067	9.02185	2.2288515239768367	0.1514951050000000	0.1083046200000000
2068	9.02041	2.2901698653088149	0.2078419800000000	0.1251962250000000
2069	9.02041	2.2236861454581520	0.1655669400000000	0.0732589300000000
2075	9.02017	2.2703998209395548	0.2211807150000000	0.1091433650000000
2076	9.01653	2.2141621921028856	0.1562174000000000	0.1053253200000000
2077	9.01653	2.2289909162699515	0.1437413950000000	0.0762118800000000
2079	9.01625	2.1292699303949711	0.1368560850000000	0.0626988150000000
204	17.35930	2.2005338332926385	0.1530235050000000	0.0805797450000000
206	17.27710	2.1899353435695539	0.1508758500000000	0.0804980550000000
207	17.27710	2.1927692864006039	0.1335380250000000	0.0879448850000000
2080	9.01619	2.2294910511126051	0.1715791100000000	0.1135323650000000
2083	9.01556	2.2030465890399444	0.1534471300000000	0.0841051200000000
2086	9.01160	2.2126458677552319	0.1592604900000000	0.1204696650000000
2088	9.01098	2.2264732721130986	0.1576188300000000	0.0900209200000000
2090	9.00911	2.2181340160333276	0.1235633500000000	0.0870782800000000
2091	9.00911	2.2073252404578678	0.1303741200000000	0.1052564250000000
2097	9.00734	2.2211652051745485	0.1560028450000000	0.0806509100000000
2099	9.00711	2.1805223847765749	0.1425396100000000	0.0747439600000000
2100	9.00469	2.2170706617369444	0.1574048850000000	0.0654925250000000
2105	9.00246	2.1752470128662393	0.1725189350000000	0.1011970950000000
2109	9.00062	2.1983268310729920	0.1533448550000000	0.1153382000000000
2110	9.00011	2.1991937822583214	0.1368648250000000	0.1101076500000000
2113	8.99981	2.2154528094240979	0.1655348550000000	0.0802330750000000
2114	8.99965	2.2227606661113883	0.1555328450000000	0.0693049550000000
2117	8.99874	2.2249208245796619	0.1963098800000000	0.1266936600000000
2118	8.99850	2.2163503544390450	0.1891411250000000	0.1210212450000000
2121	8.99556	2.1933345901420020	0.1803279400000000	0.0705758950000000
2124	8.99371	2.2158165936594947	0.1040916950000000	0.0765636850000000
2125	8.99371	2.2201331526486729	0.1528617550000000	0.0961278050000000
2128	8.99078	2.2288127866529650	0.1577400400000000	0.0997167750000000
2130	8.98943	2.2286849925848671	0.1305927450000000	0.0679474450000000
2132	8.98853	2.2244540055451312	0.1359811400000000	0.0777667700000000
2133	8.98853	2.3865927324323217	0.2699862650000000	0.1636041450000000
2137	8.98743	2.2239501546304448	0.1071915650000000	0.0829947000000000
2141	8.98605	2.2324217554885393	0.1466197000000000	0.1015517450000000
2146	8.98340	2.2169383089181793	0.1449401150000000	0.0912463950000000
2149	8.98311	2.2110614088437268	0.1486668600000000	0.0972125600000000
2150	8.98274	2.2161012809025067	0.1393245050000000	0.0695806900000000
2152	8.98141	2.2308289561793173	0.1490931000000000	0.1123530150000000
2153	8.98141	2.3365972693882990	0.2432059750000000	0.0701683650000000
2155	8.98011	2.1895250136808109	0.1394191050000000	0.0876409200000000
2156	8.98000	2.1978034356143112	0.1507854400000000	0.0864998150000000
208	17.18240	2.2277382161397741	0.1731136850000000	0.1210231950000000
210	17.07690	2.2194404305186528	0.1571620900000000	0.0459673100000000
212	17.05300	2.2302825451802351	0.2337637050000000	0.1256957600000000
213	17.05300	2.1957849601400530	0.1642687400000000	0.0726798600000000
214	17.02200	2.1873749391037118	0.1483818800000000	0.0946234150000000
2161	8.98000	2.2237127391182749	0.1262867400000000	0.0839736400000000
2162	8.98000	2.2333952907371208	0.1882567450000000	0.0856351000000000
2164	8.98000	2.1925742255912271	0.1551126800000000	0.0832350850000000
2166	8.98000	2.2217525131908715	0.1605167950000000	0.0781156750000000
2167	8.98000	2.2265181623663595	0.1507335050000000	0.0407687150000000
2170	8.98000	2.2162299451649945	0.1457017050000000	0.1080005500000000
2171	8.98000	2.2382691307938627	0.1667329100000000	0.0825485200000000
2175	8.97946	2.2308443568046270	0.1408927850000000	0.1092862050000000
2176	8.97810	2.1976683360122640	0.1450347950000000	0.1042582450000000
2180	8.97481	2.1726041146920445	0.1361305350000000	0.0698413200000000
2181	8.97481	2.3997548480275324	0.2810952050000000	0.1330208600000000
2182	8.97445	2.2311594259526029	0.1539502700000000	0.0836614400000000
2184	8.97257	2.2125640451296031	0.1027291750000000	0.1123256650000000
2186	8.97180	2.1887080957331309	0.1464988550000000	0.0822550950000000
2190	8.96742	2.2192469780956747	0.1628747800000000	0.1033504300000000
2191	8.96742	2.2365594905070636	0.1460963750000000	0.0607124650000000
2193	8.96490	2.4129804646788542	0.2607323950000000	0.1071394150000000
2194	8.96342	2.1728257538623050	0.1209596000000000	0.0568482150000000
2199	8.95967	2.2015052886084110	0.1501132150000000	0.1002998000000000
2201	8.95899	2.2047294224391041	0.1743165000000000	0.0755399400000000
2205	8.95765	2.2009438033302211	0.1333480200000000	0.0869954000000000
2207	8.95637	2.2095698729150124	0.1528034100000000	0.0961496850000000
2209	8.95617	2.2073918092063822	0.1304031050000000	0.1100007900000000
2212	8.95552	2.2245850015549515	0.1366455000000000	0.1026534850000000
2214	8.95525	2.2067183261351673	0.1389238100000000	0.1110011050000000
2216	8.95504	2.2304722990267254	0.1601013250000000	0.1016931300000000
2217	8.95504	2.2240911963205146	0.1206847200000000	0.0712075650000000
2222	8.95293	2.1892081588474182	0.1186271350000000	0.0799090800000000
2224	8.95254	2.1765832168097652	0.1285514950000000	0.0782856050000000
2226	8.95171	2.3463367495242453	0.2424320250000000	0.1536130500000000
2227	8.95171	2.2225799736007312	0.1521756700000000	0.0558845600000000
2228	8.95049	2.2089985763874918	0.1535446000000000	0.0850947250000000
2231	8.95019	2.2240387751302899	0.1700411100000000	0.0887748750000000
2233	8.95018	2.2214913362193616	0.1561268100000000	0.1099964000000000
2234	8.94969	2.2250416101133546	0.1320335950000000	0.0783841850000000
2239	8.94466	2.1796646062673477	0.1147371250000000	0.1059722200000000
216	16.98740	2.2076612134910620	0.1499866750000000	0.1272635350000000
217	16.98740	2.2037311849035421	0.1593377850000000	0.0886344800000000
218	16.98050	2.2057406743939492	0.1326558150000000	0.0749059450000000
220	16.93270	2.2093540493665027	0.1480759200000000	0.1068733200000000
222	16.91870	2.1810747309755603	0.1607482450000000	0.0440762650000000
2240	8.94271	2.1845221811221571	0.1382239650000000	0.0706621350000000
2241	8.94271	2.2135988152524426	0.1093304500000000	0.1282043600000000
2243	8.93885	2.2282981709562497	0.1139374850000000	0.0536526400000000
2244	8.93734	2.2244112722697142	0.1443202150000000	0.1094472900000000
2245	8.93734	2.2020448995199535	0.1655584850000000	0.0999145750000000
2246	8.93637	2.1934116543421665	0.1674549900000000	0.0867985550000000
2247	8.93637	2.2292680345600098	0.1436340350000000	0.0800702950000000
2252	8.93060	2.2076879242004650	0.1636079650000000	0.0746769450000000
2253	8.93060	2.1930176879196113	0.1575099800000000	0.1322227650000000
2254	8.92967	2.2124134714366512	0.0883718300000000	0.0636469450000000
2256	8.92952	2.2164268424745739	0.1286729250000000	0.1040394250000000
2259	8.92877	2.1858567219620237	0.1471329550000000	0.0708781800000000
2260	8.92662	2.2287629347828397	0.1535714700000000	0.1034136050000000
2264	8.92659	2.1919873404730015	0.1322490900000000	0.0983959350000000
2278	8.92315	2.2004878464892248	0.1494850800000000	0.1035247600000000
2279	8.92315	2.2406256742581592	0.1383246000000000	0.0797555000000000
2282	8.92271	2.2280548979683124	0.1469231000000000	0.1148735350000000
2283	8.92271	2.2038107743422204	0.1447449500000000	0.1100062900000000
2284	8.92246	2.2266479751780577	0.1532307550000000	0.1002850200000000
2286	8.91801	2.2254326972321627	0.1667818450000000	0.1043420550000000
2289	8.91786	2.2157437962514948	0.1278655950000000	0.0769362350000000
2293	8.91512	2.2249770818338424	0.1443050350000000	0.1104285950000000
2295	8.91384	2.2109312123723703	0.1568522300000000	0.0923602700000000
2303	8.90204	2.2187044003758936	0.1580768050000000	0.1074352000000000
2304	8.89888	2.2332211213870816	0.1368495550000000	0.0963022850000000
2306	8.89326	2.2339509294120430	0.1485306550000000	0.1078152150000000
2310	8.88775	2.2079940716369761	0.1285529850000000	0.1045629900000000
2311	8.88775	2.2172167890461969	0.1460023750000000	0.0767907050000000
2313	8.87436	2.2126992583309435	0.1925607300000000	0.0857719300000000
2316	8.87173	2.2252829130448024	0.1502844450000000	0.0886305150000000
227	16.88770	2.1840908783197621	0.1558640500000000	0.1007006150000000
231	16.86680	2.1993323431585807	0.1415427650000000	0.0945642400000000
2320	8.86736	2.2198352626105158	0.1410386950000000	0.0892844900000000
2324	8.86133	2.1898256770795972	0.2052029900000000	0.1294513200000000
2328	8.85706	2.1836622616004266	0.1476153150000000	0.0873756400000000
2331	8.85054	2.2372017711987455	0.1681852300000000	0.1009249050000000
2332	8.85044	2.2289410533134233	0.1401222250000000	0.0805953250000000
2335	8.85037	2.2316931815127639	0.1554630550000000	0.0935678350000000
2336	8.84817	2.2079609281659516	0.1682457200000000	0.0947106600000000
2337	8.84817	2.2462900448239029	0.1616147650000000	0.1244723900000000
2338	8.84617	2.1925985809013806	0.1474943450000000	0.0741454700000000
2339	8.84617	2.2203705986634756	0.1605608050000000	0.0690623650000000
2342	8.83638	2.2347011535247439	0.1633376050000000	0.0848595450000000
2343	8.83638	2.2309106180472407	0.1650139750000000	0.0666723850000000
2347	8.82773	2.3424892744200778	0.2353450100000000	0.0932248100000000
2349	8.82689	2.2264998917068710	0.1455356550000000	0.0898100050000000
2350	8.82364	2.2104269423263081	0.1586204150000000	0.1357307650000000
2352	8.81628	2.2249773975430829	0.1522381350000000	0.1063568600000000
2354	8.81623	2.2317362363560038	0.1415566500000000	0.0951556850000000
2355	8.81623	2.1923977465345179	0.1387270450000000	0.0702970450000000
2357	8.81004	2.2365172599010186	0.1369348950000000	0.0803162200000000
2363	8.80658	2.2258538801267611	0.1538448000000000	0.1350757600000000
2365	8.80631	2.2222852424388821	0.1675931000000000	0.0990226200000000
2368	8.79150	2.2259395509073614	0.1515029750000000	0.1187506800000000
2372	8.78074	2.2185736967938965	0.1476505900000000	0.0830007600000000
2374	8.77878	2.2125738639204089	0.0977405400000000	0.0559844050000000
2375	8.77878	2.2145809040422431	0.1419183600000000	0.0954542050000000
2376	8.77192	2.2306466522012980	0.1767329100000000	0.1004947050000000
2379	8.75648	2.2125382888553551	0.1752319150000000	0.0491272800000000
2380	8.75301	2.2334164718555498	0.1395088300000000	0.1150552300000000
2381	8.75301	2.2280404638373197	0.1361826050000000	0.0376527650000000
2384	8.74216	2.2085435852446720	0.1379680450000000	0.1019795650000000
2387	8.74090	2.2045626694211435	0.1128465050000000	0.0703645050000000
2390	8.73721	2.2273849075620467	0.1540733950000000	0.0883152150000000
2395	8.72981	2.2102408442728096	0.1341423700000000	0.1002999950000000
2397	8.72279	2.2074524359636603	0.1406518950000000	0.1010516500000000
2399	8.71645	2.2199589821523871	0.1638084400000000	0.0634647500000000
232	16.86620	2.2097756774304282	0.1523050700000000	0.0930676550000000
236	16.81790	2.2224561915506889	0.1611117700000000	0.0926924800000000
237	16.81790	2.2126772016101381	0.1829870300000000	0.0489576700000000
239	16.79440	2.2014708573905137	0.1519227250000000	0.0953000950000000
17	118.50600	2.2020801635185889	0.1383389050000000	0.0814340700000000
18	117.68400	2.1877344899931841	0.1319075500000000	0.1165119950000000
19	117.68400	2.2023105907667211	0.1597161350000000	0.0872526700000000
20	108.33700	2.2014173700971353	0.1655128050000000	0.0671180550000000
2402	8.70886	2.2180364659197838	0.1535134050000000	0.1008176300000000
2403	8.70886	2.2145082840872057	0.1164273450000000	0.0933440000000000
2404	8.70243	2.2231424567968427	0.1654236800000000	0.1330754350000000
2406	8.69579	2.2268015219719488	0.1413381500000000	0.0619334500000000
2409	8.69451	2.2207304379485131	0.1316959150000000	0.0931062100000000
2410	8.68958	2.1796378690466343	0.1429231550000000	0.0652407100000000
2414	8.67928	2.2183746163638198	0.1442574800000000	0.0946606750000000
2416	8.66682	2.2279594316490310	0.1527692100000000	0.1092624000000000
2417	8.66682	2.2279939828615394	0.1390206850000000	0.1050228250000000
2418	8.66452	2.2099531858525392	0.1401565200000000	0.1056419950000000
2425	8.64481	2.2175616783253345	0.1436743350000000	0.1203063250000000
2426	8.64296	2.1963928457044823	0.1507871450000000	0.0844248500000000
2431	8.62991	2.2366889716857372	0.1532581500000000	0.0870375750000000
2433	8.62916	2.2306356921557207	0.1404440200000000	0.0995247000000000
2434	8.62915	2.2249304289098926	0.1480766400000000	0.0919127150000000
2440	8.62799	2.1899324811448722	0.1394059800000000	0.0819110050000000
2444	8.62660	2.2177773826242815	0.1518740800000000	0.1320752250000000
2447	8.62608	2.2014820898510705	0.1745259600000000	0.1392964750000000
2449	8.62562	2.2244875533791597	0.1394560100000000	0.1028479500000000
2454	8.62494	2.2221431395642210	0.1512614300000000	0.0997825700000000
2460	8.62151	2.1931822860527768	0.1364282000000000	0.0845711000000000
2461	8.62151	2.2109961268742402	0.1434569050000000	0.1058456000000000
2463	8.62143	2.2113285747404219	0.1197987050000000	0.1033082550000000
2464	8.62139	2.2325541071056052	0.1130534000000000	0.0959742850000000
2465	8.62139	2.1962000725078661	0.1511734900000000	0.0856704300000000
2470	8.60630	2.2267821937336589	0.1138983200000000	0.0873292550000000
2471	8.60630	2.2213861101858501	0.1522465600000000	0.1041704850000000
2472	8.59504	2.2100301757057057	0.1480733400000000	0.0696963400000000
2477	8.58354	2.2278901584774244	0.1280261400000000	0.0571328650000000
241	16.69370	2.1939412820972914	0.1151073800000000	0.1064787750000000
243	16.68240	2.2036383644497413	0.1369558200000000	0.0906149600000000
244	16.67950	2.2104966819588991	0.1525089500000000	0.0781005950000000
245	16.67950	2.2198578577101071	0.1534846550000000	0.0874623000000000
246	16.65760	2.2057750524851336	0.1432313800000000	0.0901349250000000
247	16.65760	2.1822451772906568	0.1460432050000000	0.0458019550000000
2481	8.56453	2.2065023048807384	0.1462855950000000	0.0784928600000000
2482	8.55860	2.2297071835044302	0.1553071100000000	0.1117195200000000
2486	8.54908	2.2213568788179638	0.1429727250000000	0.1001205850000000
2488	8.54109	2.2342672485431940	0.1320156350000000	0.0809739400000000
2489	8.54109	2.2231902002697841	0.1534481950000000	0.1160529850000000
2490	8.53987	2.2177604484394440	0.1573789350000000	0.0770802250000000
2491	8.53987	2.1545712352004820	0.1514504600000000	0.0376656800000000
2492	8.53909	2.2207561754934946	0.1570301200000000	0.0791629600000000
2497	8.53821	2.1975887085879413	0.1342216700000000	0.0935783600000000
2502	8.53760	2.1721593210131331	0.1458763550000000	0.0940161150000000
2504	8.53734	2.2276807610632008	0.1488660850000000	0.1182965150000000
2506	8.53691	2.1919068395999637	0.1495938700000000	0.0714741400000000
2508	8.53661	2.2283876217940946	0.1228600850000000	0.0791021950000000
2511	8.53659	2.1985286528174650	0.1636517800000000	0.0934160300000000
2513	8.53601	2.2347976330980646	0.1475031050000000	0.0737805600000000
2519	8.53272	2.2359977697768758	0.1417434650000000	0.1041883450000000
2521	8.53184	2.2110819709540088	0.1436184550000000	0.0875068500000000
2524	8.53047	2.2066168553521526	0.1573424250000000	0.0949032150000000
2525	8.53047	2.2149058668833463	0.1126989250000000	0.0863348050000000
2526	8.52658	2.2126875826318022	0.1458205700000000	0.0746447550000000
2528	8.52617	2.2260002869784201	0.1693599450000000	0.0940742600000000
2529	8.52617	2.1717625010042316	0.1444442400000000	0.0866501850000000
2530	8.52522	2.1866814540416528	0.1303233700000000	0.1036694800000000
2531	8.52522	2.2288157446732537	0.1643869600000000	0.0826729300000000
2532	8.51847	2.1905256306675871	0.1352506950000000	0.1053158450000000
2534	8.51488	2.2134533570430523	0.0920837500000000	0.0632122650000000
2535	8.51488	2.2025603366593254	0.1292864800000000	0.0586585750000000
2536	8.51130	2.2041623139484989	0.1507623600000000	0.1029841500000000
2539	8.50858	2.2341409054974144	0.1521465350000000	0.0870668350000000
2540	8.50824	2.2127555738296172	0.1246625250000000	0.1078064450000000
2543	8.49075	2.2154846966377537	0.1664196500000000	0.0963667100000000
2544	8.48967	2.2225663408625334	0.1453541700000000	0.0957811150000000
2545	8.48967	2.1998158323521251	0.1443992100000000	0.1056540400000000
2547	8.48000	2.2264359758756154	0.1407412300000000	0.1264904100000000
2550	8.48000	2.2316752107882687	0.1406152800000000	0.0773820300000000
2552	8.48000	2.2916102490679413	0.2120347850000000	0.1092616900000000
2553	8.48000	2.2220455986330858	0.1602176600000000	0.1266936500000000
248	16.57590	2.2068519887687890	0.1504642850000000	0.0740895850000000
250	16.51990	2.2004870579543869	0.1552606650000000	0.1034133250000000
252	16.50140	2.1985476667400317	0.1394622250000000	0.0884904550000000
2560	8.48000	2.2085213970478610	0.1711532250000000	0.0868883600000000
2562	8.48000	2.1984697576357202	0.1609702700000000	0.0770394950000000
2563	8.48000	2.2235923713983485	0.1151807800000000	0.1077426700000000
2566	8.48000	2.2322391375643336	0.1561101250000000	0.0870148450000000
2567	8.48000	2.2249058579618928	0.1618924750000000	0.1104149200000000
2568	8.48000	2.2165967442200034	0.1291513400000000	0.0527244350000000
2571	8.47797	2.2360018617630750	0.1533738850000000	0.0820270150000000
2573	8.47403	2.2226358700771782	0.1501390750000000	0.1054798450000000
2574	8.47213	2.2213555747093552	0.1436084900000000	0.0784803450000000
2576	8.47131	2.2390899496111047	0.1524217550000000	0.1174337800000000
2578	8.46680	2.2327897605558258	0.1351906650000000	0.0606425550000000
2580	8.46656	2.1934182619531319	0.1304076950000000	0.1017148300000000
2583	8.46167	2.2331380727627494	0.1486043450000000	0.1011576150000000
2584	8.46055	2.2138229445209627	0.1214185250000000	0.0779198500000000
2585	8.46055	2.2233518029920725	0.1413464300000000	0.0953815200000000
2591	8.44759	2.2270388164100563	0.1408850800000000	0.0809542900000000
2598	8.43092	2.2207048164369723	0.1419244850000000	0.0937467200000000
2604	8.42061	2.2323779989014785	0.1240901500000000	0.0772187100000000
2606	8.42039	2.1983444594182560	0.1551281450000000	0.1004006100000000
2607	8.42039	2.1720607330887605	0.1355541400000000	0.0948190700000000
2608	8.41614	2.2091217414459678	0.1113789500000000	0.0774401250000000
2610	8.40807	2.2233286472011087	0.1544551550000000	0.0911433050000000
2611	8.40807	2.2168711230240126	0.1509199050000000	0.1112600950000000
2615	8.40334	2.2080929347839162	0.1290190950000000	0.1120298150000000
2626	8.38446	2.2285143425829155	0.1465127650000000	0.1186447550000000
2628	8.37889	2.2287076581301544	0.1378889600000000	0.1063225500000000
2633	8.37012	2.2305070395567039	0.1773873950000000	0.0820794700000000
2635	8.36918	2.2176370495903202	0.1505361650000000	0.0998113300000000
2636	8.36908	2.4041895846046368	0.2595538000000000	0.0883399500000000
2638	8.36731	2.2182673884147035	0.1184445500000000	0.0893214100000000
2639	8.36731	2.2197285230771810	0.1671574950000000	0.0968646600000000
259	16.44450	2.1967345524264315	0.1398848800000000	0.0856335450000000
262	16.21650	2.2147693683881720	0.1225703150000000	0.0674392500000000
263	16.21650	2.2060235927488083	0.1497794450000000	0.1013649450000000
2643	8.36655	2.2300429128159469	0.1518988250000000	0.1026234300000000
2650	8.36541	2.2371258318817260	0.1594687250000000	0.0755380400000000
2659	8.36450	2.2543937709895254	0.1664585500000000	0.0767085250000000
2660	8.36229	2.2279429421343937	0.1239634700000000	0.0716124700000000
2661	8.36229	2.2317392343131792	0.1599229950000000	0.0790697550000000
2662	8.35987	2.1758496000363694	0.1577140150000000	0.0740863850000000
2663	8.35987	2.2159648115012778	0.1304598150000000	0.1033545700000000
2667	8.35941	2.2382458082296548	0.1599831650000000	0.1078606000000000
2669	8.35877	2.2332559732104023	0.1429708250000000	0.0846974250000000
2670	8.35560	2.2274677468764699	0.1497226200000000	0.0966461100000000
2671	8.35560	2.2124741548932612	0.2046284350000000	0.1138887000000000
2672	8.35329	2.2057509732350398	0.1623220350000000	0.0820217300000000
2674	8.35100	2.2031866048794866	0.1740451500000000	0.1016886400000000
2676	8.34964	2.2002533232787465	0.1560449700000000	0.1066877450000000
2677	8.34964	2.2093347279438613	0.1617343550000000	0.0856132600000000
2681	8.34857	2.1653362524802846	0.1481147500000000	0.0491232450000000
2685	8.34776	2.2259466860037027	0.1539963250000000	0.0997446150000000
2692	8.34483	2.2086132819207429	0.2206197200000000	0.1108397600000000
2694	8.34473	2.2313632091176463	0.1580258550000000	0.1083307800000000
2695	8.34473	2.1648910062879652	0.1213103450000000	0.0948530800000000
2697	8.34384	2.2456545214631491	0.2047915600000000	0.1171225400000000
2698	8.34301	2.1984538976898795	0.1592891150000000	0.0949125450000000
2699	8.34301	2.2189330610201687	0.1663486750000000	0.1053761000000000
2704	8.34054	2.2183628408848777	0.1062111100000000	0.0728963950000000
2708	8.33427	2.2765147342821535	0.2156960300000000	0.1250596500000000
2716	8.31924	2.2212746840918469	0.1227047950000000	0.0871006300000000
265	16.21370	2.1450074908711647	0.1042685600000000	0.0512130100000000
266	16.20770	2.3105127924492446	0.1842996800000000	0.0795646700000000
268	16.15410	2.2088279711038199	0.1385551700000000	0.1023492150000000
269	16.15410	2.1901561882715286	0.1317849450000000	0.1006710650000000
271	16.15400	2.1969320548457829	0.1207643550000000	0.0537539300000000
2722	8.30872	2.2331315726435763	0.1505030600000000	0.1105714100000000
2729	8.30123	2.1944563668156087	0.1502714300000000	0.0646569150000000
2733	8.29158	2.1993747730672286	0.1378730500000000	0.1055850700000000
2734	8.27979	2.1861597266364137	0.1528033700000000	0.0416452450000000
2735	8.27979	2.2302334751256372	0.1412281550000000	0.0964934300000000
2743	8.27706	2.2279849294784961	0.1448727900000000	0.1065908350000000
2749	8.27052	2.2279118192074026	0.1390740550000000	0.0410342800000000
2750	8.27016	2.1954450094928881	0.1565546950000000	0.0806979750000000
2751	8.27016	2.2306191084613318	0.1525277900000000	0.0486009450000000
2752	8.26866	2.2321212039932083	0.1584502350000000	0.1425279700000000
2755	8.26649	nan	nan	0.0000000000000000
2756	8.26450	2.2293724161286850	0.1353382350000000	0.0714804750000000
2758	8.26374	2.2260522948638086	0.1460508600000000	0.0785427150000000
2768	8.24687	2.2253361507747416	0.1500825350000000	0.0576199250000000
2777	8.23853	2.2964916256851708	0.2105628350000000	0.0446719500000000
2778	8.23466	2.2313766452720518	0.1167340750000000	0.0856454500000000
2779	8.23466	2.2071752175076420	0.1510994500000000	0.1227525700000000
2780	8.23239	2.2286906746701334	0.1215454500000000	0.0805051750000000
2781	8.23239	2.2192343326559572	0.1428327600000000	0.1222139300000000
2785	8.22904	2.2253822953343274	0.1537665400000000	0.1080160600000000
2786	8.22882	2.2133827949587319	0.1748911250000000	0.1017297150000000
2795	8.21916	2.2142021669585041	0.1424237900000000	0.0988033450000000
2797	8.21880	2.2047787796025360	0.1452342850000000	0.0937498300000000
274	16.00470	2.2096101377214183	0.1692117100000000	0.0895925250000000
276	15.97560	2.1809591586100336	0.1562647900000000	0.0875652500000000
277	15.97560	2.1975083164105111	0.1599837250000000	0.0674638850000000
2800	8.21535	2.1993575056951014	0.1587679000000000	0.1007142550000000
2803	8.21484	2.2153031849772140	0.1461371750000000	0.0928804200000000
2804	8.21183	2.1933755384139491	0.1459410400000000	0.1039397900000000
2807	8.20236	2.2218725482445585	0.1485031100000000	0.1182588950000000
2809	8.20000	2.2311507298333049	0.1362866400000000	0.1010756900000000
2813	8.20000	2.2281850183487100	0.1444793500000000	0.1041004450000000
2814	8.20000	2.2341491683328663	0.1181307800000000	0.0845400800000000
2816	8.20000	2.1799569453436320	0.1572468800000000	0.0555983250000000
2822	8.20000	2.2676409101480610	0.1558579100000000	0.1069948800000000
2828	8.20000	2.2303444095846867	0.1554944950000000	0.1145693350000000
2831	8.20000	2.2329552458449293	0.1526276850000000	0.0791019300000000
2835	8.20000	2.2258659999081778	0.1420748100000000	0.0469329550000000
2836	8.20000	2.2224999870226938	0.1553669450000000	0.0786711250000000
2837	8.20000	2.2168308393601270	0.1544324200000000	0.0873494450000000
2839	8.19433	2.2268399380115431	0.1902494500000000	0.0354017800000000
2842	8.19382	2.2037926724771717	0.1416538300000000	0.0410138100000000
2843	8.19382	2.1948666570602158	0.1632243850000000	0.0860018400000000
2845	8.19066	2.2172962201928845	0.1032537500000000	0.1075494000000000
2846	8.18450	2.1711719159887570	0.1235767450000000	0.0667403950000000
2849	8.18384	2.2022499846928292	0.1399372650000000	0.0862218350000000
2851	8.18156	2.1872797621057543	0.1301370000000000	0.0832051100000000
2852	8.17698	2.2341377928769268	0.1626401100000000	0.0695774300000000
2853	8.17698	2.1892174840412713	0.1430026700000000	0.0932001850000000
2855	8.17129	2.2086275191046760	0.1384807900000000	0.1028416200000000
2856	8.17046	2.1879676585541712	0.1455341400000000	0.0635334450000000
2858	8.16935	2.2213411503246507	0.1287056650000000	0.0610415400000000
2859	8.16935	2.2076660029120267	0.1682443050000000	0.0605604300000000
2864	8.16645	2.2323217793771413	0.1510316800000000	0.1006162150000000
2865	8.16645	2.2260373161318969	0.1553166350000000	0.0576158250000000
2869	8.16181	2.1730637355807221	0.1505614550000000	0.1086829400000000
2871	8.15953	2.2075931342428743	0.1278782150000000	0.1091105750000000
2876	8.14937	2.2366594504532986	0.1471426150000000	0.1042801000000000
280	15.79130	2.2157486780639863	0.1682181800000000	0.1202509400000000
281	15.79130	2.1844934310503978	0.1386926700000000	0.0824399750000000
282	15.71830	2.2161508909306984	0.1611981250000000	0.1031632550000000
283	15.71830	2.2126873199820487	0.1952531800000000	0.1102360450000000
287	15.37460	2.2177003269171913	0.1522566250000000	0.0858991250000000
2880	8.14488	2.2305407875549994	0.1518856000000000	0.0887299400000000
2881	8.14488	2.2273466243448676	0.1085710900000000	0.0691676150000000
2884	8.14298	2.2205219523563278	0.1469928350000000	0.0770216400000000
2887	8.13966	2.2266822569037248	0.1489213800000000	0.1144375700000000
2888	8.13955	2.2306593730909010	0.1492505900000000	0.0879190350000000
2893	8.13840	2.2087686360193159	0.1468514850000000	0.1171468000000000
2896	8.13696	2.2113455343818398	0.1368482300000000	0.1023304550000000
2900	8.13578	2.1986549399706847	0.1358491450000000	0.0940345700000000
2903	8.13443	2.2306613910706439	0.1405348800000000	0.1022066000000000
2904	8.13383	2.2323428528829776	0.1533577950000000	0.1054062100000000
2906	8.13301	2.1772012750842586	0.1395401000000000	0.0718605500000000
2911	8.13048	2.2164267355119276	0.1823031700000000	0.0418662050000000
2913	8.12955	2.2125904548929647	0.1739144900000000	0.0428631000000000
2914	8.12793	2.2072608096968920	0.1572718300000000	0.0985583600000000
2919	8.12592	2.2286641126553737	0.1815434600000000	0.1193428200000000
2920	8.12544	2.2555023296809722	0.2157877000000000	0.0769613800000000
2921	8.12544	2.2260127486013084	0.1422772750000000	0.0685587500000000
2922	8.12272	2.2005820292978147	0.1403726750000000	0.1019233500000000
2924	8.12265	2.2353780671053514	0.1408792100000000	0.1053752300000000
2925	8.12265	2.2002517541330557	0.1149276350000000	0.1199678850000000
2927	8.12189	2.3184672756704816	0.2438788900000000	0.0973242350000000
2928	8.12122	2.2307791541825388	0.1362517250000000	0.0988981450000000
2934	8.11876	2.1957354315131172	0.1370134350000000	0.0960838300000000
2937	8.11438	2.2170517649643715	0.1494519400000000	0.0947701450000000
2938	8.11091	2.2072271220001336	0.1403589350000000	0.0821021550000000
2941	8.11078	2.2215081721536194	0.1401710800000000	0.0949021100000000
2944	8.10951	2.2222970122855004	0.1420900400000000	0.1057344750000000
2945	8.10951	2.1944131594900713	0.1529796600000000	0.0978193350000000
2947	8.10739	2.1898754707374271	0.1446853300000000	0.0896028250000000
2949	8.10659	2.2270545346295485	0.1338675600000000	0.1084923250000000
2950	8.10431	2.2117093353021469	0.1539645200000000	0.0849969350000000
2952	8.09909	2.2341392408698515	0.1561981700000000	0.0789019200000000
2955	8.09854	2.2371671881961785	0.1469764250000000	0.1062805000000000
2958	8.09785	2.1920587921168520	0.1449353850000000	0.0928339050000000
288	15.35480	2.2324916088747546	0.1833254250000000	0.0986028500000000
292	15.33040	2.2111044756832285	0.1426069400000000	0.0709221600000000
294	15.28500	2.2020347705314944	0.1316293200000000	0.1097741700000000
2964	8.09688	2.2197846527855658	0.1522584600000000	0.1110429400000000
2966	8.09614	2.2205303621016528	0.1258118300000000	0.1001490150000000
2967	8.09614	2.1886405670504985	0.1205075050000000	0.0818076700000000
2968	8.09578	2.2271499540046862	0.1470920950000000	0.0898216950000000
2969	8.09578	2.2145432251053454	0.1876582200000000	0.0700597100000000
2970	8.09432	2.2369503942156275	0.1492092850000000	0.0813113750000000
2973	8.09383	2.2344534340267792	0.1458329450000000	0.0938592000000000
2974	8.09179	2.2324542005399608	0.1094766700000000	0.0892527200000000
2977	8.09157	2.2289295723010518	0.1466898850000000	0.0899949400000000
2980	8.09130	2.2408198320814265	0.1260105800000000	0.1554091600000000
2982	8.09088	2.2250120507970523	0.1467825950000000	0.1066202250000000
2983	8.09088	2.2194746080822680	0.1879165500000000	0.0779036550000000
2985	8.09051	2.2358110590691642	0.1649509800000000	0.0734330450000000
2986	8.09000	2.1946927879002804	0.1611471850000000	0.1075454600000000
2987	8.09000	2.2078385492658166	0.1384098550000000	0.0760631450000000
2989	8.09000	2.2097419869319648	0.1392950700000000	0.1010353200000000
2991	8.09000	2.2386966815558957	0.1475322150000000	0.0889029450000000
2995	8.09000	2.2165603138345968	0.1444512650000000	0.0824305150000000
2998	8.09000	2.2226334665199454	0.1148399550000000	0.0883873050000000
2999	8.09000	2.2287269776891621	0.1380463050000000	0.0798505050000000
3000	8.09000	2.2300814034262308	0.1029386800000000	0.0866323650000000
3002	8.09000	2.2216316613570544	0.1263155350000000	0.1062358050000000
3009	8.09000	2.2086125849381020	0.1555118550000000	0.0843104400000000
3011	8.09000	2.1942577561722074	0.1531601850000000	0.0861413800000000
3014	8.09000	2.1918796231970812	0.1327560350000000	0.0989043550000000
3015	8.09000	2.2021077962201985	0.1454131500000000	0.0674241100000000
3017	8.09000	2.2320119213707046	0.1374374800000000	0.0742099650000000
3025	8.08933	2.2001538779658247	0.1379854450000000	0.0966215050000000
3032	8.08660	2.2126211766403658	0.1321693250000000	0.0648609500000000
3033	8.08660	2.2222027188338282	0.1501134200000000	0.0851302100000000
3037	8.08477	2.1907399921065251	0.1579083050000000	0.0743707900000000
3038	8.08469	2.1953772070463953	0.1181396000000000	0.0890382000000000
3039	8.08469	2.2968802359017162	0.2281128050000000	0.1149117750000000
301	15.20500	2.2180885866908371	0.1353824900000000	0.0916654550000000
3040	8.08242	2.2316510441718034	0.1341096600000000	0.1113601950000000
3043	8.08148	2.2239771869289031	0.1330342550000000	0.1044881900000000
3044	8.08006	2.1752798415598442	0.1333172000000000	0.0754742550000000
3046	8.07997	2.2244078444544106	0.1341962000000000	0.0812077150000000
3048	8.07978	2.1677325816453510	0.1421700650000000	0.0654781050000000
3051	8.07978	2.1975938738572856	0.1731644700000000	0.0705628050000000
3053	8.07878	2.2164757315430506	0.1585788750000000	0.0921629950000000
3054	8.07877	2.1910926630177698	0.1859146800000000	0.0563281650000000
3055	8.07877	2.2279615685149419	0.1628381750000000	0.0993340300000000
3056	8.07712	2.1837443465851312	0.1432922450000000	0.1025108800000000
3057	8.07712	2.2281366281832615	0.1404933550000000	0.0636965250000000
3058	8.07629	2.2185841103340436	0.1036962950000000	0.0844635050000000
3059	8.07629	2.2368513084278829	0.1659586550000000	0.0887742600000000
3062	8.07519	2.1877886494329024	0.1188730250000000	0.0444987700000000
3063	8.07519	2.2290613486997413	0.1472356200000000	0.0876633400000000
3065	8.07504	2.2041877005511248	0.1675572050000000	0.0729488650000000
3066	8.07475	2.2054219994112625	0.1388163700000000	0.0587373750000000
3067	8.07475	2.2229462443070749	0.1187003400000000	0.0586895850000000
3074	8.07165	2.1842955490123952	0.1434870300000000	0.0525426550000000
3075	8.07165	2.2034479876641799	0.1529962850000000	0.1070301600000000
3079	8.06995	2.2218171336079751	0.2129577700000000	0.1242970650000000
3080	8.06908	2.2237417780945234	0.1329627100000000	0.0841662700000000
3084	8.06592	2.1872004235635774	0.1638997150000000	0.0570007550000000
3087	8.06448	2.1987314326637275	0.1357740300000000	0.0842615600000000
3091	8.05591	2.2102135927338251	0.1435700150000000	0.0912943050000000
3100	8.05284	2.2336414522425048	0.1438127100000000	0.1215546100000000
3101	8.05284	2.2364324783403715	0.1354221850000000	0.0749605550000000
3102	8.05240	2.1829941617413224	0.1634580100000000	0.0766457550000000
3103	8.05240	2.1665807015638623	0.1293683700000000	0.0755720650000000
3104	8.05108	2.2279574165472451	0.1330745350000000	0.0788877550000000
3105	8.05108	2.2843527791619893	0.2490664450000000	0.0784587800000000
3107	8.05001	2.2127525990427896	0.1210319900000000	0.0606604300000000
3108	8.04961	2.2228172047717902	0.1293249900000000	0.0413235200000000
3111	8.04777	2.2172481960308268	0.1584952650000000	0.1105434000000000
3113	8.04733	2.2349610162689415	0.1792882200000000	0.1072059300000000
3116	8.04640	2.2097483690032016	0.1421335150000000	0.0957819250000000
3117	8.04640	2.2177164518420360	0.1555313900000000	0.1138524700000000
3119	8.04453	2.2125098801384926	0.2172764400000000	0.1277421100000000
307	15.11510	2.2038064229402750	0.1666382450000000	0.0617469550000000
309	15.08880	2.1995914813105006	0.1525343300000000	0.1040322200000000
311	15.04170	2.2161128039171212	0.1644609200000000	0.1100600900000000
3121	8.04428	2.2364960467387971	0.1437116950000000	0.0956033700000000
3123	8.04340	2.2266015974458830	0.1667317350000000	0.0707140900000000
3125	8.04295	2.2242112373760201	0.1303847050000000	0.0871185700000000
3127	8.04223	2.3409302253959350	0.2644443050000000	0.1272357400000000
3128	8.04112	2.2318321886353769	0.1227772950000000	0.0640816800000000
3131	8.04084	2.2260730513263560	0.1521003750000000	0.0903195700000000
3132	8.04055	2.2293262242842569	0.1412951100000000	0.0682145150000000
3136	8.03868	2.2001983293381513	0.1346314450000000	0.0871686000000000
3140	8.03554	2.1964698800084408	0.1187595250000000	0.1361047350000000
3143	8.03299	2.2330331234318748	0.1612025750000000	0.1006120600000000
3144	8.03061	2.2064718454626702	0.1756560900000000	0.1118047700000000
3146	8.02833	2.2280587304883466	0.1509438750000000	0.1323276950000000
3147	8.02833	2.2636860736917619	0.2367828350000000	0.1378561850000000
3148	8.02785	2.2328813134568435	0.1788649200000000	0.1483587450000000
3160	8.01725	2.2103517539622040	0.1601182150000000	0.1135283250000000
3162	8.01282	2.2075171932201334	0.1507495750000000	0.1159210550000000
3163	8.01282	2.2014469656263711	0.1470846650000000	0.0959784100000000
3164	8.01094	2.2142400678198948	0.1373695300000000	0.0767335400000000
3166	8.01092	2.2277695284898811	0.1382143950000000	0.0775372250000000
3173	8.01076	2.1934279924667464	0.1579574850000000	0.1477643500000000
3176	8.01068	2.1670066228907072	0.1276409900000000	0.1106805000000000
3177	8.01068	2.1891640438671516	0.1136498200000000	0.0636941700000000
3178	8.01058	2.2213852961004461	0.1634040900000000	0.0704460950000000
3180	8.01055	2.1801710689640865	0.1216580850000000	0.0489211600000000
3181	8.01055	2.2638219254084837	0.1651572850000000	0.0581970950000000
3184	8.01041	2.2161531923898696	0.1570294600000000	0.0823678250000000
3186	8.01038	2.2087956422721340	0.1554316700000000	0.1025375300000000
3189	8.01028	2.2249907012052152	0.1429218600000000	0.1013016700000000
312	15.02260	2.1813178705837926	0.1273318750000000	0.0875259750000000
315	15.01960	2.2098860793695443	0.1197330900000000	0.0589606100000000
318	14.98660	2.2057354305860155	0.1450319600000000	0.1070653050000000
30	76.54120	2.2001666181663055	0.1558061550000000	0.0765403050000000
321	14.98120	2.2153818030351524	0.1319029300000000	0.0531428200000000
322	14.93200	2.2030271553140586	0.1519644750000000	0.1139121800000000
327	14.79800	2.2065449274805964	0.1595589250000000	0.0972676400000000
328	14.72970	2.1956079083409028	0.1462248900000000	0.0916276900000000
329	14.72970	2.1976925204312252	0.1530020500000000	0.0830656850000000
333	14.68190	2.2234378437633082	0.1384496950000000	0.0902886850000000
339	14.65620	2.1798905091599159	0.1566016300000000	0.0517211100000000
341	14.65040	2.2005543429501060	0.1536923800000000	0.1012375550000000
345	14.64280	2.2182635996943452	0.1379041700000000	0.0946390100000000
346	14.61920	2.1823849364942141	0.1827004350000000	0.1147740100000000
352	14.56770	2.2179876444238085	0.1451103600000000	0.1043067900000000
355	14.55770	2.2204440832561234	0.1681120450000000	0.0919234400000000
361	14.54000	2.1774787166722089	0.1436485850000000	0.0691568000000000
364	14.51810	2.1892263675762766	0.1543118700000000	0.0964954000000000
367	14.51280	2.1839053059078397	0.1958737100000000	0.1339242700000000
369	14.49040	2.2014435361436595	0.1513059150000000	0.0980195150000000
371	14.46400	2.2188831622027281	0.1314305750000000	0.0765918900000000
373	14.42060	2.2194508143464575	0.1473436250000000	0.1149785200000000
374	14.41300	2.2039760404115314	0.1391834500000000	0.1024451800000000
377	14.40380	2.2052155236467215	0.1544986050000000	0.0858910150000000
378	14.38140	2.1940538252612738	0.1357222100000000	0.0652790550000000
381	14.36460	2.2079601542036085	0.1451722850000000	0.0839548950000000
382	14.29160	2.3608283091537312	0.2695176650000000	0.1122873400000000
384	14.28480	2.2076792393397033	0.1381246550000000	0.0941617950000000
385	14.28480	2.2249118748777734	0.1729114750000000	0.0901046850000000
387	14.18730	2.2205091568495066	0.1255636500000000	0.1006709200000000
391	14.17370	2.2168857874899057	0.1296462950000000	0.1114601100000000
397	14.06080	2.3297395417170561	0.2500666250000000	0.1120351650000000
32	70.71640	2.2018463141305595	0.1327928150000000	0.0642266800000000
35	68.84570	2.2020464734015315	0.1439392800000000	0.1004748500000000
36	67.20040	2.2042362849075325	0.1686818400000000	0.0606253550000000
38	61.69190	2.1969800147561331	0.1560449100000000	0.0927305450000000
400	14.01960	2.1822126998329447	0.1554861550000000	0.0568518900000000
404	13.98770	2.1991302815216232	0.1426816950000000	0.1086560300000000
406	13.94830	2.3053275741621562	0.2307481600000000	0.0911570950000000
409	13.91000	2.2348086787666759	0.1530386450000000	0.1133951300000000
410	13.90950	2.2182968510069649	0.1391973750000000	0.0799247450000000
411	13.90950	2.1784509169994908	0.1532910650000000	0.0765467350000000
412	13.86450	2.1983962409191542	0.1529182800000000	0.1187988950000000
414	13.85370	2.2071880151170138	0.1441344500000000	0.1062641500000000
416	13.68490	2.1718467425775576	0.1872526050000000	0.1193917050000000
419	13.68290	2.2034807275120003	0.1354610900000000	0.0532227600000000
422	13.54540	2.2242957952485645	0.1631178800000000	0.0643024650000000
423	13.54540	2.1872618627398448	0.1629462700000000	0.0742562800000000
424	13.54440	2.2033883365822451	0.1317004300000000	0.1136035450000000
426	13.50120	2.2219696621314862	0.1603396950000000	0.0473058650000000
428	13.46590	2.1968570639548108	0.1577006600000000	0.0810822500000000
430	13.44830	2.2095319470010670	0.1399484450000000	0.0754314150000000
434	13.38960	2.1890157508780814	0.1321837200000000	0.0916394700000000
436	13.38880	2.1881666334262917	0.1438453450000000	0.0544637200000000
442	13.37700	2.1841776194156579	0.1712806550000000	0.1384628850000000
448	13.33910	2.2050471135842105	0.1340791450000000	0.0933708100000000
450	13.33800	2.2217713019254659	0.1662036200000000	0.0717749900000000
451	13.33800	2.2127380916022781	0.1015753850000000	0.1113076950000000
452	13.33780	2.1957022259915435	0.1593425100000000	0.0936506050000000
458	13.32660	2.2124885298853734	0.1334701800000000	0.1141824750000000
459	13.32660	2.1919183838421068	0.1219347450000000	0.0954317900000000
460	13.31720	2.2231878129425073	0.1472635300000000	0.0741568200000000
461	13.31720	2.2128330064797859	0.1453910350000000	0.1167564850000000
464	13.29930	2.2223493460510175	0.1526026500000000	0.1008280700000000
465	13.29930	2.1988889714392066	0.1581319200000000	0.0651655550000000
466	13.28420	2.1859792258236905	0.1665817650000000	0.1252601550000000
468	13.28160	2.1768774817944307	0.1375762500000000	0.0953382300000000
469	13.28160	2.1810000242504346	0.1474403050000000	0.0952802150000000
470	13.28050	2.2164529415788903	0.1531510550000000	0.1092217700000000
471	13.28050	2.2258565932781900	0.1495291200000000	0.0986978150000000
474	13.26380	2.1802396993729607	0.1578714650000000	0.0448434850000000
475	13.26380	2.2092770948628417	0.1321621100000000	0.0903875450000000
479	13.23430	2.1994032312770080	0.1388728950000000	0.0940866850000000
40	59.62250	2.2034422316804201	0.1578786500000000	0.0989980100000000
44	56.03560	2.2009967397249564	0.1146433950000000	0.1178935550000000
46	53.66980	2.2014183091098469	0.1564176600000000	0.1087791850000000
481	13.21680	2.2111484328650288	0.1244798100000000	0.1115329750000000
484	13.21000	2.2126325410536452	0.1555432800000000	0.1210275750000000
490	13.21000	2.2147813651385264	0.1463772650000000	0.0822730500000000
492	13.21000	2.2025796257066048	0.1387030800000000	0.1180479000000000
497	13.21000	2.2420232049487039	0.1723315900000000	0.1610919600000000
499	13.21000	2.2014441449834941	0.1509391050000000	0.1340177100000000
500	13.21000	2.2182805419308056	0.1796285400000000	0.1073470700000000
503	13.20940	2.2090959815964419	0.1513663400000000	0.1113837500000000
505	13.20780	2.1962412524015260	0.1550132800000000	0.0832027100000000
506	13.20770	2.1806723169449298	0.1617428050000000	0.0848665850000000
510	13.20650	2.2179353414512892	0.1444629450000000	0.0947690450000000
511	13.20650	2.2149337963519744	0.1563903800000000	0.1180648250000000
516	13.20490	2.2153984748850903	0.1548880800000000	0.0693732600000000
519	13.20380	2.2096366719888128	0.1444749300000000	0.0872413950000000
521	13.20350	2.2222490246245932	0.1206776600000000	0.0790296200000000
522	13.19800	2.2038233930025877	0.1626986050000000	0.0338313000000000
523	13.19800	2.2139655783728016	0.1480000450000000	0.0978489800000000
525	13.19760	2.2236355024516685	0.1368698100000000	0.0947796950000000
526	13.19720	2.2210690712126069	0.1426220800000000	0.1155043300000000
527	13.19720	2.2174546343518093	0.1447118250000000	0.0915376350000000
528	13.19430	2.2265585075160730	0.1723819200000000	0.1108076500000000
529	13.19430	2.2004687270911347	0.1066197050000000	0.0839925400000000
531	13.19420	2.2181995546620832	0.1682462350000000	0.1015648100000000
532	13.19230	2.2171149352873343	0.1397532250000000	0.0658648800000000
535	13.19200	2.2019951647967231	0.1670681900000000	0.0487807050000000
536	13.19110	2.1963663262148723	0.1486202850000000	0.0607564650000000
537	13.19110	2.2126684250950914	0.1342829900000000	0.0751625100000000
538	13.19100	2.2169179768907643	0.1532020600000000	0.1157131500000000
539	13.19100	2.2059259189184677	0.1307582850000000	0.1076983200000000
540	13.16820	2.2104917987005530	0.1266572000000000	0.0811362850000000
541	13.16820	2.2104940612740420	0.1474582450000000	0.0945057150000000
542	13.14490	2.1930478653080523	0.1614008150000000	0.0874572600000000
543	13.14490	2.2172530275055626	0.1397982050000000	0.1171161650000000
547	13.09850	2.2163857212926255	0.1464779950000000	0.1052082300000000
552	13.07160	2.1964185894830233	0.1668381650000000	0.0416732850000000
557	13.05700	2.1959553367630900	0.1496072600000000	0.1016843000000000
49	53.59700	2.2031301949624313	0.1386697550000000	0.0833563600000000
51	47.21450	2.2031121728989156	0.1483657900000000	0.1077627950000000
52	47.09940	2.2005392174551162	0.1366993900000000	0.0859896500000000
53	47.09940	2.2033866463915737	0.1452574050000000	0.0973703600000000
561	13.04230	2.2238127208669956	0.1692349300000000	0.0902583000000000
564	13.01880	2.2100065981439037	0.1530340550000000	0.0773319900000000
566	13.01160	2.2197844179175132	0.1353453050000000	0.0856001850000000
568	12.98580	2.1869141938142902	0.1278721750000000	0.0969417400000000
569	12.98580	2.1881511736483938	0.1490532200000000	0.0857506400000000
570	12.98000	2.2024806551209255	0.1481976550000000	0.0914489000000000
572	12.91140	2.1728933566754502	0.1329577700000000	0.0677338600000000
583	12.78530	2.2081862670855177	0.1455038900000000	0.1032038650000000
586	12.70350	2.2203614368659474	0.1593853850000000	0.1030509950000000
590	12.66740	2.2189640069462908	0.1204533800000000	0.0987766100000000
592	12.65950	2.2199998068867361	0.1362569550000000	0.0706417200000000
595	12.64030	2.2010251057340504	0.1386761650000000	0.0834450100000000
598	12.62770	2.2074899638368461	0.1452531150000000	0.0944156700000000
599	12.62770	2.1933291740041923	0.1602008050000000	0.0699519550000000
600	12.60080	2.2149452114049124	0.1718642750000000	0.0597871250000000
602	12.59990	2.2104604479667160	0.1492233100000000	0.1138744000000000
605	12.58840	2.2168999783237964	0.1334838950000000	0.0947861700000000
606	12.57920	2.2410383760869408	0.1939950750000000	0.1262924100000000
610	12.56820	2.2175845736727386	0.1431544250000000	0.1030516850000000
611	12.56820	2.2090910086420306	0.1373057100000000	0.0815362700000000
612	12.56160	2.2127466859761231	0.2036029400000000	0.0873276300000000
614	12.55630	2.1805528970993748	0.1335747350000000	0.1019702500000000
615	12.55630	2.2210761220782667	0.1525874700000000	0.0930658800000000
621	12.52900	2.2202361995013846	0.1420415650000000	0.0928620450000000
623	12.52010	2.2447876962563633	0.1975124150000000	0.1074770050000000
624	12.48940	2.1823628653061800	0.1370123100000000	0.0670594500000000
627	12.46550	2.2142564737192232	0.0993865750000000	0.0942101450000000
629	12.44730	2.2087362504750816	0.1375056050000000	0.0986923150000000
631	12.43320	2.2252197544716035	0.1543167550000000	0.0811165000000000
632	12.42190	2.2028698279321466	0.1383549300000000	0.0963960250000000
633	12.42190	2.2136447079254586	0.1319568350000000	0.0430393650000000
634	12.41290	2.2175140129595041	0.1381114600000000	0.0873382300000000
637	12.39640	2.2555223686328447	0.1616097650000000	0.1045685150000000
639	12.39250	2.2214087685388355	0.1493071650000000	0.0907667650000000
58	42.54600	2.2014605870288912	0.1362327900000000	0.1204500650000000
59	42.54600	2.2043335844097238	0.1399619150000000	0.0987554650000000
60	42.09350	2.2057349317025996	0.1437626950000000	0.0870232850000000
640	12.36280	2.2038837813801533	0.1608184400000000	0.1036136700000000
642	12.35490	2.2073785715838374	0.1324653850000000	0.0851794950000000
643	12.35490	2.1836668085096731	0.1445717350000000	0.0989860850000000
645	12.34660	2.2261168762760328	0.1591489700000000	0.0318021750000000
646	12.33170	2.2049227717382061	0.1666800650000000	0.1217065500000000
647	12.33170	2.1861235348474723	0.1658456900000000	0.0691072650000000
649	12.32760	2.2063319490910511	0.1485370750000000	0.1091949300000000
651	12.31590	2.2175761128550451	0.1481153300000000	0.0818969100000000
654	12.30290	2.1805573437211820	0.1431442900000000	0.0765815750000000
660	12.28060	2.2201352338264466	0.1332219300000000	0.0523770400000000
662	12.27620	2.1834061051197087	0.1561436050000000	0.0739590600000000
666	12.27310	2.1783729755401002	0.1509883150000000	0.1048353550000000
672	12.26710	2.2446428118821671	0.1623004000000000	0.0737766450000000
673	12.26710	2.1853155408143619	0.1627920500000000	0.0828304850000000
674	12.26040	2.1962918224963794	0.1538488350000000	0.0706594400000000
675	12.26040	2.1906597487020147	0.1415699050000000	0.1228064550000000
676	12.25110	2.2249062164606310	0.1442946950000000	0.1069172800000000
678	12.25070	2.1802805305237860	0.1280672450000000	0.0938495100000000
679	12.25070	2.2068965300852530	0.1213928750000000	0.1006867850000000
681	12.24980	2.2015872235639531	0.1680269550000000	0.0705859400000000
683	12.24970	2.1999397773950933	0.1433983500000000	0.0949683100000000
688	12.24830	2.2253090810098768	0.1582675050000000	0.0949425750000000
692	12.24590	2.2171034298752588	0.1542158850000000	0.1041634400000000
693	12.24590	2.2098446859489522	0.1416836000000000	0.1009602900000000
694	12.24330	2.2731413168743706	0.2425049400000000	0.1183372450000000
695	12.24330	2.2181086005487027	0.1323535200000000	0.0944828900000000
698	12.24100	2.2290036372895585	0.1499547600000000	0.0522272950000000
706	12.23740	2.2149063978483836	0.1584542200000000	0.1131998700000000
708	12.23660	2.2061544574798373	0.1760355500000000	0.0910227450000000
709	12.23660	2.2244447125742539	0.1460674000000000	0.1182604250000000
714	12.23160	2.1803570773385084	0.1472429100000000	0.0534081350000000
715	12.23160	2.2244943850099750	0.2017653850000000	0.1528859300000000
718	12.22970	2.2124441113369886	0.2129143300000000	0.0830711000000000
64	36.87240	2.2068756180904803	0.1437185950000000	0.0699448000000000
65	36.87240	2.1914384561962321	0.1298745850000000	0.0948821650000000
68	34.70490	2.1934559863672671	0.1555471050000000	0.0899745800000000
69	34.70490	2.1933848530094271	0.1405036900000000	0.0746050150000000
71	34.34650	2.1995242555252275	0.1362686050000000	0.0971084100000000
721	12.20990	2.1986441564199577	0.1547853900000000	0.0871516550000000
724	12.19220	2.2033612847214772	0.1553953750000000	0.1141014750000000
726	12.19070	2.2249822582393310	0.1259438750000000	0.0717851300000000
729	12.18790	2.2154370361683697	0.0947983250000000	0.0469652450000000
732	12.18330	2.1969788365471632	0.1556774700000000	0.1001993350000000
736	12.18220	2.2065025985954261	0.1517736500000000	0.0827538600000000
739	12.17880	2.1827299625969800	0.1289240300000000	0.0914839700000000
741	12.17800	2.2210396671402632	0.1628873100000000	0.1023881300000000
746	12.16690	2.2244304380430595	0.1608694500000000	0.0748381300000000
749	12.16000	2.1722323460479802	0.1319363600000000	0.0738429050000000
751	12.14600	2.2154330438861409	0.1499745600000000	0.0994145850000000
754	12.06250	2.1856998939038421	0.1553410500000000	0.0554719750000000
755	12.06250	2.1864452527195799	0.1341805500000000	0.1044443850000000
756	12.04910	2.2230572940502071	0.1636242000000000	0.0883021400000000
758	12.04560	2.1846496073496131	0.1406715250000000	0.0852782400000000
759	12.04560	2.2481173119438562	0.1894989250000000	0.0953836500000000
761	12.03310	2.2005045852849738	0.1408549550000000	0.0822900800000000
762	11.98980	2.2090892453404396	0.1123610550000000	0.0714394400000000
763	11.98980	2.1901202692194683	0.1467526400000000	0.0852554450000000
765	11.96210	2.1788220960530924	0.1541883800000000	0.0950998550000000
766	11.96070	2.1989291124290906	0.1210810200000000	0.0889872100000000
768	11.93360	2.2164208909288718	0.1597424500000000	0.1052425850000000
771	11.91480	2.1954284506599295	0.1382806100000000	0.0914060150000000
773	11.90250	2.2257795319255491	0.1647367050000000	0.1198272200000000
775	11.87410	2.2184497481046557	0.1628947700000000	0.0980259150000000
779	11.86530	2.2170786698098595	0.1531681300000000	0.0826757050000000
780	11.85060	2.2229906589908706	0.1366576700000000	0.0897405700000000
786	11.81710	2.2148665395799556	0.1478919000000000	0.0980661800000000
791	11.79730	2.2260047565057559	0.1404315750000000	0.1021022100000000
792	11.78360	2.3336992394578999	0.2364632300000000	0.1109933350000000
794	11.77660	2.1131560001085097	0.1263634700000000	0.0596336650000000
797	11.77000	2.2165426120161884	0.1451447450000000	0.1001482500000000
798	11.74940	2.2163086761644615	0.1203901400000000	0.0983022950000000
74	32.32140	2.1953509778977058	0.1578243000000000	0.0762489900000000
75	32.32140	2.2080798843871361	0.1559093900000000	0.1110913450000000
