3	144.83400	2.1975430253270725	0.1380098100000000	0.0936012550000000
4	141.17100	2.1993988750798787	0.1385165350000000	0.0841699100000000
5	141.17100	2.3656510488101028	0.2570212800000000	0.1221793500000000
802	11.74220	2.2216089261367449	0.1300798400000000	0.0871045300000000
805	11.74090	2.1985446279695195	0.1502264050000000	0.1151712750000000
808	11.73530	2.2110491829961734	0.1613753100000000	0.1002767350000000
812	11.72650	2.2090215625507663	0.1633110550000000	0.0959391900000000
817	11.72430	2.1985246505706315	0.1527098100000000	0.0650533100000000
821	11.72220	2.2254214861265051	0.1557548750000000	0.1326719700000000
823	11.72100	2.1852091153530253	0.1288323250000000	0.0842390000000000
828	11.71240	2.1922400630172771	0.1434997900000000	0.0929764850000000
829	11.71240	2.3404233552277889	0.2203193550000000	0.0590748400000000
830	11.71140	2.2291011834819132	0.1560566050000000	0.0901656300000000
831	11.71140	2.2167894564994581	0.1587196950000000	0.1158274500000000
832	11.71070	2.1845078718473330	0.0898485850000000	0.0740619450000000
833	11.71070	2.1877260750153757	0.1527227650000000	0.0686797400000000
836	11.70160	2.2197327777648730	0.1601583850000000	0.0838964650000000
837	11.70160	2.2243877719529013	0.1548103850000000	0.0949716200000000
839	11.70000	2.2242047000074372	0.0973078950000000	0.0623716400000000
840	11.70000	2.2214601080299547	0.1551413000000000	0.1330966250000000
841	11.70000	2.2024046070100201	0.1379249950000000	0.0963282800000000
842	11.70000	2.1820372118182192	0.1159397850000000	0.0711492550000000
843	11.70000	2.1934124487682860	0.1697433750000000	0.0666608350000000
845	11.70000	2.1861689107207418	0.1321783450000000	0.0444985900000000
847	11.70000	2.2154481610536640	0.1477481950000000	0.1054380350000000
856	11.70000	2.2166712070489991	0.1348941000000000	0.0956235500000000
858	11.70000	2.2101774289056868	0.1399091900000000	0.0909933200000000
859	11.70000	2.1904412799683781	0.1435521800000000	0.1049865950000000
862	11.70000	2.2125827629951758	0.1336455350000000	0.0988083450000000
866	11.70000	2.1711296737113055	0.1379575800000000	0.1000735150000000
867	11.70000	2.1861160516500804	0.1386368700000000	0.1188679500000000
868	11.70000	2.2120669401613569	0.1664911200000000	0.0930959550000000
869	11.70000	2.2255075477495936	0.1434722150000000	0.1105429750000000
870	11.70000	2.2236672867221574	0.1536404950000000	0.1135349100000000
873	11.70000	2.2232945592379378	0.1234550150000000	0.0774555350000000
874	11.70000	2.2203159260512075	0.1331487050000000	0.0675531450000000
875	11.70000	2.2214472745543006	0.1797923250000000	0.1340719550000000
80	26.68980	2.2091680012148922	0.1435178850000000	0.0885045800000000
81	26.68980	2.3032562213837182	0.2112522600000000	0.1517783300000000
82	26.48190	2.2154188119667961	0.1642435350000000	0.0807749300000000
83	26.48190	2.2089741238788498	0.1578057750000000	0.0836228900000000
85	26.46800	2.2065355221491547	0.1282479600000000	0.0949909550000000
881	11.70000	2.2047668118532355	0.1611228700000000	0.1025528150000000
882	11.69840	2.2128115689344545	0.1738411400000000	0.1163636700000000
886	11.69360	2.2048555632756162	0.1627286550000000	0.0689363950000000
887	11.69360	2.1902559870072413	0.1278595950000000	0.1026450950000000
888	11.68810	2.2282243047427199	0.1465521550000000	0.0692139650000000
891	11.68000	2.1774269734469067	0.1341115450000000	0.0872705550000000
894	11.67530	2.1869887970298594	0.1383239500000000	0.0976135850000000
895	11.67530	2.2123232051125390	0.1640033900000000	0.0563373500000000
899	11.67240	2.2577869196325393	0.2081358700000000	0.0827024250000000
901	11.67020	2.2007616801582097	0.1508503900000000	0.0959073150000000
907	11.63960	2.2091524591812459	0.1496514700000000	0.0674555500000000
908	11.63210	2.2229594179996552	0.1552216800000000	0.0814067300000000
910	11.62890	2.2287397511451830	0.1547157250000000	0.0925828800000000
912	11.62220	2.1765544254004867	0.1266684100000000	0.0499897450000000
914	11.61880	2.2065667714430433	0.1502608350000000	0.0818421950000000
915	11.61880	2.2102912444504654	0.1477240800000000	0.1024471250000000
917	11.60350	2.2177505363130940	0.1126946250000000	0.0582754200000000
920	11.59250	2.2182589923163016	0.1418639750000000	0.0691813450000000
921	11.59250	2.2235315837663245	0.2051229900000000	0.0742048950000000
923	11.58810	2.2175637207397152	0.1344357050000000	0.0964622300000000
925	11.57950	2.2218257988046353	0.1242492650000000	0.0666588950000000
929	11.55440	2.1774133830242395	0.1186949700000000	0.1138879550000000
932	11.52700	2.2223109627439279	0.1544656550000000	0.0930055750000000
936	11.52380	2.2058268642326202	0.1644274400000000	0.0910831750000000
938	11.52030	2.2052984267375195	0.1559410450000000	0.1106472500000000
942	11.51670	2.2126648268486018	0.1660322300000000	0.0786503700000000
947	11.50830	2.2219874450359360	0.1405458950000000	0.0974848800000000
949	11.50430	2.2189963300287938	0.1323044050000000	0.0772472250000000
952	11.48170	2.2227931315319767	0.1527878150000000	0.0732215350000000
953	11.48170	2.2251691997658329	0.1457387700000000	0.1198528900000000
955	11.47710	2.2126890561022359	0.1125710000000000	0.1268171950000000
88	26.22460	2.2005127647574820	0.1415302000000000	0.0968194000000000
89	26.22460	2.2025728405539260	0.1325978200000000	0.1116912500000000
90	25.99150	2.2066080683996434	0.1530793450000000	0.0922338950000000
91	25.99150	2.1980774161336778	0.1307345350000000	0.0900421400000000
94	25.96410	2.2126007101544189	0.1420616550000000	0.0958283600000000
964	11.45440	2.2068754492413571	0.1312698000000000	0.0912524150000000
965	11.45440	2.1805609842219078	0.1525052000000000	0.0333174950000000
976	11.41910	2.1996562748054211	0.1475448700000000	0.1038134900000000
979	11.41090	2.2869158500271545	0.1838829550000000	0.1405473300000000
980	11.39810	2.2192986186828230	0.1428167900000000	0.0888425050000000
984	11.38880	2.2143723423564681	0.1558390150000000	0.0572454650000000
986	11.38710	2.2095301164436720	0.1434437200000000	0.0970828250000000
987	11.38710	2.1983968107903440	0.1520295100000000	0.1044073650000000
988	11.38180	2.2083655277452796	0.1502189550000000	0.1018475350000000
996	11.35540	2.2018283983784235	0.1350927600000000	0.0998884100000000
1000	11.34480	2.1907005899342216	0.1703357850000000	0.0756601150000000
1004	11.32070	2.2203993134057933	0.1282332200000000	0.0847579700000000
1006	11.30660	2.2941731785873025	0.2467908500000000	0.1292955050000000
1010	11.30350	2.2076824262282404	0.1430436450000000	0.0971650250000000
1011	11.30350	2.2088289128918102	0.1534811050000000	0.0884296000000000
1012	11.28590	2.2102153683273289	0.1236708100000000	0.0910959200000000
1015	11.28320	2.2202816245381780	0.1401737450000000	0.1030670500000000
1016	11.27850	2.2231262035372947	0.1512887450000000	0.1038183350000000
1017	11.27850	2.2004484787071195	0.1811787150000000	0.1122916650000000
1018	11.27530	2.2014153587067860	0.1364236400000000	0.0692882900000000
1028	11.26650	2.2239135495230262	0.1663251100000000	0.1015777950000000
1032	11.24410	2.2126256507050415	0.1250730100000000	0.1036164600000000
1036	11.23560	2.2189444694722842	0.1592420700000000	0.1273705000000000
1039	11.23230	2.2165067845894466	0.1518798950000000	0.0933598500000000
96	25.06110	2.1913718959687816	0.1408841600000000	0.1003335650000000
99	24.92170	2.1998168491395957	0.1450178350000000	0.0888478750000000
101	24.61260	2.1918748381127524	0.1661155650000000	0.0436434950000000
103	24.57650	2.1884006177597159	0.1354424550000000	0.0931307950000000
1040	11.22350	2.2258938557301264	0.1512992550000000	0.1119372950000000
1047	11.18810	2.2381533741061892	0.1793041700000000	0.1036221100000000
1048	11.18260	2.2598901459910752	0.1507567500000000	0.1094468900000000
1050	11.18250	2.2149772457522379	0.0742814750000000	0.0459002250000000
1053	11.18230	2.2212176305699325	0.1359270300000000	0.0784113500000000
1055	11.17720	2.2023779698367254	0.1364067050000000	0.0860945450000000
1056	11.17510	2.2196733540955491	0.1382316450000000	0.0920495250000000
1059	11.17360	2.1912650515906140	0.1682172900000000	0.1125313150000000
1060	11.14950	2.2195132543529135	0.1259727050000000	0.0753807050000000
1063	11.14770	2.2059772296803892	0.1575227200000000	0.1154248850000000
1065	11.13930	2.2200028870291577	0.1551646400000000	0.0673564750000000
1067	11.13620	2.1895217370505025	0.1384749350000000	0.0365064200000000
1069	11.11960	2.1730654034206061	0.1575966650000000	0.0434500250000000
1071	11.11750	2.2033514059902286	0.1456966700000000	0.1060795250000000
1073	11.09650	2.1984899734849588	0.1619154900000000	0.1010650450000000
1074	11.08920	2.2139010139744881	0.1252587250000000	0.0554195550000000
1075	11.08920	2.3293878718170142	0.2339815150000000	0.1403632000000000
1076	11.07770	2.2268679459982144	0.1633393250000000	0.1101420450000000
1080	11.06540	2.2256107692318898	0.1599665300000000	0.1114861600000000
1082	11.06380	2.1876479271788298	0.1506775150000000	0.0776602300000000
1083	11.06380	2.2281626875596028	0.1428693100000000	0.1017801850000000
1084	11.06310	2.2210570125135130	0.1384489600000000	0.0711527900000000
1085	11.06310	2.2261558474246126	0.1604354350000000	0.0895768100000000
1087	11.05860	2.2185289105464059	0.1495852850000000	0.1156334600000000
1088	11.05560	2.2014753375029463	0.1566946750000000	0.0822558200000000
1092	11.03460	2.2025253149232502	0.1324955950000000	0.0952060300000000
1093	11.03460	2.2062818155277335	0.1601048100000000	0.0594425950000000
1099	11.02590	2.2064644434286800	0.1479129300000000	0.1015541650000000
1105	10.97710	2.2001270113380613	0.1517921650000000	0.1201817200000000
1106	10.97450	2.2043960941419845	0.1475442000000000	0.1133401250000000
1111	10.96410	2.2238408003457431	0.1397827650000000	0.0966741250000000
1114	10.95360	2.2014645834538800	0.1132000200000000	0.0876840350000000
1115	10.95360	2.1772465719438792	0.1345765200000000	0.0810756100000000
1117	10.93930	2.2371235189966590	0.1397921700000000	0.1156920750000000
104	24.51240	2.2075247275083743	0.1367258850000000	0.0883164600000000
108	24.08970	2.2095698272927682	0.1487737350000000	0.0915931500000000
110	23.82210	2.1985194864497113	0.1397997000000000	0.0873237250000000
111	23.82210	2.2052311282927284	0.1507212400000000	0.1012392250000000
1127	10.92830	2.2198988813817406	0.0832216250000000	0.0416731250000000
1129	10.92790	2.2267426003253177	0.1519405100000000	0.1009490100000000
1137	10.92380	2.2103386037487809	0.1436107100000000	0.0783006000000000
1140	10.92290	2.2060577279662366	0.1211827900000000	0.0712510850000000
1145	10.92230	2.2250191752485349	0.1540755550000000	0.0778487000000000
1146	10.92210	2.2258161552869034	0.1276914050000000	0.0794914750000000
1147	10.92210	2.2238822221157601	0.1452348150000000	0.1091426500000000
1151	10.92080	2.2095315319050290	0.1459095750000000	0.1064552700000000
1152	10.91860	2.2217408161078418	0.1481290050000000	0.0897549900000000
1154	10.91650	2.2126875774167938	0.0738453900000000	0.0983610900000000
1155	10.91650	2.2256107499793440	0.1474891650000000	0.1078335100000000
1158	10.90520	2.2186161309932722	0.1429362900000000	0.1061485200000000
1160	10.90250	2.2066128263503519	0.1423653850000000	0.0810223650000000
1161	10.90250	2.2118876818745239	0.1789801000000000	0.0682323100000000
1163	10.90130	2.2240601877385386	0.1572686900000000	0.1088755500000000
1165	10.89690	2.2184740858110645	0.1561938150000000	0.0941374600000000
1168	10.88480	2.3516407209137409	0.2543439100000000	0.1107911450000000
1169	10.88480	2.2276235628565080	0.1519140000000000	0.0963691350000000
1171	10.88460	2.2064312144169200	0.1683334300000000	0.0575450100000000
1172	10.88410	2.1918790026433284	0.1554323250000000	0.0828633650000000
1173	10.88410	2.1920312701319440	0.1284232950000000	0.0470343200000000
1176	10.88150	2.1985086879711297	0.1363527250000000	0.0895035750000000
1177	10.88150	2.1793062080797441	0.1044532950000000	0.0426627350000000
1179	10.84320	2.2223275578471235	0.1470554350000000	0.0739396150000000
1182	10.82110	2.2219645900164080	0.1572875700000000	0.1074694650000000
1185	10.76010	2.2256849506671066	0.1435782550000000	0.0983811350000000
1186	10.74210	2.1734232684593446	0.1391773850000000	0.0538858600000000
1191	10.62350	2.2299935522542969	0.1326524500000000	0.0659212700000000
1193	10.61910	2.2054087503304154	0.1173052450000000	0.0666145150000000
1195	10.61840	2.2009339906380458	0.1453427200000000	0.0834899400000000
1196	10.61790	2.2310935004649206	0.1589937150000000	0.1135196500000000
1198	10.61770	2.1914589025180424	0.1521350700000000	0.0761402600000000
113	23.57600	2.1951680172241868	0.1638417050000000	0.0923693200000000
118	22.53360	2.2038890341158295	0.1451062800000000	0.1172935900000000
1207	10.61610	2.2311131710013967	0.1620589200000000	0.0880437300000000
1213	10.61400	2.2048009388678773	0.1553152800000000	0.1013728300000000
1215	10.61230	2.2004427378217510	0.1474253100000000	0.0923308800000000
1216	10.61210	2.2184973956768670	0.1579261550000000	0.0872528200000000
1217	10.61210	2.2173280371066206	0.1585956050000000	0.0313362750000000
1218	10.61090	2.1984365219320532	0.1286687300000000	0.0908777400000000
1223	10.61040	2.2044088403665345	0.1297678000000000	0.0721099600000000
1224	10.61010	2.1963147783730781	0.1580738850000000	0.0843243700000000
1228	10.58910	2.2194153338714839	0.1264611350000000	0.0890480550000000
1229	10.58910	2.2204586787456728	0.1588443050000000	0.1143669700000000
1230	10.58300	2.2012716613398426	0.1453513550000000	0.0815968000000000
1232	10.54440	2.2192043598761284	0.1443612200000000	0.1085851650000000
1234	10.52320	2.2087908032832932	0.1387565500000000	0.0807250550000000
1237	10.51650	2.1879564034355568	0.1532470300000000	0.1080983150000000
1239	10.49100	2.1824738394166023	0.1543211300000000	0.0863433350000000
1240	10.47010	2.2295872877135996	0.1378039850000000	0.1182161450000000
1242	10.46930	2.1960088933795188	0.1311832400000000	0.0973162550000000
1243	10.46930	2.2181511873078521	0.1361012000000000	0.1008518150000000
1244	10.46380	2.1947717148339847	0.1409292100000000	0.1056242050000000
1248	10.42930	2.2044949246925700	0.1623837800000000	0.1170461700000000
1249	10.42930	2.2019923505939869	0.1291051650000000	0.0973507750000000
1251	10.41750	2.2145286939802720	0.1404585600000000	0.0571814400000000
1253	10.40010	2.2125281203822693	0.1832985150000000	0.1116816050000000
1254	10.39910	2.2025787838755821	0.1235677000000000	0.1065960800000000
1255	10.39910	2.2228632954679064	0.1409465850000000	0.0985859450000000
1256	10.39850	2.2282922694193474	0.1544874500000000	0.1130344550000000
1258	10.39810	2.2182194420738193	0.1676686300000000	0.0722703600000000
1262	10.37670	2.2399880360255460	0.1783436300000000	0.1021442350000000
1264	10.36310	2.2335984046700545	0.1656182250000000	0.1238039750000000
1265	10.36310	2.2253306641086290	0.1432104850000000	0.0983529250000000
1266	10.35950	2.2241971920582215	0.1361310350000000	0.0602375500000000
1268	10.34790	2.2801606100375995	0.2251604400000000	0.0366155600000000
1272	10.34210	2.2099854037154567	0.1418283100000000	0.1073092200000000
1273	10.34210	2.2146541927181724	0.1527015950000000	0.1010731350000000
1275	10.34030	2.2998128883420730	0.2070223600000000	0.1150598250000000
1277	10.33880	2.1725515484989395	0.1423198400000000	0.0890507400000000
1278	10.33740	2.1994320363555677	0.1450149700000000	0.1053755800000000
1279	10.33740	2.2136195665586014	0.1191174500000000	0.0653716600000000
120	22.50900	2.2078949845029339	0.1372219200000000	0.1113231650000000
121	22.50900	2.2068362949986557	0.1448912400000000	0.0912933100000000
122	21.95780	2.2036888298876547	0.1438650350000000	0.0440998950000000
123	21.95780	2.2050675249214038	0.1123405700000000	0.0579573350000000
126	21.78800	2.2047568011752787	0.1600207350000000	0.0936989450000000
127	21.78800	2.2178495333538706	0.1448906850000000	0.1170840750000000
1280	10.32880	2.2368664047320546	0.1563414650000000	0.1155610300000000
1285	10.32170	2.2078353818325378	0.1301527100000000	0.0557036200000000
1286	10.32150	2.2225342683678382	0.1272698900000000	0.0573223300000000
1288	10.31540	2.2269662694490489	0.1696779350000000	0.1369060900000000
1290	10.30710	2.1965900775680685	0.1278768950000000	0.1001637300000000
1293	10.29770	2.2226777961890503	0.1466236850000000	0.1074460600000000
1296	10.29030	2.2093148923386292	0.1345217450000000	0.0765404950000000
1297	10.29030	2.2090076192130845	0.1494555000000000	0.0952490900000000
1300	10.28650	2.2274271200679121	0.1512513550000000	0.0946732250000000
1304	10.28410	2.2035412609379770	0.1936761150000000	0.1394963650000000
1305	10.28410	2.2292923960718354	0.1481354950000000	0.1284767250000000
1306	10.27900	2.2387450540219871	0.1812285200000000	0.1334206450000000
1307	10.27900	2.2105138210897679	0.1600123250000000	0.0601938000000000
1314	10.27740	2.2202015366934158	0.1476095350000000	0.1048826000000000
1315	10.27740	2.2141896586029133	0.1464394300000000	0.1161427000000000
1319	10.27300	2.1881776626864844	0.1489606200000000	0.0779545150000000
1320	10.26090	2.1786996072469114	0.1386093250000000	0.0761407850000000
1321	10.26090	2.2179298484618237	0.1306972500000000	0.0659152700000000
1322	10.25420	2.2120223982849940	0.1964167800000000	0.0833085600000000
1324	10.25040	2.2256126175076241	0.1357533600000000	0.1026662900000000
1325	10.25040	2.2248478802991438	0.1424701850000000	0.1043094500000000
1326	10.23910	2.2147589767448137	0.1219706400000000	0.0679044500000000
1327	10.23910	2.2168728633320884	0.1440641200000000	0.1210986250000000
1328	10.23050	2.2122853265731486	0.0964515400000000	0.1280566300000000
1333	10.20550	2.1972878861068779	0.1079680350000000	0.0734156700000000
1334	10.20380	2.2107458003611278	0.1295812150000000	0.0928356050000000
1339	10.19020	2.1905382980014179	0.1313588100000000	0.0853842750000000
1342	10.18510	2.2249188415245720	0.1492387550000000	0.1160685150000000
1345	10.18490	2.2274825087269341	0.1674885600000000	0.0863949000000000
1346	10.18350	2.2249382853754307	0.1445095600000000	0.0926780050000000
1347	10.18350	2.2459161806082686	0.1906961900000000	0.0740396450000000
1355	10.16150	2.1859841220055816	0.1435998150000000	0.1013379300000000
1359	10.16060	2.2303485473132088	0.1633021150000000	0.0823252550000000
131	21.40930	2.2071746997653108	0.1367823750000000	0.0965501700000000
132	21.29740	2.2125373062390188	0.1679346650000000	0.1020961800000000
133	21.29740	2.2025971872224934	0.1455206000000000	0.0949165400000000
134	21.21890	2.2100598105275204	0.1519847800000000	0.0347465650000000
135	21.21890	2.2079094319389814	0.1596300750000000	0.0994905550000000
1360	10.15810	2.2105805699668024	0.1496717900000000	0.0985513400000000
1361	10.15810	2.2158471490858438	0.1137339850000000	0.0754958000000000
1362	10.15700	2.2024899753853977	0.1491690750000000	0.0411394550000000
1365	10.15050	2.2324860194873732	0.1650719950000000	0.0968611050000000
1366	10.15010	2.2249751644740865	0.1424737300000000	0.1059782550000000
1375	10.14090	2.2298508438498903	0.1479837400000000	0.0919195450000000
1376	10.13960	2.1964631807572736	0.1176642200000000	0.0518546900000000
1377	10.13960	2.1916349660965393	0.1403651050000000	0.0576826100000000
1379	10.13950	2.2308083238664862	0.1462149350000000	0.0712377750000000
1380	10.12850	2.2224136142397444	0.1330124200000000	0.0983815550000000
1381	10.12850	2.1891314889292954	0.1528583550000000	0.0753763400000000
1382	10.12620	2.2272676971651668	0.1545874900000000	0.0903308250000000
1383	10.12620	2.2052839835036004	0.1425883150000000	0.0485710900000000
1384	10.12620	2.2128489112482947	0.1769921750000000	0.0753109650000000
1386	10.12610	2.1995089976916447	0.1240489500000000	0.0805418400000000
1393	10.12400	2.1818461335734320	0.1629698100000000	0.0932191150000000
1394	10.12330	2.2182363570312420	0.1599615950000000	0.1224827400000000
1395	10.12330	2.2068440787272805	0.1570523200000000	0.0686145350000000
1396	10.12260	2.2181121823817733	0.1360970400000000	0.1123732400000000
1405	10.10280	2.2214326549684422	0.1638127050000000	0.1232591100000000
1409	10.07350	2.1885698721230109	0.1404282350000000	0.0804783850000000
1413	10.06450	2.2177158981571474	0.1572009100000000	0.1161598700000000
1415	10.06280	2.2196188294265449	0.1345956100000000	0.0823769450000000
1417	10.05140	2.2207523050953042	0.1504374250000000	0.1019932150000000
1418	10.04880	2.1872834608625475	0.1178671100000000	0.0677134950000000
1425	10.04410	2.2126806762835178	0.1664026050000000	0.1321052800000000
1430	10.00540	2.2222036371909248	0.1396442050000000	0.0907146800000000
1433	9.97105	2.2047646203953173	0.1528688400000000	0.1398371550000000
1434	9.95261	2.2040849776616644	0.1518975350000000	0.0937200600000000
1436	9.94991	2.2066994135998561	0.1429809600000000	0.1122583400000000
1437	9.94991	2.2147496440745535	0.1282788900000000	0.1023904150000000
1439	9.93271	2.2250070617795714	0.1498580000000000	0.0694379650000000
138	20.82900	2.2109881302028289	0.1338695600000000	0.1114557000000000
140	20.53460	2.1907734442683298	0.1440371900000000	0.0766606600000000
142	20.48610	2.2102155947521074	0.1465815000000000	0.1028403600000000
143	20.48610	2.1969026065647790	0.1473153550000000	0.0997244600000000
1441	9.90524	2.1957155689963983	0.1465304300000000	0.0946815200000000
1442	9.82061	2.2287958337929723	0.1409278700000000	0.1127740900000000
1445	9.80216	2.1782132643126348	0.1439629850000000	0.0804358400000000
1446	9.79928	2.2242439198410504	0.1403112450000000	0.0835807050000000
1449	9.79831	2.2020623433152999	0.1468424700000000	0.0987450450000000
1451	9.79801	2.2919742974799227	0.2474095350000000	0.1061843800000000
1452	9.79790	2.1954661307181116	0.1613650000000000	0.1168777500000000
1459	9.79694	2.2180092169670003	0.1152765800000000	0.0845066900000000
1462	9.79521	2.1966156829624639	0.1696364050000000	0.0890687950000000
1463	9.79521	2.2086158819732509	0.1803748350000000	0.1035060200000000
1464	9.79515	2.2298268999828301	0.1491730150000000	0.0913263800000000
1466	9.79475	2.1955231313718024	0.1666047800000000	0.1214661950000000
1469	9.79345	2.2107290197564780	0.1506651600000000	0.1031985950000000
1471	9.79320	2.2065631584612988	0.1458568100000000	0.0882034650000000
1475	9.79288	2.2289595974757934	0.1291726100000000	0.0813113100000000
1477	9.79273	2.3166479081510056	0.2379526550000000	0.1063878100000000
1479	9.79166	2.2132021179145163	0.1150746900000000	0.1060198650000000
1480	9.79145	2.2554692779239707	0.1990090050000000	0.1085745600000000
1481	9.79145	2.2311213928895994	0.1491809850000000	0.0926508100000000
1492	9.72526	2.2273113178412096	0.1343624750000000	0.0568076350000000
1496	9.70935	2.4375224800550428	0.2899698200000000	0.0968736350000000
1497	9.70935	2.2312233263716958	0.1504097650000000	0.0470964150000000
1498	9.69595	2.2236480549838822	0.1151742200000000	0.0829593950000000
1500	9.67046	2.2166836178063130	0.1338477600000000	0.1057348900000000
1507	9.67000	2.2127432135831606	0.1743712450000000	0.1229862350000000
1509	9.67000	2.1825351243447413	0.1070786450000000	0.1169362050000000
1510	9.67000	2.1853223981804786	0.1459087750000000	0.0783887100000000
1514	9.66336	2.2323094939992041	0.1464847100000000	0.0598603000000000
1515	9.66336	2.3227458968645647	0.2837170150000000	0.1482779100000000
1516	9.66178	2.2265076673156412	0.1363015950000000	0.0958448050000000
1517	9.66178	2.1985292700086108	0.1183709250000000	0.0509105450000000
1518	9.66145	2.2065515642758173	0.1413665600000000	0.1027449400000000
145	20.48180	2.2137066902099733	0.1707814800000000	0.0899359950000000
147	20.23890	2.2093706576197030	0.1490199950000000	0.1126702800000000
148	20.14810	2.2060205654315688	0.1236036550000000	0.0704797850000000
151	19.99580	2.2129229045829772	0.1067085150000000	0.1304145300000000
1521	9.66139	2.2238219086061233	0.1862824800000000	0.1106445700000000
1525	9.66111	2.2067520474785596	0.1508690900000000	0.0981981400000000
1526	9.66104	2.2338147422640948	0.1595149950000000	0.0945433500000000
1529	9.66080	2.2125655419840484	0.1030238200000000	0.0548762350000000
1531	9.65958	2.2198458289103820	0.1404487150000000	0.0888121600000000
1534	9.65573	2.2403876177173996	0.2153643250000000	0.1465240300000000
1536	9.65484	2.4183979612423574	0.2922953000000000	0.1140888650000000
1537	9.65484	2.2229651668482644	0.1259789350000000	0.0867169800000000
1539	9.65423	2.2124938590051135	0.0830558750000000	0.1451086350000000
1541	9.65415	2.2241615368650320	0.1234116600000000	0.0549671600000000
1542	9.65411	2.3097805235833517	0.2169625750000000	0.0983628350000000
1543	9.65411	2.2285935150343290	0.1345435900000000	0.1053933550000000
1548	9.65323	2.2261441597593059	0.1524796600000000	0.0940091400000000
1549	9.65323	2.2270913136133244	0.1591067450000000	0.1018503750000000
1554	9.62796	2.2050712074875962	0.1429357500000000	0.0916793300000000
1557	9.62658	2.2093489919982274	0.1375039650000000	0.0926144800000000
1562	9.61583	2.2324560513921949	0.1403986850000000	0.1109782350000000
1569	9.61229	2.2209042760930982	0.1549039550000000	0.0477759000000000
1572	9.60674	2.2189668905168247	0.1612764100000000	0.0668590150000000
1586	9.59731	2.2649086982582713	0.1457548200000000	0.1614006750000000
1588	9.59695	2.1826027347415735	0.1682696300000000	0.0657853950000000
1590	9.59629	2.2285422137236028	0.1260654800000000	0.0910716400000000
152	19.67710	2.2104150808668792	0.1592255650000000	0.0919838750000000
9	139.63100	2.1969925316603205	0.1587980250000000	0.0682093950000000
10	128.05800	2.1978492826164060	0.1493822300000000	0.1040627800000000
11	128.05800	2.1985595613884894	0.1548835150000000	0.1036000050000000
13	126.69400	2.1945032481205597	0.1336732000000000	0.0923648900000000
14	118.71200	2.2081491082231324	0.1711089500000000	0.0860763150000000
1601	9.58934	2.2015041930142569	0.1467402350000000	0.0753870500000000
1602	9.58931	2.1756180151756115	0.1399967750000000	0.0725393250000000
1603	9.58931	2.2103692184977821	0.1427239700000000	0.0993086100000000
1606	9.58877	2.2306797664833664	0.1450745750000000	0.0969008450000000
1607	9.58877	2.2313746719965826	0.1420835300000000	0.1179122400000000
1609	9.58865	2.2185832437261923	0.1477494850000000	0.1070650500000000
1611	9.58849	2.2105285269270949	0.1555451600000000	0.0984065500000000
1613	9.58849	2.1969125651946637	0.1509824450000000	0.0924025200000000
1617	9.58787	2.1985435535632321	0.1477967050000000	0.0886955450000000
1619	9.58777	2.2067937629414369	0.1399163000000000	0.1144818750000000
1622	9.58663	2.2083385551900525	0.1406941450000000	0.1067363550000000
1624	9.58434	2.2049549480312374	0.1221032200000000	0.1059202650000000
1625	9.58434	2.2110287456880777	0.1570079500000000	0.0826200500000000
1626	9.58386	2.1760958956192820	0.1173509350000000	0.0489698350000000
1628	9.58364	2.2210588451261786	0.1715781350000000	0.1188486150000000
1629	9.58364	2.2160418110419000	0.1743307500000000	0.0998197650000000
1636	9.58269	2.1978757700878631	0.1337807600000000	0.1088079100000000
1637	9.58269	2.2043486730268209	0.1648759650000000	0.0961065450000000
1638	9.58265	2.2125986188053139	0.1952623000000000	0.1096872800000000
1640	9.58190	2.2310922195147009	0.1590845000000000	0.0366019900000000
1642	9.58167	2.1847640207785335	0.1250780850000000	0.0625114650000000
1645	9.58133	2.2297411141815506	0.1317443350000000	0.0715949350000000
1651	9.57473	2.2203001255268071	0.1086725750000000	0.0851658650000000
1652	9.57470	2.1778558914164456	0.1050362100000000	0.1117438400000000
1653	9.57470	2.2110290569612969	0.1465734850000000	0.1032927400000000
1657	9.57149	2.2456312361372239	0.1964676550000000	0.0634503200000000
1658	9.57127	2.2100365004471665	0.1681047100000000	0.0944210700000000
1661	9.57124	2.2176570062620020	0.1305937200000000	0.0945853300000000
1663	9.57023	2.2219681237696296	0.1416313550000000	0.0907801850000000
1664	9.56859	2.1984797057564500	0.1618734050000000	0.1246359150000000
1667	9.56748	2.2287629051481148	0.1555236300000000	0.0861570800000000
1669	9.56294	2.2301318228041649	0.1351309300000000	0.1134499650000000
1672	9.55930	2.2098595670710277	0.1487345950000000	0.0911946550000000
1674	9.55679	2.2182999776546506	0.1462837200000000	0.1206569850000000
1676	9.55202	2.2182916555176564	0.1542403800000000	0.0827305200000000
160	19.02050	2.2033470231403056	0.1417087950000000	0.0907791500000000
161	19.02050	2.2057594323651895	0.1506984500000000	0.1054514050000000
162	18.89830	2.2139417253368583	0.1499408150000000	0.0326752950000000
163	18.89830	2.2154164676488959	0.1584885250000000	0.0772552700000000
166	18.66980	2.2057804174602422	0.1373595250000000	0.1032604250000000
1680	9.54781	2.2275922321465500	0.1519278900000000	0.1203584050000000
1685	9.54687	2.1685477612058377	0.1242606100000000	0.0742769400000000
1688	9.53021	2.1996504671105992	0.1478557550000000	0.1008082300000000
1692	9.52252	2.1900955418644741	0.1468437550000000	0.0620499050000000
1696	9.51582	2.2145910335302581	0.1464437500000000	0.0958895700000000
1698	9.51319	2.2154844114339038	0.1419276350000000	0.1084378550000000
1700	9.51255	2.3590089175366380	0.2438524700000000	0.1198531650000000
1702	9.51053	2.2035268528609371	0.1510440850000000	0.0841299150000000
1704	9.50834	2.2244872293933997	0.1455959250000000	0.0962652250000000
1711	9.50323	2.2039991613820504	0.1323976100000000	0.0774885500000000
1712	9.50220	2.2019678477715914	0.1536905850000000	0.0933893650000000
1713	9.50220	2.1876825813786587	0.1357581400000000	0.1009419100000000
1715	9.49656	2.2259394612380614	0.1824760550000000	0.1312438350000000
1721	9.48442	2.1669245949409448	0.1084428450000000	0.0909376700000000
1723	9.48286	2.2124723047040686	0.1735216800000000	0.1252059350000000
1729	9.47319	2.1849567714457776	0.1442146450000000	0.0889106700000000
1735	9.45239	2.2171119246420803	0.1851073800000000	0.0899203950000000
1736	9.45130	2.2071624556476328	0.1701047050000000	0.1037382750000000
1739	9.43735	2.2287533045875101	0.1541728000000000	0.0770175100000000
1740	9.43695	2.2170364307002757	0.1539158350000000	0.0702716200000000
1742	9.41095	2.2089462666101642	0.1376333350000000	0.1007440150000000
1743	9.41095	2.2203513105700923	0.1458023150000000	0.0683230000000000
1746	9.36075	2.2219764731109795	0.1505615100000000	0.0988701250000000
1748	9.33968	2.1877373891372676	0.1458134250000000	0.0845878000000000
1750	9.32657	2.2335316310773217	0.1695500450000000	0.1400623850000000
1752	9.31892	2.2292198410834354	0.1314240450000000	0.0648608550000000
1753	9.31892	2.2181311542437445	0.1527417300000000	0.1014717500000000
1756	9.30095	2.2088858247342520	0.1467148200000000	0.1032802200000000
1758	9.29419	2.2273897490707979	0.1539636100000000	0.0997986850000000
1759	9.29419	2.2239497638511212	0.1572665450000000	0.1152544100000000
168	18.56780	2.3657558316467315	0.2553039500000000	0.0975088450000000
171	18.56620	2.2137764224139196	0.1254772850000000	0.0536072100000000
172	18.38690	2.2089656650647256	0.1460422650000000	0.1065142950000000
174	18.33440	2.2002866773232590	0.1381112100000000	0.0923865350000000
175	18.33440	2.2090046611296046	0.1566569800000000	0.0745237400000000
1760	9.29040	2.2086409308619666	0.1501374650000000	0.1020768850000000
1763	9.28669	2.2266072690034262	0.1307683950000000	0.0703927000000000
1766	9.27618	2.2044435683659969	0.1374835150000000	0.0958355850000000
1769	9.27601	2.2241717653242650	0.1414012100000000	0.0873606250000000
1775	9.27078	2.1934462463468098	0.1563904950000000	0.0785108550000000
1780	9.26310	2.1748954146861545	0.1400808500000000	0.0592363300000000
1782	9.25991	2.4730193985297979	0.2703408650000000	0.1445005500000000
1783	9.25991	2.1984779284584546	0.1664368200000000	0.1095315100000000
1786	9.25823	2.2222302901888753	0.0764562200000000	0.1077045600000000
1788	9.25791	2.2342549484162597	0.1397366150000000	0.1154679850000000
1793	9.25719	2.2259419099761533	0.1408053850000000	0.1002327350000000
1794	9.25625	2.1779235408497355	0.1254803400000000	0.0687374850000000
1795	9.25625	2.2143572196258514	0.1537735750000000	0.0596159250000000
1796	9.25601	2.2189311909397480	0.1576304450000000	0.1456572200000000
1797	9.25601	2.2112258487405092	0.1417107700000000	0.1185715800000000
1798	9.25564	2.2173415818068580	0.1008504050000000	0.0496428550000000
1800	9.25542	2.1999927995423780	0.1339477050000000	0.0740122350000000
1805	9.25320	2.2057147869982150	0.1476042000000000	0.1115722450000000
1806	9.25229	2.2018892877025529	0.1530878850000000	0.0901343800000000
1809	9.25199	2.2228546571389471	0.1473373200000000	0.1096338200000000
1812	9.24949	2.1990799883351335	0.1483182100000000	0.0785901000000000
1814	9.24858	2.1947182226311348	0.1432684950000000	0.0908813500000000
1815	9.24858	2.2201726619583759	0.1414042400000000	0.0974346800000000
1816	9.24577	2.2226172258194010	0.1462486300000000	0.0672484000000000
1818	9.24519	2.2256649787714453	0.1465253500000000	0.1092145800000000
1820	9.24436	2.3869804661927989	0.2643134500000000	0.0643310500000000
1821	9.24436	2.2278310326470145	0.1430841000000000	0.0421920750000000
1822	9.24404	2.1983502178115706	0.1785938900000000	0.0679545350000000
1826	9.24000	2.2077790421309000	0.1449157000000000	0.0936289950000000
1827	9.24000	2.2154681191364594	0.1204323600000000	0.0697839200000000
1833	9.24000	2.2276407412239734	0.1723292550000000	0.1406930950000000
1834	9.24000	2.2368024637458999	0.1419627950000000	0.1241493850000000
1835	9.24000	2.1784872489371820	0.1421754900000000	0.0948781300000000
1836	9.24000	2.2217573803699699	0.1161786600000000	0.0779146350000000
176	18.28240	2.2209057938054624	0.1545671300000000	0.1001467400000000
1840	9.24000	2.2125553425831224	0.1607915850000000	0.0831934850000000
1844	9.24000	2.4086839165254310	0.2774330100000000	0.1159491650000000
1845	9.24000	2.2211359119896050	0.1296654700000000	0.0667734450000000
1851	9.24000	2.2293390576853063	0.1318866700000000	0.0881322300000000
1853	9.24000	2.2292260229247050	0.1373860350000000	0.0678400800000000
1861	9.23882	2.2235126538095940	0.1387799100000000	0.1122965300000000
1862	9.23812	2.2165374073444677	0.1575702100000000	0.1026370650000000
1868	9.23567	2.2294404224874937	0.1574026600000000	0.0802225150000000
1871	9.23551	2.2007815330131617	0.1313875000000000	0.0969273500000000
1875	9.23490	2.1963503119871532	0.1486414900000000	0.1093613950000000
1876	9.23438	2.2167596261349285	0.1287911400000000	0.0967185450000000
1877	9.23438	2.2130180757128639	0.1614659250000000	0.1164898350000000
1878	9.23309	2.2250422010487663	0.1431543150000000	0.0956725700000000
1882	9.23219	2.2014724776516514	0.1671699350000000	0.0686150150000000
1885	9.23106	2.2278666272113909	0.1305807400000000	0.0742319250000000
1889	9.23018	2.2331788804558137	0.1528317600000000	0.1014892000000000
1890	9.22622	2.1803919414707784	0.1306803950000000	0.0844970550000000
1892	9.22493	2.1904301140891134	0.1653977000000000	0.0413538350000000
1900	9.21053	2.2116937225086448	0.1055161750000000	0.0850632900000000
1901	9.21053	2.2249513444522906	0.1762696450000000	0.1450734500000000
1903	9.19737	2.2202545056267566	0.1392882950000000	0.0655988850000000
1904	9.19634	2.2265715223121294	0.1461013600000000	0.0897458900000000
1908	9.18574	2.2021890139399467	0.1288774900000000	0.1010762700000000
1909	9.18574	2.2217556469248771	0.1671541900000000	0.0885072000000000
1914	9.18130	2.2321028348124332	0.1487949600000000	0.0917462700000000
1919	9.18028	2.2229222248455351	0.1042772900000000	0.0738905000000000
184	17.79570	2.2054593082966591	0.1505930900000000	0.1004365600000000
185	17.79570	2.2168650648049204	0.1456284800000000	0.0977731750000000
186	17.79430	2.2106307703031178	0.1488205500000000	0.1021665250000000
187	17.79430	2.2184948582179276	0.1504388100000000	0.1067969150000000
188	17.79230	2.2173172608767935	0.1600866400000000	0.0962540300000000
189	17.79230	2.1842209255218386	0.1512213450000000	0.0888692650000000
1920	9.17907	2.2164951292788264	0.1542390300000000	0.0913103550000000
1922	9.17791	2.2187927090871193	0.1478375850000000	0.0904140050000000
1927	9.17739	2.2243703373148547	0.1105623950000000	0.0971902750000000
1928	9.17710	2.1848725244813441	0.1504681200000000	0.0909083700000000
1930	9.17523	2.2029342065250792	0.1280418950000000	0.0990662050000000
1938	9.17204	2.2283187054444471	0.1492535750000000	0.0920047250000000
1939	9.17204	2.2272837811874551	0.1644403050000000	0.0596730750000000
1943	9.16873	2.1976464104754099	0.1549500900000000	0.1018789900000000
1947	9.16072	2.2555092533697816	0.1786988500000000	0.1383750700000000
1949	9.15790	2.2329818267175168	0.1435214450000000	0.0729193500000000
1950	9.15340	2.2038835544592725	0.1513768750000000	0.0904416500000000
1953	9.15240	2.2054819233460625	0.1543054850000000	0.1042057200000000
1955	9.15182	2.2210099598491229	0.1372903900000000	0.1198796600000000
1957	9.14276	2.2021684939432138	0.1419270950000000	0.0894312200000000
1964	9.14000	2.1957140097765580	0.1539883350000000	0.0663724250000000
1965	9.14000	2.2153810725465668	0.1456429600000000	0.0944235550000000
1970	9.14000	2.2145643815706526	0.1498860400000000	0.0935002150000000
1971	9.14000	2.1990361734412569	0.1458087850000000	0.0970157700000000
1974	9.14000	2.1976657081777948	0.1423835750000000	0.1084203650000000
1976	9.14000	2.2425915053591923	0.1331173050000000	0.1359155350000000
1979	9.14000	2.2019089474950300	0.1464280850000000	0.0653873950000000
1981	9.14000	2.2192941133572242	0.1570369750000000	0.0642936450000000
1984	9.14000	2.1694840210752049	0.0892098550000000	0.0890561000000000
1985	9.14000	2.2126609328339262	0.1871982950000000	0.1219919600000000
1986	9.14000	2.2236755335143150	0.1619370999999999	0.0837793150000000
1990	9.14000	2.2047549248756919	0.1509467450000000	0.0924612650000000
1992	9.14000	2.2240767789643869	0.1154490550000000	0.0887262700000000
1999	9.14000	2.1849352682256846	0.1343423850000000	0.0801080850000000
192	17.71340	2.2008598829702706	0.1775078150000000	0.1273834000000000
193	17.71340	2.2154813059854135	0.1456896600000000	0.1093566400000000
194	17.70800	2.1977801124895060	0.1505972550000000	0.1101075400000000
196	17.66620	2.2079471326255367	0.1597099150000000	0.0990609050000000
197	17.66620	2.2053218852559269	0.1469350450000000	0.1026092700000000
2001	9.14000	2.2225300352456014	0.1453178550000000	0.0935185200000000
2005	9.13999	2.2277580210723156	0.1367223450000000	0.1163295200000000
2008	9.13770	2.1942442842751713	0.1217649850000000	0.1002110650000000
2009	9.13770	2.2232312636517166	0.1416785400000000	0.0643710650000000
2010	9.13758	2.2320368456039930	0.1602802100000000	0.1030435250000000
2012	9.13558	2.2278785802978209	0.1248120200000000	0.0833552000000000
2014	9.13489	2.2266430180176719	0.1598033250000000	0.1184968050000000
2019	9.13416	2.1790251137210110	0.1312577000000000	0.1033537550000000
2021	9.13287	2.2005993447163172	0.1271150900000000	0.0929650950000000
2023	9.13245	2.2826753965463471	0.1996717550000000	0.0832249750000000
2026	9.13189	2.2109221695617678	0.1451273150000000	0.0696740900000000
2027	9.13189	2.2240558197950326	0.1552843250000000	0.0959575550000000
2030	9.11916	2.2051052167182124	0.1391325000000000	0.0841676050000000
2031	9.11916	2.2349196259755248	0.1466435100000000	0.0952562500000000
2032	9.11751	2.2313815711634253	0.1742815900000000	0.1122295350000000
2033	9.11751	2.2098800934992466	0.1489413900000000	0.0831743400000000
2034	9.10786	2.2170159787807306	0.1425652250000000	0.0632041550000000
2036	9.10508	2.2360430042698090	0.1667361750000000	0.0853893200000000
2037	9.10508	2.2494359068449534	0.1986036000000000	0.1407804900000000
2040	9.09280	2.1890628416400455	0.1677206150000000	0.0930411850000000
2042	9.08550	2.2126127029725113	0.0806569000000000	0.0938355700000000
2045	9.06423	2.2297210293147547	0.1324120850000000	0.0949069350000000
2046	9.05605	2.2135646514694911	0.1564511150000000	0.0871021450000000
2049	9.04366	2.1872721961265920	0.1058365300000000	0.1146842750000000
2050	9.03912	2.2047934498873460	0.1610905000000000	0.0925029850000000
2051	9.03912	2.2281864859050606	0.1527591300000000	0.1116585100000000
2056	9.03142	2.2226032308022696	0.1630980150000000	0.1007600000000000
2057	9.03142	2.2212396201817133	0.1535444850000000	0.1124825250000000
2060	9.02477	2.2344885077469656	0.1515133700000000	0.0867894150000000
2062	9.02425	2.2262481995274301	0.1296178600000000	0.0997971350000000
2066	9.02185	2.2226117464293575	0.1380715100000000	0.0929062000000000
2067	9.02185	2.2288092432311029	0.1477018100000000	0.1115520650000000
2068	9.02041	2.2916505836440484	0.2056674800000000	0.1248050850000000
2069	9.02041	2.2242837505841000	0.1629965000000000	0.0700356850000000
2075	9.02017	2.3537895304947511	0.2663984900000000	0.1324131350000000
2076	9.01653	2.2144021317361275	0.1548875250000000	0.0878668150000000
2077	9.01653	2.2299434226438688	0.1445445150000000	0.0828793900000000
204	17.35930	2.2002048172746891	0.1524000450000000	0.0877097850000000
206	17.27710	2.1885914584140318	0.1487259250000000	0.0854460850000000
207	17.27710	2.1925820378053733	0.1458113850000000	0.0868192800000000
2080	9.01619	2.2299711621189600	0.1703652250000000	0.1135155450000000
2083	9.01556	2.2031368009651797	0.1521764700000000	0.0926273400000000
2086	9.01160	2.2142802918913151	0.1529410950000000	0.1187260600000000
2088	9.01098	2.2271232906702458	0.1588837550000000	0.0989000350000000
2090	9.00911	2.2186774840104948	0.1182910350000000	0.0843195100000000
2091	9.00911	2.2074839150646999	0.1261122500000000	0.1051253350000000
2097	9.00734	2.2217272938681174	0.1547633300000000	0.0795139950000000
2099	9.00711	2.1800480597175835	0.1403744400000000	0.0732130800000000
2100	9.00469	2.2172426731600412	0.1605722800000000	0.0627556050000000
2109	9.00062	2.1985804037519938	0.1651050300000000	0.1165396550000000
2110	9.00011	2.1997680794059788	0.1294717700000000	0.1093609500000000
2113	8.99981	2.2154652632003433	0.1634135000000000	0.0766531400000000
2114	8.99965	2.2223518771390580	0.1519088200000000	0.0530127350000000
2117	8.99874	2.2473871983030542	0.2040401600000000	0.1289410850000000
2118	8.99850	2.2324065979608210	0.1960040950000000	0.1263032950000000
2121	8.99556	2.2061126819747701	0.1831050150000000	0.0909607900000000
2124	8.99371	2.2162198841060863	0.1023057300000000	0.0758478350000000
2125	8.99371	2.2213040881313626	0.1522065900000000	0.1017955650000000
2128	8.99078	2.2288489305641446	0.1555312200000000	0.1008443200000000
2130	8.98943	2.2297035258505309	0.1292685900000000	0.0675345350000000
2132	8.98853	2.2249824860048943	0.1351749400000000	0.0765896450000000
2133	8.98853	2.3865989067227140	0.2714936600000000	0.1548411000000000
2137	8.98743	2.2245952242413209	0.1098262700000000	0.0883335650000000
2141	8.98605	2.2333190157753204	0.1469530500000000	0.1020437650000000
2146	8.98340	2.2172525083318662	0.1433391100000000	0.0898374150000000
2149	8.98311	2.2115309667195766	0.1432579900000000	0.0916245750000000
2150	8.98274	2.2164489782871404	0.1398879100000000	0.0715670950000000
2152	8.98141	2.2324378691617270	0.1452586550000000	0.1092696450000000
2153	8.98141	2.3011470528832212	0.2233592000000000	0.0628679450000000
2155	8.98011	2.1892320214429031	0.1406028350000000	0.0872124250000000
2156	8.98000	2.1978770722765857	0.1498504550000000	0.0863821850000000
208	17.18240	2.2287836171775393	0.1752557450000000	0.1198722000000000
210	17.07690	2.2196984651139204	0.1631278300000000	0.0503655150000000
212	17.05300	2.2872065857334372	0.2623350550000000	0.1070300000000000
213	17.05300	2.1925564729396223	0.1601244050000000	0.0770049750000000
214	17.02200	2.1865062533610367	0.1447833300000000	0.0886965800000000
2161	8.98000	2.2246783892604212	0.1304794050000000	0.0862345300000000
2162	8.98000	2.2300768849876724	0.1876723100000000	0.0860886500000000
2164	8.98000	2.1920206547129997	0.1483212600000000	0.0848082900000000
2166	8.98000	2.2221844088479230	0.1596847750000000	0.0873199400000000
2167	8.98000	2.2271116008093172	0.1505122750000000	0.0429594700000000
2170	8.98000	2.2165619184443610	0.1474788000000000	0.1097780450000000
2171	8.98000	2.2394568559837005	0.1680577000000000	0.0863473250000000
2175	8.97946	2.2315285469327213	0.1437389550000000	0.1076871900000000
2176	8.97810	2.1976280562091888	0.1424579600000000	0.0938971900000000
2180	8.97481	2.1717135108065393	0.1355828850000000	0.0700645550000000
2182	8.97445	2.2324282011588288	0.1509794300000000	0.0806864450000000
2184	8.97257	2.2127118513035984	0.0955403900000000	0.1082469550000000
2186	8.97180	2.1882897872448015	0.1464367050000000	0.0744429600000000
2190	8.96742	2.2200574086073277	0.1652582150000000	0.0983779700000000
2191	8.96742	2.2375211775122317	0.1563798550000000	0.0887971250000000
2193	8.96490	2.3970960207747520	0.2603111650000000	0.1129435350000000
2194	8.96342	2.1722022428709966	0.1084367400000000	0.0348220200000000
2199	8.95967	2.2015230925621165	0.1475593850000000	0.1009832800000000
2201	8.95899	2.2048233748890618	0.1721191650000000	0.0689188600000000
2205	8.95765	2.2009945073143435	0.1328866200000000	0.0879773550000000
2207	8.95637	2.2099314750859915	0.1516385900000000	0.0913717700000000
2209	8.95617	2.2075673020579876	0.1265067150000000	0.1073216350000000
2212	8.95552	2.2256988635285548	0.1317531150000000	0.0996598850000000
2214	8.95525	2.2069182740025166	0.1337568750000000	0.1089450950000000
2216	8.95504	2.2311906455758144	0.1619457150000000	0.1099327150000000
2217	8.95504	2.2247841038869178	0.1251160550000000	0.0739138700000000
2222	8.95293	2.1889645239828601	0.0999888900000000	0.0616297400000000
2224	8.95254	2.1756730231340424	0.1275740150000000	0.0793003600000000
2226	8.95171	2.3372308790046299	0.2371680800000000	0.1552420750000000
2227	8.95171	2.2224902953494214	0.1585179000000000	0.0714817800000000
2228	8.95049	2.2090379913285587	0.1580664850000000	0.0875406850000000
2231	8.95019	2.2245032088234913	0.1707760400000000	0.0808278100000000
2233	8.95018	2.2219535848408554	0.1575389950000000	0.1111428550000000
2234	8.94969	2.2259384211877529	0.1325920650000000	0.0739326600000000
2239	8.94466	2.1793412027323860	0.1177363100000000	0.1076671100000000
216	16.98740	2.2090481559566810	0.1508989850000000	0.1329786200000000
217	16.98740	2.2036851675309519	0.1592636700000000	0.0873739100000000
218	16.98050	2.2060326386923568	0.1273511850000000	0.0698534550000000
220	16.93270	2.2092653581174471	0.1549159000000000	0.1100252700000000
222	16.91870	2.1894789659884046	0.1687553850000000	0.0636460050000000
2240	8.94271	2.1842365440944524	0.1458278000000000	0.0732910550000000
2241	8.94271	2.2144347043600368	0.1048369600000000	0.1296803400000000
2243	8.93885	2.2293866096830821	0.1108659650000000	0.0474876350000000
2244	8.93734	2.2253843492482228	0.1449373450000000	0.1103138600000000
2245	8.93734	2.2032185051048305	0.1696592800000000	0.1051873850000000
2246	8.93637	2.1699107304918490	0.1540863850000000	0.0820153250000000
2247	8.93637	2.2296240447193285	0.1394612450000000	0.0754118250000000
2252	8.93060	2.2080769647047007	0.1642838300000000	0.0752158100000000
2254	8.92967	2.2127178836172994	0.0790614450000000	0.0620396800000000
2256	8.92952	2.2169304865646238	0.1283029750000000	0.1036815100000000
2259	8.92877	2.1866571401505128	0.1489065650000000	0.0745830400000000
2260	8.92662	2.2287456396738703	0.1556844750000000	0.1022592750000000
2264	8.92659	2.1917733247368045	0.1316849300000000	0.0967577350000000
2278	8.92315	2.2006990422915971	0.1493355850000000	0.1011338700000000
2279	8.92315	2.2395565775886466	0.1387317900000000	0.0816768400000000
2282	8.92271	2.2287984232078895	0.1531094500000000	0.1115932750000000
2283	8.92271	2.2038847646933246	0.1417590600000000	0.1076147400000000
2284	8.92246	2.2272104005842155	0.1545259350000000	0.1022958600000000
2286	8.91801	2.2263919463700459	0.1659054300000000	0.1044441900000000
2289	8.91786	2.2163302842076926	0.1322859100000000	0.0806253350000000
2293	8.91512	2.2260707081010946	0.1418994000000000	0.1099834950000000
2295	8.91384	2.2113441285670166	0.1534564350000000	0.0919988000000000
2303	8.90204	2.2198443075543017	0.1555752350000000	0.1090813950000000
2304	8.89888	2.2340273888772240	0.1372731200000000	0.1007877050000000
2306	8.89326	2.2349969521043338	0.1479980300000000	0.1062014800000000
2310	8.88775	2.2087885739244109	0.1233798700000000	0.1024630950000000
2311	8.88775	2.2180388207533621	0.1390667950000000	0.0691917550000000
2313	8.87436	2.2125095364534610	0.1799676100000000	0.1011394250000000
2316	8.87173	2.2258941593258461	0.1516188200000000	0.0900188900000000
227	16.88770	2.1901453577392336	0.1572335050000000	0.1091653700000000
231	16.86680	2.1992566147988346	0.1505120700000000	0.0980113300000000
2320	8.86736	2.2201979218570029	0.1417040050000000	0.0894503150000000
2328	8.85706	2.1811975717374490	0.1406056800000000	0.0864788500000000
2331	8.85054	2.2377561103917309	0.1689262100000000	0.1178498550000000
2332	8.85044	2.2288180850138408	0.1475127850000000	0.0823538700000000
2335	8.85037	2.2325500270391809	0.1567169400000000	0.1031004550000000
2336	8.84817	2.2045436577501616	0.1810119000000000	0.1256626350000000
2337	8.84817	2.2460794660809786	0.1608300000000000	0.1234047500000000
2338	8.84617	2.1918518701870018	0.1471429850000000	0.0738442600000000
2339	8.84617	2.2215661036776879	0.1611304600000000	0.0843480500000000
2342	8.83638	2.2372097339062478	0.1656616250000000	0.0799714650000000
2343	8.83638	2.2320834247486849	0.1603658100000000	0.0617603400000000
2347	8.82773	2.3510508001736148	0.2408048950000000	0.1021745750000000
2349	8.82689	2.2270767125594544	0.1459072100000000	0.0968301900000000
2350	8.82364	2.2096358177265385	0.1625802600000000	0.1393803900000000
2352	8.81628	2.2250121547223771	0.1544277000000000	0.1078749450000000
2354	8.81623	2.2324811232810191	0.1339304150000000	0.0885707400000000
2355	8.81623	2.1922173164531911	0.1407295800000000	0.0781184800000000
2357	8.81004	2.2373462257126930	0.1341263350000000	0.0754819600000000
2363	8.80658	2.2263981440821694	0.1449465450000000	0.1305163900000000
2365	8.80631	2.2226281218660704	0.1646010750000000	0.1035978000000000
2368	8.79150	2.2267610885151554	0.1538128150000000	0.1237161200000000
2372	8.78074	2.2189633206031947	0.1460141200000000	0.0799966050000000
2374	8.77878	2.2125902476738637	0.1000549350000000	0.0584429300000000
2375	8.77878	2.2153761143540627	0.1393582600000000	0.0818325100000000
2376	8.77192	2.2325711200182270	0.1753719700000000	0.0943087750000000
2379	8.75648	2.2142486343501235	0.1767909450000000	0.0571760600000000
2380	8.75301	2.2343545735141075	0.1406916350000000	0.1138448350000000
2381	8.75301	2.2292232434001198	0.1353360850000000	0.0350847950000000
2384	8.74216	2.2087717151841098	0.1356531900000000	0.1015104100000000
2387	8.74090	2.2049937479184631	0.1117109000000000	0.0698566950000000
2390	8.73721	2.2282008923946020	0.1575623350000000	0.0882604300000000
2395	8.72981	2.2104153345892188	0.1342138650000000	0.0998056350000000
2397	8.72279	2.2074943179723800	0.1394015450000000	0.0994924300000000
2399	8.71645	2.2209247654650301	0.1647652900000000	0.0630938550000000
232	16.86620	2.2100452638191057	0.1522601100000000	0.0932636450000000
236	16.81790	2.2229118495920854	0.1572803000000000	0.0932757700000000
237	16.81790	2.2127247746609653	0.1756621000000000	0.0546912400000000
239	16.79440	2.2014974291613600	0.1520904800000000	0.0943325700000000
17	118.50600	2.2021671266177854	0.1348832250000000	0.0814215200000000
18	117.68400	2.1877114737601868	0.1497219850000000	0.1147464500000000
19	117.68400	2.2021960035417614	0.1599131250000000	0.0851992900000000
20	108.33700	2.2014766074125318	0.1664178000000000	0.0767656350000000
2402	8.70886	2.2188951150688490	0.1539079150000000	0.0937311850000000
2403	8.70886	2.2148516712520330	0.1169045950000000	0.0950757700000000
2404	8.70243	2.2019908907130556	0.1596588300000000	0.1203593300000000
2406	8.69579	2.2278634650460569	0.1412036800000000	0.0610437300000000
2409	8.69451	2.2210257747624014	0.1230101200000000	0.0890533200000000
2410	8.68958	2.1792007272484399	0.1388378850000000	0.0668371900000000
2414	8.67928	2.2186632128400441	0.1445057900000000	0.0951156850000000
2416	8.66682	2.2292700610760798	0.1542974700000000	0.1080457900000000
2417	8.66682	2.2287927272206343	0.1379369050000000	0.1039311000000000
2418	8.66452	2.2102950324392321	0.1372248000000000	0.1066227050000000
2425	8.64481	2.2183088670359545	0.1452296900000000	0.1220337750000000
2426	8.64296	2.1959917117955357	0.1515975700000000	0.0844202800000000
2431	8.62991	2.2376453599526505	0.1449200850000000	0.0651984550000000
2433	8.62916	2.2311330017281841	0.1392623400000000	0.1001181550000000
2434	8.62915	2.2258539237016324	0.1458062300000000	0.0915184250000000
2440	8.62799	2.1897566351829969	0.1420800600000000	0.0805404350000000
2444	8.62660	2.2700706110362230	0.2051493600000000	0.1334049200000000
2449	8.62562	2.2249378196442895	0.1351060300000000	0.1001007600000000
2454	8.62494	2.2230736846397088	0.1536505650000000	0.0981613300000000
2460	8.62151	2.1924345735224593	0.1322241650000000	0.0854997150000000
2461	8.62151	2.2126417760640384	0.1446514100000000	0.1071362750000000
2463	8.62143	2.2125721700187007	0.1036651950000000	0.0901426600000000
2464	8.62139	2.2333117780824354	0.1157944500000000	0.1000626900000000
2465	8.62139	2.1948533279460714	0.1504863300000000	0.0838794950000000
2470	8.60630	2.2276100898853515	0.1187032850000000	0.0879482150000000
2471	8.60630	2.2220253467227962	0.1534772300000000	0.1005061750000000
2472	8.59504	2.2100505068604330	0.1443248050000000	0.0704531250000000
2477	8.58354	2.2293404080470962	0.1300153700000000	0.0591698100000000
241	16.69370	2.1935378891598103	0.1094019000000000	0.1028119450000000
243	16.68240	2.2040937905061635	0.1361473250000000	0.0878284500000000
244	16.67950	2.2106735801694715	0.1525242100000000	0.0759580500000000
245	16.67950	2.2198374477026523	0.1545561200000000	0.0902293600000000
246	16.65760	2.2061573535779875	0.1439587750000000	0.0868371500000000
247	16.65760	2.1813919004458655	0.1441098050000000	0.0500305950000000
2481	8.56453	2.2064916575622551	0.1479632950000000	0.0719882150000000
2482	8.55860	2.2305409315679072	0.1515554850000000	0.1121089100000000
2486	8.54908	2.2223089802719107	0.1428603050000000	0.0991252350000000
2488	8.54109	2.2351360724057345	0.1321612550000000	0.0785033300000000
2489	8.54109	2.2241853921415609	0.1518316200000000	0.1216937200000000
2490	8.53987	2.2182827677678167	0.1592549450000000	0.0776761950000000
2491	8.53987	2.1502402453458740	0.1452022200000000	0.0526317650000000
2492	8.53909	2.2205841714433125	0.1587426450000000	0.0785359250000000
2497	8.53821	2.1975443308440221	0.1263739150000000	0.0949988950000000
2502	8.53760	2.2605526868037509	0.2003763400000000	0.0849800050000000
2504	8.53734	2.2287648179462685	0.1500491150000000	0.1178562300000000
2506	8.53691	2.1916567263612228	0.1527240250000000	0.0764867050000000
2508	8.53661	2.2287899436342711	0.1252570550000000	0.0769649600000000
2511	8.53659	2.1984910496937031	0.1626594400000000	0.0917014100000000
2513	8.53601	2.2364867102684824	0.1511926800000000	0.0705910000000000
2519	8.53272	2.2359463670196473	0.1428469250000000	0.1056324400000000
2521	8.53184	2.2140415624107082	0.1519822400000000	0.0880113250000000
2524	8.53047	2.2076612181460957	0.1589009800000000	0.0921007550000000
2525	8.53047	2.2159928308329961	0.1242979950000000	0.0920069750000000
2526	8.52658	2.2125752957028366	0.1455943200000000	0.0756038200000000
2528	8.52617	2.2261806983795212	0.1695152550000000	0.0963160050000000
2529	8.52617	2.1686589046668145	0.1486198050000000	0.0792627900000000
2530	8.52522	2.1861319208213379	0.1192871200000000	0.1023169950000000
2531	8.52522	2.2292680782219394	0.1667837500000000	0.0877116250000000
2532	8.51847	2.1898903722956451	0.1392321250000000	0.1069149350000000
2534	8.51488	2.2141503037459618	0.0903589700000000	0.0602216300000000
2535	8.51488	2.2027088909186276	0.1281980450000000	0.0625587400000000
2536	8.51130	2.2043288519991067	0.1470105150000000	0.1052313700000000
2539	8.50858	2.2349476778166206	0.1418123300000000	0.0791781450000000
2540	8.50824	2.2126138195356475	0.1244423600000000	0.1081467050000000
2543	8.49075	2.2164282220024103	0.1627399450000000	0.0945966500000000
2544	8.48967	2.2233177097900088	0.1442545250000000	0.0955620750000000
2545	8.48967	2.2004508311348601	0.1450784450000000	0.1019720100000000
2547	8.48000	2.2273871999248143	0.1440464100000000	0.1272554100000000
2550	8.48000	2.2322339846693637	0.1430415250000000	0.0817817350000000
2552	8.48000	2.2949137374825361	0.2158341750000000	0.1090349650000000
2553	8.48000	2.2102692518862055	0.1496510500000000	0.1293066500000000
248	16.57590	2.2071696989331921	0.1510929900000000	0.0746487950000000
250	16.51990	2.2000727474864266	0.1512260000000000	0.1040858800000000
252	16.50140	2.1985877084779792	0.1408233900000000	0.0870850900000000
2560	8.48000	2.2083414914001707	0.1638367300000000	0.0832314700000000
2562	8.48000	2.1985200899652328	0.1655036650000000	0.0810149850000000
2563	8.48000	2.2245059024200096	0.1103588700000000	0.1087541150000000
2566	8.48000	2.2332518645741972	0.1559441250000000	0.1035408600000000
2567	8.48000	2.2249020401902868	0.1611533400000000	0.1073870150000000
2568	8.48000	2.2173604158571454	0.1287638100000000	0.0526806100000000
2571	8.47797	2.2359033315731347	0.1475023100000000	0.0769857150000000
2573	8.47403	2.2236480564727423	0.1498966400000000	0.1065225200000000
2574	8.47213	2.2220663564618803	0.1416163350000000	0.0783297050000000
2576	8.47131	2.2403012589809661	0.1555045500000000	0.1223323450000000
2578	8.46680	2.2332167746284952	0.1332013100000000	0.0629242900000000
2580	8.46656	2.1936609164260439	0.1274002150000000	0.1010851400000000
2583	8.46167	2.2341638848878418	0.1464968950000000	0.0994627000000000
2584	8.46055	2.2141789122656279	0.1302339050000000	0.0876291100000000
2585	8.46055	2.2238872337338953	0.1398958050000000	0.0955853700000000
2591	8.44759	2.2274776027046155	0.1450666250000000	0.0859401150000000
2598	8.43092	2.2212153829064611	0.1414657250000000	0.0952750600000000
2604	8.42061	2.2332862609924899	0.1241052900000000	0.0771592550000000
2606	8.42039	2.1982886501804448	0.1617992150000000	0.0976507650000000
2608	8.41614	2.2094433513972001	0.1274809950000000	0.0863440350000000
2610	8.40807	2.2236677303543466	0.1544745150000000	0.0933391000000000
2611	8.40807	2.2173127553729004	0.1505752800000000	0.1118322050000000
2615	8.40334	2.2083453679107223	0.1249294250000000	0.1119105150000000
2626	8.38446	2.2301413247741451	0.1462436950000000	0.1183082450000000
2628	8.37889	2.2294003659894948	0.1345200450000000	0.1076657300000000
2633	8.37012	2.2314079188507705	0.1770890900000000	0.0847850400000000
2635	8.36918	2.2184224362769509	0.1518117450000000	0.1021214450000000
2636	8.36908	2.4135217476647925	0.2640898700000000	0.0939638300000000
2638	8.36731	2.2189083852274583	0.1214456400000000	0.0935440200000000
2639	8.36731	2.2197530513006418	0.1687493700000000	0.1007554300000000
259	16.44450	2.1963928613207289	0.1419172300000000	0.0881864500000000
262	16.21650	2.2154324795770632	0.1216391850000000	0.0673533950000000
263	16.21650	2.2065246030656178	0.1505187050000000	0.1079201500000000
2643	8.36655	2.2312773671081114	0.1511639750000000	0.1025933000000000
2650	8.36541	2.2380792859915268	0.1636149800000000	0.0848242350000000
2659	8.36450	2.2550387785689145	0.1477258000000000	0.0819487850000000
2660	8.36229	2.2293514963298953	0.1232339200000000	0.0715572200000000
2661	8.36229	2.2328967185454047	0.1582169300000000	0.0770380000000000
2662	8.35987	2.1770023909047689	0.1578367100000000	0.0826499650000000
2663	8.35987	2.2168653367458604	0.1319098100000000	0.1018870250000000
2667	8.35941	2.2390794244646881	0.1576631400000000	0.1037914800000000
2669	8.35877	2.2341506075078952	0.1432155850000000	0.0858138650000000
2670	8.35560	2.2287669529424776	0.1512481900000000	0.0976596450000000
2672	8.35329	2.2057519538737225	0.1605391050000000	0.0746246300000000
2674	8.35100	2.2014788128836549	0.1656727150000000	0.1033187550000000
2676	8.34964	2.2163694596280625	0.1791483050000000	0.1162032350000000
2677	8.34964	2.2090824016004067	0.1589065700000000	0.0880740100000000
2681	8.34857	2.1642906002610878	0.1482125200000000	0.0429462300000000
2685	8.34776	2.2265775830935768	0.1539959250000000	0.1004875000000000
2694	8.34473	2.2327717538213800	0.1544941500000000	0.0926110050000000
2695	8.34473	2.1597343029315637	0.1553395450000000	0.1092738850000000
2697	8.34384	2.2776039784326945	0.2184584300000000	0.1111456400000000
2698	8.34301	2.1983915327637376	0.1656450950000000	0.0968780350000000
2699	8.34301	2.2200217884569957	0.1661294950000000	0.0910011100000000
2704	8.34054	2.2192049176174504	0.1036907650000000	0.0676854700000000
2708	8.33427	2.2724932949959462	0.2541210350000000	0.1260226850000000
2716	8.31924	2.2215988490809893	0.1195884050000000	0.0851666100000000
265	16.21370	2.1446215779420359	0.1035762150000000	0.0493681900000000
266	16.20770	2.3107165830433609	0.1857612200000000	0.0787627800000000
268	16.15410	2.2092344991985802	0.1420245100000000	0.1042302300000000
269	16.15410	2.1900635747061870	0.1347465600000000	0.0993249950000000
271	16.15400	2.1965436509921692	0.1368142550000000	0.0679762700000000
2722	8.30872	2.2337445763817017	0.1520228400000000	0.1089753000000000
2729	8.30123	2.1942940415428902	0.1490605700000000	0.0675304250000000
2733	8.29158	2.1994250774718944	0.1299787900000000	0.1025609700000000
2734	8.27979	2.1854546796376755	0.1527342500000000	0.0401333100000000
2735	8.27979	2.2316883939186143	0.1437356500000000	0.1018656350000000
2743	8.27706	2.2292360980234127	0.1438488900000000	0.1032764550000000
2749	8.27052	2.2285700104925321	0.1402385450000000	0.0388750800000000
2750	8.27016	2.1954515983927472	0.1548373650000000	0.0656835100000000
2751	8.27016	2.2311562437075598	0.1529346500000000	0.0509533850000000
2752	8.26866	2.2328995212606779	0.1536649150000000	0.1438135350000000
2755	8.26649	nan	nan	0.0000000000000000
2756	8.26450	2.2303482499381051	0.1364651900000000	0.0735032850000000
2758	8.26374	2.2265911064032844	0.1400024500000000	0.0728390450000000
2768	8.24687	2.2261556101133420	0.1462754750000000	0.0644055050000000
2777	8.23853	2.2961406633262191	0.2115171700000000	0.0482529050000000
2778	8.23466	2.2322752500816194	0.1207185050000000	0.0883012800000000
2779	8.23466	2.2087682163588287	0.1516092550000000	0.1224159600000000
2780	8.23239	2.2298170432132594	0.1192430350000000	0.0767973850000000
2781	8.23239	2.2197467345723161	0.1422963300000000	0.1225144400000000
2785	8.22904	2.2260366929991386	0.1567761850000000	0.1061527750000000
2786	8.22882	2.2091325690256860	0.1732224850000000	0.1216830550000000
2795	8.21916	2.2145524799494916	0.1448366250000000	0.0968710450000000
2797	8.21880	2.2047747817339354	0.1412107800000000	0.0903382200000000
274	16.00470	2.2105655432706133	0.1699819100000000	0.0899938150000000
276	15.97560	2.1808560478789651	0.1590218000000000	0.0835547750000000
277	15.97560	2.1975226722570125	0.1564796950000000	0.0683197800000000
2800	8.21535	2.1992745626522390	0.1574543000000000	0.0947027050000000
2803	8.21484	2.2154088074039517	0.1486973500000000	0.0962697200000000
2804	8.21183	2.1891282675316281	0.1709131000000000	0.1089609250000000
2807	8.20236	2.2228641497144954	0.1467500100000000	0.1161169850000000
2809	8.20000	2.2316411588981837	0.1374986650000000	0.1019739450000000
2813	8.20000	2.2287663605208494	0.1458259200000000	0.1038495850000000
2814	8.20000	2.2349722553095099	0.1183577850000000	0.0861724300000000
2816	8.20000	2.1838724516565411	0.1624694800000000	0.0423192100000000
2822	8.20000	2.2681140332257081	0.1535695400000000	0.1039919300000000
2828	8.20000	2.2305401277519623	0.1543032050000000	0.1150951900000000
2831	8.20000	2.2336050234350848	0.1519865050000000	0.0773769800000000
2835	8.20000	2.2269189851551570	0.1402590150000000	0.0473214350000000
2836	8.20000	2.2233813022722066	0.1546245150000000	0.0778526500000000
2837	8.20000	2.2172729838643805	0.1593182800000000	0.0959216800000000
2839	8.19433	2.2167755653356567	0.1866774400000000	0.0333410250000000
2842	8.19382	2.2039533535097173	0.1391444550000000	0.0391120300000000
2843	8.19382	2.1936374353211665	0.1604671000000000	0.0676704600000000
2845	8.19066	2.2180319381255544	0.1018381550000000	0.1068062150000000
2846	8.18450	2.1692638041683590	0.1134153950000000	0.0651869000000000
2849	8.18384	2.2022370746951880	0.1397686700000000	0.0863569250000000
2851	8.18156	2.1872170854574828	0.1364404100000000	0.0855664000000000
2852	8.17698	2.2356995007935749	0.1625385750000000	0.0631101700000000
2853	8.17698	2.1895590292547866	0.1473009600000000	0.0956938800000000
2855	8.17129	2.2087626544422521	0.1340549050000000	0.0986498950000000
2856	8.17046	2.1873499466577222	0.1446132500000000	0.0640242650000000
2858	8.16935	2.2220383089943989	0.1280943050000000	0.0575627100000000
2859	8.16935	2.2078522121207955	0.1685066800000000	0.0628916600000000
2864	8.16645	2.2337811608839360	0.1501088700000000	0.0988314700000000
2865	8.16645	2.2271804476520023	0.1543441100000000	0.0496517150000000
2871	8.15953	2.2080890737416121	0.1239652900000000	0.1090291050000000
2876	8.14937	2.2375664472846442	0.1473447650000000	0.1049985200000000
280	15.79130	2.1926236528233103	0.1686445400000000	0.1269306650000000
281	15.79130	2.1841115199416348	0.1355589050000000	0.0805763300000000
282	15.71830	2.2168305505469057	0.1649677450000000	0.1055268350000000
283	15.71830	2.2125947043954768	0.1683589850000000	0.1106362850000000
287	15.37460	2.2184063447927937	0.1521189350000000	0.0871670250000000
2880	8.14488	2.2311581742816400	0.1548428900000000	0.0972677650000000
2881	8.14488	2.2281260227325044	0.1080109550000000	0.0700987000000000
2884	8.14298	2.2217326923612308	0.1414511350000000	0.0696132900000000
2887	8.13966	2.2273771815279861	0.1469973350000000	0.1163349800000000
2888	8.13955	2.2316608501317483	0.1462980600000000	0.0805281800000000
2893	8.13840	2.2090473894989993	0.1470415150000000	0.1189216700000000
2896	8.13696	2.2142563977004039	0.1403367600000000	0.0952027300000000
2900	8.13578	2.1984703670351839	0.1326531350000000	0.0965402950000000
2903	8.13443	2.2320821940747440	0.1408483400000000	0.1020484450000000
2904	8.13383	2.2332519316953721	0.1541809400000000	0.1067835050000000
2906	8.13301	2.1762223608818516	0.1351905600000000	0.0716465900000000
2911	8.13048	2.2176926101921266	0.1800967750000000	0.0421961350000000
2913	8.12955	2.2125181818746307	0.1703776800000000	0.0393217450000000
2914	8.12793	2.2082256200092152	0.1592155100000000	0.0960140300000000
2919	8.12592	2.2231166338319799	0.1657540500000000	0.1103842600000000
2920	8.12544	2.2557429467497485	0.2143645550000000	0.1025464700000000
2921	8.12544	2.2267182834282324	0.1400571300000000	0.0668946000000000
2922	8.12272	2.2001834400173124	0.1329003500000000	0.0993064300000000
2924	8.12265	2.2374560902138239	0.1416010950000000	0.1051366450000000
2925	8.12265	2.2004305372505812	0.1177936250000000	0.1233329050000000
2927	8.12189	2.3168293296298703	0.2424997000000000	0.1018556350000000
2928	8.12122	2.2316660837541900	0.1401189150000000	0.1016478350000000
2934	8.11876	2.1955121423999966	0.1442157600000000	0.1016104100000000
2937	8.11438	2.2179276971462865	0.1519404600000000	0.0909758500000000
2938	8.11091	2.2074973185868738	0.1422177750000000	0.0842080850000000
2941	8.11078	2.2224366074972361	0.1398877500000000	0.0935664450000000
2944	8.10951	2.2226428449960385	0.1473845000000000	0.1060086600000000
2945	8.10951	2.1943397571137560	0.1558318000000000	0.0963688850000000
2947	8.10739	2.1895907694604766	0.1483852800000000	0.0946322800000000
2949	8.10659	2.2279727199391668	0.1317640600000000	0.1083392550000000
2950	8.10431	2.2141894099008561	0.1494006600000000	0.0787483550000000
2952	8.09909	2.2351329448091546	0.1489199900000000	0.0668380350000000
2955	8.09854	2.2382829778054738	0.1473423800000000	0.1074330500000000
2958	8.09785	2.1918181919235171	0.1519896450000000	0.0980910400000000
288	15.35480	2.2337200073345165	0.1861646900000000	0.0970174100000000
292	15.33040	2.2126247183042143	0.1529290950000000	0.0733344550000000
294	15.28500	2.2020061886956341	0.1275980700000000	0.1079636200000000
2964	8.09688	2.2202287008205990	0.1532962450000000	0.1138398800000000
2966	8.09614	2.2213218686914868	0.1128539650000000	0.0879082900000000
2967	8.09614	2.1891233814030975	0.1285949400000000	0.0821056750000000
2968	8.09578	2.2278846573897511	0.1343850900000000	0.0792399400000000
2969	8.09578	2.2168918189573112	0.1825896350000000	0.0778514700000000
2970	8.09432	2.2379186507043665	0.1456022450000000	0.0869316100000000
2973	8.09383	2.2352303817272778	0.1363166150000000	0.0807408250000000
2974	8.09179	2.2334779629554569	0.1078962800000000	0.0828345850000000
2977	8.09157	2.2287648313471062	0.1426646450000000	0.0882761300000000
2980	8.09130	2.2402285401136086	0.1333557850000000	0.1565952250000000
2982	8.09088	2.2256766103749044	0.1469411850000000	0.1061951700000000
2983	8.09088	2.1933880461735056	0.1710455400000000	0.1038135550000000
2985	8.09051	2.2374915794305501	0.1591152250000000	0.0559626300000000
2986	8.09000	2.2044588153864439	0.1797318600000000	0.0988265250000000
2987	8.09000	2.2082970492053255	0.1291243500000000	0.0679790450000000
2989	8.09000	2.2102113401675378	0.1393336350000000	0.1007764050000000
2991	8.09000	2.2397285718182594	0.1491680700000000	0.0922453900000000
2995	8.09000	2.2169858080838640	0.1299702050000000	0.0686788850000000
2998	8.09000	2.2236671762503888	0.1244823500000000	0.0971872800000000
2999	8.09000	2.2298982032764827	0.1355324800000000	0.0804225300000000
3000	8.09000	2.2310271677854820	0.1032308050000000	0.0891584950000000
3002	8.09000	2.2228307732658013	0.1310658700000000	0.1079592200000000
3009	8.09000	2.2082561315887097	0.1616373100000000	0.0888445700000000
3011	8.09000	2.1921497992668479	0.1585904300000000	0.0910298050000000
3014	8.09000	2.1918501895163507	0.1305270300000000	0.0978524150000000
3015	8.09000	2.2021285943458642	0.1268051300000000	0.0529101950000000
3017	8.09000	2.2332784142274504	0.1469730250000000	0.0905314100000000
3025	8.08933	2.2001740927123348	0.1385973300000000	0.0977231700000000
3032	8.08660	2.2128544583240717	0.1453992500000000	0.0642262150000000
3033	8.08660	2.2225720158041016	0.1461473400000000	0.0796138300000000
3037	8.08477	2.1907318568398852	0.1595671150000000	0.0730857000000000
3038	8.08469	2.1952239092470904	0.1168452650000000	0.0854410050000000
3039	8.08469	2.3008783138852515	0.2284769150000000	0.1158647650000000
301	15.20500	2.2185788874323951	0.1374969800000000	0.0938671350000000
3040	8.08242	2.2317153475677687	0.1334559000000000	0.1142210150000000
3043	8.08148	2.2252864787103843	0.1279146650000000	0.1042062650000000
3044	8.08006	2.1752390123459744	0.1387960700000000	0.0790459750000000
3046	8.07997	2.2249352690438369	0.1303296200000000	0.0808484400000000
3048	8.07978	2.1677996865284217	0.1447182700000000	0.0653294450000000
3051	8.07978	2.1971097441211196	0.1741536750000000	0.0642602500000000
3053	8.07878	2.2175924288940907	0.1541623800000000	0.0942747400000000
3055	8.07877	2.2299127219287871	0.1616617650000000	0.0970338650000000
3056	8.07712	2.1822613757661751	0.1330328050000000	0.1002574300000000
3057	8.07712	2.2290093024536106	0.1431528400000000	0.0616998950000000
3058	8.07629	2.2191411877028120	0.1091895950000000	0.0893229600000000
3059	8.07629	2.2379280221879903	0.1640714000000000	0.0875469450000000
3062	8.07519	2.1871783436433643	0.1308528800000000	0.0536051000000000
3063	8.07519	2.2298929249507942	0.1442264950000000	0.0879108100000000
3065	8.07504	2.2058224193035518	0.1695351350000000	0.0754295900000000
3066	8.07475	2.2055205837090295	0.1407244200000000	0.0566530750000000
3067	8.07475	2.2239066593923638	0.1161793400000000	0.0560027900000000
3074	8.07165	2.1837554143619187	0.1442675450000000	0.0558102500000000
3075	8.07165	2.2037439700152954	0.1513999900000000	0.1057417600000000
3080	8.06908	2.2245214861135274	0.1324307400000000	0.0880437300000000
3084	8.06592	2.1859106338665972	0.1558495250000000	0.0431142500000000
3087	8.06448	2.1981036011960358	0.1374912550000000	0.0781090350000000
3091	8.05591	2.2104993728870328	0.1480311550000000	0.0895922550000000
3100	8.05284	2.2344625336200297	0.1395444850000000	0.1195215000000000
3101	8.05284	2.2374681043855640	0.1350180900000000	0.0792842950000000
3102	8.05240	2.1884091758684909	0.1665575050000000	0.0600976700000000
3103	8.05240	2.1664750691450592	0.1265450750000000	0.0755449300000000
3104	8.05108	2.2287629924064651	0.1408171350000000	0.0859112800000000
3107	8.05001	2.2127633863441289	0.1321709800000000	0.0521083500000000
3108	8.04961	2.2234958488117336	0.1294378700000000	0.0417875100000000
3111	8.04777	2.2176793351932620	0.1617852000000000	0.1162094650000000
3113	8.04733	2.2359713775672252	0.1755676100000000	0.1041132250000000
3116	8.04640	2.2099321613643741	0.1451321000000000	0.0967056150000000
3117	8.04640	2.2188106830569581	0.1570634950000000	0.1144821750000000
307	15.11510	2.2024000974301785	0.1643229550000000	0.0588250000000000
309	15.08880	2.1998084159752747	0.1548522350000000	0.1101725700000000
311	15.04170	2.2167262913745782	0.1639703700000000	0.1088537950000000
3121	8.04428	2.2374876991487125	0.1444166650000000	0.0978944200000000
3123	8.04340	2.2267161079345468	0.1679535150000000	0.0601462950000000
3125	8.04295	2.2254348537492232	0.1335439800000000	0.0871610550000000
3128	8.04112	2.2328067850439370	0.1222366700000000	0.0612699000000000
3131	8.04084	2.2268448579265647	0.1507855650000000	0.0902367950000000
3132	8.04055	2.2299647032705412	0.1486690750000000	0.0682531200000000
3136	8.03868	2.2003191871275929	0.1297700200000000	0.0832054450000000
3140	8.03554	2.1969923963493003	0.1327332300000000	0.1346703200000000
3143	8.03299	2.2339629654199187	0.1603452200000000	0.1023924750000000
3144	8.03061	2.2090674105619517	0.1801587350000000	0.1224896600000000
3146	8.02833	2.2297411751462537	0.1470803250000000	0.1323706050000000
3147	8.02833	2.2709275608316157	0.2587076900000000	0.1656886700000000
3148	8.02785	2.2903983921376385	0.2118376300000000	0.1528401350000000
3160	8.01725	2.2106531627691717	0.1652975050000000	0.1151230900000000
3162	8.01282	2.2078439663211760	0.1551648650000000	0.1161977400000000
3163	8.01282	2.2013533358459130	0.1516480300000000	0.0967382700000000
3164	8.01094	2.2145132698479641	0.1394415200000000	0.0794505650000000
3166	8.01092	2.2289889038065658	0.1356739500000000	0.0794406350000000
3173	8.01076	2.2008996600460202	0.1423679500000000	0.1524833300000000
3176	8.01068	2.1730450266409993	0.1374198300000000	0.1076067450000000
3177	8.01068	2.1888764165222061	0.1215421500000000	0.0734383500000000
3178	8.01058	2.2222618922545867	0.1638812550000000	0.0742345150000000
3180	8.01055	2.1795123428260306	0.1145791700000000	0.0414456000000000
3181	8.01055	2.2643420799175713	0.1645885950000000	0.0583376150000000
3184	8.01041	2.2163327730126627	0.1576202900000000	0.0843833100000000
3186	8.01038	2.2090970067730362	0.1583282600000000	0.1049785700000000
3189	8.01028	2.2259284499768617	0.1399686250000000	0.1007616950000000
312	15.02260	2.1808128203083701	0.1310995500000000	0.0841810050000000
315	15.01960	2.2101297392785337	0.1158502300000000	0.0546109450000000
318	14.98660	2.2060875062115146	0.1514776150000000	0.1072974500000000
30	76.54120	2.2002889250153856	0.1546221600000000	0.0733980950000000
321	14.98120	2.2154647706420332	0.1385626400000000	0.0511224600000000
322	14.93200	2.2030498555958848	0.1461039500000000	0.1122863450000000
327	14.79800	2.2069942913903695	0.1623167350000000	0.0960995250000000
328	14.72970	2.1954830745596601	0.1516843700000000	0.0910304300000000
329	14.72970	2.1973727987610712	0.1536859800000000	0.0867902850000000
333	14.68190	2.2237566391821542	0.1251452000000000	0.0819528250000000
339	14.65620	2.1803246077207303	0.1613407400000000	0.0554375200000000
341	14.65040	2.2007318528110247	0.1450190800000000	0.0976989050000000
345	14.64280	2.2186712554641081	0.1384238950000000	0.0973936900000000
352	14.56770	2.2186874532370893	0.1443425350000000	0.0983668850000000
355	14.55770	2.2202974547033225	0.1676177500000000	0.0879883200000000
361	14.54000	2.1773415975149764	0.1401622500000000	0.0637708150000000
364	14.51810	2.1893772433719083	0.1518783400000000	0.0950532600000000
369	14.49040	2.2016391362167842	0.1516950900000000	0.0940120650000000
371	14.46400	2.2195033576923242	0.1393780350000000	0.0783099800000000
373	14.42060	2.2198377500306430	0.1468019600000000	0.1160357200000000
374	14.41300	2.2042100004855696	0.1271493450000000	0.1013986100000000
377	14.40380	2.2051867690519247	0.1545340300000000	0.0863810100000000
378	14.38140	2.1933753393882061	0.1307920050000000	0.0525427250000000
381	14.36460	2.2083429368218113	0.1426873150000000	0.0880975350000000
382	14.29160	2.4435007184921518	0.2986796850000000	0.1320587000000000
384	14.28480	2.2078995783198505	0.1391006350000000	0.0941115250000000
385	14.28480	2.2260420650616175	0.1763167900000000	0.0866753300000000
387	14.18730	2.2210107553162435	0.1108786450000000	0.0929122400000000
391	14.17370	2.2174458732221085	0.1282500000000000	0.1112113950000000
397	14.06080	2.3121593052415879	0.2453594000000000	0.1125189550000000
32	70.71640	2.2018750877922262	0.1366700250000000	0.0665062800000000
35	68.84570	2.2020918699914374	0.1366796800000000	0.1036602700000000
36	67.20040	2.2041589293860255	0.1657402300000000	0.0555658050000000
38	61.69190	2.1951898327180484	0.1590440600000000	0.0781017250000000
400	14.01960	2.1825905836236132	0.1549367350000000	0.0641768000000000
404	13.98770	2.1990926343061648	0.1463341350000000	0.1094055600000000
406	13.94830	2.3834802195144040	0.2559326500000000	0.0965900850000000
409	13.91000	2.2351595057267422	0.1583037000000000	0.1204360350000000
410	13.90950	2.2188605932630976	0.1328344300000000	0.0746942450000000
411	13.90950	2.1792233500562892	0.1491792050000000	0.0703392200000000
412	13.86450	2.2038383118338065	0.1557057350000000	0.1190423400000000
414	13.85370	2.2075458627025317	0.1425308650000000	0.1081669950000000
419	13.68290	2.2038323600633727	0.1272670050000000	0.0445674100000000
422	13.54540	2.2255531381606755	0.1626391800000000	0.0693863350000000
423	13.54540	2.1878712230867596	0.1700868250000000	0.0721763400000000
424	13.54440	2.2033772568707191	0.1268128350000000	0.1106764000000000
426	13.50120	2.2222444787777769	0.1640810850000000	0.0515634900000000
428	13.46590	2.1975045549250272	0.1593149800000000	0.0827455500000000
430	13.44830	2.2099149488704533	0.1342814500000000	0.0689347650000000
434	13.38960	2.1889377286824794	0.1226193950000000	0.0878724950000000
436	13.38880	2.1878932270056870	0.1413649300000000	0.0485916000000000
442	13.37700	2.1800550055169361	0.1188798650000000	0.1333005500000000
448	13.33910	2.2052407070506366	0.1348393350000000	0.0961731850000000
450	13.33800	2.2216732932106495	0.1682525150000000	0.0796981150000000
451	13.33800	2.2126905574221860	0.0953820950000000	0.1045344100000000
452	13.33780	2.1958993915769613	0.1512638300000000	0.0942719450000000
458	13.32660	2.2141774979151161	0.1304733300000000	0.1131720650000000
459	13.32660	2.1917363496837989	0.1199187000000000	0.0949610000000000
460	13.31720	2.2232802636941504	0.1485604400000000	0.0751590800000000
461	13.31720	2.2125280065124464	0.1605198300000000	0.1182865200000000
464	13.29930	2.2230758153512427	0.1509339850000000	0.0983951050000000
465	13.29930	2.1982581957703018	0.1538550000000000	0.0653564200000000
466	13.28420	2.1669910159017700	0.1590734200000000	0.1437071450000000
468	13.28160	2.1761333561117477	0.1449812350000000	0.0980144250000000
469	13.28160	2.1792521196181349	0.1484547350000000	0.0935413600000000
470	13.28050	2.2168938157415390	0.1574055500000000	0.1117252000000000
471	13.28050	2.2268927246176404	0.1499417150000000	0.0996715250000000
474	13.26380	2.1794783600298904	0.1565671700000000	0.0441151950000000
475	13.26380	2.2099165863600017	0.1362322900000000	0.0861271650000000
479	13.23430	2.1992474490874820	0.1389910850000000	0.0980374300000000
40	59.62250	2.2033736531187267	0.1568894350000000	0.0945627000000000
44	56.03560	2.2010214626191269	0.1194162900000000	0.1174952350000000
46	53.66980	2.2018858892769684	0.1563384800000000	0.1065433150000000
481	13.21680	2.2137018286968595	0.1305003450000000	0.1131050200000000
484	13.21000	2.2124764945743594	0.1388272550000000	0.1163095000000000
490	13.21000	2.2149749026131897	0.1470194800000000	0.0855262250000000
492	13.21000	2.2001373446591788	0.1626052100000000	0.1310130000000000
497	13.21000	2.2414267670074719	0.1485901300000000	0.1419602100000000
499	13.21000	2.2012200307923071	0.1439663250000000	0.1346644450000000
500	13.21000	2.2153380617191636	0.1737547700000000	0.1026519050000000
503	13.20940	2.2094183654549084	0.1518438900000000	0.1098275400000000
505	13.20780	2.1959785758509960	0.1544459550000000	0.0806033050000000
506	13.20770	2.2005718167605717	0.1755913550000000	0.0676504500000000
510	13.20650	2.2186452835523940	0.1458189550000000	0.0920913700000000
511	13.20650	2.2153981901128721	0.1548276650000000	0.1133001250000000
516	13.20490	2.2154351685828075	0.1497617800000000	0.0678633300000000
519	13.20380	2.2100771720678032	0.1372087200000000	0.0861615200000000
521	13.20350	2.2225518091877734	0.1201668500000000	0.0793764400000000
522	13.19800	2.2033414171559755	0.1640605350000000	0.0324951300000000
523	13.19800	2.2144545038554777	0.1501954500000000	0.0912401950000000
525	13.19760	2.2242947378958142	0.1229723700000000	0.0843622250000000
526	13.19720	2.2215914601428173	0.1407799600000000	0.1175209700000000
527	13.19720	2.2179896356722955	0.1449974550000000	0.0938204150000000
528	13.19430	2.2262615457692627	0.1670079300000000	0.1044513000000000
529	13.19430	2.2005267087292837	0.1142443300000000	0.0855918250000000
531	13.19420	2.2182723754078215	0.1705965900000000	0.0925893750000000
532	13.19230	2.2174201028071323	0.1412100850000000	0.0713083550000000
535	13.19200	2.2020247255043439	0.1648403300000000	0.0480201350000000
536	13.19110	2.1963673232743366	0.1504570600000000	0.0606454750000000
537	13.19110	2.2124826499944823	0.1478017650000000	0.0678373800000000
538	13.19100	2.2173652147479546	0.1544643450000000	0.1169405000000000
539	13.19100	2.2063180107780269	0.1294965500000000	0.1094359650000000
540	13.16820	2.2109503317234154	0.1322970250000000	0.0826611700000000
541	13.16820	2.2110018908513100	0.1510654400000000	0.0904267000000000
542	13.14490	2.1934756465309375	0.1456322500000000	0.0876862350000000
543	13.14490	2.2177768167265461	0.1374159550000000	0.1167016400000000
547	13.09850	2.2169637380441727	0.1496269050000000	0.1031788850000000
552	13.07160	2.1964023001315045	0.1660174950000000	0.0413829950000000
557	13.05700	2.1960503062716916	0.1515691250000000	0.0972112000000000
49	53.59700	2.2036757764034158	0.1418245100000000	0.0840927200000000
51	47.21450	2.2028392135783368	0.1507071700000000	0.1067482450000000
52	47.09940	2.2004724722340545	0.1370335400000000	0.0903811150000000
53	47.09940	2.2034827133665105	0.1481136500000000	0.0974661500000000
561	13.04230	2.2239056271874338	0.1719455800000000	0.0878668250000000
564	13.01880	2.2104793264430387	0.1525232750000000	0.0726197100000000
566	13.01160	2.2202853777389828	0.1335512600000000	0.0846233900000000
568	12.98580	2.1864754486272515	0.1297575900000000	0.0972318050000000
569	12.98580	2.1884348224073600	0.1525050700000000	0.0837008700000000
570	12.98000	2.2027231026753276	0.1488154550000000	0.0906962550000000
572	12.91140	2.1724989518103661	0.1330067000000000	0.0768958900000000
583	12.78530	2.2084367300897139	0.1411741950000000	0.1020544850000000
586	12.70350	2.2207293869553069	0.1573279500000000	0.1028765450000000
590	12.66740	2.2196307666088511	0.1156808650000000	0.0953900900000000
592	12.65950	2.2207749243987576	0.1475305050000000	0.0821587150000000
595	12.64030	2.2009888450732542	0.1380073950000000	0.0845337150000000
598	12.62770	2.2078503967365273	0.1422499700000000	0.0915377550000000
599	12.62770	2.1925984870644637	0.1574410450000000	0.0745774150000000
600	12.60080	2.2148479735291406	0.1606228250000000	0.0439209400000000
602	12.59990	2.2108348250357519	0.1489478500000000	0.1194354050000000
605	12.58840	2.2175698824773709	0.1351445900000000	0.0940519050000000
606	12.57920	2.2562632005434358	0.2291910750000000	0.1437063450000000
610	12.56820	2.2180463506358801	0.1446702600000000	0.1004703100000000
611	12.56820	2.2091996735433828	0.1361864900000000	0.0831443850000000
612	12.56160	2.2125272262149038	0.1885460650000000	0.0905445600000000
614	12.55630	2.1799947838428118	0.1461197250000000	0.0989249900000000
615	12.55630	2.2218269666731980	0.1526874050000000	0.1055788750000000
621	12.52900	2.2215121730172722	0.1400640850000000	0.0913538350000000
623	12.52010	2.2492604307599078	0.1980023500000000	0.1094815050000000
624	12.48940	2.1825724240496194	0.1357503300000000	0.0656954700000000
627	12.46550	2.2145277957453859	0.1143318700000000	0.1023269050000000
629	12.44730	2.2090218339639596	0.1397490600000000	0.1016604900000000
631	12.43320	2.2257884046836161	0.1527006400000000	0.0827257700000000
632	12.42190	2.2033544337434554	0.1438314300000000	0.1006322850000000
633	12.42190	2.2140194088329368	0.1295367000000000	0.0418602350000000
634	12.41290	2.2178167594047888	0.1409039350000000	0.0871802450000000
637	12.39640	2.2548720389327586	0.1482583500000000	0.0992127700000000
639	12.39250	2.2220701042651028	0.1499440400000000	0.0982391900000000
58	42.54600	2.2018820690813201	0.1364507050000000	0.1232744800000000
59	42.54600	2.2045054924458318	0.1399781300000000	0.0998440750000000
60	42.09350	2.2059155430492634	0.1425723100000000	0.0866809900000000
640	12.36280	2.2022794421759611	0.1632613350000000	0.1004220700000000
642	12.35490	2.2075918114640039	0.1382833550000000	0.0868856600000000
643	12.35490	2.1839663155521434	0.1502782850000000	0.1035194450000000
645	12.34660	2.2266305997152669	0.1595534750000000	0.0329069700000000
647	12.33170	2.1879318304317499	0.1657183350000000	0.0715625350000000
649	12.32760	2.2068831199754060	0.1510613100000000	0.1093965400000000
651	12.31590	2.2183001865880621	0.1371528400000000	0.0696512550000000
654	12.30290	2.1803127505584032	0.1399324950000000	0.0755896050000000
660	12.28060	2.2207609831067963	0.1314290350000000	0.0537518900000000
662	12.27620	2.1818389320355553	0.1645953600000000	0.0747817650000000
666	12.27310	2.1793571661853126	0.1524415400000000	0.1066559950000000
672	12.26710	2.2440920281392587	0.1669451250000000	0.0787147900000000
673	12.26710	2.1861466699633820	0.1550652900000000	0.0801273300000000
674	12.26040	2.1963404829004967	0.1563209100000000	0.0713380750000000
675	12.26040	2.1901917106385342	0.1553972150000000	0.1283241200000000
676	12.25110	2.2254862545414871	0.1463127150000000	0.1074166350000000
678	12.25070	2.1798800775891101	0.1322610350000000	0.0899105300000000
679	12.25070	2.2071973868503663	0.1185995450000000	0.0985345600000000
681	12.24980	2.1996187781211738	0.1717069000000000	0.0696134350000000
683	12.24970	2.1999150548132569	0.1437226700000000	0.0927004400000000
688	12.24830	2.2261069512085521	0.1584956250000000	0.0958049450000000
692	12.24590	2.2176984157684041	0.1546005100000000	0.1027489150000000
693	12.24590	2.2103075400452274	0.1391763850000000	0.0969602000000000
694	12.24330	2.3843873697661966	0.2984241600000000	0.1283387350000000
695	12.24330	2.2185255848087975	0.1333293450000000	0.0949942150000000
698	12.24100	2.2298930560837018	0.1492520200000000	0.0422897900000000
706	12.23740	2.2154565777823674	0.1675437100000000	0.1212010150000000
708	12.23660	2.2082004363960466	0.1752262650000000	0.0995326550000000
709	12.23660	2.2258379339129029	0.1487105000000000	0.1175783300000000
714	12.23160	2.1799949757994135	0.1493001300000000	0.0651332700000000
715	12.23160	2.2965032722226177	0.2842285950000000	0.1404760400000000
718	12.22970	2.2124585036967246	0.2082311200000000	0.0922745500000000
64	36.87240	2.2070928373856855	0.1386622550000000	0.0661170100000000
65	36.87240	2.1914613547284367	0.1345136450000000	0.0945100700000000
68	34.70490	2.1917780468570478	0.1608275600000000	0.0912792750000000
69	34.70490	2.1934804768100213	0.1467551350000000	0.0742237050000000
71	34.34650	2.1994978088514543	0.1361731100000000	0.0966728050000000
721	12.20990	2.1990969379673500	0.1545369300000000	0.0787840350000000
724	12.19220	2.2040944131760116	0.1669647200000000	0.1190118700000000
726	12.19070	2.2258320489129129	0.1253026800000000	0.0673580250000000
729	12.18790	2.2156917767700666	0.0940635500000000	0.0456137800000000
732	12.18330	2.1960067607924079	0.1501357950000000	0.0987476700000000
736	12.18220	2.2065421008327464	0.1541565650000000	0.0851991400000000
739	12.17880	2.1821949467717965	0.1092349500000000	0.0901361900000000
741	12.17800	2.2209970040872524	0.1625735950000000	0.0988119500000000
746	12.16690	2.2256928316165903	0.1601122850000000	0.0788053800000000
749	12.16000	2.1716338335736958	0.1333934150000000	0.0703391700000000
751	12.14600	2.2149842305942826	0.1480946200000000	0.0948411600000000
754	12.06250	2.1854896465330609	0.1542377250000000	0.0600192000000000
755	12.06250	2.1857260284858611	0.1327599250000000	0.1107307450000000
756	12.04910	2.2236663966401373	0.1636078500000000	0.0870907600000000
758	12.04560	2.1840338672679556	0.1482842550000000	0.0869957350000000
759	12.04560	2.2485789584293379	0.1930063350000000	0.0983283900000000
761	12.03310	2.2006517929935057	0.1359480100000000	0.0795903300000000
762	11.98980	2.2094924884724128	0.1083511600000000	0.0676076100000000
763	11.98980	2.1895344906031062	0.1489634100000000	0.0969731950000000
765	11.96210	2.1783494812990347	0.1384284850000000	0.0952422850000000
766	11.96070	2.1990657182279771	0.1228444650000000	0.0903898150000000
768	11.93360	2.2163206559269373	0.1567724850000000	0.0993592100000000
771	11.91480	2.1954057867944790	0.1391833750000000	0.0913949250000000
773	11.90250	2.2272129525376707	0.1635431500000000	0.1115938600000000
775	11.87410	2.2185926288401108	0.1632815650000000	0.0968970500000000
779	11.86530	2.2180953557900605	0.1516399550000000	0.0732374650000000
780	11.85060	2.2236694491392193	0.1287160100000000	0.0855180900000000
786	11.81710	2.2156827177825114	0.1440298100000000	0.0975757250000000
791	11.79730	2.2268816460609311	0.1386605350000000	0.1036622050000000
792	11.78360	2.3224030992151712	0.2325481950000000	0.1014927250000000
797	11.77000	2.2171500765256238	0.1434318600000000	0.1064780250000000
798	11.74940	2.2167007705402297	0.1111322150000000	0.0920100200000000
74	32.32140	2.1942993129439432	0.1594909400000000	0.0642554000000000
75	32.32140	2.2081420426118923	0.1581743900000000	0.1032061750000000
