3	144.83400	2.1973150042493983	0.1332446200000000	0.0918403900000000
4	141.17100	2.1994143985867014	0.1386051900000000	0.0802623750000000
5	141.17100	2.3729723432522158	0.2662601600000000	0.1287502000000000
802	11.74220	2.2236729368567918	0.1260343750000000	0.0859114700000000
808	11.73530	2.2127702934554310	0.1603184050000000	0.1157699000000000
812	11.72650	2.2081385882267126	0.1612497100000000	0.1101288850000000
817	11.72430	2.1986114701392099	0.1480992100000000	0.0617123450000000
821	11.72220	2.2233280916033258	0.1503994350000000	0.1191054850000000
823	11.72100	2.1814564685314153	0.1323569550000000	0.0840956600000000
828	11.71240	2.1914398412617433	0.1408184950000000	0.0758506100000000
829	11.71240	2.3386012146481248	0.2237647250000000	0.0716235150000000
830	11.71140	2.2306464179055081	0.1404956350000000	0.0724346550000000
831	11.71140	2.2185605725584430	0.1605313500000000	0.1176603400000000
832	11.71070	2.1832283307605969	0.0869468600000000	0.0675525200000000
833	11.71070	2.1857686714980393	0.1450685450000000	0.0583550350000000
836	11.70160	2.2216994947403830	0.1580083800000000	0.0843261200000000
837	11.70160	2.2266027758732587	0.1568684600000000	0.0940073000000000
839	11.70000	2.2254690460840250	0.0984314800000000	0.0594121900000000
840	11.70000	2.2226432389792086	0.1589144050000000	0.1301541550000000
841	11.70000	2.2029164931857861	0.1450032350000000	0.0936716150000000
842	11.70000	2.1793812996885342	0.1135691700000000	0.0781779550000000
843	11.70000	2.2772314079727538	0.2166808150000000	0.0868003600000000
845	11.70000	2.1841365603467287	0.1300236850000000	0.0437843400000000
847	11.70000	2.2166261310177306	0.1497286150000000	0.1074407000000000
856	11.70000	2.2186576680569035	0.1359644400000000	0.0970604900000000
858	11.70000	2.2113367267876356	0.1366694350000000	0.0922034250000000
859	11.70000	2.1899098709451668	0.1406634800000000	0.1103637600000000
862	11.70000	2.2125063092360771	0.1446818450000000	0.1034802150000000
866	11.70000	2.1608774529992032	0.1144274550000000	0.1032188250000000
867	11.70000	2.2248506261726191	0.1877036300000000	0.1099869250000000
868	11.70000	2.2123751441102093	0.1655795200000000	0.0851267500000000
869	11.70000	2.2271230359561920	0.1443381900000000	0.1098510650000000
870	11.70000	2.2251088957848806	0.1597604000000000	0.1160600400000000
873	11.70000	2.2250108950600871	0.1245723300000000	0.0833391300000000
874	11.70000	2.2229725145949892	0.1514570600000000	0.0799770650000000
875	11.70000	2.3770761942577097	0.2711848900000000	0.1608346150000000
80	26.68980	2.2094239709027681	0.1422306850000000	0.0922971550000000
81	26.68980	2.3050105508184395	0.2136730950000000	0.1362706750000000
82	26.48190	2.2161461989797515	0.1655290200000000	0.1045816650000000
83	26.48190	2.2099028082760053	0.1528967250000000	0.0861744850000000
85	26.46800	2.2075103378593197	0.1275969450000000	0.0945632850000000
881	11.70000	2.2048038880605016	0.1496840750000000	0.1005019800000000
882	11.69840	2.2132292353720984	0.1667973800000000	0.1263895300000000
886	11.69360	2.2052781198385940	0.1591779600000000	0.0694383800000000
887	11.69360	2.1900656047233706	0.1249671600000000	0.1103430750000000
888	11.68810	2.2311090038971870	0.1543320800000000	0.0606161500000000
891	11.68000	2.1754722968713609	0.1308254200000000	0.0787691750000000
894	11.67530	2.1866076150869049	0.1333593200000000	0.0982928100000000
895	11.67530	2.2124247672694888	0.1302983150000000	0.0366018000000000
899	11.67240	2.2600444835721420	0.2055200050000000	0.0808429600000000
901	11.67020	2.2005653791464259	0.1466759150000000	0.0937505450000000
907	11.63960	2.2095629501271423	0.1528205750000000	0.0558579300000000
908	11.63210	2.2243474264649428	0.1471107300000000	0.0767532900000000
910	11.62890	2.2301937055698309	0.1556604800000000	0.0824792850000000
912	11.62220	2.1738641809935575	0.1303560350000000	0.0463473600000000
914	11.61880	2.2066019616639574	0.1528926550000000	0.0917863600000000
915	11.61880	2.2140621645616263	0.1408921300000000	0.1020740450000000
917	11.60350	2.2195902642894048	0.1136231250000000	0.0573802650000000
920	11.59250	2.2195616370572910	0.1321751100000000	0.0668255600000000
923	11.58810	2.2190396317919356	0.1193987400000000	0.0874675250000000
925	11.57950	2.2237533795411712	0.1259574250000000	0.0583330900000000
932	11.52700	2.2228287296206077	0.1508147600000000	0.0876742200000000
936	11.52380	2.2021717479773133	0.1645752100000000	0.0933393850000000
938	11.52030	2.1964157120413161	0.1532973800000000	0.1094052900000000
942	11.51670	2.2125937171055021	0.1649747800000000	0.0983764650000000
947	11.50830	2.2237464081544891	0.1379060150000000	0.0965440100000000
949	11.50430	2.2207189427447269	0.1288625450000000	0.0698368250000000
952	11.48170	2.2256457065245159	0.1476777650000000	0.0648560750000000
953	11.48170	2.2263870717923315	0.1418979350000000	0.1214821300000000
955	11.47710	2.2126905990819625	0.0798614200000000	0.1300640550000000
88	26.22460	2.2005438703620954	0.1433472750000000	0.0938271150000000
89	26.22460	2.2036452487620517	0.1347009600000000	0.1083576400000000
90	25.99150	2.2067533136160975	0.1497729250000000	0.0890961800000000
91	25.99150	2.1980727054811928	0.1261650150000000	0.0863327800000000
94	25.96410	2.2118534916826769	0.1416524850000000	0.1083673300000000
964	11.45440	2.2078451228854044	0.1231052350000000	0.0794078200000000
965	11.45440	2.1769945189896323	0.1454652650000000	0.0505610850000000
976	11.41910	2.1990619678807781	0.1538385550000000	0.1071003700000000
979	11.41090	2.2890710260061962	0.1854975300000000	0.1411345000000000
980	11.39810	2.2214504312773511	0.1322497500000000	0.0768808750000000
984	11.38880	2.2157394210644386	0.1439930600000000	0.0419388350000000
986	11.38710	2.2100929599290171	0.1434012750000000	0.0967501750000000
987	11.38710	2.2175552926942883	0.2062168650000000	0.1339319700000000
988	11.38180	2.2097748843812792	0.1467664750000000	0.1096687200000000
996	11.35540	2.2016100773140468	0.1309914050000000	0.0991169900000000
1000	11.34480	2.1870476437496968	0.1562459050000000	0.0702266450000000
1004	11.32070	2.2219700189873755	0.1283969300000000	0.0877081250000000
1006	11.30660	2.2620744197485609	0.2072948850000000	0.1173131700000000
1010	11.30350	2.2085178314358300	0.1382761100000000	0.0931233000000000
1011	11.30350	2.2097016460793153	0.1551445950000000	0.0912276950000000
1012	11.28590	2.2112284583617079	0.1064794400000000	0.0796933750000000
1015	11.28320	2.2215936804733203	0.1430503550000000	0.1057125350000000
1016	11.27850	2.2259388967537816	0.1553444300000000	0.1147200900000000
1017	11.27850	2.3131334459130399	0.2525431850000000	0.1147000800000000
1018	11.27530	2.2013310825164312	0.1276599800000000	0.0529065400000000
1028	11.26650	2.2239224526473627	0.1698219100000000	0.1078946250000000
1032	11.24410	2.2140530096292363	0.1238586100000000	0.0973120350000000
1036	11.23560	2.2203334176390332	0.1551576300000000	0.1088899150000000
1039	11.23230	2.2189728903630845	0.1520400400000000	0.0861423150000000
96	25.06110	2.1884222330612699	0.1379115650000000	0.1035993000000000
99	24.92170	2.2002858748025904	0.1462510600000000	0.0899536700000000
101	24.61260	2.1783609078959527	0.1669631500000000	0.0643981100000000
103	24.57650	2.1860358509752928	0.1424639850000000	0.0978042500000000
1040	11.22350	2.2279320938199088	0.1489083250000000	0.1111609200000000
1047	11.18810	2.2425682011098393	0.1793358200000000	0.1035462050000000
1048	11.18260	2.2597957577487642	0.1492894600000000	0.1081858600000000
1050	11.18250	2.2170861988358803	0.0710989100000000	0.0472406500000000
1053	11.18230	2.2235663681922366	0.1353001100000000	0.0789931250000000
1055	11.17720	2.2027433946660291	0.1385438500000000	0.0870971550000000
1056	11.17510	2.2210481884109745	0.1371999600000000	0.0907006550000000
1060	11.14950	2.2203710593592327	0.1399770650000000	0.0862907900000000
1063	11.14770	2.2125754629277674	0.1861454550000000	0.1363326600000000
1065	11.13930	2.2214643494610922	0.1464974550000000	0.0653829450000000
1067	11.13620	2.1888713607615506	0.1405918000000000	0.0338578900000000
1069	11.11960	2.1804091605356830	0.1671258150000000	0.0545562000000000
1071	11.11750	2.2038502085267977	0.1459688550000000	0.1077324600000000
1073	11.09650	2.2502974524458725	0.2146217650000000	0.1244773050000000
1074	11.08920	2.2160691985802412	0.1201942000000000	0.0549531750000000
1075	11.08920	2.3972708583529077	0.2507438750000000	0.1328443650000000
1076	11.07770	2.2296939371521636	0.1562016950000000	0.1153478950000000
1080	11.06540	2.2280179919329233	0.1547778050000000	0.1127710200000000
1082	11.06380	2.1798400229661343	0.1484417200000000	0.0807173300000000
1083	11.06380	2.2310105226501187	0.1342328450000000	0.0936812050000000
1084	11.06310	2.2219639830063689	0.1351341600000000	0.0649617750000000
1085	11.06310	2.2282555248215852	0.1591589750000000	0.0825488450000000
1087	11.05860	2.2199368850643380	0.1472865850000000	0.1145366200000000
1088	11.05560	2.2015371818944249	0.1583393050000000	0.0848697900000000
1092	11.03460	2.2026868450112205	0.1315238950000000	0.0970851450000000
1093	11.03460	2.2073832965086542	0.1552542300000000	0.0445761900000000
1099	11.02590	2.2073287111443620	0.1489866250000000	0.0998033600000000
1105	10.97710	2.1955287513330428	0.1532305150000000	0.1043435850000000
1106	10.97450	2.2048528353437393	0.1472475150000000	0.1106777350000000
1111	10.96410	2.2255684694735427	0.1406245800000000	0.0944258850000000
1114	10.95360	2.2013803424063294	0.1008087350000000	0.0896199350000000
1115	10.95360	2.1755750273232799	0.1377060650000000	0.0901269750000000
1117	10.93930	2.2392173368860639	0.1380734850000000	0.1128738050000000
104	24.51240	2.2083779534697103	0.1346857150000000	0.0866922750000000
108	24.08970	2.2107473078409705	0.1467210450000000	0.0916858200000000
110	23.82210	2.1984666624499547	0.1460150350000000	0.0930048450000000
111	23.82210	2.2054334706091319	0.1561773650000000	0.0970098750000000
1127	10.92830	2.2221922417410389	0.0872199250000000	0.0487112550000000
1129	10.92790	2.2294164699618189	0.1528153150000000	0.0996110700000000
1137	10.92380	2.2141949398185425	0.1547338600000000	0.0909898050000000
1140	10.92290	2.2063838958238553	0.1283375350000000	0.0770323600000000
1145	10.92230	2.2257841378778478	0.1469344100000000	0.0463404350000000
1146	10.92210	2.2279493365036136	0.1276534650000000	0.0777392200000000
1147	10.92210	2.2262719361757117	0.1464759550000000	0.1107943100000000
1151	10.92080	2.2104629266864197	0.1396301250000000	0.1028847200000000
1152	10.91860	2.2244782069496445	0.1497424600000000	0.0783803800000000
1154	10.91650	2.2145420753262561	0.0661803300000000	0.0943967500000000
1155	10.91650	2.2280069346640348	0.1459955400000000	0.0964981050000000
1158	10.90520	2.2212330392137503	0.1443595650000000	0.1085286300000000
1160	10.90250	2.2072512690439403	0.1421230450000000	0.0834402300000000
1161	10.90250	2.2127953039913986	0.1960290700000000	0.0995799650000000
1163	10.90130	2.2268972930385278	0.1546424200000000	0.1093623450000000
1165	10.89690	2.2202948531233839	0.1563753300000000	0.0945336450000000
1168	10.88480	2.3606005854320209	0.2601754850000000	0.1250898000000000
1169	10.88480	2.2313942232928605	0.1538221700000000	0.0942786350000000
1171	10.88460	2.2055296741757537	0.1641909800000000	0.0571141900000000
1172	10.88410	2.1953164086261125	0.1621579550000000	0.0778446900000000
1173	10.88410	2.1912166412650942	0.1333404900000000	0.0563314500000000
1176	10.88150	2.1982885417862437	0.1387443850000000	0.1006028650000000
1177	10.88150	2.1774773279174680	0.1237863650000000	0.0595616750000000
1179	10.84320	2.2256634558331103	0.1517156650000000	0.0742748950000000
1182	10.82110	2.2234418144202177	0.1551725850000000	0.1108141050000000
1185	10.76010	2.2284307770233460	0.1401770000000000	0.0994327600000000
1186	10.74210	2.1717781518095132	0.1394179500000000	0.0560915350000000
1191	10.62350	2.2316969067086134	0.1337087250000000	0.0646441100000000
1193	10.61910	2.2059710428089465	0.1132852200000000	0.0622782550000000
1195	10.61840	2.2020202702735983	0.1464273850000000	0.0813393150000000
1196	10.61790	2.2325416510104064	0.1558609400000000	0.1038473150000000
1198	10.61770	2.1916698224591835	0.1507628250000000	0.0809375150000000
113	23.57600	2.1920830839650005	0.1571114950000000	0.0928248000000000
118	22.53360	2.2046740351527867	0.1454033500000000	0.1194447200000000
1207	10.61610	2.2329442278660840	0.1635757700000000	0.0842466050000000
1213	10.61400	2.2052641172076575	0.1542027750000000	0.0976026600000000
1215	10.61230	2.1997883119988262	0.1535808350000000	0.1002577250000000
1216	10.61210	2.2208453119444349	0.1570014050000000	0.0854137400000000
1217	10.61210	2.2185915724837479	0.1571616750000000	0.0344383950000000
1218	10.61090	2.1989069997063764	0.1325053650000000	0.0889346400000000
1223	10.61040	2.2048372407298409	0.1343644900000000	0.0753098950000000
1224	10.61010	2.1963516241385208	0.1625422600000000	0.0840637200000000
1228	10.58910	2.2210138667825587	0.1219956700000000	0.0863236550000000
1229	10.58910	2.2225328928081081	0.1577706800000000	0.1162696950000000
1230	10.58300	2.2012994207128300	0.1438171700000000	0.0780756000000000
1232	10.54440	2.2213539691184923	0.1467687700000000	0.1134749900000000
1234	10.52320	2.2093077283208209	0.1480195800000000	0.0802004000000000
1237	10.51650	2.2019524790170331	0.1583398350000000	0.1231581150000000
1239	10.49100	2.1768669067293280	0.1581295000000000	0.0829744650000000
1240	10.47010	2.2317090564025097	0.1386798500000000	0.1203767100000000
1242	10.46930	2.1955706422882666	0.1364124250000000	0.0993060350000000
1243	10.46930	2.2197796388947664	0.1391902050000000	0.0995752200000000
1244	10.46380	2.1945366530963755	0.1330567550000000	0.1051698350000000
1248	10.42930	2.2198883723962544	0.1807575850000000	0.1017137150000000
1249	10.42930	2.2021121878745742	0.1265884300000000	0.0963693100000000
1251	10.41750	2.2166105185842464	0.1396355600000000	0.0596978800000000
1253	10.40010	2.3927717124833294	0.2895311000000000	0.1452448650000000
1254	10.39910	2.2031387355793894	0.1292246100000000	0.1059425500000000
1255	10.39910	2.2244978280854255	0.1431851250000000	0.0992264500000000
1256	10.39850	2.2308135477951412	0.1546260000000000	0.1141246600000000
1258	10.39810	2.2182803884100148	0.1610350100000000	0.0847911250000000
1262	10.37670	2.2416896934065043	0.1776402250000000	0.1021061050000000
1264	10.36310	2.2370845979252771	0.1680196050000000	0.1221103050000000
1265	10.36310	2.2277512245387694	0.1412374550000000	0.0977270400000000
1266	10.35950	2.2269290734136047	0.1540247850000000	0.0640529550000000
1268	10.34790	2.3289729846944787	0.2510036050000000	0.0588189500000000
1272	10.34210	2.2110173056416116	0.1368768650000000	0.1038248950000000
1273	10.34210	2.2169316154277263	0.1514409800000000	0.0981887500000000
1275	10.34030	2.2986170806988229	0.1993212400000000	0.1040230500000000
1278	10.33740	2.1993193377865006	0.1389698050000000	0.1041337350000000
1279	10.33740	2.2162077309225845	0.1147926000000000	0.0592791650000000
120	22.50900	2.2087979469549524	0.1337376750000000	0.1133660550000000
121	22.50900	2.2071244098616942	0.1469436000000000	0.0926821300000000
122	21.95780	2.2035067355388223	0.1450454500000000	0.0329756700000000
123	21.95780	2.2057611983009560	0.1132243950000000	0.0586105450000000
126	21.78800	2.2064017569889547	0.1574000850000000	0.0940759400000000
127	21.78800	2.2185030007686328	0.1483575800000000	0.1168200750000000
1280	10.32880	2.2387536780010096	0.1596244550000000	0.1165745950000000
1285	10.32170	2.2091484910319066	0.1299337550000000	0.0496555800000000
1286	10.32150	2.2244204138666199	0.1283140450000000	0.0636771450000000
1288	10.31540	2.2299338090238057	0.1699026800000000	0.1360923700000000
1290	10.30710	2.1960800030469945	0.1311573750000000	0.1023269750000000
1293	10.29770	2.2227159838133899	0.1406570150000000	0.1081438150000000
1296	10.29030	2.2104567844771075	0.1337031050000000	0.0782270550000000
1297	10.29030	2.2108162461321941	0.1503203850000000	0.0897154850000000
1300	10.28650	2.2300509291861195	0.1523717550000000	0.0941365300000000
1305	10.28410	2.2324993776788511	0.1527175050000000	0.1217082400000000
1306	10.27900	2.2351885569453156	0.2170208100000000	0.1561280650000000
1307	10.27900	2.2111716207028964	0.1479123300000000	0.0401942350000000
1314	10.27740	2.2229627387709683	0.1447394500000000	0.1033396150000000
1315	10.27740	2.2154674537721979	0.1526168350000000	0.1204900800000000
1319	10.27300	2.1857314273404573	0.1512377550000000	0.0933501350000000
1320	10.26090	2.1773032874870246	0.1396614550000000	0.0687851950000000
1321	10.26090	2.2197679203684073	0.1342937750000000	0.0653800400000000
1324	10.25040	2.2276169179245859	0.1299441550000000	0.1061415150000000
1325	10.25040	2.2274274480382430	0.1465453700000000	0.1010687800000000
1326	10.23910	2.2171363961614929	0.1198336100000000	0.0721426400000000
1327	10.23910	2.2178529000744125	0.1530532200000000	0.1233231150000000
1328	10.23050	2.2144284348375343	0.1031277150000000	0.1347262100000000
1333	10.20550	2.1971104637701475	0.1249766400000000	0.0851213250000000
1334	10.20380	2.2128859463490502	0.1314871950000000	0.0921937450000000
1339	10.19020	2.1885253850771900	0.1333956350000000	0.0856356950000000
1342	10.18510	2.2271278364892688	0.1537721400000000	0.1137415250000000
1345	10.18490	2.2316718539916738	0.1672598700000000	0.0955014850000000
1346	10.18350	2.2271738232081262	0.1391286600000000	0.0850207900000000
1347	10.18350	2.2426005311967794	0.1864840200000000	0.0720978150000000
1355	10.16150	2.1846869596257452	0.1381096850000000	0.0937988850000000
1359	10.16060	2.2327866370193634	0.1669794800000000	0.0659577250000000
131	21.40930	2.2079861563987380	0.1351232950000000	0.0961685250000000
133	21.29740	2.2029317723055701	0.1445637950000000	0.0935444700000000
134	21.21890	2.2109619215931446	0.1597272300000000	0.0658577000000000
135	21.21890	2.2091065849809954	0.1500851350000000	0.1022370400000000
1360	10.15810	2.2138193786771536	0.1444945400000000	0.1040315500000000
1361	10.15810	2.2180039505782965	0.1127195400000000	0.0809170650000000
1362	10.15700	2.2024679939695035	0.1512358050000000	0.0438387700000000
1365	10.15050	2.2339854925272418	0.1664944600000000	0.0863433400000000
1366	10.15010	2.2269305937382970	0.1490305750000000	0.1074041600000000
1375	10.14090	2.2322181180897775	0.1456225900000000	0.0925511950000000
1376	10.13960	2.1964849751683775	0.1346714800000000	0.0559850300000000
1377	10.13960	2.1908458714079617	0.1446281800000000	0.0606458950000000
1379	10.13950	2.2338446330947188	0.1545489900000000	0.0865523000000000
1380	10.12850	2.2242983365348845	0.1264487900000000	0.0879432050000000
1381	10.12850	2.1874222441868172	0.1499966950000000	0.0674721200000000
1382	10.12620	2.2299192871180384	0.1533760350000000	0.0769103450000000
1383	10.12620	2.2061421705433171	0.1567328250000000	0.0682280050000000
1384	10.12620	2.2125811345286350	0.2079817300000000	0.0796656600000000
1386	10.12610	2.1997668286548593	0.1241238600000000	0.0764610300000000
1394	10.12330	2.2202325936553704	0.1605228600000000	0.1185156650000000
1395	10.12330	2.2069431913198203	0.1553527600000000	0.0584140400000000
1396	10.12260	2.2198368740155838	0.1351731550000000	0.1110913000000000
1405	10.10280	2.2067988828619076	0.1865339850000000	0.1577062550000000
1409	10.07350	2.1847397927797774	0.1449624150000000	0.0787688300000000
1413	10.06450	2.2193627866189325	0.1619112500000000	0.1177885600000000
1415	10.06280	2.2206508932774365	0.1290336000000000	0.0757572250000000
1417	10.05140	2.2225885322206200	0.1453682250000000	0.1023433950000000
1418	10.04880	2.1864885220036494	0.0950407600000000	0.0515560550000000
1425	10.04410	2.2124754935352198	0.2015522650000000	0.1579434250000000
1430	10.00540	2.2246307915367742	0.1412231550000000	0.0930161150000000
1433	9.97105	2.2067741817186435	0.1494876850000000	0.1366869650000000
1434	9.95261	2.2040913748310289	0.1541931050000000	0.1041646250000000
1436	9.94991	2.2076035797525861	0.1426451750000000	0.1074490900000000
1437	9.94991	2.2160825904730341	0.1064706650000000	0.0868817650000000
1439	9.93271	2.2266259613859596	0.1418565400000000	0.0707577650000000
138	20.82900	2.2145185347286556	0.1352362650000000	0.1135132400000000
140	20.53460	2.1899305645555693	0.1402493800000000	0.0814618050000000
142	20.48610	2.2111550371717712	0.1478174600000000	0.1121893150000000
143	20.48610	2.1969060272187355	0.1457943900000000	0.0932203800000000
1441	9.90524	2.1955031336313287	0.1479706400000000	0.0908258650000000
1442	9.82061	2.2296313294772396	0.1458793350000000	0.1113512700000000
1445	9.80216	2.1773933589912948	0.1480433500000000	0.0815415250000000
1446	9.79928	2.2250527990262858	0.1419972950000000	0.0827299200000000
1449	9.79831	2.2031665701383112	0.1488130100000000	0.0969822800000000
1452	9.79790	2.1934087813919723	0.1241225300000000	0.1032216600000000
1459	9.79694	2.2203611204858333	0.1179545250000000	0.0872922000000000
1462	9.79521	2.2159427829617231	0.1874998750000000	0.1174721000000000
1463	9.79521	2.2642927612970776	0.2122756500000000	0.0993847500000000
1464	9.79515	2.2325098486909405	0.1484634600000000	0.0833018050000000
1466	9.79475	2.1921608542500155	0.1437145200000000	0.1046162800000000
1469	9.79345	2.2117456297030995	0.1492103300000000	0.1033271950000000
1471	9.79320	2.2068030492499622	0.1479121300000000	0.0890352050000000
1475	9.79288	2.2292834883233130	0.1329383000000000	0.0804634400000000
1477	9.79273	2.2553818781783215	0.2151255700000000	0.0933503950000000
1479	9.79166	2.2147779854791478	0.1022347600000000	0.0937150700000000
1480	9.79145	2.2855476131967096	0.2282104900000000	0.1087102850000000
1481	9.79145	2.2323601650432545	0.1538906800000000	0.0936575500000000
1492	9.72526	2.2305002251745747	0.1334330950000000	0.0526682050000000
1497	9.70935	2.2335584824133399	0.1533542650000000	0.0541520450000000
1498	9.69595	2.2249109324905554	0.1120108250000000	0.0823040800000000
1500	9.67046	2.2183429411179154	0.1301089000000000	0.1025325200000000
1507	9.67000	2.3676066642619658	0.2585033750000000	0.0536939050000000
1509	9.67000	2.1811777180467566	0.0972425750000000	0.1118280100000000
1510	9.67000	2.1836321273657830	0.1396158100000000	0.0798785100000000
1514	9.66336	2.2348876021860309	0.1542321650000000	0.0755415150000000
1516	9.66178	2.2289909010150213	0.1415736300000000	0.0985760200000000
1517	9.66178	2.1986031697372383	0.1154410500000000	0.0485542350000000
1518	9.66145	2.2071912189022944	0.1428058750000000	0.1040900750000000
145	20.48180	2.2217908531277346	0.1817447650000000	0.1156234300000000
147	20.23890	2.2103720361088040	0.1437286150000000	0.1119556350000000
148	20.14810	2.2066357674741011	0.1196809500000000	0.0643957050000000
151	19.99580	2.2126734869441056	0.2113671050000000	0.1445923950000000
1521	9.66139	2.2277358777062743	0.1897150650000000	0.1051834500000000
1525	9.66111	2.2076376120254912	0.1492640750000000	0.0922338550000000
1526	9.66104	2.2356240406961216	0.1613042600000000	0.0997289300000000
1529	9.66080	2.2126412567949840	0.1421000150000000	0.0890470600000000
1531	9.65958	2.2217464846052342	0.1263429250000000	0.0773795700000000
1536	9.65484	2.3940979100047430	0.2708137350000000	0.0738815500000000
1537	9.65484	2.2255367509433692	0.1219787450000000	0.0873451900000000
1539	9.65423	2.2129848988511207	0.1219760900000000	0.1506373950000000
1541	9.65415	2.2265303664029177	0.1233279400000000	0.0488761700000000
1542	9.65411	2.3058883016220575	0.2323133500000000	0.1029454600000000
1543	9.65411	2.2321224872073797	0.1356527400000000	0.1038764200000000
1548	9.65323	2.2292412402540784	0.1503058400000000	0.0948107750000000
1549	9.65323	2.2301802289444899	0.1574311650000000	0.0814031100000000
1554	9.62796	2.2062211340234987	0.1435272900000000	0.0919264900000000
1557	9.62658	2.2099808487528443	0.1432262450000000	0.0926014850000000
1562	9.61583	2.2351812818907724	0.1471095750000000	0.1135608300000000
1569	9.61229	2.2210823972854676	0.1609187750000000	0.0629333950000000
1572	9.60674	2.2204995182403411	0.1566300950000000	0.0388994050000000
1586	9.59731	2.2678402050954940	0.1439841850000000	0.1587041250000000
1588	9.59695	2.1701116449187690	0.1774057850000000	0.0829474300000000
1590	9.59629	2.2287838875420847	0.1337257000000000	0.1018942050000000
152	19.67710	2.2125291305483703	0.1663614750000000	0.0837052100000000
9	139.63100	2.1957777169388177	0.1655047200000000	0.0545094200000000
10	128.05800	2.1984896570745778	0.1523515150000000	0.1005242800000000
11	128.05800	2.1995354214730951	0.1644231850000000	0.1118988800000000
13	126.69400	2.1944088889213331	0.1413302950000000	0.0928985700000000
14	118.71200	2.2058208918581590	0.1626233100000000	0.0882789400000000
1601	9.58934	2.2016140585096604	0.1515957450000000	0.0669651400000000
1602	9.58931	2.1735039200711466	0.1382069350000000	0.0677453900000000
1603	9.58931	2.2112287517904656	0.1409942250000000	0.0976948600000000
1606	9.58877	2.2334461496403999	0.1428111650000000	0.1015867250000000
1607	9.58877	2.2345025234501663	0.1433347050000000	0.1253981350000000
1609	9.58865	2.2202782639420975	0.1460105400000000	0.1070916250000000
1611	9.58849	2.2144314946618482	0.1554452650000000	0.0935228950000000
1613	9.58849	2.1956833054926679	0.1442939550000000	0.0902459000000000
1617	9.58787	2.1985476278190510	0.1431235950000000	0.0872559750000000
1619	9.58777	2.2087000329478190	0.1357226050000000	0.1227448100000000
1622	9.58663	2.2088236011749696	0.1349376200000000	0.1049560600000000
1624	9.58434	2.2053984671800824	0.1187147350000000	0.1055167300000000
1625	9.58434	2.2148851028212415	0.1655165350000000	0.0758234250000000
1626	9.58386	2.1739268227883062	0.1221658600000000	0.0528277300000000
1628	9.58364	2.2288348346798514	0.1908542500000000	0.1219175900000000
1629	9.58364	2.2167816463453072	0.1703396100000000	0.0962106900000000
1636	9.58269	2.1983414731186111	0.1373746750000000	0.1114577650000000
1637	9.58269	2.2039342590608033	0.1626247500000000	0.0828059750000000
1638	9.58265	2.2133520676750349	0.1445304900000000	0.0627432300000000
1640	9.58190	2.2339576277888389	0.1594168500000000	0.0655336550000000
1642	9.58167	2.1834811300258981	0.1228113350000000	0.0543799750000000
1645	9.58133	2.2326558279899906	0.1329703800000000	0.0734664350000000
1651	9.57473	2.2228230203384727	0.1077369850000000	0.0818746600000000
1652	9.57470	2.1756126692469269	0.1030305700000000	0.1085098350000000
1653	9.57470	2.2126007927388804	0.2009183750000000	0.1366142000000000
1657	9.57149	2.2678161407238586	0.2190765950000000	0.0599376850000000
1658	9.57127	2.2102967060903600	0.1646627900000000	0.0887209000000000
1661	9.57124	2.2193934761294574	0.1342070900000000	0.0979432150000000
1663	9.57023	2.2242393529515248	0.1264251250000000	0.0806164950000000
1664	9.56859	2.2216166408585476	0.2058734600000000	0.1365266350000000
1667	9.56748	2.2310302369087407	0.1435942750000000	0.0744879750000000
1669	9.56294	2.2325462119540633	0.1373118250000000	0.1116773850000000
1672	9.55930	2.2109142340636168	0.1529183500000000	0.0931879200000000
1674	9.55679	2.2195593875302468	0.1388710550000000	0.1180422000000000
1676	9.55202	2.2199101630530684	0.1552720400000000	0.0838256700000000
160	19.02050	2.2034653538046562	0.1428017400000000	0.0928331850000000
161	19.02050	2.1830613405882091	0.1891778250000000	0.1359960700000000
162	18.89830	2.2142588063741111	0.1616261850000000	0.0704322900000000
163	18.89830	2.2171894969825541	0.1583002600000000	0.0765079050000000
166	18.66980	2.2058479262735093	0.1341539300000000	0.1001751150000000
1680	9.54781	2.2310515081864053	0.1458558600000000	0.1163444350000000
1685	9.54687	2.1661993999789062	0.1283053200000000	0.0732696550000000
1688	9.53021	2.1994826439947781	0.1420954950000000	0.0964120500000000
1692	9.52252	2.1897241750687177	0.1504413600000000	0.0594218550000000
1696	9.51582	2.2154130617673644	0.1468894200000000	0.0987812000000000
1698	9.51319	2.2161398841496975	0.1406708750000000	0.1013865400000000
1700	9.51255	2.3558223903754176	0.2426180650000000	0.1239801650000000
1702	9.51053	2.2036228062055239	0.1554886450000000	0.0781816400000000
1704	9.50834	2.2268663026902802	0.1496418300000000	0.0890845000000000
1711	9.50323	2.2042879703064524	0.1194394550000000	0.0688704750000000
1712	9.50220	2.2014634436942395	0.1572617900000000	0.1024137200000000
1713	9.50220	2.1795119467297370	0.1700245550000000	0.1068581450000000
1715	9.49656	2.2558424646290187	0.1497855700000000	0.1645828250000000
1721	9.48442	2.1646602631672138	0.1054098300000000	0.0906532850000000
1723	9.48286	2.2124174793966231	0.1620083000000000	0.1145480700000000
1729	9.47319	2.1815747658671709	0.1470528950000000	0.0898883650000000
1735	9.45239	2.2265607278755706	0.1959965750000000	0.0850035600000000
1736	9.45130	2.2274066196630353	0.1850199050000000	0.1075820900000000
1739	9.43735	2.2291766460922799	0.1444126100000000	0.0697037250000000
1740	9.43695	2.2192429894151537	0.1459744100000000	0.0601410250000000
1742	9.41095	2.2102840443969254	0.1369027350000000	0.1013467150000000
1743	9.41095	2.2214918199197848	0.1395729350000000	0.0597613350000000
1746	9.36075	2.2234242773482533	0.1543838450000000	0.1045888000000000
1748	9.33968	2.1846148937919225	0.1445725000000000	0.0973550350000000
1750	9.32657	2.2345125673713166	0.1588002300000000	0.1232011900000000
1752	9.31892	2.2320789338913944	0.1326962350000000	0.0663492550000000
1753	9.31892	2.2198463115972777	0.1517577700000000	0.0860331900000000
1756	9.30095	2.2098062317834950	0.1434976100000000	0.1036773550000000
1758	9.29419	2.2303245176470639	0.1554436600000000	0.1046903050000000
1759	9.29419	2.2249124027821123	0.1570816500000000	0.1154257900000000
171	18.56620	2.2149905559713621	0.1218815800000000	0.0471066450000000
172	18.38690	2.2095763095424106	0.1475276650000000	0.1118134400000000
174	18.33440	2.2000983006699473	0.1415238800000000	0.0937498300000000
175	18.33440	2.2097671320570300	0.1531725900000000	0.0705511650000000
1760	9.29040	2.2089600269240570	0.1499950100000000	0.1061517950000000
1763	9.28669	2.2295795467249415	0.1278598000000000	0.0697093850000000
1766	9.27618	2.2048320744694871	0.1317751850000000	0.0997462250000000
1769	9.27601	2.2264187387476966	0.1254233400000000	0.0759533900000000
1775	9.27078	2.1930534693588313	0.1680145400000000	0.0842669400000000
1780	9.26310	2.1720234748332277	0.1382718600000000	0.0457099550000000
1783	9.25991	2.2014554832672579	0.1683244600000000	0.0881406350000000
1786	9.25823	2.2248768910414078	0.0866207800000000	0.1125934450000000
1788	9.25791	2.2359233692235327	0.1512834000000000	0.1230223400000000
1793	9.25719	2.2283608192624067	0.1423525250000000	0.1027054850000000
1794	9.25625	2.1764082291705722	0.1170244250000000	0.0631232850000000
1795	9.25625	2.2151106537741314	0.1472638750000000	0.0597561450000000
1796	9.25601	2.2173858431296907	0.1502447700000000	0.1503980150000000
1797	9.25601	2.2161240370954243	0.1448373900000000	0.1197547050000000
1798	9.25564	2.2190094705631185	0.1017702100000000	0.0510441700000000
1800	9.25542	2.2000360837613173	0.1358681350000000	0.0725885100000000
1805	9.25320	2.2053542495193876	0.1481834550000000	0.1172340700000000
1806	9.25229	2.2014997062366044	0.1527555550000000	0.0832851850000000
1809	9.25199	2.2245665740256464	0.1435650000000000	0.1076852450000000
1812	9.24949	2.1989173646871376	0.1468415900000000	0.0718804550000000
1814	9.24858	2.1923031872833243	0.1419374650000000	0.0952916750000000
1815	9.24858	2.2207644672184115	0.1490436650000000	0.0829563050000000
1816	9.24577	2.2233630648613407	0.1474588950000000	0.0736015450000000
1818	9.24519	2.2278063310016876	0.1382451950000000	0.1054688150000000
1821	9.24436	2.2301921179815904	0.1400399700000000	0.0398301400000000
1822	9.24404	2.2328916016129763	0.2046865850000000	0.0595464650000000
1826	9.24000	2.2086867682865030	0.1473160900000000	0.0790304100000000
1827	9.24000	2.2172729572351706	0.1343797550000000	0.0937956300000000
1833	9.24000	2.2346400053967486	0.1757291600000000	0.1407682500000000
1834	9.24000	2.2393036129721655	0.1457990450000000	0.1231966250000000
1835	9.24000	2.1759313455840630	0.1390689850000000	0.0930978300000000
1836	9.24000	2.2244222486002219	0.1151692050000000	0.0810098300000000
176	18.28240	2.2230709180884696	0.1551786100000000	0.1011316250000000
1840	9.24000	2.2267247652603070	0.1851840150000000	0.1298272500000000
1845	9.24000	2.2228383904402502	0.1323479850000000	0.0695786600000000
1851	9.24000	2.2311389711490413	0.1346297850000000	0.0879765650000000
1853	9.24000	2.2316314969264868	0.1347622600000000	0.0651632050000000
1861	9.23882	2.2266497451789897	0.1383893650000000	0.1066261450000000
1862	9.23812	2.2185406256976474	0.1560031950000000	0.1075141250000000
1868	9.23567	2.2324620356120328	0.1542895650000000	0.0806018300000000
1871	9.23551	2.2008480815715830	0.1356006350000000	0.0918291000000000
1875	9.23490	2.1960973334391563	0.1405708700000000	0.0822037450000000
1876	9.23438	2.2180840678145359	0.1082639450000000	0.0834960100000000
1877	9.23438	2.2107264768869843	0.1589342600000000	0.1293666350000000
1878	9.23309	2.2250460509222010	0.1425561650000000	0.0993217950000000
1882	9.23219	2.2014558495159107	0.1653778100000000	0.0744940550000000
1885	9.23106	2.2296607364660397	0.1279717950000000	0.0749624750000000
1889	9.23018	2.2358486797045209	0.1534957450000000	0.1088898150000000
1890	9.22622	2.1794036124918077	0.1270539100000000	0.0847470500000000
1892	9.22493	2.1765775166881656	0.1603205900000000	0.0634047750000000
1900	9.21053	2.2116296511824958	0.1196870100000000	0.0720716500000000
1903	9.19737	2.2221006861670554	0.1353219050000000	0.0573358800000000
1904	9.19634	2.2283289682674186	0.1379275850000000	0.0773267500000000
1908	9.18574	2.2022895351206246	0.1261262650000000	0.1004411950000000
1909	9.18574	2.2256011927307080	0.1655754800000000	0.0908946150000000
1914	9.18130	2.2347323152019971	0.1497097650000000	0.0861218350000000
1919	9.18028	2.2254005019456446	0.1040264750000000	0.0749556350000000
184	17.79570	2.2065869426960907	0.1507266600000000	0.0978955050000000
185	17.79570	2.2175509025229352	0.1467401150000000	0.0962878600000000
186	17.79430	2.2126138163034819	0.1564017400000000	0.1024913700000000
187	17.79430	2.2201276450977709	0.1498439900000000	0.1046152200000000
188	17.79230	2.2173437693995321	0.1611886150000000	0.0971687200000000
1920	9.17907	2.2174016612005851	0.1530715700000000	0.0941000450000000
1922	9.17791	2.2203562433158006	0.1487340850000000	0.0947030800000000
1927	9.17739	2.2267685067307834	0.1057333400000000	0.0963022300000000
1928	9.17710	2.1845599417202055	0.1429252850000000	0.0444538300000000
1930	9.17523	2.2029269208281863	0.1305560550000000	0.1012534500000000
1938	9.17204	2.2304639550359973	0.1457652650000000	0.0912103300000000
1939	9.17204	2.2296998912540018	0.1528655500000000	0.0523766200000000
1943	9.16873	2.1969872045425944	0.1488464600000000	0.0983398550000000
1949	9.15790	2.2369817221343604	0.1521196050000000	0.0911112400000000
1950	9.15340	2.2041109867793178	0.1479338900000000	0.0869120800000000
1953	9.15240	2.2060729725464667	0.1496761250000000	0.1012347850000000
1955	9.15182	2.2198892788098852	0.1466479450000000	0.1190850900000000
1957	9.14276	2.2026469999307965	0.1417406900000000	0.0909198500000000
1964	9.14000	2.1946382786863579	0.1576311350000000	0.0901333900000000
1965	9.14000	2.2166127068088062	0.1457314600000000	0.0974036850000000
1970	9.14000	2.2162111236409565	0.1520869250000000	0.0880728700000000
1971	9.14000	2.1988261861724721	0.1551921350000000	0.1070513700000000
1974	9.14000	2.1970518284394607	0.1439259300000000	0.1093017500000000
1976	9.14000	2.2455979005921214	0.1344000600000000	0.1349249900000000
1979	9.14000	2.2021594063938341	0.1481767950000000	0.0670247200000000
1981	9.14000	2.2211051072337611	0.1540215150000000	0.0323379500000000
1984	9.14000	2.1670384731127905	0.0930231100000000	0.0920036700000000
1985	9.14000	2.2116803677741017	0.1202925550000000	0.1451026300000000
1986	9.14000	2.2258338879854067	0.1519924850000000	0.0651476250000000
1990	9.14000	2.2047792863767843	0.1484046250000000	0.0848284050000000
1992	9.14000	2.2260559908707811	0.1307384000000000	0.1017827400000000
1999	9.14000	2.1840299446638678	0.1341494050000000	0.0812667550000000
193	17.71340	2.2163186473756777	0.1507674350000000	0.1135695950000000
194	17.70800	2.1804426503982399	0.1503484550000000	0.1166330200000000
196	17.66620	2.2081386391589164	0.1593900950000000	0.1014357800000000
197	17.66620	2.2058106463406353	0.1450231900000000	0.1040720800000000
2001	9.14000	2.2241175355072271	0.1422293150000000	0.0903213700000000
2005	9.13999	2.2285111005003273	0.1355135600000000	0.1198505250000000
2008	9.13770	2.1954736584855925	0.1268796900000000	0.1032203400000000
2009	9.13770	2.2263256919752297	0.1486645150000000	0.0768415000000000
2010	9.13758	2.2341857899036599	0.1574375300000000	0.1008152650000000
2012	9.13558	2.2304999541514490	0.1243098950000000	0.0793323250000000
2014	9.13489	2.2272816140330352	0.1577613450000000	0.1187285050000000
2019	9.13416	2.1765347644409183	0.1177508650000000	0.0899774350000000
2021	9.13287	2.2007804401245927	0.1326003650000000	0.0962324800000000
2023	9.13245	2.2821937473375113	0.2073235800000000	0.0916788650000000
2026	9.13189	2.2126289480910755	0.1120237250000000	0.0744198750000000
2027	9.13189	2.2258694006156357	0.1582433650000000	0.0983862200000000
2030	9.11916	2.2057362451839579	0.1404169000000000	0.0834020150000000
2031	9.11916	2.2378124461153299	0.1314812950000000	0.0867680900000000
2032	9.11751	2.2321108512975090	0.1698683100000000	0.0800675400000000
2033	9.11751	2.2109582788674547	0.1523315650000000	0.0769927550000000
2034	9.10786	2.2190289799454512	0.1518318600000000	0.0708861800000000
2036	9.10508	2.2369604282663711	0.1684167250000000	0.0842940800000000
2037	9.10508	2.2669037448057443	0.1986098150000000	0.1308643100000000
2040	9.09280	2.2021790402462003	0.1786979250000000	0.0588931950000000
2042	9.08550	2.2145397389768759	0.1018529200000000	0.1019264150000000
2045	9.06423	2.2319796770296869	0.1338870450000000	0.0956619250000000
2046	9.05605	2.2154113673844771	0.1637677550000000	0.0905835850000000
2049	9.04366	2.1873965402927995	0.0978440100000000	0.1084796600000000
2050	9.03912	2.2045399731320994	0.1582831700000000	0.0947661000000000
2051	9.03912	2.2288209334706726	0.1464687150000000	0.1085433850000000
2056	9.03142	2.2240824841247999	0.1612769850000000	0.1034386850000000
2057	9.03142	2.2225406348394099	0.1583031800000000	0.1093525300000000
2060	9.02477	2.2386329736693105	0.1477492950000000	0.0813403600000000
2062	9.02425	2.2284970127725470	0.1277820750000000	0.1005886500000000
2066	9.02185	2.2240694728244534	0.1409872000000000	0.0985538300000000
2067	9.02185	2.2324837614028938	0.1526911100000000	0.1118961050000000
2068	9.02041	2.2903762829807781	0.2083802100000000	0.1259886400000000
2069	9.02041	2.2266153748563737	0.1631340950000000	0.0726519150000000
2076	9.01653	2.2161363287886120	0.1537588550000000	0.1116936600000000
2077	9.01653	2.2331779898873418	0.1471153100000000	0.0814960550000000
204	17.35930	2.2000361494973029	0.1580003750000000	0.0947907650000000
206	17.27710	2.1870095295085488	0.1440419550000000	0.0982733450000000
207	17.27710	2.1921869660921995	0.1414747900000000	0.0742782950000000
2080	9.01619	2.2316171642545775	0.1665184800000000	0.1092704800000000
2083	9.01556	2.2031456478807319	0.1441272600000000	0.0921189300000000
2086	9.01160	2.2154603383647000	0.1608393450000000	0.1246514350000000
2088	9.01098	2.2289327612354013	0.1638948600000000	0.0800789950000000
2090	9.00911	2.2211382028103559	0.1329054450000000	0.0958497700000000
2091	9.00911	2.2081850289169993	0.1305202950000000	0.1049403400000000
2097	9.00734	2.2230861530100325	0.1581281450000000	0.0829161850000000
2099	9.00711	2.1777052554989678	0.1343483650000000	0.0709421800000000
2100	9.00469	2.2186228858388892	0.1526630300000000	0.0476006250000000
2109	9.00062	2.1825279940038276	0.1727691850000000	0.1191271100000000
2110	9.00011	2.2009178839000434	0.1341794550000000	0.1111122550000000
2113	8.99981	2.2154502527580107	0.1681416100000000	0.0921309550000000
2114	8.99965	2.2240307414214513	0.1450713200000000	0.0585882800000000
2117	8.99874	2.4374594530385094	0.2867436249999999	0.1170717350000000
2124	8.99371	2.2174317160602008	0.1042514800000000	0.0776916150000000
2125	8.99371	2.2229323636864731	0.1520746300000000	0.1105971750000000
2128	8.99078	2.2291239604064188	0.1540038600000000	0.0850147800000000
2130	8.98943	2.2324012718060939	0.1291191250000000	0.0653139300000000
2132	8.98853	2.2266256794158763	0.1423405950000000	0.0873590300000000
2137	8.98743	2.2264528697602932	0.1061857250000000	0.0859189000000000
2141	8.98605	2.2372665302175831	0.1488593450000000	0.1014999250000000
2146	8.98340	2.2190148477292322	0.1440879650000000	0.0920517500000000
2149	8.98311	2.2131656100654555	0.1738777000000000	0.1122274100000000
2150	8.98274	2.2175698912913155	0.1409488750000000	0.0729003950000000
2152	8.98141	2.2343266172107388	0.1466403050000000	0.1095271900000000
2155	8.98011	2.1890396940955790	0.1465176900000000	0.0726987100000000
2156	8.98000	2.1978822879128108	0.1474316050000000	0.0838410600000000
208	17.18240	2.2287521779404824	0.1810937100000000	0.1243128850000000
210	17.07690	2.2210845941315336	0.1592354250000000	0.0669180200000000
213	17.05300	2.1943149670933080	0.1565349550000000	0.0501607800000000
214	17.02200	2.1851580571937932	0.1406484250000000	0.0866113750000000
2161	8.98000	2.2272109018375277	0.1367672100000000	0.0874473550000000
2162	8.98000	2.2297958726146039	0.1803165850000000	0.0840982950000000
2164	8.98000	2.1910777817800144	0.1544918700000000	0.0893107900000000
2166	8.98000	2.2256661965207525	0.1647673300000000	0.0715332000000000
2167	8.98000	2.2289041014206377	0.1564567300000000	0.0458974750000000
2170	8.98000	2.2178419208770883	0.1507775800000000	0.1160163150000000
2171	8.98000	2.2425651191236962	0.1665945350000000	0.0861840700000000
2175	8.97946	2.2337771091207359	0.1397441800000000	0.1030158950000000
2176	8.97810	2.1975376558794593	0.1430556950000000	0.1073594250000000
2180	8.97481	2.1702881239628993	0.1187241200000000	0.0689854900000000
2182	8.97445	2.2350675291163977	0.1506330250000000	0.0977139800000000
2184	8.97257	2.2126393483187972	0.0789312500000000	0.1060812150000000
2186	8.97180	2.1865550393851700	0.1428465000000000	0.0792882850000000
2190	8.96742	2.2226471891124371	0.1637773750000000	0.1174123700000000
2191	8.96742	2.2405847942947710	0.1492443600000000	0.0811960900000000
2194	8.96342	2.1691259157365672	0.1106315500000000	0.0342830100000000
2199	8.95967	2.2015032179691612	0.1479570150000000	0.1035452650000000
2201	8.95899	2.2003329067862829	0.1665235550000000	0.0611467400000000
2205	8.95765	2.2012119441362121	0.1501423800000000	0.1062621600000000
2207	8.95637	2.2108064700276047	0.1500241500000000	0.0908639100000000
2209	8.95617	2.2084724731044094	0.1222143950000000	0.1098855350000000
2212	8.95552	2.2280490394874111	0.1315969850000000	0.1046418400000000
2214	8.95525	2.2071543567960714	0.1291262150000000	0.1040479750000000
2216	8.95504	2.2340951073470348	0.1601620750000000	0.0991636200000000
2217	8.95504	2.2268716151042134	0.1219077250000000	0.0708965750000000
2222	8.95293	2.1879172086079741	0.1125721350000000	0.0717635900000000
2224	8.95254	2.1728679585474131	0.1369628550000000	0.0773393850000000
2226	8.95171	2.3440791719156868	0.2390669250000000	0.1516200750000000
2227	8.95171	2.2239385243986778	0.1643652250000000	0.0634436950000000
2228	8.95049	2.2092228813915709	0.1555636050000000	0.0939687850000000
2231	8.95019	2.2266386827512727	0.1782945100000000	0.1102549550000000
2233	8.95018	2.2244841817253715	0.1658257550000000	0.1178966200000000
2234	8.94969	2.2280255277520356	0.1312198700000000	0.0732112050000000
2239	8.94466	2.1785014524470352	0.1142937950000000	0.0934554450000000
216	16.98740	2.2088646750668102	0.1629819200000000	0.1297260650000000
217	16.98740	2.2042183960662554	0.1605949200000000	0.0839839350000000
218	16.98050	2.2069074272791851	0.1341863800000000	0.0767474550000000
220	16.93270	2.2100878786564659	0.1493972700000000	0.1108322950000000
222	16.91870	2.1243212297439653	0.1925394700000000	0.1022603650000000
2240	8.94271	2.1814861732135622	0.1512437900000000	0.0796276450000000
2241	8.94271	2.2168545349714415	0.1217783700000000	0.1339196400000000
2243	8.93885	2.2320986329468333	0.1130262600000000	0.0489040650000000
2244	8.93734	2.2273766174977454	0.1447345400000000	0.1075349700000000
2245	8.93734	2.2022160308088350	0.1617797450000000	0.1078221500000000
2246	8.93637	2.2610310201257504	0.2031498900000000	0.0851129350000000
2247	8.93637	2.2311163988600939	0.1383558400000000	0.0774700550000000
2252	8.93060	2.2093515217392290	0.1594627350000000	0.0735950450000000
2254	8.92967	2.2142653808861241	0.0894169600000000	0.0749778000000000
2256	8.92952	2.2186799622649152	0.1244011500000000	0.1026038000000000
2259	8.92877	2.1903572571156427	0.1521396100000000	0.0749956250000000
2260	8.92662	2.2287835409218548	0.1459245950000000	0.0990645250000000
2264	8.92659	2.1914260980554605	0.1274287700000000	0.0934803550000000
2278	8.92315	2.2010380642726464	0.1513067350000000	0.1076748650000000
2279	8.92315	2.2365379421174487	0.1321702400000000	0.0796559900000000
2282	8.92271	2.2314336019187593	0.1508019400000000	0.1127089450000000
2283	8.92271	2.2042272099476614	0.1327692600000000	0.0915994800000000
2284	8.92246	2.2308806419216394	0.1547608350000000	0.0964167150000000
2286	8.91801	2.2287383026407013	0.1650045850000000	0.1078691850000000
2289	8.91786	2.2173200089040379	0.1390514800000000	0.0885586800000000
2293	8.91512	2.2284664682905473	0.1446608400000000	0.1124067200000000
2295	8.91384	2.2127768172374060	0.1447805100000000	0.0967368250000000
2303	8.90204	2.2219923927340330	0.1556080650000000	0.1034138150000000
2304	8.89888	2.2368359917068541	0.1333928200000000	0.1016120250000000
2306	8.89326	2.2391656363930372	0.1476239700000000	0.1079176400000000
2310	8.88775	2.2106523487638254	0.1263900300000000	0.1048737250000000
2311	8.88775	2.2195485808039344	0.1364488250000000	0.0727051700000000
2316	8.87173	2.2273932775722955	0.1463318650000000	0.0880741350000000
231	16.86680	2.1967981018886071	0.1566853750000000	0.1041800350000000
2320	8.86736	2.2211836198030581	0.1432623050000000	0.0864210400000000
2328	8.85706	2.1795512253685119	0.1435263650000000	0.0863775950000000
2331	8.85054	2.2405424263096609	0.1686833400000000	0.1154555950000000
2332	8.85044	2.2317149603920146	0.1499842300000000	0.0886513750000000
2335	8.85037	2.2350694707335443	0.1554585150000000	0.1110753700000000
2337	8.84817	2.2445619845309936	0.1563054600000000	0.1252508550000000
2338	8.84617	2.1906623719805194	0.1443959050000000	0.0745958100000000
2339	8.84617	2.2245399710649409	0.1601272200000000	0.0937895950000000
2342	8.83638	2.2397287360842535	0.1518415400000000	0.0640270500000000
2343	8.83638	2.2351586104507888	0.1522717700000000	0.0580453400000000
2347	8.82773	2.3661911190363680	0.2456845150000000	0.0916235100000000
2349	8.82689	2.2285827165311107	0.1438197200000000	0.0887600600000000
2350	8.82364	2.2142664693320380	0.1638397150000000	0.1398786000000000
2352	8.81628	2.2277103734743755	0.1536307350000000	0.1110760650000000
2354	8.81623	2.2348904061872092	0.1397896400000000	0.0904496000000000
2355	8.81623	2.1914656122286966	0.1469595200000000	0.0890429300000000
2357	8.81004	2.2402844228647032	0.1365892900000000	0.0748227900000000
2363	8.80658	2.2285590413666463	0.1375154750000000	0.1222681400000000
2365	8.80631	2.2227434140085736	0.1695189450000000	0.1034187100000000
2368	8.79150	2.2291053701735590	0.1533155700000000	0.1209741400000000
2372	8.78074	2.2206106531866543	0.1404757050000000	0.0713823400000000
2374	8.77878	2.2136623793067849	0.1129436050000000	0.0716759850000000
2375	8.77878	2.2153854883977040	0.1488045600000000	0.0914092950000000
2376	8.77192	2.2348734263237313	0.1811067850000000	0.0927183750000000
2379	8.75648	2.2171221849945857	0.1696314200000000	0.0425211750000000
2380	8.75301	2.2379088175866735	0.1240407650000000	0.0921034850000000
2381	8.75301	2.2318896575905662	0.1353180650000000	0.0365846450000000
2384	8.74216	2.2097903625996693	0.1342215150000000	0.0978304050000000
2387	8.74090	2.2056884580331833	0.1097642850000000	0.0712972800000000
2390	8.73721	2.2307367248249532	0.1508792800000000	0.0742830100000000
2395	8.72981	2.2113104878222107	0.1384006950000000	0.1042256100000000
2397	8.72279	2.2083540407602369	0.1436075050000000	0.1004312900000000
2399	8.71645	2.2236040450107928	0.1638899800000000	0.0624320800000000
232	16.86620	2.2106668731031491	0.1526719100000000	0.0890281200000000
236	16.81790	2.2241564259190691	0.1565729050000000	0.0937910800000000
237	16.81790	2.2716224461738341	0.2466741050000000	0.0542300850000000
239	16.79440	2.2010214887029447	0.1515183750000000	0.0898797850000000
17	118.50600	2.2023539328699178	0.1294556500000000	0.0743775400000000
18	117.68400	2.1884493758311572	0.1222553650000000	0.1207026200000000
19	117.68400	2.2023806391185441	0.1570350050000000	0.0845876200000000
20	108.33700	2.1996856196111669	0.1663182150000000	0.0786833750000000
2402	8.70886	2.2218567632673136	0.1501243250000000	0.0946177850000000
2403	8.70886	2.2165329508420899	0.1146916350000000	0.0935568600000000
2404	8.70243	2.2212735483256241	0.1673960400000000	0.1184399800000000
2406	8.69579	2.2309608538606516	0.1409477650000000	0.0578459650000000
2409	8.69451	2.2223845996638705	0.1199879250000000	0.0881474750000000
2410	8.68958	2.1764125976703363	0.1436188200000000	0.0803678800000000
2414	8.67928	2.2195989944889609	0.1523892650000000	0.0972580350000000
2416	8.66682	2.2317044452262826	0.1528174550000000	0.1077267400000000
2417	8.66682	2.2288638252933231	0.1362125500000000	0.1040175800000000
2418	8.66452	2.2114515997457302	0.1328618100000000	0.1065200500000000
2425	8.64481	2.2195579588651944	0.1402602650000000	0.1216643400000000
2426	8.64296	2.1964218262785562	0.1469180150000000	0.0866636600000000
2431	8.62991	2.2408081802639788	0.1473375550000000	0.0680589100000000
2433	8.62916	2.2339192292468759	0.1389378000000000	0.0994028450000000
2434	8.62915	2.2281590821831609	0.1476839850000000	0.0883740450000000
2440	8.62799	2.1894016810803336	0.1467605700000000	0.0806921000000000
2444	8.62660	2.2649796157369950	0.1968662350000000	0.1309701000000000
2449	8.62562	2.2262555967072748	0.1356945250000000	0.0978301900000000
2454	8.62494	2.2250429168469137	0.1560149700000000	0.0984141450000000
2460	8.62151	2.1913411671221463	0.1347284100000000	0.0840301850000000
2461	8.62151	2.2125986358503029	0.1726464100000000	0.1031801550000000
2463	8.62143	2.2126768607865026	0.1152100950000000	0.0866594100000000
2464	8.62139	2.2357492553833489	0.1137744800000000	0.0982801000000000
2465	8.62139	2.1903614779320484	0.1548528550000000	0.0784208850000000
2470	8.60630	2.2306699306043098	0.1199493550000000	0.0884975800000000
2471	8.60630	2.2229536754182893	0.1548167750000000	0.0997305000000000
2472	8.59504	2.2110447938639051	0.1468140200000000	0.0778854050000000
2477	8.58354	2.2325943881347405	0.1328698300000000	0.0581939450000000
241	16.69370	2.1934397083493469	0.1335425350000000	0.1081812550000000
243	16.68240	2.2057418762695797	0.1291081600000000	0.0801290100000000
244	16.67950	2.2145443633886428	0.1525838250000000	0.1008950100000000
245	16.67950	2.2213228417386959	0.1566295250000000	0.0935879950000000
246	16.65760	2.2073640915775554	0.1415649350000000	0.0908594650000000
247	16.65760	2.1799112507622631	0.1394151150000000	0.0556117500000000
2481	8.56453	2.2064941308388475	0.1465185250000000	0.0759570600000000
2482	8.55860	2.2329657753202641	0.1528028650000000	0.1081647900000000
2486	8.54908	2.2246383565793018	0.1441735950000000	0.0991997350000000
2488	8.54109	2.2376981456418532	0.1302725000000000	0.0648108000000000
2489	8.54109	2.2273810705472101	0.1532697750000000	0.1165467000000000
2490	8.53987	2.2199848531841488	0.1591549750000000	0.0743711200000000
2491	8.53987	2.3720295167759518	0.3139906450000000	0.1495286650000000
2492	8.53909	2.2209992743788787	0.1592507400000000	0.0781393250000000
2497	8.53821	2.1973471097503645	0.1326741800000000	0.1001471300000000
2502	8.53760	2.2552734049386163	0.1917814900000000	0.0755896950000000
2504	8.53734	2.2327227913760388	0.1481287550000000	0.1167667800000000
2506	8.53691	2.1908657996560521	0.1451054850000000	0.0815166400000000
2508	8.53661	2.2305763111737362	0.1247300000000000	0.0722843850000000
2511	8.53659	2.1985741275113835	0.1606231000000000	0.0888543200000000
2513	8.53601	2.2389010602650163	0.1620510100000000	0.0922559500000000
2519	8.53272	2.2390195943082669	0.1444320750000000	0.1201474850000000
2521	8.53184	2.2153666480303964	0.1482256700000000	0.0820238100000000
2524	8.53047	2.2089965466473926	0.1615844550000000	0.1003104000000000
2525	8.53047	2.2175548641424685	0.1161519750000000	0.0853955500000000
2526	8.52658	2.2125195050717195	0.2020111800000000	0.1121009400000000
2528	8.52617	2.2301777549205206	0.1682672500000000	0.0973516550000000
2529	8.52617	2.1670535810287568	0.1549421650000000	0.0823807000000000
2530	8.52522	2.1851706773360347	0.1273558350000000	0.1052347700000000
2531	8.52522	2.2289021039067349	0.1627399650000000	0.0886599600000000
2532	8.51847	2.1883897630788325	0.1316845800000000	0.1083905150000000
2534	8.51488	2.2164822417095196	0.0861257800000000	0.0608243200000000
2535	8.51488	2.2041118422586039	0.1260426550000000	0.0638865750000000
2536	8.51130	2.2058791189372062	0.1438786950000000	0.1016147300000000
2539	8.50858	2.2359869754345576	0.1476008900000000	0.1041615250000000
2540	8.50824	2.2130243605244480	0.0860887300000000	0.1088571100000000
2543	8.49075	2.2168336332988150	0.1685378650000000	0.0598802250000000
2544	8.48967	2.2258976942230575	0.1441024250000000	0.0977069450000000
2545	8.48967	2.2012046547659248	0.1463622900000000	0.1055441850000000
2547	8.48000	2.2308447406371252	0.1339842750000000	0.1269112700000000
2550	8.48000	2.2347967966439817	0.1447402000000000	0.0772758200000000
2552	8.48000	2.2919559757254406	0.2165739100000000	0.1192989800000000
2553	8.48000	2.2216535336948300	0.1692088400000000	0.1291369250000000
248	16.57590	2.2071415353491117	0.1465171150000000	0.0752246800000000
250	16.51990	2.2088953803780011	0.1700201750000000	0.1119812800000000
252	16.50140	2.1986589533567353	0.1389801850000000	0.0951731150000000
2560	8.48000	2.2074134188498893	0.1686464050000000	0.0871886400000000
2562	8.48000	2.1989256270124322	0.1655296800000000	0.0820229100000000
2563	8.48000	2.2271014523697441	0.1043081600000000	0.1033521600000000
2566	8.48000	2.2368464566803254	0.1536622700000000	0.1193390700000000
2567	8.48000	2.2269942478714211	0.1592530850000000	0.1052770400000000
2568	8.48000	2.2194891975234312	0.1319208900000000	0.0502145700000000
2571	8.47797	2.2359305566120184	0.1639162450000000	0.0942996850000000
2573	8.47403	2.2271344908636412	0.1526483100000000	0.1132735500000000
2574	8.47213	2.2229860472846776	0.1338798250000000	0.0775009500000000
2576	8.47131	2.2440310725437174	0.1566206850000000	0.1432426900000000
2578	8.46680	2.2359594445757915	0.1345996100000000	0.0607823000000000
2580	8.46656	2.1924091231363771	0.1211486550000000	0.1009298600000000
2583	8.46167	2.2367937208061432	0.1420946400000000	0.0807441850000000
2584	8.46055	2.2154330450686017	0.1191236200000000	0.0802357900000000
2585	8.46055	2.2263622921558377	0.1396048400000000	0.0946206900000000
2591	8.44759	2.2292436526313604	0.1469274150000000	0.0873359400000000
2598	8.43092	2.2226726138885624	0.1381313550000000	0.0931987350000000
2604	8.42061	2.2368796251317322	0.1204974250000000	0.0780664250000000
2606	8.42039	2.1981341965443586	0.1609779750000000	0.0979715850000000
2608	8.41614	2.2108592352495937	0.1134665450000000	0.0775911600000000
2610	8.40807	2.2263841059444140	0.1553780600000000	0.0921136900000000
2611	8.40807	2.2194479278789898	0.1509179750000000	0.1093126950000000
2615	8.40334	2.2090527696311844	0.1214680050000000	0.1106269500000000
2626	8.38446	2.2329547081791321	0.1453500950000000	0.1189639200000000
2628	8.37889	2.2317221928549671	0.1353742600000000	0.1059858000000000
2633	8.37012	2.2337561094176763	0.1763604300000000	0.0820113250000000
2635	8.36918	2.2218100890419277	0.1511895100000000	0.0883490750000000
2636	8.36908	2.4054938860061039	0.2673902550000000	0.1041533050000000
2638	8.36731	2.2205205914260331	0.1273768500000000	0.0965588650000000
2639	8.36731	2.2195181971372371	0.1688628900000000	0.1097988650000000
259	16.44450	2.1958860371286915	0.1445857750000000	0.0834754350000000
262	16.21650	2.2162461819016004	0.1155207000000000	0.0602055550000000
263	16.21650	2.2065515706022283	0.1541726200000000	0.1129455850000000
2643	8.36655	2.2344685417044912	0.1497048750000000	0.1014548100000000
2650	8.36541	2.2402370073036080	0.1668254500000000	0.0852876650000000
2659	8.36450	2.2587881109406944	0.1320070900000000	0.0615865150000000
2660	8.36229	2.2317840492076808	0.1256304050000000	0.0707546200000000
2661	8.36229	2.2363913186502451	0.1581212950000000	0.0648021600000000
2663	8.35987	2.2201261425265417	0.1331269950000000	0.1020223350000000
2667	8.35941	2.2422760008645404	0.1591873400000000	0.1053842000000000
2669	8.35877	2.2359562729086231	0.1463659650000000	0.0862222000000000
2670	8.35560	2.2288899957128052	0.1488378400000000	0.0991395700000000
2672	8.35329	2.2071671786929428	0.1633384900000000	0.0708885200000000
2676	8.34964	2.2535539611658910	0.1415720850000000	0.1275355250000000
2677	8.34964	2.2095824317410377	0.1572004100000000	0.0626341300000000
2681	8.34857	2.1637550476810778	0.1575999850000000	0.0517009850000000
2685	8.34776	2.2279806266831499	0.1515978600000000	0.0968678550000000
2694	8.34473	2.2350175322260228	0.1543077500000000	0.1122956950000000
2697	8.34384	2.6079030868474335	0.3110232850000000	0.0972969050000000
2698	8.34301	2.1988369301956316	0.1540708150000000	0.0906279750000000
2699	8.34301	2.2217687507314934	0.1675025350000000	0.1097334600000000
2704	8.34054	2.2213899957169603	0.1057429350000000	0.0683199900000000
2716	8.31924	2.2233240567206791	0.1322801450000000	0.0954510300000000
265	16.21370	2.1436645887513635	0.0992115200000000	0.0565366800000000
266	16.20770	2.3113978433274993	0.1851960350000000	0.0783871900000000
268	16.15410	2.2102910530610487	0.1403901300000000	0.1020994200000000
269	16.15410	2.1895925355433477	0.1319200700000000	0.0943838850000000
271	16.15400	2.1955662245659280	0.1416134650000000	0.0844019450000000
2722	8.30872	2.2378042809151411	0.1511585650000000	0.0971458250000000
2729	8.30123	2.1933679834830460	0.1471551300000000	0.0814489700000000
2733	8.29158	2.1996361414551076	0.1344499000000000	0.1015248450000000
2734	8.27979	2.1854204427643533	0.1549473700000000	0.0410850550000000
2735	8.27979	2.2344452812328144	0.1373471650000000	0.0942299400000000
2743	8.27706	2.2319104216861385	0.1420997450000000	0.1028029250000000
2749	8.27052	2.2297977099046826	0.1379320650000000	0.0391812150000000
2750	8.27016	2.1964728080956717	0.1584316150000000	0.0602302300000000
2751	8.27016	2.2337223725245692	0.1549212400000000	0.0491159750000000
2752	8.26866	2.2270289510546366	0.1700879850000000	0.1572138750000000
2755	8.26649	nan	nan	0.0000000000000000
2756	8.26450	2.2338454859128301	0.1431274050000000	0.0852638550000000
2758	8.26374	2.2283481253260442	0.1465164000000000	0.0804732250000000
2768	8.24687	2.2274592354948748	0.1544766450000000	0.0817923950000000
2777	8.23853	2.2967131658927986	0.2077479650000000	0.0434200700000000
2778	8.23466	2.2349979894147864	0.1162488250000000	0.0863429650000000
2779	8.23466	2.2589689859734627	0.1953326050000000	0.1307145950000000
2780	8.23239	2.2327642530170846	0.1198750800000000	0.0766023900000000
2781	8.23239	2.2223388960031301	0.1465220500000000	0.1223109050000000
2785	8.22904	2.2285538128825548	0.1581418350000000	0.1091075600000000
2786	8.22882	2.2102759460272150	0.1675839600000000	0.1228472300000000
2795	8.21916	2.2162516923155131	0.1493727950000000	0.1012125550000000
2797	8.21880	2.2049185972463499	0.1472351000000000	0.0964872650000000
274	16.00470	2.2106910605641596	0.1785366200000000	0.0920865950000000
276	15.97560	2.1663019833301997	0.1316687550000000	0.1034029350000000
277	15.97560	2.1991530995089854	0.1547319350000000	0.0717619350000000
2800	8.21535	2.2027690792989669	0.1693209550000000	0.1072740450000000
2803	8.21484	2.2167962421882161	0.1471991800000000	0.1002720300000000
2807	8.20236	2.2255295331585621	0.1477799150000000	0.1159164850000000
2809	8.20000	2.2335033625186345	0.1413822200000000	0.1027243950000000
2813	8.20000	2.2308865357728758	0.1473018500000000	0.1075915100000000
2814	8.20000	2.2384228690132635	0.1201784150000000	0.0844253400000000
2816	8.20000	2.2830992521085034	0.2447429100000000	0.0398174700000000
2822	8.20000	2.2707900081170256	0.1581134750000000	0.1093732450000000
2828	8.20000	2.2317012284104116	0.1560269250000000	0.1177995200000000
2831	8.20000	2.2374214497788487	0.1485448650000000	0.0615722250000000
2835	8.20000	2.2295976770792914	0.1376371050000000	0.0537945750000000
2836	8.20000	2.2253601189155692	0.1459761150000000	0.0620397700000000
2837	8.20000	2.2192776638291032	0.1590926600000000	0.0995387800000000
2842	8.19382	2.2043837811610940	0.1411219800000000	0.0392886450000000
2843	8.19382	2.1897553224346882	0.1591936600000000	0.0813682500000000
2845	8.19066	2.2205111407444162	0.1059803550000000	0.1092034550000000
2846	8.18450	2.1669171093957420	0.1201452450000000	0.0724481150000000
2849	8.18384	2.2022659504168876	0.1372569450000000	0.0884077250000000
2851	8.18156	2.1867131035826550	0.1389825200000000	0.0843517700000000
2852	8.17698	2.2377188481151125	0.1681971850000000	0.0737767500000000
2853	8.17698	2.1884913429967972	0.1344541300000000	0.0915137900000000
2855	8.17129	2.2093428237701165	0.1344035800000000	0.0963535400000000
2856	8.17046	2.1845282708156120	0.1395382850000000	0.0561443700000000
2858	8.16935	2.2241202419534902	0.1293067900000000	0.0547350850000000
2859	8.16935	2.2080245325131540	0.1725964550000000	0.0787571300000000
2864	8.16645	2.2362324767990702	0.1420917800000000	0.0991978850000000
2865	8.16645	2.2292443133525106	0.1575574900000000	0.0471818350000000
2871	8.15953	2.2093001150523119	0.1269673350000000	0.1070215800000000
2876	8.14937	2.2401187269104810	0.1464274250000000	0.1056179950000000
280	15.79130	2.1881598899200960	0.1314719200000000	0.1107876050000000
281	15.79130	2.1810262754180973	0.1369440200000000	0.0801821500000000
282	15.71830	2.2189988495678108	0.1657071900000000	0.1148831400000000
287	15.37460	2.2197085736008213	0.1527771400000000	0.0853560100000000
2880	8.14488	2.2330930124903974	0.1514764900000000	0.0810553250000000
2881	8.14488	2.2309892813096686	0.1050858700000000	0.0667533150000000
2884	8.14298	2.2237851481520123	0.1525397050000000	0.0756241700000000
2887	8.13966	2.2287998789420609	0.1486951400000000	0.1182794550000000
2888	8.13955	2.2345831512601451	0.1399883100000000	0.0806764450000000
2893	8.13840	2.2097184662397877	0.1453197650000000	0.1174704700000000
2896	8.13696	2.2160918302619095	0.1360260300000000	0.0947372950000000
2900	8.13578	2.1979593594653242	0.1363965400000000	0.0868465300000000
2903	8.13443	2.2350422374829710	0.1398837750000000	0.1028105850000000
2904	8.13383	2.2370427032537217	0.1533371450000000	0.0949707550000000
2906	8.13301	2.1752665111845380	0.1521576900000000	0.0802347850000000
2911	8.13048	2.2198685649215779	0.1807392450000000	0.0530521750000000
2913	8.12955	2.2127046346337016	0.1674284650000000	0.0480145050000000
2914	8.12793	2.2099549989049962	0.1534072750000000	0.0847965550000000
2919	8.12592	2.2217602577753848	0.1697987600000000	0.1225452400000000
2921	8.12544	2.2293195402571739	0.1556820700000000	0.0812396600000000
2922	8.12272	2.2000937558503111	0.1275358900000000	0.1022885800000000
2924	8.12265	2.2401334531622221	0.1416353650000000	0.1033832800000000
2925	8.12265	2.2015535766611638	0.1383739500000000	0.1281737250000000
2927	8.12189	2.3789219987815091	0.2667811400000000	0.1013079600000000
2928	8.12122	2.2341436206183989	0.1372445700000000	0.0962754100000000
2934	8.11876	2.1948740369361599	0.1386152400000000	0.1019406750000000
2937	8.11438	2.2190364137236589	0.1580345550000000	0.1071924500000000
2938	8.11091	2.2086024766089363	0.1453345200000000	0.0904545200000000
2941	8.11078	2.2253448626870327	0.1291501900000000	0.0818706900000000
2944	8.10951	2.2236731774600074	0.1427563000000000	0.1070094500000000
2945	8.10951	2.1944153652096818	0.1607843750000000	0.0927540600000000
2947	8.10739	2.1893229937650456	0.1509999050000000	0.0942676650000000
2949	8.10659	2.2320520411079547	0.1316922150000000	0.1068906500000000
2950	8.10431	2.2150014877552651	0.1476215650000000	0.0786436700000000
2952	8.09909	2.2390084921992504	0.1521592100000000	0.0723133600000000
2955	8.09854	2.2414906137965693	0.1472122600000000	0.1076037750000000
288	15.35480	2.2354193717089488	0.1913778400000000	0.1002026900000000
292	15.33040	2.2129510228840528	0.1674905950000000	0.0703274000000000
294	15.28500	2.2022710476690639	0.1265493250000000	0.1071653050000000
2964	8.09688	2.2210242353573588	0.1526891200000000	0.1106633850000000
2966	8.09614	2.2230820718757980	0.1142731250000000	0.0885266750000000
2967	8.09614	2.1911663935611005	0.1061057500000000	0.0664952450000000
2968	8.09578	2.2314833653823172	0.1364384750000000	0.0822912850000000
2970	8.09432	2.2413444027941392	0.1542666300000000	0.0863785850000000
2973	8.09383	2.2385058167341887	0.1361466350000000	0.0790705050000000
2974	8.09179	2.2369602109626321	0.1043484700000000	0.0819484850000000
2977	8.09157	2.2304421040058946	0.1447419000000000	0.0883144950000000
2980	8.09130	2.2386728069626098	0.1320091500000000	0.1570432850000000
2982	8.09088	2.2284834703253988	0.1463199050000000	0.0956635950000000
2985	8.09051	2.2400029704290185	0.1598742450000000	0.0577406600000000
2986	8.09000	2.1986096469439707	0.1864035500000000	0.0897587050000000
2987	8.09000	2.2093874761603467	0.1380195300000000	0.0773279450000000
2989	8.09000	2.2112742363161257	0.1345799750000000	0.0970191050000000
2991	8.09000	2.2426349220202630	0.1490137300000000	0.1109168350000000
2995	8.09000	2.2184031580931740	0.1316291800000000	0.0690671000000000
2998	8.09000	2.2264309859392464	0.1287766100000000	0.0979972400000000
2999	8.09000	2.2326332760276069	0.1362164100000000	0.0813266250000000
3000	8.09000	2.2342595437722896	0.1074091400000000	0.0903399650000000
3002	8.09000	2.2249131817462899	0.1271964350000000	0.1101747000000000
3009	8.09000	2.2092575378308181	0.1590580800000000	0.0902056600000000
3011	8.09000	2.1922990523258301	0.1646464550000000	0.0964170100000000
3014	8.09000	2.1918250216674515	0.1335500200000000	0.0963329100000000
3015	8.09000	2.2022112771383209	0.1240954000000000	0.0463776100000000
3017	8.09000	2.2358674031726320	0.1486645850000000	0.1029902550000000
3025	8.08933	2.2002190457979922	0.1385538350000000	0.0893469900000000
3032	8.08660	2.2129546556632596	0.1303538700000000	0.0561930950000000
3033	8.08660	2.2239512330865665	0.1390167800000000	0.0698518200000000
3037	8.08477	2.1907358684294511	0.1589003150000000	0.0633137150000000
3038	8.08469	2.1947599624262817	0.0956962250000000	0.0705482350000000
3039	8.08469	2.1461019993736321	0.1316580400000000	0.0890576100000000
301	15.20500	2.2194240925472695	0.1225587300000000	0.0817763100000000
3040	8.08242	2.2347417062479487	0.1309705000000000	0.1138604550000000
3043	8.08148	2.2283197105723191	0.1318452900000000	0.1115065700000000
3044	8.08006	2.1712064074408399	0.1719554600000000	0.1026772300000000
3046	8.07997	2.2267851722783711	0.1333639700000000	0.0826396500000000
3048	8.07978	2.1633695813152083	0.1523229900000000	0.0770404500000000
3051	8.07978	2.3876857842925228	0.2691291850000000	0.0556646450000000
3053	8.07878	2.2196275320589711	0.1589411250000000	0.1038002250000000
3055	8.07877	2.2311552366532772	0.1584187600000000	0.0953194650000000
3056	8.07712	2.1798108405978693	0.1259328750000000	0.0847970050000000
3057	8.07712	2.2311926672489584	0.1508353500000000	0.0698400400000000
3058	8.07629	2.2211701046868852	0.1014213400000000	0.0869136550000000
3059	8.07629	2.2414339343151255	0.1544176250000000	0.0597929000000000
3062	8.07519	2.1855572080031247	0.1204102250000000	0.0451835200000000
3063	8.07519	2.2323123948374666	0.1367285750000000	0.0884651550000000
3065	8.07504	2.2108456037065967	0.1802168850000000	0.0860066650000000
3066	8.07475	2.2061099345016855	0.1418527000000000	0.0566433350000000
3067	8.07475	2.2260071958231533	0.1125777000000000	0.0536359600000000
3074	8.07165	2.1820731759269467	0.1493172350000000	0.0692616200000000
3075	8.07165	2.2030937743799548	0.1540968200000000	0.1014682700000000
3080	8.06908	2.2271213521808431	0.1392625200000000	0.0888097150000000
3084	8.06592	2.1810077112597339	0.1509357200000000	0.0414314850000000
3087	8.06448	2.1986438691240910	0.1449570500000000	0.1009658500000000
3091	8.05591	2.2120741437996241	0.1394044300000000	0.0986185750000000
3100	8.05284	2.2384691825263925	0.1419280050000000	0.1262644700000000
3101	8.05284	2.2405717693047800	0.1374126050000000	0.0794390650000000
3103	8.05240	2.1641004046020038	0.1300641500000000	0.0749809900000000
3104	8.05108	2.2308245832920708	0.1451791700000000	0.0914730850000000
3107	8.05001	2.2126169483911773	0.1892998250000000	0.0644170100000000
3108	8.04961	2.2260229872725388	0.1277380150000000	0.0435690950000000
3111	8.04777	2.2182925084738563	0.1567511200000000	0.1134777450000000
3113	8.04733	2.2395432020862009	0.1791861000000000	0.0996694850000000
3116	8.04640	2.2105217603686502	0.1476842200000000	0.0979664350000000
3117	8.04640	2.2196586415796919	0.1541300550000000	0.1098568100000000
307	15.11510	2.2025881573448745	0.1604319250000000	0.0490757150000000
309	15.08880	2.1992365928828757	0.1545813650000000	0.1013067400000000
311	15.04170	2.2154384093519228	0.1638669550000000	0.1075181650000000
3121	8.04428	2.2403925912304627	0.1434431900000000	0.1009116900000000
3123	8.04340	2.2293952936389596	0.1560450650000000	0.0462938950000000
3125	8.04295	2.2281289129459694	0.1346436300000000	0.0900112450000000
3128	8.04112	2.2355578008155557	0.1201277000000000	0.0583784350000000
3131	8.04084	2.2292807114408353	0.1542335450000000	0.0908882000000000
3132	8.04055	2.2331142999350901	0.1499220750000000	0.0619987450000000
3136	8.03868	2.2005399014196989	0.1221586250000000	0.0779936500000000
3140	8.03554	2.1979599085705428	0.1233838500000000	0.1353784250000000
3143	8.03299	2.2378897627032219	0.1643333000000000	0.0977787650000000
3144	8.03061	2.2131284874611277	0.1631744550000000	0.1124795550000000
3146	8.02833	2.2318550920372462	0.1419695150000000	0.1286023550000000
3148	8.02785	2.2917845983249614	0.2112408149999999	0.1481883800000000
3160	8.01725	2.2127480012293335	0.1648679400000000	0.1050304950000000
3162	8.01282	2.2092239706201506	0.1481846600000000	0.1050185600000000
3163	8.01282	2.2006444395952403	0.1558901500000000	0.1036865050000000
3164	8.01094	2.2154441941394718	0.1345227250000000	0.0728276450000000
3166	8.01092	2.2316430995767922	0.1345997600000000	0.0837104000000000
3176	8.01068	2.1691288295262701	0.1272465950000000	0.1125024350000000
3177	8.01068	2.1881206436171592	0.1228123200000000	0.0745086900000000
3178	8.01058	2.2248749335275697	0.1650062600000000	0.0826432750000000
3180	8.01055	2.1777632588072113	0.1284028450000000	0.0589085750000000
3181	8.01055	2.2670207912503746	0.1647839550000000	0.0545868450000000
3184	8.01041	2.2169715818953080	0.1575173250000000	0.0809979250000000
3186	8.01038	2.2087677519963393	0.1567733150000000	0.1151077150000000
3189	8.01028	2.2280317532349478	0.1408362750000000	0.1019814450000000
312	15.02260	2.1789698203986130	0.1300769700000000	0.0863093550000000
315	15.01960	2.2107845599046656	0.1154812200000000	0.0566215500000000
318	14.98660	2.2075767641859700	0.1444372900000000	0.1096090300000000
30	76.54120	2.2002991092258508	0.1537873800000000	0.0776259600000000
321	14.98120	2.2162046947668377	0.1441351800000000	0.0528091750000000
322	14.93200	2.2035032403362749	0.1489491350000000	0.1118139450000000
327	14.79800	2.2059337211014061	0.1676009000000000	0.1062762050000000
328	14.72970	2.1949521791404272	0.1446471650000000	0.0946623850000000
329	14.72970	2.1972567745221063	0.1481227800000000	0.0809573200000000
333	14.68190	2.2254148413752417	0.1221045000000000	0.0781312650000000
339	14.65620	2.1766524452155878	0.1520875050000000	0.0503036400000000
341	14.65040	2.1999218261186466	0.1466901350000000	0.0961502950000000
345	14.64280	2.2201737023521133	0.1412746050000000	0.0985502950000000
352	14.56770	2.2202856828713364	0.1436568250000000	0.0978271350000000
355	14.55770	2.2209982549998837	0.1690352800000000	0.0924408300000000
361	14.54000	2.1762915020194145	0.1380784550000000	0.0647303850000000
364	14.51810	2.1891152585367104	0.1536409850000000	0.0865231650000000
369	14.49040	2.2017334458928888	0.1440061250000000	0.0974496800000000
371	14.46400	2.2206203894347074	0.1431546550000000	0.0807895250000000
373	14.42060	2.2221524130392671	0.1417686950000000	0.1168661750000000
374	14.41300	2.2043885698495838	0.1299432400000000	0.1039869700000000
377	14.40380	2.2061364444665577	0.1565611700000000	0.0858757100000000
378	14.38140	2.1934317674841037	0.1400175700000000	0.0622205800000000
381	14.36460	2.2087577180888811	0.1473523050000000	0.0968022100000000
384	14.28480	2.2083763079988157	0.1347762350000000	0.0934960150000000
385	14.28480	2.2288239052603234	0.1735335000000000	0.0837490500000000
387	14.18730	2.2221045246088003	0.1263150800000000	0.1019127300000000
391	14.17370	2.2190280821759472	0.1266179100000000	0.1085037250000000
397	14.06080	2.2467403784936613	0.1995781650000000	0.1080548800000000
32	70.71640	2.2020620145674967	0.1213877500000000	0.0524633050000000
35	68.84570	2.2020557573085826	0.1360794300000000	0.1058178800000000
36	67.20040	2.2050728773447212	0.1656203400000000	0.0543246700000000
38	61.69190	2.1946256069889327	0.1601844800000000	0.0745313350000000
404	13.98770	2.1985727801685422	0.1868216300000000	0.1241893000000000
406	13.94830	2.3612590798403668	0.2583965700000000	0.1056945750000000
409	13.91000	2.2368464011595108	0.1573676150000000	0.1173912100000000
410	13.90950	2.2207057450980070	0.1377680150000000	0.0796828050000000
411	13.90950	2.1792536087811079	0.1552575350000000	0.0693871750000000
412	13.86450	2.2078208335414180	0.1664926300000000	0.1148324600000000
414	13.85370	2.2084451591470291	0.1404460250000000	0.1079599850000000
419	13.68290	2.2049424631941954	0.1305219300000000	0.0433870750000000
422	13.54540	2.2283375446461600	0.1574999600000000	0.0619283050000000
423	13.54540	2.4035995855030272	0.2406768400000000	0.1465314550000000
424	13.54440	2.2035248311707285	0.1267523100000000	0.1113538650000000
426	13.50120	2.2253681920602286	0.1663102150000000	0.0573400050000000
428	13.46590	2.1954501009557306	0.1600948200000000	0.0829714050000000
430	13.44830	2.2112690842716827	0.1279820250000000	0.0620739250000000
434	13.38960	2.1878342691264807	0.1250968400000000	0.0861321350000000
436	13.38880	2.1874094137711935	0.1467423950000000	0.0521082000000000
448	13.33910	2.2058298765618871	0.1383481950000000	0.0988791300000000
450	13.33800	2.2245625015155261	0.1706275250000000	0.0725063050000000
451	13.33800	2.2142248049171345	0.0731177300000000	0.0901940650000000
452	13.33780	2.1950015543735990	0.1588407800000000	0.0946543600000000
458	13.32660	2.2161068309673859	0.1240327800000000	0.1167897150000000
459	13.32660	2.1908211908059920	0.1218994700000000	0.0959028300000000
460	13.31720	2.2247520482304957	0.1438643550000000	0.0671534550000000
461	13.31720	2.2134589000506266	0.1716629250000000	0.1080502500000000
464	13.29930	2.2242000293633484	0.1470939750000000	0.1153369450000000
465	13.29930	2.1975644532559357	0.1584610700000000	0.0785932200000000
470	13.28050	2.2176127990930206	0.1555473600000000	0.1107617250000000
471	13.28050	2.2291176687065910	0.1518522850000000	0.0986455650000000
474	13.26380	2.1680443967098624	0.1508791750000000	0.0567619800000000
475	13.26380	2.2121123095574080	0.1237585100000000	0.0718572200000000
479	13.23430	2.1993896569378952	0.1500461800000000	0.1012715900000000
40	59.62250	2.2037650237764201	0.1553064000000000	0.1058800100000000
44	56.03560	2.2017066359896633	0.1268836500000000	0.1208004050000000
481	13.21680	2.2153098493098611	0.1306105750000000	0.1087837800000000
484	13.21000	2.2117423910731384	0.0827306150000000	0.1040797250000000
490	13.21000	2.2158421326748803	0.1373541650000000	0.0699595200000000
492	13.21000	2.1758474596706461	0.1630946650000000	0.1247380900000000
497	13.21000	2.2400628354930689	0.1375580700000000	0.1403001600000000
499	13.21000	2.1741712244674543	0.1609974850000000	0.1447455200000000
500	13.21000	2.2065297470459804	0.1975122250000000	0.1177521100000000
503	13.20940	2.2100971246297898	0.1521818100000000	0.1070734650000000
505	13.20780	2.1963935256572014	0.1588431050000000	0.0803257350000000
506	13.20770	2.1868192786865879	0.1783593050000000	0.0629624250000000
510	13.20650	2.2205326286119589	0.1454105300000000	0.0929659600000000
511	13.20650	2.2153902963113632	0.1580649850000000	0.1212312950000000
516	13.20490	2.2165349563601051	0.1379015500000000	0.0564872150000000
519	13.20380	2.2112636395137693	0.1444784900000000	0.0888260650000000
521	13.20350	2.2243103471090082	0.1224356750000000	0.0825137050000000
522	13.19800	2.2024513229506955	0.1717883550000000	0.0431531300000000
523	13.19800	2.2153756609435713	0.1528394900000000	0.1034746450000000
525	13.19760	2.2266374891205896	0.1334477350000000	0.0967665500000000
526	13.19720	2.2235886580557156	0.1451051600000000	0.1201943100000000
527	13.19720	2.2191901772788118	0.1467870950000000	0.0928616550000000
528	13.19430	2.2272545029661437	0.1634607100000000	0.1117985000000000
529	13.19430	2.2009020043830514	0.1081555400000000	0.0822912100000000
531	13.19420	2.2182614723690870	0.1689083800000000	0.0900543750000000
532	13.19230	2.2191654669697756	0.1483401150000000	0.0836207350000000
535	13.19200	2.1991081550455447	0.1712833900000000	0.0353357150000000
536	13.19110	2.1964425447164895	0.1499342750000000	0.0740163550000000
537	13.19110	2.2153898566830987	0.1543335150000000	0.0686006550000000
538	13.19100	2.2183114683408167	0.1458470250000000	0.1113525450000000
539	13.19100	2.2078176088239205	0.1278021450000000	0.1086151800000000
540	13.16820	2.2126588081902452	0.1315150300000000	0.0879745850000000
541	13.16820	2.2148718062695774	0.1507368300000000	0.0960419600000000
542	13.14490	2.1940152780297528	0.1331938450000000	0.0852279650000000
543	13.14490	2.2197453409353272	0.1429046050000000	0.1168155500000000
547	13.09850	2.2180666484570475	0.1521546500000000	0.1006486000000000
552	13.07160	2.1970514009013256	0.1657624100000000	0.0497878700000000
557	13.05700	2.1950599133695619	0.1522599650000000	0.0964904150000000
49	53.59700	2.2040954131262751	0.1415516400000000	0.0853043800000000
51	47.21450	2.2037400784959260	0.1465946750000000	0.1036767900000000
52	47.09940	2.2005820727547465	0.1416106050000000	0.0910910500000000
53	47.09940	2.2038138448702984	0.1496849450000000	0.0985306150000000
561	13.04230	2.2261456148353784	0.1670928400000000	0.0819614000000000
564	13.01880	2.2141819555042295	0.1435712700000000	0.0591274950000000
566	13.01160	2.2223280938119854	0.1270143600000000	0.0782562700000000
568	12.98580	2.1848504017851056	0.1337632250000000	0.0939911850000000
569	12.98580	2.1861830523849752	0.1591454950000000	0.0796130750000000
570	12.98000	2.2031283911747486	0.1445366100000000	0.0932708300000000
572	12.91140	2.1689625294800403	0.1332349700000000	0.0856572550000000
583	12.78530	2.2090915396784045	0.1438467850000000	0.0971244200000000
586	12.70350	2.2214496182760826	0.1563746350000000	0.0999245600000000
590	12.66740	2.2208093670566478	0.1146114000000000	0.0959133050000000
592	12.65950	2.2214826814611759	0.1349654100000000	0.0714471100000000
595	12.64030	2.2011358484516661	0.1395754550000000	0.0850983700000000
598	12.62770	2.2087001006289446	0.1457585050000000	0.0957149200000000
599	12.62770	2.1995884133802313	0.1717161600000000	0.0788291550000000
600	12.60080	2.2153478535301669	0.1605046600000000	0.0746629600000000
602	12.59990	2.2144785871773913	0.1710110500000000	0.1345947150000000
605	12.58840	2.2186663907409416	0.1361462900000000	0.0950563450000000
606	12.57920	2.4187140307343729	0.3000930400000000	0.1537555550000000
610	12.56820	2.2193641569971119	0.1428310650000000	0.1009181200000000
611	12.56820	2.2099196126250509	0.1310919800000000	0.0754171350000000
614	12.55630	2.1771064253173993	0.1455037450000000	0.0991704050000000
615	12.55630	2.2237517566537828	0.1558394700000000	0.1141706750000000
621	12.52900	2.2235071944150029	0.1447327500000000	0.0954930600000000
623	12.52010	2.2580694004321682	0.1636724800000000	0.0870614050000000
624	12.48940	2.1801298174519848	0.1360088900000000	0.0633767000000000
627	12.46550	2.2159990083479948	0.1083660950000000	0.0984955900000000
629	12.44730	2.2095813647943543	0.1391771450000000	0.1027815050000000
631	12.43320	2.2278390635651522	0.1488875350000000	0.0655140300000000
632	12.42190	2.2041753422293526	0.1418428850000000	0.1009755500000000
633	12.42190	2.2157212937765172	0.1275689200000000	0.0423463800000000
634	12.41290	2.2192908312789266	0.1354237100000000	0.0945798150000000
637	12.39640	2.2274962314303384	0.2075329150000000	0.0887972150000000
639	12.39250	2.2245798059186379	0.1543225650000000	0.1034549750000000
58	42.54600	2.2180415828928233	0.1593128800000000	0.1266950650000000
59	42.54600	2.2056829616916662	0.1384990300000000	0.0980750150000000
60	42.09350	2.2063077751078972	0.1466648500000000	0.0840897300000000
640	12.36280	2.2018462819103402	0.1655237450000000	0.0919279450000000
642	12.35490	2.2082325370944629	0.1321430550000000	0.0866875950000000
643	12.35490	2.1676609116413275	0.1504451600000000	0.0985295950000000
645	12.34660	2.2292270037028152	0.1606633150000000	0.0311962000000000
647	12.33170	2.1918560891463312	0.1605438750000000	0.1004129700000000
649	12.32760	2.2073127205453029	0.1495000100000000	0.1013659800000000
651	12.31590	2.2200451940634469	0.1310135650000000	0.0648707600000000
654	12.30290	2.1785851200133131	0.1442640050000000	0.0799996950000000
660	12.28060	2.2224290862394027	0.1326529250000000	0.0572954000000000
662	12.27620	2.1689778493333751	0.1456006900000000	0.0783502550000000
666	12.27310	2.1685127267717652	0.1424372500000000	0.1008965750000000
672	12.26710	2.2426589471381098	0.1604610200000000	0.0720422250000000
673	12.26710	2.1844700524391754	0.1510456050000000	0.0834152800000000
674	12.26040	2.1963757488080109	0.1499454700000000	0.0617431300000000
676	12.25110	2.2270467379096677	0.1445062600000000	0.1076939900000000
678	12.25070	2.1778382914453100	0.1395394750000000	0.0961734200000000
679	12.25070	2.2085644386715853	0.1240233800000000	0.0971223100000000
681	12.24980	2.2006937173211432	0.1644444100000000	0.0848607000000000
683	12.24970	2.1995219453555550	0.1399692000000000	0.0929847300000000
688	12.24830	2.2283798095107978	0.1610951850000000	0.0830474150000000
692	12.24590	2.2181590513081013	0.1592904900000000	0.1077462650000000
693	12.24590	2.2111194234684510	0.1381764800000000	0.0966545950000000
695	12.24330	2.2198122828548024	0.1224464100000000	0.0781948250000000
698	12.24100	2.2320872083807330	0.1490937650000000	0.0435751400000000
706	12.23740	2.2943278583266440	0.2179807450000000	0.1485997400000000
708	12.23660	2.3430061145765189	0.2349629000000000	0.1000146800000000
709	12.23660	2.2279018188268820	0.1444655450000000	0.1148674800000000
714	12.23160	2.1764442907337451	0.1569451000000000	0.0502227100000000
718	12.22970	2.1521302524520567	0.1851990050000000	0.0500689250000000
64	36.87240	2.2079648369451781	0.1443298750000000	0.0728347750000000
65	36.87240	2.1911052574247898	0.1374481100000000	0.0956947050000000
68	34.70490	2.1891413750473441	0.1588652450000000	0.0894839100000000
69	34.70490	2.1934162162488118	0.1549340850000000	0.0714765550000000
71	34.34650	2.1995133231107982	0.1249342550000000	0.1014506400000000
721	12.20990	2.1977687616654391	0.1523617350000000	0.0631629550000000
724	12.19220	2.2266635129459411	0.1908102300000000	0.1228363400000000
726	12.19070	2.2278269055350846	0.1241345900000000	0.0718139950000000
729	12.18790	2.2167969199632847	0.0926341950000000	0.0431707350000000
732	12.18330	2.1943363395858437	0.1456501900000000	0.0962430000000000
736	12.18220	2.2073651868424826	0.1506200400000000	0.0866193850000000
739	12.17880	2.1805781409759755	0.1112504600000000	0.0885875100000000
741	12.17800	2.2226549145624017	0.1671526250000000	0.1139116400000000
746	12.16690	2.2283451372999790	0.1595312950000000	0.0808584400000000
749	12.16000	2.1687229490499722	0.1292970450000000	0.0659630400000000
751	12.14600	2.2154058905188774	0.1564379550000000	0.0976390400000000
754	12.06250	2.2549180583596420	0.2044383950000000	0.0663357400000000
755	12.06250	2.1889929263763994	0.1626722750000000	0.1131249750000000
756	12.04910	2.2260569712452307	0.1617155300000000	0.0746943150000000
758	12.04560	2.1790536342095037	0.1443772650000000	0.0885831000000000
759	12.04560	2.2462117037127771	0.1905680050000000	0.0967068500000000
761	12.03310	2.2004926948886001	0.1393531950000000	0.0799080950000000
762	11.98980	2.2105364914148469	0.1076069300000000	0.0678694450000000
763	11.98980	2.1880436998628405	0.1475211250000000	0.0835989250000000
765	11.96210	2.1802278745256070	0.1535112400000000	0.0905604150000000
766	11.96070	2.1990674681691762	0.1104343000000000	0.0784038100000000
768	11.93360	2.2177414988355815	0.1591232700000000	0.1050476650000000
771	11.91480	2.1949929952042542	0.1349273950000000	0.0864545650000000
773	11.90250	2.2283995553066789	0.1657715550000000	0.1090958800000000
775	11.87410	2.2198690379630976	0.1584558200000000	0.0968827150000000
779	11.86530	2.2190934006754404	0.1517781350000000	0.0681457300000000
780	11.85060	2.2259532802576985	0.1367208650000000	0.0914434000000000
786	11.81710	2.2163216451783763	0.1436698700000000	0.1003593850000000
791	11.79730	2.2294988200162367	0.1442306700000000	0.1062023500000000
797	11.77000	2.2185267694071786	0.1381188800000000	0.1020365050000000
798	11.74940	2.2179037123026801	0.1186114950000000	0.0944742050000000
74	32.32140	2.1936716681682737	0.1440241300000000	0.0591892450000000
75	32.32140	2.2084676624049466	0.1554114800000000	0.0965254050000000
