3	144.83400	2.1968646300458055	0.1282575300000000	0.0935357650000000
4	141.17100	2.1992127780263075	0.1371151400000000	0.0785550650000000
802	11.74220	2.2270829932819289	0.1308046750000000	0.0900493450000000
808	11.73530	2.2142045852199623	0.1534939700000000	0.1277994500000000
812	11.72650	2.2052108607321155	0.1545149050000000	0.1007261550000000
817	11.72430	2.1981502022011363	0.1540864700000000	0.0756502850000000
821	11.72220	2.2487520670780823	0.1996865200000000	0.1341051500000000
823	11.72100	2.1972570976084609	0.1873127550000000	0.1279454350000000
828	11.71240	2.1903484012991634	0.1331325000000000	0.0666539100000000
829	11.71240	2.3349722649470830	0.2208542800000000	0.0624453500000000
830	11.71140	2.2350028664124606	0.1352593200000000	0.0693118050000000
831	11.71140	2.2238698889228163	0.1641202650000000	0.1220072000000000
832	11.71070	2.1794635206608857	0.1059629600000000	0.0653103200000000
833	11.71070	2.1836389449227496	0.1440220700000000	0.0628678250000000
836	11.70160	2.2244892880885070	0.1519785500000000	0.0678460250000000
837	11.70160	2.2290689291030708	0.1589325400000000	0.1038525950000000
839	11.70000	2.2279238439424232	0.1032973000000000	0.0657123800000000
841	11.70000	2.2034071763627159	0.1505482550000000	0.0981553550000000
842	11.70000	2.1746969206921598	0.1216955900000000	0.0743068100000000
843	11.70000	2.2778542456921826	0.2113357750000000	0.0831291050000000
845	11.70000	2.1795097086413229	0.1252041350000000	0.0540288400000000
847	11.70000	2.2207141367724037	0.1507761300000000	0.0977963750000000
856	11.70000	2.2206384216762687	0.1216478450000000	0.0844929500000000
858	11.70000	2.2165149978542211	0.1366598750000000	0.0894529150000000
862	11.70000	2.2125919836022661	0.1677509800000000	0.1311812850000000
866	11.70000	2.1547728087976261	0.1270013450000000	0.0981093650000000
867	11.70000	2.4563925247747562	0.2559627550000000	0.0722281700000000
868	11.70000	2.2127309026744708	0.2163466250000000	0.1249212350000000
869	11.70000	2.2311589877787572	0.1441307400000000	0.1102916600000000
870	11.70000	2.2375169681448024	0.1853717000000000	0.1342297900000000
873	11.70000	2.2281227517879443	0.1229585550000000	0.0827522500000000
874	11.70000	2.2269163815325128	0.1429937850000000	0.0752615400000000
80	26.68980	2.2101390172862190	0.1434544550000000	0.0966088850000000
81	26.68980	2.4046907562700404	0.2592482700000000	0.1629026950000000
82	26.48190	2.2184878015436760	0.1724191300000000	0.1254681150000000
83	26.48190	2.2147102585881755	0.1525434550000000	0.0947756500000000
85	26.46800	2.2090256808118762	0.1211371250000000	0.0923148800000000
881	11.70000	2.2048205169828168	0.1495204200000000	0.0923102100000000
886	11.69360	2.2065982607570245	0.1615534050000000	0.0647575400000000
887	11.69360	2.1900803080347364	0.1272467600000000	0.1011606300000000
888	11.68810	2.2356339330180370	0.1643459350000000	0.0690069750000000
891	11.68000	2.1729157919712558	0.1327703350000000	0.0889092400000000
894	11.67530	2.1859391656835809	0.1358070150000000	0.1024332900000000
895	11.67530	2.2124350243914219	0.1635406400000000	0.0767808250000000
901	11.67020	2.2009064535547558	0.1471454800000000	0.0935009850000000
907	11.63960	2.2112921750394210	0.1388903200000000	0.0542696150000000
908	11.63210	2.2266761031098166	0.1425248100000000	0.0648882700000000
910	11.62890	2.2343712411952743	0.1572708550000000	0.1036786700000000
912	11.62220	2.1686864974395585	0.1380217600000000	0.0623166500000000
914	11.61880	2.2076979504126721	0.1495029050000000	0.0961754350000000
915	11.61880	2.2159744553744569	0.1330512800000000	0.0977043050000000
917	11.60350	2.2228650167652084	0.1082820400000000	0.0501766800000000
920	11.59250	2.2217131004955850	0.1419800350000000	0.0732876400000000
923	11.58810	2.2210525588070524	0.1277136900000000	0.0908385600000000
925	11.57950	2.2273022160656346	0.1240990700000000	0.0585911050000000
932	11.52700	2.2266495829483901	0.1399237100000000	0.0636616500000000
938	11.52030	2.1884650695181351	0.1241746250000000	0.1001294500000000
942	11.51670	2.1352993392605835	0.2648674200000000	0.1125355050000000
947	11.50830	2.2268599496540933	0.1358032800000000	0.0954232100000000
949	11.50430	2.2234864505671972	0.1309102850000000	0.0743451800000000
952	11.48170	2.2303510298373546	0.1522622700000000	0.0732513450000000
953	11.48170	2.2305447307758355	0.1420654550000000	0.1226227300000000
955	11.47710	2.2157398146936882	0.0833513650000000	0.1260709450000000
88	26.22460	2.2000856539542930	0.1406691900000000	0.0921399550000000
89	26.22460	2.2048531230582480	0.1314987400000000	0.1056471800000000
90	25.99150	2.2075666947143242	0.1552588200000000	0.0885719350000000
91	25.99150	2.1979530010043571	0.1099086750000000	0.0709605100000000
964	11.45440	2.2092050341092468	0.1185546550000000	0.0838696900000000
965	11.45440	2.1724076694591945	0.1372731250000000	0.0516234900000000
976	11.41910	2.1979545556475735	0.1470631350000000	0.0974961900000000
979	11.41090	2.2948463178439620	0.1863069550000000	0.1501111000000000
980	11.39810	2.2246094569349570	0.1402698950000000	0.0866790450000000
984	11.38880	2.2175376750703450	0.1608318600000000	0.0441404000000000
986	11.38710	2.2139251671925386	0.1251019850000000	0.0836869350000000
988	11.38180	2.2147140754944652	0.1595456900000000	0.1174429050000000
996	11.35540	2.2012040489663076	0.1336860400000000	0.0879166700000000
1000	11.34480	2.1883836913101913	0.1502247650000000	0.0737832300000000
1004	11.32070	2.2247432400234852	0.1316871400000000	0.0909178500000000
1006	11.30660	2.2821963416056077	0.2172081550000000	0.0974872500000000
1010	11.30350	2.2102018263463181	0.1423976450000000	0.0962203900000000
1011	11.30350	2.2114251418657931	0.1467958250000000	0.0782256300000000
1012	11.28590	2.2143803531194770	0.1306349800000000	0.0923763500000000
1015	11.28320	2.2255443905306178	0.1489796500000000	0.1051127650000000
1016	11.27850	2.2305240499482091	0.1528206950000000	0.1154273400000000
1018	11.27530	2.2014798144894816	0.1291750700000000	0.0529836550000000
1028	11.26650	2.2273858811823515	0.1728974350000000	0.1164087300000000
1032	11.24410	2.2170730404925654	0.1222613000000000	0.0989800850000000
1036	11.23560	2.2222581088081665	0.1545671450000000	0.0989041650000000
1039	11.23230	2.2222219151568816	0.1505094750000000	0.0694835250000000
96	25.06110	2.2174362714180793	0.1916957000000000	0.1220012950000000
99	24.92170	2.2002930669214895	0.1442262600000000	0.0931807700000000
103	24.57650	2.1850357386075219	0.1384056850000000	0.0934981850000000
1040	11.22350	2.2312757828674807	0.1555168850000000	0.1216466750000000
1047	11.18810	2.2307137942643038	0.1818454550000000	0.1097882350000000
1048	11.18260	2.2604026186826713	0.1426094200000000	0.1038982050000000
1050	11.18250	2.2204917298160289	0.0754186300000000	0.0521347000000000
1053	11.18230	2.2251641387998573	0.1430098600000000	0.0845673250000000
1055	11.17720	2.2029488384261402	0.1371969750000000	0.0856601400000000
1056	11.17510	2.2245606533363294	0.1352697500000000	0.0904047600000000
1060	11.14950	2.2226453676144287	0.1428911900000000	0.0925491350000000
1065	11.13930	2.2224116864190848	0.1534826250000000	0.0718500950000000
1067	11.13620	2.1891669070949380	0.1363054150000000	0.0387506850000000
1071	11.11750	2.2427103453477866	0.1917378000000000	0.1435726400000000
1073	11.09650	2.2062973886821475	0.1872325650000000	0.0920869150000000
1074	11.08920	2.2197656017062015	0.1238017800000000	0.0576364950000000
1076	11.07770	2.2327736735673276	0.1620760800000000	0.1051120300000000
1080	11.06540	2.2318078198144011	0.1566156700000000	0.1102942750000000
1082	11.06380	2.1824802459017829	0.1855679000000000	0.0985846150000000
1083	11.06380	2.2359877883397834	0.1342188500000000	0.0853255450000000
1084	11.06310	2.2242925582652497	0.1347095550000000	0.0663924750000000
1085	11.06310	2.2288033910901515	0.1522348300000000	0.0759341350000000
1087	11.05860	2.2220302566868098	0.1529075750000000	0.1166577650000000
1092	11.03460	2.2032376049314486	0.1317412600000000	0.0933879650000000
1093	11.03460	2.2076147703248421	0.1558815650000000	0.0703535450000000
1099	11.02590	2.2081533979024774	0.1447122900000000	0.0985663900000000
1106	10.97450	2.2058660761128377	0.1396707550000000	0.1074159350000000
1111	10.96410	2.2302378085846493	0.1288037450000000	0.0813104300000000
1114	10.95360	2.2015975607997746	0.0954118400000000	0.0851859700000000
1117	10.93930	2.2440148361230827	0.1384438200000000	0.1189834450000000
104	24.51240	2.2102335006566185	0.1435244100000000	0.0929684350000000
108	24.08970	2.2126694305876082	0.2078061000000000	0.1082232300000000
110	23.82210	2.1985747251459653	0.1465101800000000	0.0950884800000000
111	23.82210	2.2081201775347759	0.1694276200000000	0.1096430850000000
1127	10.92830	2.2263048633288660	0.0807299850000000	0.0364448300000000
1129	10.92790	2.2335628078378296	0.1510667750000000	0.0914324000000000
1137	10.92380	2.2125087741776657	0.1395484350000000	0.0801203250000000
1140	10.92290	2.2072236430795966	0.1082192250000000	0.0624236300000000
1145	10.92230	2.2293778927861512	0.1471787750000000	0.0451505150000000
1146	10.92210	2.2317550019366714	0.1542544300000000	0.0872468050000000
1147	10.92210	2.2302639832862430	0.1456118100000000	0.1088557650000000
1151	10.92080	2.2127547193412558	0.1698860800000000	0.1126985250000000
1152	10.91860	2.2299320129381908	0.1462583200000000	0.0630001700000000
1154	10.91650	2.2159541687108444	0.0633766300000000	0.0910165850000000
1155	10.91650	2.2324889526826777	0.1431974500000000	0.0821761950000000
1158	10.90520	2.2240715115383125	0.1453665900000000	0.1127790600000000
1160	10.90250	2.2087210677242579	0.1442367200000000	0.0889468250000000
1161	10.90250	2.2128060881641787	0.1801512700000000	0.0779846900000000
1163	10.90130	2.2317203804416961	0.1533887900000000	0.1106362600000000
1165	10.89690	2.2237209165917249	0.1545640850000000	0.0975287750000000
1169	10.88480	2.2359572224602928	0.1392343550000000	0.0851783500000000
1171	10.88460	2.2045613155069161	0.1653998850000000	0.0537798150000000
1172	10.88410	2.1891248170615625	0.1628905200000000	0.0684043150000000
1173	10.88410	2.1895924520124086	0.1240782200000000	0.0474847100000000
1176	10.88150	2.1977702575929277	0.1421303900000000	0.1085105700000000
1177	10.88150	2.1736632721349647	0.1160542350000000	0.0629581600000000
1179	10.84320	2.2307365070334466	0.1517864900000000	0.0659101100000000
1182	10.82110	2.2272106347834884	0.1590022650000000	0.1123169950000000
1185	10.76010	2.2311627657825390	0.1368292350000000	0.0991925900000000
1186	10.74210	2.1740990664172735	0.1518748750000000	0.0504414400000000
1191	10.62350	2.2352966638232306	0.1358733300000000	0.0671789150000000
1193	10.61910	2.2067844860543531	0.1198312450000000	0.0777762950000000
1195	10.61840	2.2029063412357490	0.1468683700000000	0.0816771000000000
1196	10.61790	2.2379630492600362	0.1408889600000000	0.0797743500000000
1198	10.61770	2.1891762664357750	0.1733870450000000	0.0980026900000000
113	23.57600	2.3463238890061957	0.2718725850000000	0.1211735150000000
118	22.53360	2.2708526792825219	0.2524424400000000	0.1341159850000000
1207	10.61610	2.2367277677565274	0.1695376300000000	0.1118770000000000
1213	10.61400	2.2052715595534567	0.1543303950000000	0.1084235750000000
1215	10.61230	2.2002757559225712	0.1522791200000000	0.0979640500000000
1216	10.61210	2.2255756898883137	0.1602033400000000	0.0954221500000000
1217	10.61210	2.2204386553750055	0.1640110400000000	0.0592873850000000
1218	10.61090	2.1985665508229295	0.1661351450000000	0.1055835350000000
1223	10.61040	2.2048609492487090	0.1379922050000000	0.0749958200000000
1224	10.61010	2.1960732863880184	0.1560299050000000	0.0855504300000000
1228	10.58910	2.2226530635746893	0.1242660300000000	0.0881130600000000
1229	10.58910	2.2255345825002344	0.1541040700000000	0.1158371450000000
1230	10.58300	2.2026125057280885	0.1456389850000000	0.0802898900000000
1232	10.54440	2.2240088319362767	0.1463137800000000	0.1093289150000000
1234	10.52320	2.2100571335614547	0.1529732150000000	0.0868229600000000
1237	10.51650	2.1948925293832731	0.1582629750000000	0.1183886150000000
1240	10.47010	2.2370378535981557	0.1468780650000000	0.1168979550000000
1242	10.46930	2.1942114615516917	0.1340320900000000	0.1014963850000000
1243	10.46930	2.2226170351491494	0.1403579250000000	0.1015316250000000
1249	10.42930	2.2021597486320581	0.1357416500000000	0.0954640500000000
1251	10.41750	2.2211230412593728	0.1412087150000000	0.0627608050000000
1254	10.39910	2.2043021728192871	0.1234028650000000	0.1042953000000000
1255	10.39910	2.2279380585910320	0.1404573750000000	0.1002871200000000
1256	10.39850	2.2340871361514845	0.1575807250000000	0.0900351050000000
1258	10.39810	2.2211077698802577	0.1618874950000000	0.0721546900000000
1262	10.37670	2.2446052703664980	0.1808211350000000	0.1078560300000000
1264	10.36310	2.2414484887047115	0.1601648450000000	0.1321447050000000
1265	10.36310	2.2332968415748322	0.1434804050000000	0.0864492050000000
1266	10.35950	2.2306059662358630	0.1535205950000000	0.0709678250000000
1272	10.34210	2.2158814296488933	0.1418715550000000	0.0968692350000000
1273	10.34210	2.2188082088165761	0.1513740150000000	0.1034831300000000
1275	10.34030	2.2986649559738308	0.1991327350000000	0.0973603100000000
1278	10.33740	2.1993236526031210	0.1341802350000000	0.0833389800000000
1279	10.33740	2.2204634846503111	0.1151551250000000	0.0603097200000000
120	22.50900	2.2102208306630109	0.1429947150000000	0.1149591300000000
121	22.50900	2.2071671621138003	0.1452992950000000	0.0862726150000000
122	21.95780	2.2040760936748911	0.1428408050000000	0.0327011450000000
123	21.95780	2.2068577686275326	0.1074438550000000	0.0460975550000000
126	21.78800	2.2084989460586648	0.1567614650000000	0.0920477900000000
127	21.78800	2.2204319857915005	0.1534134100000000	0.1137733900000000
1280	10.32880	2.2420685521598642	0.1487132000000000	0.1441425550000000
1285	10.32170	2.2139657627078422	0.1315455500000000	0.0525942700000000
1286	10.32150	2.2277277079996960	0.1308827500000000	0.0727940550000000
1288	10.31540	2.2525611788125142	0.1767421750000000	0.1514445750000000
1290	10.30710	2.1953697004074404	0.1347396350000000	0.1068839250000000
1293	10.29770	2.2261611123903062	0.1425209650000000	0.1085009050000000
1296	10.29030	2.2131752944050826	0.1523030550000000	0.0984741250000000
1297	10.29030	2.2129896795303936	0.1392324800000000	0.0572297950000000
1300	10.28650	2.2337949997507613	0.1406361700000000	0.0746324200000000
1305	10.28410	2.2378158251865594	0.1558809450000000	0.1351781350000000
1307	10.27900	2.1834469468513036	0.1900036500000000	0.0639860250000000
1314	10.27740	2.2273907976633636	0.1447623200000000	0.0960504850000000
1315	10.27740	2.2095025191620783	0.1764395850000000	0.1241978250000000
1319	10.27300	2.1836509247048395	0.1498989350000000	0.0850672400000000
1320	10.26090	2.1734634126712433	0.1366355550000000	0.0682782750000000
1321	10.26090	2.2241976491532509	0.1376637000000000	0.0741285600000000
1324	10.25040	2.2316487480503104	0.1198115500000000	0.0942755600000000
1325	10.25040	2.2327522094247239	0.1497862400000000	0.0946264400000000
1326	10.23910	2.2206095912981092	0.1213509450000000	0.0716590900000000
1327	10.23910	2.2399230745274670	0.1826115550000000	0.1315087500000000
1328	10.23050	2.2184573631131861	0.0910736450000000	0.1356267750000000
1333	10.20550	2.1964762266995956	0.1220988450000000	0.0864772900000000
1334	10.20380	2.2139805557567622	0.1183186000000000	0.0869730100000000
1339	10.19020	2.1864088268431918	0.1395813100000000	0.0888409100000000
1342	10.18510	2.2313400445874496	0.1543214250000000	0.1140230500000000
1345	10.18490	2.2382778706307200	0.1728466400000000	0.0893845200000000
1346	10.18350	2.2311680906757432	0.1286096800000000	0.0722649150000000
1347	10.18350	2.2427314393380149	0.2023988550000000	0.0807922700000000
1355	10.16150	2.3555479858203254	0.2662919950000000	0.1019698150000000
1359	10.16060	2.2373070683358289	0.1696469250000000	0.0616746100000000
131	21.40930	2.2094910171773696	0.1364714950000000	0.0971290750000000
133	21.29740	2.2042123304910994	0.1462186750000000	0.0900114500000000
134	21.21890	2.2169405672105142	0.1587073450000000	0.0421758800000000
135	21.21890	2.2141282731460548	0.1540260050000000	0.1097413800000000
1360	10.15810	2.2126171774338488	0.0986688300000000	0.1051837850000000
1361	10.15810	2.2218553821377478	0.1177771500000000	0.0876799650000000
1362	10.15700	2.2027765333783691	0.1527090900000000	0.0547754900000000
1365	10.15050	2.2399484047059715	0.1714808050000000	0.1178810400000000
1366	10.15010	2.2310160973404911	0.1490420500000000	0.1044453800000000
1375	10.14090	2.2359091145221943	0.1480940900000000	0.0956923800000000
1376	10.13960	2.1963677300440350	0.1304485700000000	0.0449628850000000
1377	10.13960	2.1872862192300904	0.1479380050000000	0.0531208350000000
1379	10.13950	2.2397985943601442	0.1594361050000000	0.1094802200000000
1380	10.12850	2.2278401841576931	0.1357536050000000	0.0970390850000000
1381	10.12850	2.1860349807366042	0.1485236900000000	0.0579444150000000
1382	10.12620	2.2351319429426586	0.1566001200000000	0.0689965800000000
1383	10.12620	2.2086858421426712	0.1634533200000000	0.0872544600000000
1386	10.12610	2.2002955776535926	0.1138761550000000	0.0667180600000000
1394	10.12330	2.2249666348440633	0.1741249100000000	0.1326380450000000
1395	10.12330	2.2077289428364106	0.1554096050000000	0.0600457750000000
1396	10.12260	2.2234291085016551	0.1321094000000000	0.1056727150000000
1409	10.07350	2.1782699062209505	0.1396295250000000	0.0821260600000000
1413	10.06450	2.2291295917789160	0.1757319200000000	0.1216290050000000
1415	10.06280	2.2242877292605896	0.1314947250000000	0.0833700050000000
1417	10.05140	2.2250221654509561	0.1493100950000000	0.1004243000000000
1418	10.04880	2.1850546521517571	0.0858321600000000	0.0380884400000000
1425	10.04410	2.2422539881154897	0.1874121050000000	0.1607788550000000
1430	10.00540	2.2275044230391403	0.1394294800000000	0.0897821100000000
1433	9.97105	2.2106348363951711	0.1308778200000000	0.1215801250000000
1434	9.95261	2.2049776368047209	0.1653300050000000	0.0745288100000000
1436	9.94991	2.2087211985261046	0.1462608900000000	0.1048147000000000
1437	9.94991	2.2180110844080154	0.1137633850000000	0.0978289800000000
1439	9.93271	2.2288285322912329	0.1404436200000000	0.0703381250000000
138	20.82900	2.2163725544023958	0.1288260100000000	0.1122813400000000
140	20.53460	2.1953994788526709	0.1477292500000000	0.1032095000000000
142	20.48610	2.2153420766527780	0.1444615850000000	0.1133307150000000
143	20.48610	2.1969369948588078	0.1412887950000000	0.0892829400000000
1441	9.90524	2.1954068639842772	0.1560661600000000	0.1005402250000000
1442	9.82061	2.2340586625903982	0.1416679700000000	0.1117270150000000
1446	9.79928	2.2279927461328750	0.1415826350000000	0.0831523300000000
1449	9.79831	2.2051181914327529	0.1616750950000000	0.0997403150000000
1452	9.79790	2.1954925235197331	0.1422746150000000	0.1113466500000000
1459	9.79694	2.2247556280840333	0.1173705250000000	0.0819064100000000
1462	9.79521	2.2287227900704423	0.1717075750000000	0.1173410950000000
1464	9.79515	2.2382816877583629	0.1344126850000000	0.0758400650000000
1466	9.79475	2.2005908839947930	0.1669225950000000	0.1071889700000000
1469	9.79345	2.2169482793295092	0.1634249300000000	0.1122946000000000
1471	9.79320	2.2079310001739700	0.1483223150000000	0.0974008350000000
1475	9.79288	2.2335418257716397	0.1456570650000000	0.0947985150000000
1477	9.79273	2.3810555790269201	0.2620272350000000	0.0784397150000000
1479	9.79166	2.2167175082029189	0.1085560850000000	0.0971660250000000
1481	9.79145	2.2361383758416267	0.1578000700000000	0.1120066950000000
1492	9.72526	2.2350886202493578	0.1337961600000000	0.0589151800000000
1497	9.70935	2.2361021147567959	0.1775578250000000	0.0729109650000000
1498	9.69595	2.2278720930006402	0.1354453650000000	0.1000408850000000
1500	9.67046	2.2227309357859593	0.1310437650000000	0.1046048750000000
1509	9.67000	2.1782049059771742	0.1014177500000000	0.1107606550000000
1510	9.67000	2.1797951663273558	0.1369053700000000	0.0816830900000000
1514	9.66336	2.2401889731448268	0.1513534350000000	0.0741170250000000
1516	9.66178	2.2288029629823591	0.1476666250000000	0.1006750900000000
1517	9.66178	2.1979284420158374	0.1106862100000000	0.0431696050000000
1518	9.66145	2.2088091045341618	0.1496195950000000	0.1105168100000000
147	20.23890	2.2128701055540381	0.1317333550000000	0.1262172250000000
148	20.14810	2.2070763391692747	0.1191463250000000	0.0629949900000000
1525	9.66111	2.2093382990231794	0.1567586650000000	0.1136680700000000
1526	9.66104	2.2380288332846745	0.1781264100000000	0.0835242450000000
1529	9.66080	2.2126656281700603	0.1381823900000000	0.0881905400000000
1531	9.65958	2.2255289684528483	0.1415702700000000	0.0917306450000000
1537	9.65484	2.2298209654189765	0.1346826350000000	0.0973437600000000
1539	9.65423	2.2174606746504497	0.0950768300000000	0.1466361000000000
1541	9.65415	2.2294007152483393	0.1233519150000000	0.0548654050000000
1543	9.65411	2.2379320658474682	0.1353877600000000	0.1013644050000000
1548	9.65323	2.2328260089558531	0.1367263950000000	0.0782895400000000
1549	9.65323	2.2343435953282302	0.1574968300000000	0.0944578050000000
1554	9.62796	2.2081635401859763	0.1435670100000000	0.0831167700000000
1557	9.62658	2.2108731217314253	0.1457857600000000	0.1008578900000000
1562	9.61583	2.2410573853222289	0.1406623050000000	0.1122878150000000
1569	9.61229	2.2250471622359278	0.1535358950000000	0.0577815600000000
1572	9.60674	2.2243581156513681	0.1570166000000000	0.0689141050000000
1586	9.59731	2.2726746607179105	0.1626621500000000	0.1708905400000000
1590	9.59629	2.2306169276087671	0.1104264200000000	0.0881270250000000
152	19.67710	2.2127096502513739	0.2113556100000000	0.0810196000000000
9	139.63100	2.2016206058116619	0.1826852750000000	0.0543404800000000
10	128.05800	2.1978563051296058	0.1471352150000000	0.0987296050000000
13	126.69400	2.1941077416861030	0.1498617850000000	0.0968395850000000
14	118.71200	2.2053215105835706	0.1665583050000000	0.0852596650000000
1601	9.58934	2.2015722089874497	0.1376423700000000	0.0459897850000000
1602	9.58931	2.1768935985194728	0.1495870850000000	0.0727021400000000
1603	9.58931	2.2153721936384017	0.1525892600000000	0.0906864800000000
1606	9.58877	2.2388704425051777	0.1289688700000000	0.0901943050000000
1607	9.58877	2.2390432395093760	0.1463848650000000	0.1306890400000000
1609	9.58865	2.2240500940842081	0.1454998400000000	0.0984501900000000
1611	9.58849	2.2167834314577766	0.1547983000000000	0.0979120250000000
1613	9.58849	2.1955399885637501	0.1460539900000000	0.0865624200000000
1617	9.58787	2.1979810645116786	0.1409199850000000	0.1027238700000000
1619	9.58777	2.2139324916060952	0.1287428600000000	0.1205731200000000
1622	9.58663	2.2101621933462754	0.1343983500000000	0.1046935500000000
1624	9.58434	2.2059869114434201	0.1082033550000000	0.1055132800000000
1625	9.58434	2.2171829206477702	0.1556147200000000	0.0476712600000000
1626	9.58386	2.1703678269820821	0.1033373750000000	0.0500302150000000
1628	9.58364	2.1980669981128500	0.1373410200000000	0.1229110600000000
1629	9.58364	2.2198608877573847	0.1649684100000000	0.1165355250000000
1636	9.58269	2.3668737203705574	0.2475515600000000	0.1219029750000000
1637	9.58269	2.2024852145487452	0.1618682350000000	0.0614997850000000
1640	9.58190	2.2398138148373152	0.1577494250000000	0.0557505050000000
1642	9.58167	2.1806808445674157	0.1225870350000000	0.0534873650000000
1645	9.58133	2.2370739572519187	0.1329927150000000	0.0667773950000000
1651	9.57473	2.2266625557946256	0.0953176550000000	0.0729083300000000
1652	9.57470	2.3873553867795727	0.2952332300000000	0.1547029700000000
1658	9.57127	2.2163271645180056	0.1591189500000000	0.0897516500000000
1661	9.57124	2.2226508610815054	0.1406633150000000	0.0967477650000000
1663	9.57023	2.2274996797397546	0.1266221250000000	0.0809848050000000
1667	9.56748	2.2346630616429555	0.1535550850000000	0.0983147050000000
1669	9.56294	2.2368366283463721	0.1362322550000000	0.1114388300000000
1672	9.55930	2.2160267629385366	0.1487892500000000	0.0891458900000000
1674	9.55679	2.2233656068113743	0.1415171600000000	0.1175482350000000
1676	9.55202	2.2220235668319934	0.1548360000000000	0.0916753550000000
160	19.02050	2.2040034362430441	0.1386065450000000	0.0885674300000000
161	19.02050	2.2108010062210104	0.1647439400000000	0.0773649700000000
162	18.89830	2.2154290958781830	0.1638961850000000	0.0760081100000000
163	18.89830	2.2195492747700101	0.1562877650000000	0.0841814050000000
166	18.66980	2.2074728865285955	0.1377950250000000	0.0923855800000000
1680	9.54781	2.2338059421327969	0.1455274200000000	0.1128955700000000
1685	9.54687	2.1605335419762897	0.1244434000000000	0.0745352750000000
1688	9.53021	2.1984403545169142	0.1573542400000000	0.1074774800000000
1692	9.52252	2.1880899785702890	0.1484216400000000	0.0656169000000000
1696	9.51582	2.2174283232569767	0.1511089700000000	0.1002133850000000
1698	9.51319	2.2193292560508877	0.1395309100000000	0.0970506800000000
1700	9.51255	2.3482886123406734	0.2510731600000000	0.1338494800000000
1702	9.51053	2.2072362772091147	0.1623983750000000	0.0928953100000000
1704	9.50834	2.2313492262976191	0.1351558400000000	0.0746244400000000
1711	9.50323	2.2052629143157403	0.1224578550000000	0.0751604550000000
1721	9.48442	2.1590862465480276	0.1042950400000000	0.0805752950000000
1739	9.43735	2.2303822111970186	0.1447783800000000	0.0712989000000000
1740	9.43695	2.2246810999238713	0.1397457300000000	0.0601726050000000
1742	9.41095	2.2149324078513573	0.1422937300000000	0.1002439950000000
1743	9.41095	2.2255876396101812	0.1392237200000000	0.0531926200000000
1746	9.36075	2.2274956611959462	0.1570029350000000	0.1181421650000000
1748	9.33968	2.2234568220005322	0.2080079300000000	0.1452880800000000
1750	9.32657	2.2402948691842348	0.1596309900000000	0.1131113050000000
1752	9.31892	2.2375701936913970	0.1325321750000000	0.0739618700000000
1753	9.31892	2.2241140989945976	0.1554463950000000	0.0868934950000000
1756	9.30095	2.2124954245470678	0.1526193400000000	0.1082377150000000
1758	9.29419	2.2349644337247443	0.1568223450000000	0.0960224300000000
1759	9.29419	2.2299850190118904	0.1512509950000000	0.0873778600000000
171	18.56620	2.2173729704194636	0.1167391950000000	0.0472417050000000
172	18.38690	2.2109985395780321	0.1525222850000000	0.1092017900000000
174	18.33440	2.2002534811349790	0.1407385100000000	0.0927035700000000
175	18.33440	2.2103768077904467	0.1458927000000000	0.0590131500000000
1760	9.29040	2.2102711844170373	0.1480019800000000	0.1092787800000000
1763	9.28669	2.2339201526194992	0.1284637150000000	0.0671789500000000
1766	9.27618	2.2053037322871920	0.1292417600000000	0.1080149600000000
1769	9.27601	2.2292934063129164	0.1431033000000000	0.0964137800000000
1775	9.27078	2.2341449514080329	0.2019747050000000	0.0878149600000000
1780	9.26310	2.1665908630936093	0.1321636500000000	0.0541654050000000
1783	9.25991	2.2035231619625728	0.1628703150000000	0.0740963600000000
1786	9.25823	2.2294116079648560	0.0755387800000000	0.1091842100000000
1788	9.25791	2.2373646782964358	0.1360173250000000	0.1218312950000000
1793	9.25719	2.2344879487236833	0.1426936800000000	0.1018451800000000
1794	9.25625	2.1727393632729184	0.0935468500000000	0.0358876650000000
1795	9.25625	2.2154188749125874	0.1498293700000000	0.0610627100000000
1797	9.25601	2.2202010259452347	0.1483472350000000	0.1235284850000000
1798	9.25564	2.2227477559615481	0.1038351750000000	0.0480446550000000
1800	9.25542	2.2000151710777969	0.1199902150000000	0.0561093400000000
1805	9.25320	2.2077617411005792	0.1687324700000000	0.1252102550000000
1806	9.25229	2.2026103093945384	0.1528869100000000	0.0882648800000000
1809	9.25199	2.2292952445056291	0.1472594250000000	0.1109442900000000
1812	9.24949	2.1985836170612205	0.1539889350000000	0.0798727050000000
1814	9.24858	2.1901543052999761	0.1365631000000000	0.0967460800000000
1815	9.24858	2.2237785102259426	0.1477374750000000	0.0728291650000000
1816	9.24577	2.2287914803702980	0.1456315400000000	0.0571154550000000
1818	9.24519	2.2331635559350387	0.1409387950000000	0.1077688400000000
1821	9.24436	2.2344936865221006	0.1392487350000000	0.0367621950000000
1826	9.24000	2.2100897960415882	0.1443584600000000	0.0782801400000000
1827	9.24000	2.2201264075199614	0.1205840100000000	0.0831832450000000
1833	9.24000	2.2426227824280041	0.1619970500000000	0.1397820600000000
1834	9.24000	2.2441304261024828	0.1421709800000000	0.1226247550000000
1836	9.24000	2.2290607444553059	0.1127042800000000	0.0783206950000000
176	18.28240	2.2268507453203124	0.1592518150000000	0.1008964000000000
1845	9.24000	2.2250161207685726	0.1486387000000000	0.0896432150000000
1851	9.24000	2.2359739698888368	0.1437165600000000	0.0918403450000000
1853	9.24000	2.2366649985969089	0.1342627950000000	0.0735534100000000
1861	9.23882	2.2323062559087834	0.1337286100000000	0.1076439150000000
1862	9.23812	2.2221189228338201	0.1547109150000000	0.0910158950000000
1868	9.23567	2.2374950409497893	0.1324920000000000	0.0745764150000000
1871	9.23551	2.2018921878160129	0.1348260100000000	0.0897951050000000
1875	9.23490	2.1964239293068823	0.1401677050000000	0.0737554550000000
1876	9.23438	2.2207298391861219	0.1123355650000000	0.0911260050000000
1877	9.23438	2.2161827217129062	0.1660750000000000	0.1423151100000000
1878	9.23309	2.2275242392244019	0.1410146500000000	0.1001890600000000
1882	9.23219	2.2015032614979022	0.1573388800000000	0.0711826950000000
1885	9.23106	2.2335747505006536	0.1292600800000000	0.0731370450000000
1889	9.23018	2.2358707071568977	0.1799898050000000	0.1285736150000000
1890	9.22622	2.1760574884451431	0.1231598500000000	0.0951393600000000
1900	9.21053	2.2149931314176037	0.1348835750000000	0.0846248000000000
1903	9.19737	2.2254318891286302	0.1337911900000000	0.0576006850000000
1904	9.19634	2.2332394436182490	0.1351901000000000	0.0782984450000000
1908	9.18574	2.2028119019561005	0.1236516800000000	0.1004878400000000
1909	9.18574	2.2276402827807908	0.1728914900000000	0.0999716400000000
1914	9.18130	2.2393392339288019	0.1383164300000000	0.0897653750000000
1919	9.18028	2.2296821384323926	0.1032406350000000	0.0796623600000000
184	17.79570	2.2065877517366577	0.1579084050000000	0.1056839050000000
185	17.79570	2.2190093179928065	0.1466406300000000	0.1048043500000000
186	17.79430	2.2141685415293555	0.1120162900000000	0.1009244250000000
187	17.79430	2.2221521909004669	0.1405010200000000	0.1056897350000000
188	17.79230	2.2200731250808410	0.1569250700000000	0.0946159950000000
1920	9.17907	2.2217726658085244	0.1551817750000000	0.1096671900000000
1922	9.17791	2.2225975714889135	0.1514591400000000	0.1027255850000000
1927	9.17739	2.2311718250945858	0.0958298250000000	0.0919408650000000
1928	9.17710	2.1808455872743102	0.1462436250000000	0.0528499250000000
1930	9.17523	2.2043023426300756	0.1329749950000000	0.1149485800000000
1938	9.17204	2.2351881609110156	0.1476764700000000	0.0859952950000000
1939	9.17204	2.2329187812124274	0.1550559800000000	0.0546570050000000
1943	9.16873	2.1989525456004362	0.1659094100000000	0.0960538650000000
1949	9.15790	2.2416399241712743	0.1545573650000000	0.1150144600000000
1950	9.15340	2.2047459121008410	0.1443610900000000	0.0868145150000000
1953	9.15240	2.2066031530215473	0.1543684150000000	0.1002866450000000
1955	9.15182	2.2191244283750153	0.1501206600000000	0.1265500550000000
1957	9.14276	2.2024300190807393	0.1389756700000000	0.0920733850000000
1964	9.14000	2.1878128906147625	0.1479816800000000	0.0939355400000000
1965	9.14000	2.2191649523835451	0.1415535750000000	0.0905336200000000
1970	9.14000	2.2190214622954061	0.1572255100000000	0.0951485350000000
1971	9.14000	2.1986247102965915	0.1481173950000000	0.1004550650000000
1976	9.14000	2.2501466359549460	0.1352815750000000	0.1362667100000000
1979	9.14000	2.2024382933765958	0.1531827400000000	0.0829141100000000
1981	9.14000	2.2266362532994859	0.1609835800000000	0.0323406450000000
1984	9.14000	2.1628484709591711	0.0917175900000000	0.0867472850000000
1985	9.14000	2.2126788766695400	0.0920424000000000	0.1378078000000000
1986	9.14000	2.2305654225961056	0.1472160650000000	0.0602186450000000
1990	9.14000	2.2048467678110013	0.1449714400000000	0.0848577000000000
1992	9.14000	2.2299614079668646	0.1360162000000000	0.1003645400000000
1999	9.14000	2.1805977348262400	0.1295215050000000	0.0827858050000000
193	17.71340	2.2183622106864624	0.1416354500000000	0.1088585400000000
196	17.66620	2.2087426779637100	0.1584531700000000	0.1006801050000000
197	17.66620	2.2058309460206931	0.1484543550000000	0.1049380900000000
2001	9.14000	2.2287006958768427	0.1245547100000000	0.0802271550000000
2005	9.13999	2.2326765790495413	0.1362276700000000	0.1243524150000000
2008	9.13770	2.1977838311618481	0.1224624500000000	0.1048230750000000
2009	9.13770	2.2325555924616491	0.1486431350000000	0.0697565100000000
2010	9.13758	2.2357639005377754	0.1438264350000000	0.0848659200000000
2012	9.13558	2.2349661263780152	0.1238275700000000	0.0840570050000000
2014	9.13489	2.2318748973493276	0.1656770950000000	0.1289307550000000
2019	9.13416	2.1738272961850997	0.1289755100000000	0.0960830150000000
2021	9.13287	2.2018941118433437	0.1339239200000000	0.0926390450000000
2023	9.13245	2.2674559100161886	0.2070915850000000	0.0891315750000000
2026	9.13189	2.2126534304421743	0.1151160000000000	0.0620367400000000
2027	9.13189	2.2288749696572392	0.1573332300000000	0.1027316600000000
2030	9.11916	2.2066070921480088	0.1395565200000000	0.0832950100000000
2031	9.11916	2.2432996248350543	0.1497219000000000	0.1035229750000000
2032	9.11751	2.2371772335718543	0.1670741450000000	0.1001668650000000
2033	9.11751	2.2117248382851429	0.1556237700000000	0.0834204500000000
2034	9.10786	2.2218335738428201	0.1531453750000000	0.0717285500000000
2036	9.10508	2.2399446047233877	0.1706393900000000	0.0889985900000000
2037	9.10508	2.2739086309909018	0.1991283350000000	0.1240402650000000
2042	9.08550	2.2184392412122169	0.1078103900000000	0.1023024100000000
2045	9.06423	2.2371887716906400	0.1431319050000000	0.0995454850000000
2046	9.05605	2.2169802495308550	0.1703617250000000	0.1075895300000000
2049	9.04366	2.1872921897985429	0.1010228850000000	0.1104097950000000
2050	9.03912	2.2069101353588088	0.1580944200000000	0.0977211000000000
2051	9.03912	2.2289156360803832	0.1537045750000000	0.1145374550000000
2056	9.03142	2.2278287683548945	0.1642796650000000	0.1069994350000000
2057	9.03142	2.2270523796194350	0.1516171950000000	0.1073481500000000
2060	9.02477	2.2438780679848533	0.1560729550000000	0.1132270950000000
2062	9.02425	2.2288993472547376	0.1295913950000000	0.1012935100000000
2066	9.02185	2.2255934040607213	0.1427681250000000	0.1044052700000000
2067	9.02185	2.2382682751868099	0.1558178100000000	0.1080965100000000
2068	9.02041	2.2952227509039589	0.2121333150000000	0.1091033000000000
2069	9.02041	2.2304784427246971	0.1539798000000000	0.0736338550000000
2076	9.01653	2.2172303755944838	0.1523754850000000	0.1082267750000000
2077	9.01653	2.2389312813473365	0.1371002150000000	0.0807138600000000
204	17.35930	2.1986341145723465	0.1761025850000000	0.1039664450000000
207	17.27710	2.1904893758109147	0.1384117400000000	0.0886112500000000
2080	9.01619	2.2378507741933134	0.1762504650000000	0.1244398750000000
2083	9.01556	2.2034460400718405	0.1373313350000000	0.0928619650000000
2086	9.01160	2.2239428558798218	0.1481694700000000	0.1157386450000000
2088	9.01098	2.2329803834001911	0.1647899950000000	0.0749314300000000
2090	9.00911	2.2244756551292895	0.1063056500000000	0.0812973600000000
2091	9.00911	2.2087514624780766	0.1295274100000000	0.1052800000000000
2097	9.00734	2.2249387594336363	0.1515369550000000	0.0693408450000000
2099	9.00711	2.1754671866779778	0.1429067000000000	0.0718968050000000
2100	9.00469	2.2215184688826652	0.1512432000000000	0.0441020650000000
2110	9.00011	2.1696066153396716	0.1366067400000000	0.1397706050000000
2113	8.99981	2.2198356074035450	0.1706357750000000	0.1162836300000000
2114	8.99965	2.2294922297932533	0.1611087450000000	0.0763823750000000
2124	8.99371	2.2196438530438880	0.1055879450000000	0.0789385850000000
2125	8.99371	2.2269410083763161	0.1583103350000000	0.1101817100000000
2128	8.99078	2.2347710848584219	0.1539535950000000	0.0998358050000000
2130	8.98943	2.2380751336930396	0.1321303100000000	0.0662713900000000
2132	8.98853	2.2311166552452439	0.1405644800000000	0.0905258650000000
2137	8.98743	2.2303692433902720	0.1019225750000000	0.0867200100000000
2141	8.98605	2.2414533880066267	0.1355106850000000	0.0878970650000000
2146	8.98340	2.2214788646308632	0.1439369950000000	0.0945507900000000
2149	8.98311	2.2116539971435278	0.1546242200000000	0.0860480550000000
2150	8.98274	2.2207093987148605	0.1329236050000000	0.0754335150000000
2152	8.98141	2.2383050416614010	0.1257874100000000	0.0917461800000000
2155	8.98011	2.1909470738113290	0.1609117350000000	0.0920075750000000
2156	8.98000	2.1984255147426577	0.1548452000000000	0.0873459300000000
210	17.07690	2.2239415360756696	0.1492604450000000	0.0612605550000000
214	17.02200	2.1796068399462913	0.1270289400000000	0.0785405450000000
2161	8.98000	2.2317450163302954	0.1363714100000000	0.0879232650000000
2162	8.98000	2.2271792283169645	0.1836398300000000	0.0864996600000000
2164	8.98000	2.1891389542004847	0.1431931450000000	0.0642983600000000
2166	8.98000	2.2301754808737368	0.1652833550000000	0.0650837850000000
2167	8.98000	2.2288329139588843	0.1522699450000000	0.0683012350000000
2170	8.98000	2.2199243054572673	0.1483233950000000	0.1160805450000000
2171	8.98000	2.2430638757388595	0.1634950750000000	0.0795914050000000
2175	8.97946	2.2392887883732091	0.1272046550000000	0.0926132800000000
2176	8.97810	2.1967681338192073	0.1362428200000000	0.0992908050000000
2180	8.97481	2.1664985931121894	0.1201656650000000	0.0662727900000000
2182	8.97445	2.2404340972918626	0.1493406000000000	0.1096771250000000
2184	8.97257	2.2139510580221513	0.0665670650000000	0.1099621000000000
2186	8.97180	2.1785588634334188	0.1490288500000000	0.0889498000000000
2190	8.96742	2.2233248005139123	0.1651608950000000	0.1153301600000000
2191	8.96742	2.2466252033458232	0.1502465900000000	0.0941979650000000
2194	8.96342	2.1650666524994771	0.1256418300000000	0.0574017550000000
2199	8.95967	2.2014892442479495	0.1406917300000000	0.0967758100000000
2201	8.95899	2.2021906563562328	0.1713541400000000	0.0522101850000000
2205	8.95765	2.2015001923958870	0.1642357800000000	0.1194156850000000
2207	8.95637	2.2153925955535811	0.1550814550000000	0.0886328600000000
2209	8.95617	2.2102494466416704	0.1237795150000000	0.1104697750000000
2212	8.95552	2.2309877291964431	0.1181180550000000	0.0966493650000000
2214	8.95525	2.2085857449134410	0.1333644150000000	0.1003692950000000
2216	8.95504	2.2388310896478010	0.1614796600000000	0.1020186200000000
2217	8.95504	2.2300125713645342	0.1244970100000000	0.0712465350000000
2222	8.95293	2.1858921281538173	0.1105146600000000	0.0757322350000000
2227	8.95171	2.2294705240579220	0.1509547100000000	0.0589721000000000
2228	8.95049	2.2100906725360705	0.1508717900000000	0.1040838500000000
2231	8.95019	2.2317189373937012	0.1738778450000000	0.0956758450000000
2233	8.95018	2.2307586485385369	0.1678603250000000	0.1147018600000000
2234	8.94969	2.2330780901446552	0.1292022550000000	0.0758135100000000
217	16.98740	2.2048281142217232	0.1598050800000000	0.0937263200000000
218	16.98050	2.2083701817389723	0.1249970050000000	0.0707851250000000
220	16.93270	2.2145313835315701	0.1481638150000000	0.1069935850000000
2240	8.94271	2.1824163675440547	0.1604288050000000	0.0885765750000000
2241	8.94271	2.2215716372479060	0.1338394000000000	0.1392790900000000
2243	8.93885	2.2370167299437855	0.1100595000000000	0.0489349150000000
2244	8.93734	2.2313827155068546	0.1441669100000000	0.1039700550000000
2246	8.93637	2.2557797029344648	0.1676176500000000	0.0732315300000000
2247	8.93637	2.2350054959904626	0.1483216450000000	0.0906989350000000
2252	8.93060	2.2105681519183755	0.1590920100000000	0.1015852400000000
2254	8.92967	2.2157579933015854	0.0879101050000000	0.0733438850000000
2256	8.92952	2.2228404618380551	0.1154968650000000	0.0934810250000000
2259	8.92877	2.1993306754007085	0.1563137700000000	0.0864570050000000
2260	8.92662	2.2318306991385111	0.1458089300000000	0.0910026000000000
2264	8.92659	2.1899594044560464	0.1276339200000000	0.0983005700000000
2278	8.92315	2.2006006216116374	0.1446265650000000	0.1052152050000000
2279	8.92315	2.2318879259636488	0.1537396800000000	0.0887888450000000
2282	8.92271	2.2373824425527653	0.1409799550000000	0.1017992150000000
2283	8.92271	2.2046772196750499	0.1244903700000000	0.0812386650000000
2284	8.92246	2.2369691962297509	0.1498140450000000	0.1055480300000000
2286	8.91801	2.2338847840234197	0.1585362200000000	0.0995701950000000
2289	8.91786	2.2199167452252624	0.1364916950000000	0.0881463100000000
2293	8.91512	2.2327062574182417	0.1417406450000000	0.1074288650000000
2295	8.91384	2.2139072207898920	0.1729422950000000	0.0936386850000000
2303	8.90204	2.2237022758659246	0.1528451450000000	0.1131424250000000
2304	8.89888	2.2408446814761795	0.1399612050000000	0.1187708450000000
2306	8.89326	2.2440912632515770	0.1520774250000000	0.1156642900000000
2310	8.88775	2.2158202203451798	0.1526647350000000	0.1193582400000000
2311	8.88775	2.2226599998123029	0.1459274350000000	0.0813558450000000
2316	8.87173	2.2321763256360225	0.1436576900000000	0.0821610300000000
231	16.86680	2.2447545608509842	0.2020205050000000	0.1012716200000000
2320	8.86736	2.2241352213094867	0.1267136250000000	0.0773398450000000
2328	8.85706	2.1776349223684304	0.1415103700000000	0.0837805150000000
2331	8.85054	2.2465523436172141	0.1705557850000000	0.1171731750000000
2332	8.85044	2.2342664472810134	0.1473948850000000	0.1013113250000000
2335	8.85037	2.2366591978262895	0.1272025000000000	0.0926476450000000
2337	8.84817	2.2426364874137033	0.1703265100000000	0.1359863050000000
2338	8.84617	2.1891674533872529	0.1582779850000000	0.0782204000000000
2339	8.84617	2.2311469060202871	0.1570156300000000	0.0522665800000000
2342	8.83638	2.2450112392699766	0.1527930700000000	0.0567263250000000
2343	8.83638	2.2400590956809818	0.1534584900000000	0.0579688450000000
2347	8.82773	2.3508287439116686	0.2288899650000000	0.0823029950000000
2349	8.82689	2.2318975222614292	0.1336837100000000	0.0733863850000000
2350	8.82364	2.2170841210299703	0.1309350850000000	0.1268816600000000
2352	8.81628	2.2339025711924778	0.1566861150000000	0.0957640000000000
2354	8.81623	2.2405654493809024	0.1468714550000000	0.1013741200000000
2355	8.81623	2.1906755343226054	0.1586385100000000	0.0752769700000000
2357	8.81004	2.2456002097724537	0.1375195900000000	0.0722099850000000
2363	8.80658	2.2306567798065284	0.1289662550000000	0.1167794200000000
2365	8.80631	2.2159239317669424	0.1801388650000000	0.1118623550000000
2368	8.79150	2.2309735655870133	0.1496480900000000	0.1293464300000000
2372	8.78074	2.2229412854402892	0.1449282300000000	0.0732149200000000
2374	8.77878	2.2154022347032596	0.1289700150000000	0.0886917750000000
2375	8.77878	2.2174334306983279	0.1435003350000000	0.0871385750000000
2376	8.77192	2.2385287908230365	0.1784390250000000	0.0904131450000000
2379	8.75648	2.2171337655868073	0.1703270050000000	0.0419124000000000
2380	8.75301	2.2426796196328582	0.1225548200000000	0.0968656550000000
2381	8.75301	2.2373147626334764	0.1376902900000000	0.0347937200000000
2384	8.74216	2.2123200699648322	0.1246233700000000	0.0715343300000000
2387	8.74090	2.2065914503266399	0.1299727850000000	0.0871831400000000
2390	8.73721	2.2364639099092356	0.1450845400000000	0.0443575150000000
2397	8.72279	2.2099826220423200	0.1376739650000000	0.1033199850000000
2399	8.71645	2.2266308093089386	0.1635375200000000	0.0561208900000000
232	16.86620	2.2156804241698889	0.1573798050000000	0.1077726750000000
236	16.81790	2.2251664917992930	0.1594392350000000	0.1079431500000000
239	16.79440	2.2022446628037442	0.1535262600000000	0.0859648550000000
17	118.50600	2.2026590194819757	0.1153378000000000	0.0580899200000000
18	117.68400	2.1904742854336936	0.1268573350000000	0.1235186850000000
19	117.68400	2.2015693224342274	0.1604581650000000	0.0817338200000000
20	108.33700	2.1658418919931663	0.2115813500000000	0.0961470550000000
2402	8.70886	2.2256925347879237	0.1483062950000000	0.0959214350000000
2403	8.70886	2.2191076494945579	0.1108615250000000	0.0909398200000000
2404	8.70243	2.2300421428400616	0.1552841400000000	0.1168435150000000
2406	8.69579	2.2353649532782578	0.1343273150000000	0.0671531450000000
2409	8.69451	2.2261039537504264	0.1233261700000000	0.0892056450000000
2410	8.68958	2.1722717785042973	0.1359548500000000	0.0862353100000000
2414	8.67928	2.2231870966794682	0.1552783500000000	0.1045144700000000
2416	8.66682	2.2338516559556503	0.1519176500000000	0.1100874450000000
2417	8.66682	2.2336359793437217	0.1226479600000000	0.0939990600000000
2418	8.66452	2.2126582562813883	0.1098341950000000	0.0756994100000000
2425	8.64481	2.2220265057355344	0.1445766400000000	0.1209798500000000
2426	8.64296	2.1963656147613873	0.1478509200000000	0.0784266450000000
2431	8.62991	2.2440414303316860	0.1479545300000000	0.0625087900000000
2433	8.62916	2.2391750387941021	0.1268322750000000	0.0993449350000000
2434	8.62915	2.2329721439378685	0.1488678950000000	0.0961315950000000
2440	8.62799	2.1892196552602945	0.1439247700000000	0.0697387950000000
2449	8.62562	2.2300562579510661	0.1292380850000000	0.0886993400000000
2454	8.62494	2.2275228821719066	0.1567139650000000	0.1095806300000000
2460	8.62151	2.1883148741535572	0.1310468400000000	0.0873813450000000
2463	8.62143	2.2127394929949422	0.1158043350000000	0.0956030400000000
2464	8.62139	2.2359212685757535	0.1165581350000000	0.0953604600000000
2465	8.62139	2.1702335675412106	0.1878274150000000	0.0882688200000000
2470	8.60630	2.2350486498422670	0.1135306750000000	0.0835190200000000
2471	8.60630	2.2264426159835242	0.1550889250000000	0.0954204200000000
2472	8.59504	2.2121005885036684	0.2047436250000000	0.0728680750000000
2477	8.58354	2.2383699659805063	0.1339404300000000	0.0519026150000000
241	16.69370	2.1914034737747268	0.1247000000000000	0.0994182700000000
243	16.68240	2.2078963248041630	0.1278657950000000	0.0768624650000000
244	16.67950	2.2166296416622346	0.1510366600000000	0.1021665350000000
245	16.67950	2.2239773078548364	0.1587484150000000	0.0920185950000000
246	16.65760	2.2098257075294154	0.1435165350000000	0.0880882300000000
247	16.65760	2.1769992725178429	0.1306255350000000	0.0358494850000000
2481	8.56453	2.2080563520983199	0.1288547950000000	0.0653526050000000
2482	8.55860	2.2394279566042057	0.1567663300000000	0.1090875550000000
2486	8.54908	2.2287211121119377	0.1423127400000000	0.0944341250000000
2488	8.54109	2.2425952807589646	0.1322384750000000	0.0703580100000000
2489	8.54109	2.2329704095807421	0.1590714250000000	0.1183080050000000
2490	8.53987	2.2242643518694951	0.1610831450000000	0.0738638650000000
2492	8.53909	2.2228924148436588	0.1626855250000000	0.0595626100000000
2497	8.53821	2.1968249052383775	0.1322498400000000	0.0982227700000000
2504	8.53734	2.2358821431416778	0.1590512850000000	0.1111519400000000
2506	8.53691	2.1853754989348317	0.1552896550000000	0.0873447700000000
2508	8.53661	2.2360652424978871	0.1237707850000000	0.0715015800000000
2511	8.53659	2.1996582772620954	0.1611823800000000	0.0786150700000000
2513	8.53601	2.2448498254641565	0.1652561950000000	0.0970488150000000
2519	8.53272	2.2430215160409932	0.1440254600000000	0.1208116700000000
2521	8.53184	2.2165849648076521	0.1311801900000000	0.0630140950000000
2524	8.53047	2.2106478728949890	0.1609875600000000	0.0785042000000000
2525	8.53047	2.2207157896721785	0.1201345200000000	0.0924185300000000
2528	8.52617	2.2332951080953687	0.1652012450000000	0.0875007650000000
2530	8.52522	2.1823677101074432	0.1359835050000000	0.1162887300000000
2531	8.52522	2.2325136167170547	0.1654410900000000	0.1000755400000000
2532	8.51847	2.1862868009163927	0.1378371100000000	0.1012454650000000
2534	8.51488	2.2201326301896862	0.0895251950000000	0.0654840900000000
2535	8.51488	2.2048565206508837	0.1241334700000000	0.0648959700000000
2536	8.51130	2.2074670047425364	0.1470337050000000	0.0992385250000000
2539	8.50858	2.2379334353921001	0.1312085850000000	0.0948129100000000
2540	8.50824	2.2124791841454123	0.0945635450000000	0.1154026750000000
2543	8.49075	2.2199626292794279	0.1575928700000000	0.0389519150000000
2544	8.48967	2.2288734088175612	0.1359769100000000	0.0932993200000000
2545	8.48967	2.2045834563688089	0.1436346000000000	0.1027973650000000
2547	8.48000	2.2350499553495360	0.1289151150000000	0.1281060650000000
2550	8.48000	2.2409138312891113	0.1362180700000000	0.0847959450000000
2552	8.48000	2.2887263052448796	0.2021581700000000	0.0436167200000000
2553	8.48000	2.2262286654890602	0.1589488450000000	0.0876911100000000
248	16.57590	2.2072446253152243	0.1440479150000000	0.0841183900000000
250	16.51990	2.3280634794819108	0.2382815450000000	0.1469813300000000
252	16.50140	2.1986077415656933	0.1375688400000000	0.1072044250000000
2560	8.48000	2.2053056280681442	0.1642002850000000	0.0873688000000000
2563	8.48000	2.2330571824979031	0.1085640300000000	0.1044397300000000
2566	8.48000	2.2419809450603703	0.1511603800000000	0.1022623250000000
2567	8.48000	2.2326411296849389	0.1584409000000000	0.1015648000000000
2568	8.48000	2.2216514195091452	0.1325244200000000	0.0486506850000000
2571	8.47797	2.2360420960468872	0.1787573700000000	0.1070719600000000
2573	8.47403	2.2335284738073646	0.1525128050000000	0.1212176150000000
2574	8.47213	2.2269112311792227	0.1325310450000000	0.0843348050000000
2576	8.47131	2.2501316822640898	0.1526951300000000	0.1390790400000000
2578	8.46680	2.2405507488223266	0.1346399350000000	0.0671995300000000
2580	8.46656	2.1915810380299079	0.1187521400000000	0.0998650650000000
2583	8.46167	2.2414098393028983	0.1420964600000000	0.0769220500000000
2584	8.46055	2.2176639213357303	0.1330127900000000	0.0958835950000000
2585	8.46055	2.2288150390732002	0.1158483200000000	0.0761849350000000
2591	8.44759	2.2344078522199462	0.1528385850000000	0.0928434050000000
2598	8.43092	2.2260727900931636	0.1373462750000000	0.0972879850000000
2604	8.42061	2.2422218174270014	0.1216209500000000	0.0769332750000000
2608	8.41614	2.2158693103286997	0.1306919000000000	0.0943472400000000
2610	8.40807	2.2306805249789878	0.1497572550000000	0.0898230900000000
2611	8.40807	2.2226528954470224	0.1473326800000000	0.1151326900000000
2615	8.40334	2.2104524536561021	0.1288072650000000	0.1136825850000000
2626	8.38446	2.2392952637478443	0.1447901200000000	0.1190222700000000
2628	8.37889	2.2359822427078706	0.1236262250000000	0.0967990850000000
2633	8.37012	2.2406157114316163	0.1770349200000000	0.0928380200000000
2635	8.36918	2.2250279147726655	0.1495297850000000	0.0963195550000000
2638	8.36731	2.2235894622058576	0.1189701750000000	0.0903228100000000
2639	8.36731	2.2257028744748792	0.1696308300000000	0.1257716550000000
259	16.44450	2.1945221938488571	0.1471205600000000	0.0848922950000000
262	16.21650	2.2185883034648048	0.1171559350000000	0.0596114800000000
2643	8.36655	2.2410611577777124	0.1546109100000000	0.0990133100000000
2650	8.36541	2.2457643271417536	0.1655919900000000	0.0853963050000000
2659	8.36450	2.2646563961850235	0.1309703600000000	0.0638291100000000
2660	8.36229	2.2369186027866097	0.1251023050000000	0.0737676550000000
2661	8.36229	2.2416103654598381	0.1688355500000000	0.0726811650000000
2663	8.35987	2.2263115579090429	0.1413861750000000	0.1025536750000000
2667	8.35941	2.2495194524310094	0.1504191650000000	0.0842469200000000
2669	8.35877	2.2359698626890157	0.1589054550000000	0.0622696450000000
2670	8.35560	2.2330972148595540	0.1462742250000000	0.0911677750000000
2672	8.35329	2.2080296515869242	0.1552128850000000	0.0753531350000000
2677	8.34964	2.2143880559985938	0.1631098450000000	0.0843457650000000
2685	8.34776	2.2317663642738732	0.1491112650000000	0.0969420150000000
2694	8.34473	2.2398566112359757	0.1581614950000000	0.0986819300000000
2697	8.34384	2.6028988421028822	0.2864242000000000	0.0916342750000000
2698	8.34301	2.1979457190270546	0.1501934000000000	0.0975070850000000
2699	8.34301	2.2239819786429784	0.1607295550000000	0.0994311250000000
2704	8.34054	2.2259376896261882	0.1096750950000000	0.0930971750000000
2716	8.31924	2.2263972274702772	0.1372103900000000	0.0953187900000000
265	16.21370	2.1383696632322886	0.1137622700000000	0.0480836900000000
266	16.20770	2.3130402271333068	0.1832426750000000	0.0754011450000000
268	16.15410	2.2126146556335198	0.1628018050000000	0.1096195300000000
269	16.15410	2.2338195409870751	0.2008859450000000	0.1139106300000000
271	16.15400	2.1959475454365625	0.1682690350000000	0.1200154500000000
2722	8.30872	2.2438477095132590	0.1465437950000000	0.0880048750000000
2729	8.30123	2.1936785933352896	0.1511120550000000	0.0859042300000000
2733	8.29158	2.2000584634809113	0.1214884600000000	0.0994790300000000
2734	8.27979	2.1839259993597389	0.1636419400000000	0.0652531400000000
2735	8.27979	2.2360023220907297	0.1415616200000000	0.1058175500000000
2743	8.27706	2.2374416817417013	0.1377505150000000	0.0924011050000000
2749	8.27052	2.2332824846936989	0.1366509850000000	0.0406791500000000
2750	8.27016	2.1935186056996452	0.1686019700000000	0.0689731200000000
2751	8.27016	2.2402225755923180	0.1521870900000000	0.0474194250000000
2755	8.26649	nan	nan	0.0000000000000000
2756	8.26450	2.2392287956593666	0.1349293200000000	0.0751389200000000
2758	8.26374	2.2311481963531103	0.1463046550000000	0.0871429800000000
2768	8.24687	2.2296564090050150	0.1471246200000000	0.0629704750000000
2777	8.23853	2.2876477789302458	0.2104518450000000	0.0348707500000000
2778	8.23466	2.2400731602651054	0.1111286500000000	0.0799137050000000
2780	8.23239	2.2378132005155655	0.1162230100000000	0.0754780850000000
2781	8.23239	2.2270602716909313	0.1428672000000000	0.1192012550000000
2785	8.22904	2.2288220965288277	0.1740681550000000	0.1237017000000000
2786	8.22882	2.2112915913297164	0.1469073200000000	0.1163955850000000
2795	8.21916	2.2193641367623034	0.1469125050000000	0.1112514450000000
2797	8.21880	2.2047361001473811	0.1438371100000000	0.0935822200000000
277	15.97560	2.1949881992785447	0.1652684300000000	0.0747155700000000
2800	8.21535	2.2048471903441320	0.1651183700000000	0.0935098150000000
2803	8.21484	2.2195387714654404	0.1494690150000000	0.0985921350000000
2807	8.20236	2.2307234355628105	0.1472237500000000	0.1138229350000000
2809	8.20000	2.2392468235100798	0.1306139000000000	0.0905494950000000
2813	8.20000	2.2346480775202511	0.1446386850000000	0.1037985150000000
2814	8.20000	2.2440658237356716	0.1223292600000000	0.0843564000000000
2822	8.20000	2.2746698432509778	0.1478797400000000	0.0981699050000000
2828	8.20000	2.2368413814567933	0.1577329450000000	0.1205650550000000
2831	8.20000	2.2425888834577661	0.1453216700000000	0.0604402250000000
2835	8.20000	2.2344226519030537	0.1376078000000000	0.0590878850000000
2836	8.20000	2.2296794063992600	0.1434329900000000	0.0571800450000000
2837	8.20000	2.2210714899323190	0.1579540400000000	0.1113775600000000
2842	8.19382	2.2048526115042941	0.1371279950000000	0.0401521900000000
2845	8.19066	2.2250454174492784	0.1057185050000000	0.1122345900000000
2846	8.18450	2.1637200347507832	0.1203818850000000	0.0700350600000000
2849	8.18384	2.2023907685094297	0.1403584650000000	0.0933968550000000
2851	8.18156	2.1853457670066430	0.1318245400000000	0.0867300200000000
2852	8.17698	2.2441292172503338	0.1685766950000000	0.0742188400000000
2853	8.17698	2.1891863341046882	0.1551079950000000	0.0991731950000000
2855	8.17129	2.2109175012165223	0.1292811750000000	0.0934021200000000
2856	8.17046	2.1784436601330484	0.1401733750000000	0.0479577400000000
2858	8.16935	2.2261877846643556	0.1273829650000000	0.0433063750000000
2859	8.16935	2.2056840155098412	0.1727622750000000	0.0826455150000000
2864	8.16645	2.2403206912878773	0.1401699200000000	0.0977661950000000
2865	8.16645	2.2311201830599754	0.1697413750000000	0.0649864200000000
2871	8.15953	2.2128918267415059	0.1277239050000000	0.1085309950000000
2876	8.14937	2.2463848748796291	0.1445305750000000	0.1124815200000000
280	15.79130	2.1904028503242454	0.1047174750000000	0.0907789050000000
281	15.79130	2.1782203479546616	0.1306402650000000	0.0773164200000000
282	15.71830	2.2217318708901739	0.1599857400000000	0.1120850200000000
287	15.37460	2.2221665473328778	0.1448855600000000	0.1012008900000000
2880	8.14488	2.2382747525182625	0.1524175150000000	0.0862599800000000
2881	8.14488	2.2355154817796312	0.1111125000000000	0.0754139950000000
2884	8.14298	2.2256930432692030	0.1479937150000000	0.0812396500000000
2887	8.13966	2.2287158883619207	0.1472024650000000	0.1186318150000000
2888	8.13955	2.2400163926336458	0.1584212250000000	0.0804220800000000
2893	8.13840	2.2100941033142218	0.1492549150000000	0.1204858000000000
2896	8.13696	2.2185411758523057	0.1345312000000000	0.0995882700000000
2900	8.13578	2.1971622759255394	0.1212712750000000	0.0554540200000000
2903	8.13443	2.2408824560417742	0.1262099400000000	0.0888599350000000
2904	8.13383	2.2420884968021118	0.1544180900000000	0.1154134100000000
2911	8.13048	2.2141869515022119	0.1858932650000000	0.0798803450000000
2914	8.12793	2.2139645160107730	0.1594088950000000	0.0831316050000000
2919	8.12592	2.2257505701476612	0.1729131250000000	0.1291700650000000
2921	8.12544	2.2342170149359135	0.1361921900000000	0.0670824850000000
2922	8.12272	2.1990345657300310	0.1282145700000000	0.0998124050000000
2924	8.12265	2.2458463365440560	0.1477348900000000	0.1024125300000000
2925	8.12265	2.2052044355171865	0.1331180450000000	0.1353759800000000
2928	8.12122	2.2397637059594668	0.1431991650000000	0.0987945950000000
2934	8.11876	2.1942677784060942	0.1342888350000000	0.0976189050000000
2937	8.11438	2.2226470316810971	0.1577834000000000	0.1083649300000000
2938	8.11091	2.2103162927563962	0.1471598050000000	0.1120922000000000
2941	8.11078	2.2288148038324342	0.1356417100000000	0.0872999200000000
2944	8.10951	2.2281160060438272	0.1401555550000000	0.1078214300000000
2945	8.10951	2.1942400770027737	0.1571622050000000	0.0921519200000000
2947	8.10739	2.1872990098638936	0.1420785750000000	0.0858862350000000
2949	8.10659	2.2383413441595965	0.1339131100000000	0.1119844000000000
2950	8.10431	2.2169672699321965	0.1305228650000000	0.0606856900000000
2952	8.09909	2.2433043263169110	0.1521575400000000	0.0833123350000000
2955	8.09854	2.2470289984194651	0.1462977550000000	0.1101804150000000
294	15.28500	2.2025361071523237	0.1328855250000000	0.1047224850000000
2964	8.09688	2.2228716915049813	0.1610332950000000	0.1120335000000000
2966	8.09614	2.2264775334092595	0.1247524300000000	0.0945899350000000
2967	8.09614	2.1954184854611434	0.1064584450000000	0.0632685800000000
2968	8.09578	2.2365330580364180	0.1469396450000000	0.0849139300000000
2970	8.09432	2.2457598896586179	0.1520410650000000	0.0840476300000000
2973	8.09383	2.2436994649379778	0.1366191900000000	0.0833492450000000
2974	8.09179	2.2422437783871372	0.1016908900000000	0.0807917050000000
2977	8.09157	2.2351107809150355	0.1486783750000000	0.0879291350000000
2980	8.09130	2.2348182593887604	0.1433943300000000	0.1558112300000000
2982	8.09088	2.2325967118375396	0.1415195750000000	0.1027903800000000
2985	8.09051	2.2452246663435775	0.1646712650000000	0.0741173900000000
2987	8.09000	2.2108539882334037	0.1351379800000000	0.0690186400000000
2989	8.09000	2.2127057656927205	0.1613057650000000	0.1124934350000000
2991	8.09000	2.2478787307626886	0.1374935350000000	0.0834401800000000
2995	8.09000	2.2202576175988291	0.1447571950000000	0.0748020850000000
2998	8.09000	2.2317441220962517	0.1289745850000000	0.0971011500000000
2999	8.09000	2.2391285206415210	0.1495334650000000	0.0844158700000000
3000	8.09000	2.2394457079330787	0.1051237700000000	0.0870209150000000
3002	8.09000	2.2287410912700434	0.1244094050000000	0.1103600000000000
3009	8.09000	2.2144184082418867	0.1641635450000000	0.0828603700000000
3014	8.09000	2.1919509907762156	0.1421160150000000	0.1029201800000000
3015	8.09000	2.2024218815078802	0.1326760200000000	0.0690921600000000
3017	8.09000	2.2406676114198554	0.1338336950000000	0.0879651500000000
3025	8.08933	2.2004084029079922	0.1366606550000000	0.0850035900000000
3032	8.08660	2.2149419449499068	0.1474438150000000	0.0469656200000000
3033	8.08660	2.2250017195022842	0.1477323700000000	0.0683747700000000
3038	8.08469	2.1939417219845478	0.0804482400000000	0.0534116200000000
301	15.20500	2.2223166221714865	0.1334800700000000	0.0863189950000000
3040	8.08242	2.2378192455729247	0.1327155950000000	0.1122294500000000
3043	8.08148	2.2334621499701051	0.1338063400000000	0.1061012500000000
3046	8.07997	2.2306888742844522	0.1309908650000000	0.0823187600000000
3053	8.07878	2.2222938742391145	0.1464318150000000	0.1168126850000000
3055	8.07877	2.2376450529893774	0.1581690800000000	0.0905113350000000
3056	8.07712	2.2035665816304713	0.1859322950000000	0.1016126450000000
3057	8.07712	2.2352900526747441	0.1594651750000000	0.0817374550000000
3058	8.07629	2.2243334352533135	0.1033077950000000	0.0933784950000000
3059	8.07629	2.2461067843833771	0.1597606850000000	0.0654397350000000
3062	8.07519	2.1825238320658764	0.1439253850000000	0.0547180200000000
3063	8.07519	2.2378027547169914	0.1374657750000000	0.0831171850000000
3065	8.07504	2.2300889520187925	0.1840728750000000	0.1058288450000000
3066	8.07475	2.2066307351631598	0.1384202150000000	0.0507715100000000
3067	8.07475	2.2301589179128554	0.1150924050000000	0.0522044650000000
3075	8.07165	2.2037483834625062	0.1551900250000000	0.1012877300000000
3080	8.06908	2.2313219659475942	0.1322801900000000	0.0861426700000000
3084	8.06592	2.1773385052400935	0.1524992100000000	0.0451807750000000
3087	8.06448	2.1928018972568828	0.1722233350000000	0.1239900350000000
3091	8.05591	2.2125547006364914	0.1510804550000000	0.1228275700000000
3100	8.05284	2.2442909849589379	0.1509600550000000	0.1351187200000000
3101	8.05284	2.2465133662713299	0.1379197600000000	0.0794405300000000
3103	8.05240	2.1580597527314547	0.1211226100000000	0.0722148300000000
3104	8.05108	2.2360844515196994	0.1360044600000000	0.0783393250000000
3107	8.05001	2.2143856506034165	0.1380462700000000	0.0398159000000000
3108	8.04961	2.2306754497104917	0.1310645800000000	0.0457866350000000
3111	8.04777	2.2202529864829175	0.1558547450000000	0.1117784600000000
3113	8.04733	2.2426097771178211	0.1749284600000000	0.0975661000000000
3116	8.04640	2.2139676893581961	0.1607789050000000	0.0968870750000000
3117	8.04640	2.2229932764609130	0.1481346950000000	0.1005499050000000
307	15.11510	2.2008852237860888	0.1662896750000000	0.0920551150000000
309	15.08880	2.1990423145917717	0.1525691850000000	0.0998035700000000
311	15.04170	2.2110978534632326	0.1531187200000000	0.1179484550000000
3121	8.04428	2.2463309216308320	0.1392253300000000	0.0943408700000000
3123	8.04340	2.2343374869903334	0.1643927750000000	0.0691066800000000
3125	8.04295	2.2335589241180012	0.1389291150000000	0.0969880850000000
3128	8.04112	2.2376574432320120	0.1128890550000000	0.0517058850000000
3131	8.04084	2.2338610475366609	0.1505076350000000	0.0961481650000000
3132	8.04055	2.2376018909530382	0.1433315700000000	0.0645036400000000
3136	8.03868	2.2012512819479975	0.1142512200000000	0.0726429300000000
3140	8.03554	2.1986125243046448	0.1418649700000000	0.1294932000000000
3143	8.03299	2.2439970207713809	0.1651815650000000	0.0910106100000000
3146	8.02833	2.2359740531248971	0.1437013450000000	0.1282815300000000
3148	8.02785	2.2975163809569974	0.2079162300000000	0.1481007500000000
3162	8.01282	2.2105598272030709	0.1488641650000000	0.1094847150000000
3163	8.01282	2.2001149601209868	0.1526576700000000	0.1036350950000000
3164	8.01094	2.2162235166040065	0.1335999700000000	0.0790126650000000
3166	8.01092	2.2353503238029702	0.1335490000000000	0.0866090150000000
3176	8.01068	2.1684172098137489	0.1090210250000000	0.1098778150000000
3177	8.01068	2.1863704680952387	0.1207848750000000	0.0742433300000000
3178	8.01058	2.2303020692744950	0.1649366450000000	0.0808821200000000
3180	8.01055	2.1753371290108805	0.1305959600000000	0.0622113650000000
3181	8.01055	2.2709206335958219	0.1631165200000000	0.0568856400000000
3184	8.01041	2.2187383803213074	0.1576236750000000	0.0912580850000000
3186	8.01038	2.2183409208534619	0.1575446500000000	0.1037917050000000
3189	8.01028	2.2333743575762082	0.1443142400000000	0.1075429500000000
312	15.02260	2.1752871715143720	0.1334053100000000	0.0869007950000000
315	15.01960	2.2140879762601844	0.1347899100000000	0.0835996000000000
318	14.98660	2.2108466008080261	0.1451018600000000	0.1114475850000000
30	76.54120	2.1999982188572194	0.1589637750000000	0.0870311150000000
321	14.98120	2.2178010515141717	0.1583332250000000	0.0550646100000000
322	14.93200	2.2135094197131280	0.1878766800000000	0.1177367400000000
327	14.79800	2.2947573374890990	0.2379343000000000	0.1480099300000000
328	14.72970	2.1927759189519782	0.1353806900000000	0.1071324450000000
329	14.72970	2.1971843931270776	0.1497545600000000	0.0876813200000000
333	14.68190	2.2282025937790384	0.1217029400000000	0.0777636300000000
339	14.65620	2.1779723785813601	0.1491084450000000	0.0665240300000000
341	14.65040	2.1995411924248005	0.1452812250000000	0.0960780000000000
345	14.64280	2.2226976785881147	0.1401202900000000	0.1036571150000000
352	14.56770	2.2235853360158031	0.1411946450000000	0.0953918400000000
355	14.55770	2.2205987246995251	0.1575970350000000	0.0903286400000000
361	14.54000	2.1742333286159030	0.1296998700000000	0.0653207050000000
364	14.51810	2.1963680543234183	0.1676849700000000	0.0874510700000000
369	14.49040	2.2003004254003979	0.1407873350000000	0.0910718400000000
371	14.46400	2.2238273445469106	0.1446806850000000	0.0760108300000000
373	14.42060	2.2264824775783212	0.1568092200000000	0.1217658100000000
374	14.41300	2.2056611439189315	0.1318938950000000	0.1149778350000000
377	14.40380	2.2085911203939634	0.1596397500000000	0.0839311500000000
378	14.38140	2.1924285608042333	0.1415347500000000	0.0634584650000000
381	14.36460	2.2097922932281260	0.1390644400000000	0.0856870750000000
384	14.28480	2.2100145132664379	0.1362437700000000	0.0969829750000000
385	14.28480	2.2288674863722187	0.1839641550000000	0.0885410750000000
387	14.18730	2.2248941822775707	0.1251266700000000	0.1063736600000000
391	14.17370	2.2217259791640127	0.1269642800000000	0.1098107800000000
32	70.71640	2.2025401362740356	0.1205959200000000	0.0475658600000000
35	68.84570	2.2023538647084409	0.1398719300000000	0.1018950400000000
36	67.20040	2.2072067127046764	0.1692475450000000	0.0508467250000000
38	61.69190	2.4065731960956676	0.2762385250000000	0.0995628600000000
409	13.91000	2.2407956492227981	0.1584582700000000	0.1292583250000000
410	13.90950	2.2227188207922279	0.1312488050000000	0.0770698700000000
411	13.90950	2.1893050043071240	0.1592364650000000	0.0733634050000000
414	13.85370	2.2224486344661174	0.1829032050000000	0.1299441600000000
419	13.68290	2.2066814662325798	0.1427701700000000	0.0641434400000000
422	13.54540	2.2328846603817745	0.1615086600000000	0.0723188450000000
424	13.54440	2.2040042749864988	0.1345888700000000	0.1139437100000000
426	13.50120	2.2299416222928916	0.1682821150000000	0.0721537000000000
428	13.46590	2.2021912719769059	0.1637765900000000	0.0967677050000000
430	13.44830	2.2153994251272082	0.1286931250000000	0.0637932800000000
434	13.38960	2.1851001935422225	0.1255088450000000	0.0942331550000000
436	13.38880	2.1862287352766274	0.1466619450000000	0.0521387600000000
448	13.33910	2.2069103769433562	0.1360633800000000	0.0948741450000000
450	13.33800	2.2298177715923173	0.1607216000000000	0.0403771250000000
451	13.33800	2.2171892634214476	0.0656552350000000	0.0823850350000000
452	13.33780	2.1924088609709185	0.1550767450000000	0.1213311700000000
458	13.32660	2.2185706283464395	0.1286211100000000	0.1154025650000000
459	13.32660	2.1894366238886889	0.1141410500000000	0.0935293000000000
460	13.31720	2.2279676748289199	0.1430329450000000	0.0747561400000000
464	13.29930	2.2254377967506209	0.1447817350000000	0.1145453800000000
465	13.29930	2.1956955136057257	0.1620869100000000	0.0826618700000000
470	13.28050	2.2202335598611036	0.1613127150000000	0.1154659350000000
471	13.28050	2.2324855712190232	0.1512040150000000	0.1063888800000000
475	13.26380	2.2159726666000328	0.1205631700000000	0.0692167650000000
479	13.23430	2.2016057517080587	0.1658286950000000	0.1144548450000000
40	59.62250	2.2829447380464623	0.2252239100000000	0.1323689950000000
44	56.03560	2.2021153768594885	0.1116879600000000	0.1170380700000000
481	13.21680	2.2169931274461367	0.1448710000000000	0.1067672850000000
484	13.21000	2.2099192218375783	0.0780048900000000	0.1042774800000000
490	13.21000	2.2176222325907737	0.1331063700000000	0.0710878550000000
497	13.21000	2.2378624352877781	0.1386119050000000	0.1395001100000000
500	13.21000	2.2174988012384147	0.1991343550000000	0.1182990550000000
503	13.20940	2.2112596598620819	0.1401031850000000	0.1102155750000000
510	13.20650	2.2226324449494794	0.1419800900000000	0.0926219950000000
511	13.20650	2.2175712500589850	0.1498750100000000	0.1239840600000000
516	13.20490	2.2186834676270260	0.1362549250000000	0.0506183750000000
519	13.20380	2.2164402234292506	0.1488268700000000	0.0947122650000000
521	13.20350	2.2277117464136538	0.1281713700000000	0.0851816050000000
522	13.19800	2.2154255092445752	0.1734687500000000	0.0649307250000000
523	13.19800	2.2167742242164650	0.1550989150000000	0.1043179650000000
525	13.19760	2.2288236861840534	0.1333060750000000	0.0988394950000000
526	13.19720	2.2253534096794012	0.1468211000000000	0.1218880250000000
527	13.19720	2.2221541286216837	0.1512052700000000	0.0979868450000000
528	13.19430	2.2322505250968883	0.1656601150000000	0.0892712200000000
529	13.19430	2.2013232131483775	0.1023597750000000	0.0827156000000000
531	13.19420	2.2221570568119211	0.1692646150000000	0.1034648850000000
532	13.19230	2.2226909810815250	0.1440392300000000	0.0708240000000000
535	13.19200	2.2038888571674224	0.1914790750000000	0.0326391800000000
536	13.19110	2.1961377196900056	0.1493614500000000	0.0603706750000000
537	13.19110	2.2163417356313890	0.1591122650000000	0.0833270650000000
538	13.19100	2.2215231017478936	0.1585819450000000	0.1265706200000000
539	13.19100	2.2101577099017731	0.1206910600000000	0.1093587800000000
540	13.16820	2.2126849405432827	0.0937347250000000	0.0714681950000000
541	13.16820	2.2173056307463774	0.1572372800000000	0.0927730750000000
542	13.14490	2.1961292972177806	0.1669846350000000	0.1002983500000000
543	13.14490	2.2227530767443100	0.1415026850000000	0.1161740800000000
547	13.09850	2.2199915137893922	0.1512435000000000	0.1021009550000000
552	13.07160	2.1975941917446500	0.1646568300000000	0.0491316400000000
557	13.05700	2.1951779296165261	0.1598793450000000	0.0890784500000000
49	53.59700	2.2047392700213351	0.1417345150000000	0.0842897050000000
51	47.21450	2.2042529385020848	0.1400078050000000	0.1017169900000000
52	47.09940	2.2007805719932221	0.1494661750000000	0.0917242300000000
53	47.09940	2.2048134880615411	0.1453478400000000	0.0959885200000000
561	13.04230	2.2288190132506944	0.1652731950000000	0.0849646400000000
564	13.01880	2.2170769110608726	0.1472285300000000	0.0573265600000000
566	13.01160	2.2260406637245422	0.1352103850000000	0.0835254000000000
568	12.98580	2.1803888664260800	0.1254835950000000	0.0977302700000000
570	12.98000	2.2042788202800683	0.1395223650000000	0.0902172200000000
572	12.91140	2.1666263866268705	0.1337390050000000	0.0813235450000000
583	12.78530	2.2104034872801344	0.1466564250000000	0.1025030600000000
586	12.70350	2.2244086188730758	0.1559941200000000	0.0924735300000000
590	12.66740	2.2239571597459604	0.1217178250000000	0.1001440400000000
592	12.65950	2.2228277266946552	0.1386194100000000	0.0776501350000000
595	12.64030	2.2016184481072814	0.1479715550000000	0.0892374650000000
598	12.62770	2.2103306972243715	0.1365853800000000	0.0881080150000000
599	12.62770	2.1762111660217220	0.1660855850000000	0.0629018250000000
600	12.60080	2.2159737422523134	0.1587230200000000	0.0666443950000000
602	12.59990	2.2038073949554633	0.1312915550000000	0.1390600100000000
605	12.58840	2.2206491385120590	0.1412987900000000	0.0975771550000000
606	12.57920	2.4185266939175771	0.3001219150000000	0.1528175400000000
610	12.56820	2.2219944627540715	0.1408584050000000	0.1013593300000000
611	12.56820	2.2113306455411537	0.1362045750000000	0.0850680550000000
615	12.55630	2.2273380634028883	0.1614397850000000	0.1065753800000000
621	12.52900	2.2268847736171082	0.1423363150000000	0.0959373550000000
623	12.52010	2.2625034729016797	0.1598141200000000	0.0836488850000000
624	12.48940	2.1768852786763508	0.1395397350000000	0.0624141650000000
627	12.46550	2.2178788335867039	0.1065503150000000	0.1023499850000000
629	12.44730	2.2108618541703131	0.1396831850000000	0.1072604900000000
631	12.43320	2.2317127442404394	0.1533353900000000	0.0619198750000000
632	12.42190	2.2050555058533967	0.1413285550000000	0.0937492000000000
633	12.42190	2.2180406125198928	0.1276888850000000	0.0378389050000000
634	12.41290	2.2217248084376755	0.1388654650000000	0.0951338500000000
639	12.39250	2.2285832588242185	0.1511357400000000	0.1096254700000000
58	42.54600	2.2263778587440521	0.1756855650000000	0.0995557300000000
59	42.54600	2.2061524561104284	0.1373519750000000	0.0950480900000000
60	42.09350	2.2076100509835630	0.1416270850000000	0.0893828800000000
640	12.36280	2.2025032271999079	0.1618511050000000	0.0823462850000000
642	12.35490	2.2091870073902897	0.1187042000000000	0.0659263950000000
643	12.35490	2.3045883357001449	0.2547775500000000	0.1447825250000000
645	12.34660	2.2306176007585776	0.1646338550000000	0.0498970750000000
649	12.32760	2.2094995315265460	0.1535677200000000	0.0936983850000000
651	12.31590	2.2233686783610906	0.1450981200000000	0.0821759000000000
654	12.30290	2.1744869898119368	0.1486517200000000	0.0737023600000000
660	12.28060	2.2255541400578296	0.1322608400000000	0.0558052250000000
662	12.27620	2.1561469022809052	0.1334802150000000	0.0914431400000000
672	12.26710	2.2382630363554683	0.1578620600000000	0.0729303450000000
673	12.26710	2.2182810878124637	0.2180365700000000	0.1107340800000000
674	12.26040	2.1950586291432259	0.1553419900000000	0.0731563950000000
676	12.25110	2.2317760584515907	0.1529770350000000	0.1216839700000000
679	12.25070	2.2113879083778141	0.1220704750000000	0.0991185150000000
681	12.24980	2.1985391650667605	0.1629246550000000	0.0846707850000000
683	12.24970	2.1992556798624459	0.1375878850000000	0.0846349200000000
688	12.24830	2.2333572522551712	0.1578902100000000	0.0784742950000000
693	12.24590	2.2154427747284364	0.1344799350000000	0.0934290650000000
695	12.24330	2.2217161051163696	0.1241631950000000	0.0755786550000000
698	12.24100	2.2353505899236468	0.1475677550000000	0.0429483150000000
708	12.23660	2.3228125601515290	0.2346152950000000	0.0950018950000000
709	12.23660	2.2335874695533442	0.1427262650000000	0.1111273600000000
714	12.23160	2.1666832223483570	0.1562374600000000	0.0581180950000000
64	36.87240	2.2092315109158354	0.1298990550000000	0.0644244050000000
65	36.87240	2.1902917640506874	0.1382628450000000	0.0874657700000000
68	34.70490	2.1873621547514897	0.1437199300000000	0.0831383900000000
69	34.70490	2.1921509786187330	0.1495923550000000	0.0717593750000000
71	34.34650	2.1994883164337864	0.1296560550000000	0.1022244150000000
721	12.20990	2.1974695716627166	0.1426630400000000	0.0355392900000000
724	12.19220	2.3317735188064552	0.2444222700000000	0.1357923700000000
726	12.19070	2.2315312501233309	0.1233968750000000	0.0732009100000000
729	12.18790	2.2189286004268070	0.0899346650000000	0.0405341950000000
732	12.18330	2.1821840249956699	0.1413840250000000	0.1264604150000000
736	12.18220	2.2077350772962672	0.1502920000000000	0.0959311700000000
739	12.17880	2.1778039710798289	0.1245703100000000	0.0923076700000000
741	12.17800	2.2309888253105985	0.1717336550000000	0.1300310900000000
746	12.16690	2.2316477477310630	0.1577059300000000	0.0898889550000000
749	12.16000	2.1654356277378537	0.1239890750000000	0.0576316600000000
751	12.14600	2.2173693854006760	0.1618332600000000	0.0972196950000000
756	12.04910	2.2317452913794029	0.1676679400000000	0.0773103300000000
758	12.04560	2.3141965476324464	0.2344454700000000	0.1057005700000000
759	12.04560	2.2444644489321939	0.1803450800000000	0.0958094600000000
761	12.03310	2.2005154070095569	0.1392018600000000	0.0787783750000000
762	11.98980	2.2123800754933551	0.1139107400000000	0.0707851650000000
763	11.98980	2.1848583282323792	0.1467027500000000	0.0892000650000000
765	11.96210	2.1824219836909364	0.1518409750000000	0.0720039100000000
766	11.96070	2.1991951692603644	0.1241864700000000	0.0956448350000000
768	11.93360	2.2198427497484445	0.1561462600000000	0.1052319550000000
771	11.91480	2.1940291298225421	0.1313527400000000	0.0938842200000000
773	11.90250	2.2288398642178091	0.1598977650000000	0.1035788800000000
775	11.87410	2.2239418241894353	0.1605885450000000	0.1080004500000000
779	11.86530	2.2230744963972975	0.1426831000000000	0.0746303050000000
780	11.85060	2.2288132723258438	0.1275772100000000	0.0911024300000000
786	11.81710	2.2184012026268447	0.1464115400000000	0.0980002100000000
791	11.79730	2.2323158781767161	0.1420021800000000	0.1052450450000000
797	11.77000	2.2223131364217705	0.1382294450000000	0.1027393450000000
798	11.74940	2.2206635737678675	0.1215230000000000	0.0980055650000000
74	32.32140	2.1922858926696427	0.1395332900000000	0.0715439850000000
75	32.32140	2.2091376245208387	0.1565901750000000	0.0903329450000000
