3	144.83400	2.1968384849727034	0.1305289400000000	0.0920001100000000
4	141.17100	2.1991636259614906	0.1392349400000000	0.0781186750000000
802	11.74220	2.2275943836723977	0.1306974350000000	0.0894205650000000
808	11.73530	2.2124288871848119	0.1636817100000000	0.1414599200000000
812	11.72650	2.2044960235380460	0.1519352350000000	0.0992657950000000
817	11.72430	2.1979651546295265	0.1567137650000000	0.0766130950000000
821	11.72220	2.2555459456258315	0.1564981950000000	0.1428415950000000
823	11.72100	2.2015953141907811	0.1706259300000000	0.1012287950000000
828	11.71240	2.1900609809812046	0.1222166050000000	0.0554607100000000
829	11.71240	2.3327868171324910	0.2215736250000000	0.0584242800000000
830	11.71140	2.2352099228786204	0.1356353600000000	0.0729864400000000
831	11.71140	2.2243678342824458	0.1627339150000000	0.1237268900000000
832	11.71070	2.1789374076722101	0.1095508850000000	0.0714724950000000
833	11.71070	2.1827222477040902	0.1454343750000000	0.0594378200000000
836	11.70160	2.2256856765865582	0.1612159100000000	0.0704842550000000
837	11.70160	2.2300740334336417	0.1608248950000000	0.0956898850000000
839	11.70000	2.2283783404769952	0.0968197200000000	0.0555383650000000
841	11.70000	2.2034539057918350	0.1544831900000000	0.1009601650000000
842	11.70000	2.1740057712309917	0.1220632900000000	0.0718009250000000
843	11.70000	2.2741726341394406	0.2124249850000000	0.0848831950000000
845	11.70000	2.1790190951749455	0.1267088550000000	0.0551252000000000
847	11.70000	2.2209641070774002	0.1448711700000000	0.0992864800000000
856	11.70000	2.2210410848512216	0.1176642650000000	0.0822405250000000
858	11.70000	2.2169051195683624	0.1199846450000000	0.0777224350000000
862	11.70000	2.2132856872096078	0.1576600950000000	0.1231632600000000
867	11.70000	2.4663486949671034	0.2526666050000000	0.0744831100000000
869	11.70000	2.2310742241084811	0.1493721150000000	0.1130899700000000
870	11.70000	2.2434458552038787	0.1897301050000000	0.1372863300000000
873	11.70000	2.2290919775327280	0.1238344700000000	0.0821108700000000
874	11.70000	2.2276489431158981	0.1399290500000000	0.0748987250000000
80	26.68980	2.2103110671422663	0.1419675700000000	0.0926565850000000
81	26.68980	2.4063322153913131	0.2590939350000000	0.1593567200000000
82	26.48190	2.2171564128282260	0.1790609950000000	0.1399274700000000
83	26.48190	2.2153186210943452	0.1478946800000000	0.0951668850000000
85	26.46800	2.2093025479585569	0.1073825700000000	0.0819034200000000
881	11.70000	2.2047515401739934	0.1507755750000000	0.0934879500000000
886	11.69360	2.2065726577867042	0.1615840400000000	0.0603060650000000
887	11.69360	2.1900699356813873	0.1250761100000000	0.1006430650000000
888	11.68810	2.2357993773637004	0.1500062700000000	0.0657512700000000
891	11.68000	2.1721613769855228	0.1596943050000000	0.1025564550000000
894	11.67530	2.1853973809702012	0.1337843350000000	0.0986600550000000
895	11.67530	2.2127384200027742	0.1529362600000000	0.0762097950000000
901	11.67020	2.2008304435681514	0.1505510200000000	0.0951546000000000
907	11.63960	2.2113827811549909	0.1501334850000000	0.0630761750000000
908	11.63210	2.2271239755378680	0.1419478400000000	0.0679481550000000
910	11.62890	2.2352077185172554	0.1560242100000000	0.1019970500000000
912	11.62220	2.1683156992747827	0.1412584150000000	0.0679580400000000
914	11.61880	2.2077507928518130	0.1486439300000000	0.0956479700000000
915	11.61880	2.2163079650103237	0.1336818400000000	0.0972749750000000
917	11.60350	2.2234124903816324	0.1102306750000000	0.0517049850000000
920	11.59250	2.2220112055808299	0.1478533250000000	0.0803896100000000
923	11.58810	2.2215179480570697	0.1299494550000000	0.0942716300000000
925	11.57950	2.2279181296851025	0.1220330900000000	0.0564691700000000
932	11.52700	2.2273104973867550	0.1402881600000000	0.0648627700000000
938	11.52030	2.1887068183249139	0.1240017800000000	0.1014107700000000
947	11.50830	2.2274122823270601	0.1264459950000000	0.0883863150000000
949	11.50430	2.2240889438431894	0.1390251050000000	0.0817637150000000
952	11.48170	2.2307168898597953	0.1580429950000000	0.0759416000000000
953	11.48170	2.2319709808302002	0.1428509600000000	0.1245316250000000
955	11.47710	2.2163728221246344	0.0848993000000000	0.1266406500000000
88	26.22460	2.2002798536064154	0.1425991900000000	0.0932815150000000
89	26.22460	2.2050646005004371	0.1234220050000000	0.1072633350000000
90	25.99150	2.2081389851421722	0.1591384000000000	0.0888038750000000
91	25.99150	2.1979244877490181	0.1036860800000000	0.0677763100000000
964	11.45440	2.2095286301504058	0.1303237650000000	0.0875403450000000
965	11.45440	2.1716144413877885	0.1391771850000000	0.0485621900000000
976	11.41910	2.1977503068889650	0.1446023250000000	0.0967161900000000
979	11.41090	2.2954876516154887	0.1870453000000000	0.1517046900000000
980	11.39810	2.2256404781019508	0.1413253800000000	0.0882336850000000
984	11.38880	2.2180003605834182	0.1636150050000000	0.0415980100000000
986	11.38710	2.2141899476048166	0.1328647500000000	0.0906969900000000
988	11.38180	2.2154332933421244	0.1564878900000000	0.1194318150000000
996	11.35540	2.2011729202148653	0.1322584900000000	0.0893965200000000
1000	11.34480	2.1883383331217949	0.1472042650000000	0.0741824100000000
1004	11.32070	2.2257453016747228	0.1383959650000000	0.0937598500000000
1006	11.30660	2.2823101667011816	0.2168929500000000	0.1000916250000000
1010	11.30350	2.2105430363178091	0.1434216550000000	0.0994741750000000
1011	11.30350	2.2124532446087919	0.1433658150000000	0.0788795150000000
1012	11.28590	2.2146936635941956	0.1259553000000000	0.0884631800000000
1015	11.28320	2.2260351829708118	0.1503489550000000	0.1083690400000000
1016	11.27850	2.2312128755845699	0.1558450850000000	0.1183204350000000
1018	11.27530	2.2014828362842507	0.1338222150000000	0.0624325700000000
1028	11.26650	2.2279034424393989	0.1733215150000000	0.1135059350000000
1032	11.24410	2.2175802104176534	0.1188136600000000	0.0974769900000000
1036	11.23560	2.2225105450937481	0.1565054000000000	0.1056357950000000
1039	11.23230	2.2234464550459592	0.1424302400000000	0.0684755450000000
96	25.06110	2.3430070094683186	0.2703799700000000	0.1525230050000000
99	24.92170	2.2000801276033370	0.1425132550000000	0.0917053350000000
103	24.57650	2.1842956809718097	0.1387164600000000	0.0930826900000000
1040	11.22350	2.2323176979118382	0.1502116850000000	0.1216440550000000
1047	11.18810	2.2311053013045754	0.1777377250000000	0.1090615700000000
1048	11.18260	2.2604582886123641	0.1494205650000000	0.1166694800000000
1050	11.18250	2.2210366699603439	0.0888156800000000	0.0663406750000000
1053	11.18230	2.2260430927043666	0.1427788300000000	0.0828407500000000
1055	11.17720	2.2030222194404456	0.1370497400000000	0.0842241100000000
1056	11.17510	2.2250953825196667	0.1338194050000000	0.0899766000000000
1060	11.14950	2.2229712969994582	0.1415310150000000	0.0915912500000000
1065	11.13930	2.2226568781138059	0.1442905350000000	0.0698970750000000
1067	11.13620	2.1891789833318116	0.1386176300000000	0.0444448000000000
1071	11.11750	2.2249869085491674	0.1753210250000000	0.1450441000000000
1074	11.08920	2.2205720759033358	0.1234262800000000	0.0545497000000000
1076	11.07770	2.2329816444139969	0.1608441650000000	0.1113629950000000
1080	11.06540	2.2322336138517782	0.1562882300000000	0.1094899650000000
1082	11.06380	2.1824171979566871	0.1886225350000000	0.0962272250000000
1083	11.06380	2.2370756815718491	0.1476519350000000	0.0930136200000000
1084	11.06310	2.2248693004649365	0.1365715800000000	0.0661453650000000
1085	11.06310	2.2287781186548874	0.1412691750000000	0.0673519600000000
1087	11.05860	2.2224326019561698	0.1498671300000000	0.1166789650000000
1092	11.03460	2.2031705711657437	0.1298819200000000	0.0974197200000000
1093	11.03460	2.2078902478228044	0.1575687500000000	0.0683936000000000
1099	11.02590	2.2081075208244041	0.1463285800000000	0.0967222000000000
1106	10.97450	2.2062441552256762	0.1486111850000000	0.1066843300000000
1111	10.96410	2.2309539739927007	0.1321783300000000	0.0826209250000000
1114	10.95360	2.2013970764472655	0.0975540050000000	0.0860241000000000
1117	10.93930	2.2443740003573889	0.1379715850000000	0.1189655550000000
104	24.51240	2.2106439448046622	0.1419888900000000	0.0964741000000000
110	23.82210	2.1986027348478787	0.1430746400000000	0.0948585200000000
111	23.82210	2.2097305198583266	0.1631545650000000	0.1113103550000000
1127	10.92830	2.2270419918023396	0.0796428650000000	0.0353382750000000
1129	10.92790	2.2343935552123648	0.1479244500000000	0.0926543250000000
1137	10.92380	2.2138663082852803	0.1303186900000000	0.0730771500000000
1140	10.92290	2.2074072116810668	0.1086366650000000	0.0631214200000000
1145	10.92230	2.2301696749966431	0.1460316100000000	0.0472877650000000
1146	10.92210	2.2326362388710761	0.1528625350000000	0.0874166400000000
1147	10.92210	2.2309481102283741	0.1426307400000000	0.1094616900000000
1151	10.92080	2.2126170945679009	0.1635434450000000	0.1267503350000000
1152	10.91860	2.2306490834046491	0.1419847400000000	0.0564768450000000
1154	10.91650	2.2164407903939853	0.0643406850000000	0.0917722550000000
1155	10.91650	2.2332353259648245	0.1493066400000000	0.0869436100000000
1158	10.90520	2.2247420546511534	0.1481206200000000	0.1118626100000000
1160	10.90250	2.2090437223382118	0.1448813600000000	0.0875683250000000
1161	10.90250	2.2127979746839102	0.1837880000000000	0.0745322700000000
1163	10.90130	2.2322587768562303	0.1542302350000000	0.1178256700000000
1165	10.89690	2.2242112448698781	0.1501257450000000	0.1004222250000000
1169	10.88480	2.2362009168185715	0.1424900150000000	0.0905573050000000
1171	10.88460	2.2035092629476156	0.1632832500000000	0.0588604650000000
1172	10.88410	2.1892408045342400	0.1612371650000000	0.0645470750000000
1173	10.88410	2.1891699360231303	0.1347340850000000	0.0636571300000000
1176	10.88150	2.1977709046966303	0.1409392850000000	0.1022199550000000
1177	10.88150	2.1731842036749485	0.1249861650000000	0.0641935250000000
1179	10.84320	2.2311260482600739	0.1560394750000000	0.0666747600000000
1182	10.82110	2.2275699507983040	0.1611323400000000	0.1097698000000000
1185	10.76010	2.2311364989283167	0.1308841750000000	0.0936728700000000
1186	10.74210	2.1752897577922736	0.1671224750000000	0.0585221350000000
1191	10.62350	2.2357777057157113	0.1353685350000000	0.0615046700000000
1193	10.61910	2.2069639313515039	0.1197741500000000	0.0769118650000000
1195	10.61840	2.2029387304641084	0.1495134700000000	0.0782520850000000
1196	10.61790	2.2390504297877900	0.1395159950000000	0.0835411450000000
1198	10.61770	2.1886667236838218	0.1661488850000000	0.1011023050000000
118	22.53360	2.4361919213570893	0.3334450300000000	0.1301885550000000
1207	10.61610	2.2374167450660991	0.1701414400000000	0.1196115050000000
1213	10.61400	2.2054677078732348	0.1600714700000000	0.1153190350000000
1215	10.61230	2.2001647667639253	0.1482205700000000	0.1001807250000000
1216	10.61210	2.2263040068070179	0.1586112500000000	0.0899124900000000
1217	10.61210	2.2205435395336801	0.1550170200000000	0.0577504200000000
1218	10.61090	2.1995146642829795	0.1728268150000000	0.1150279000000000
1223	10.61040	2.2048269765952417	0.1311004650000000	0.0723745650000000
1224	10.61010	2.1958861310495594	0.1578071050000000	0.0901216300000000
1228	10.58910	2.2232007746959219	0.1264251300000000	0.0889856100000000
1229	10.58910	2.2264085174275219	0.1567295200000000	0.1115270750000000
1230	10.58300	2.2030271343362289	0.1464858150000000	0.0817014500000000
1232	10.54440	2.2245648339451227	0.1455341100000000	0.1065402600000000
1234	10.52320	2.2105395254441840	0.1530067800000000	0.0869689250000000
1237	10.51650	2.1949797319858804	0.1529633500000000	0.1186362850000000
1240	10.47010	2.2378903344800141	0.1441808000000000	0.1124913250000000
1242	10.46930	2.1933028201358002	0.1321999750000000	0.1023809750000000
1243	10.46930	2.2234912721222475	0.1401026850000000	0.0989555400000000
1249	10.42930	2.2021589589793553	0.1337486900000000	0.0878395600000000
1251	10.41750	2.2209485177659598	0.1404203900000000	0.0659282450000000
1254	10.39910	2.2045137889881183	0.1201630250000000	0.1023726050000000
1255	10.39910	2.2286837130042092	0.1430280550000000	0.1029179450000000
1256	10.39850	2.2346131717765014	0.1574672000000000	0.0895403300000000
1258	10.39810	2.2211105424961253	0.1595088900000000	0.0577523500000000
1262	10.37670	2.2455781081503581	0.1780030200000000	0.1072209050000000
1264	10.36310	2.2423231386231719	0.1596142950000000	0.1285764950000000
1265	10.36310	2.2341281311564751	0.1399346200000000	0.0842474300000000
1266	10.35950	2.2310278360592952	0.1584728900000000	0.0756648350000000
1272	10.34210	2.2162716973774490	0.1362138400000000	0.0921532100000000
1273	10.34210	2.2192981049515197	0.1548974750000000	0.1042488200000000
1275	10.34030	2.2985390004788524	0.1990517600000000	0.0973493900000000
1278	10.33740	2.1993465637426506	0.1350358600000000	0.0793970800000000
1279	10.33740	2.2211973127864613	0.1149260850000000	0.0590649900000000
120	22.50900	2.2102938155515179	0.1400285000000000	0.1142549500000000
121	22.50900	2.2072183037017825	0.1457362500000000	0.0838385600000000
122	21.95780	2.2042135807027874	0.1429989600000000	0.0330816200000000
123	21.95780	2.2068964015134656	0.1104847400000000	0.0468346250000000
126	21.78800	2.2086616054026496	0.1559376550000000	0.0905301250000000
127	21.78800	2.2207227614717722	0.1528461850000000	0.1115737450000000
1280	10.32880	2.2428774466178290	0.1691328400000000	0.1498301850000000
1285	10.32170	2.2144354645569826	0.1372273900000000	0.0577472150000000
1286	10.32150	2.2283655436381014	0.1312881250000000	0.0737462850000000
1288	10.31540	2.2547524109243655	0.1665123450000000	0.1512391600000000
1290	10.30710	2.1953229330500958	0.1333158500000000	0.1076292750000000
1293	10.29770	2.2266424937762674	0.1418431650000000	0.1080012950000000
1296	10.29030	2.2129843347650020	0.1539891300000000	0.0983296400000000
1297	10.29030	2.2135565543784730	0.1521484450000000	0.0707777750000000
1300	10.28650	2.2345230389237658	0.1389592500000000	0.0733948650000000
1305	10.28410	2.2382288436472884	0.1560885050000000	0.1338157350000000
1307	10.27900	2.2499240278201564	0.2464869850000000	0.0985606650000000
1314	10.27740	2.2279169960906562	0.1448048200000000	0.0937426450000000
1315	10.27740	2.2142741929129683	0.1883853200000000	0.1381529050000000
1319	10.27300	2.1808934215470059	0.1561865650000000	0.0911282350000000
1320	10.26090	2.1734685540549541	0.1358225600000000	0.0670845500000000
1321	10.26090	2.2249911934495552	0.1342452000000000	0.0731896150000000
1324	10.25040	2.2322653604288054	0.1270591150000000	0.0987913300000000
1325	10.25040	2.2331503985887866	0.1503214550000000	0.0956821300000000
1326	10.23910	2.2211700367353906	0.1226534900000000	0.0756023750000000
1327	10.23910	2.2483101690508080	0.1950126350000000	0.1341464300000000
1328	10.23050	2.2191632247864495	0.0917847050000000	0.1336709750000000
1333	10.20550	2.1963718665608245	0.1248422450000000	0.0847175600000000
1334	10.20380	2.2141968517271469	0.1265257600000000	0.0880428950000000
1339	10.19020	2.1857831829972545	0.1348282400000000	0.0866506000000000
1342	10.18510	2.2327335686669851	0.1522735500000000	0.1104173500000000
1345	10.18490	2.2386190670591306	0.1728554700000000	0.0859310600000000
1346	10.18350	2.2320953792899068	0.1284708850000000	0.0752815200000000
1347	10.18350	2.2386226085666987	0.1980407850000000	0.0839657100000000
1359	10.16060	2.2377445455891265	0.1664594650000000	0.0629925850000000
131	21.40930	2.2095771374173943	0.1363054700000000	0.0982396250000000
133	21.29740	2.2042855191491757	0.1458274700000000	0.0912569550000000
134	21.21890	2.2168599974010039	0.1599415000000000	0.0442204400000000
135	21.21890	2.2144743578601598	0.1517023050000000	0.1127983100000000
1360	10.15810	2.2126946416111273	0.0748542450000000	0.0973467550000000
1361	10.15810	2.2226058924437644	0.1259351100000000	0.0930096050000000
1362	10.15700	2.2027091267734784	0.1536548850000000	0.0596170850000000
1365	10.15050	2.2411664682399310	0.1644509000000000	0.1198380350000000
1366	10.15010	2.2311752099088085	0.1490848200000000	0.1104096200000000
1375	10.14090	2.2363962656591427	0.1478750400000000	0.0989782450000000
1376	10.13960	2.1964387163307717	0.1346613950000000	0.0472802250000000
1377	10.13960	2.1870071464647181	0.1474103650000000	0.0510665200000000
1379	10.13950	2.2409600190069670	0.1583032700000000	0.1072074700000000
1380	10.12850	2.2283118001644828	0.1393543900000000	0.1013214600000000
1381	10.12850	2.1855350200742767	0.1493609850000000	0.0582526550000000
1382	10.12620	2.2370503819160894	0.1583732800000000	0.0696780150000000
1383	10.12620	2.2091836850758568	0.1584584750000000	0.0809331850000000
1386	10.12610	2.2002836111079378	0.1156048950000000	0.0675632300000000
1394	10.12330	2.2389948139319480	0.1891455800000000	0.1449137550000000
1395	10.12330	2.2077906221657768	0.1454403550000000	0.0472027050000000
1396	10.12260	2.2241953585920773	0.1339577800000000	0.1073787850000000
1409	10.07350	2.1775026271207527	0.1470733250000000	0.0865632900000000
1413	10.06450	2.2069244518086020	0.1973574750000000	0.1497200650000000
1415	10.06280	2.2254002282141294	0.1350978900000000	0.0829822050000000
1417	10.05140	2.2249703469052906	0.1470605250000000	0.0990739900000000
1418	10.04880	2.1847128399871449	0.0857111550000000	0.0373678500000000
1425	10.04410	2.3124358834163465	0.2484638650000000	0.1569867250000000
1430	10.00540	2.2281087401059083	0.1343561700000000	0.0861639600000000
1433	9.97105	2.2112141901033531	0.1314882650000000	0.1144972550000000
1434	9.95261	2.2052357684768999	0.1669050350000000	0.0819935250000000
1436	9.94991	2.2089299986326494	0.1460680750000000	0.1067524300000000
1437	9.94991	2.2183023428041118	0.1075240250000000	0.0935474750000000
1439	9.93271	2.2293070924203580	0.1522604400000000	0.0800063700000000
138	20.82900	2.2166190827646592	0.1250180350000000	0.1114443450000000
140	20.53460	2.1948460926012756	0.1480277100000000	0.1033004700000000
142	20.48610	2.2154459611929673	0.1532943850000000	0.1131292800000000
143	20.48610	2.1969568575170650	0.1466433100000000	0.0927201500000000
1441	9.90524	2.1964996256331446	0.1693486500000000	0.1124673300000000
1442	9.82061	2.2348391979402300	0.1391378500000000	0.1097830150000000
1446	9.79928	2.2290173541385236	0.1449519350000000	0.0856738800000000
1449	9.79831	2.2062102433211441	0.1588937150000000	0.0999383150000000
1452	9.79790	2.1962273258561029	0.1407751300000000	0.1076074700000000
1459	9.79694	2.2258228554438384	0.1168936700000000	0.0832956950000000
1462	9.79521	2.2287074972926035	0.1757103600000000	0.1154681600000000
1464	9.79515	2.2388359723895710	0.1363766100000000	0.0732973850000000
1469	9.79345	2.2173748951063543	0.1605315300000000	0.1057167350000000
1471	9.79320	2.2081406592710970	0.1491024750000000	0.0979425850000000
1475	9.79288	2.2342939232908465	0.1350134200000000	0.0848890250000000
1477	9.79273	2.3722934597415897	0.2592452450000000	0.0620228050000000
1479	9.79166	2.2169790496680619	0.1125060400000000	0.1017534950000000
1481	9.79145	2.2372311115062331	0.1585608800000000	0.1218611900000000
1492	9.72526	2.2365627347953878	0.1358475950000000	0.0589282050000000
1497	9.70935	2.2359392930562190	0.1784272250000000	0.0740311950000000
1498	9.69595	2.2284830635020985	0.1155517750000000	0.0871246600000000
1500	9.67046	2.2234978197125552	0.1248304650000000	0.1040668150000000
1509	9.67000	2.1777180571564951	0.1035637250000000	0.1113945750000000
1510	9.67000	2.1792623189558107	0.1444389800000000	0.0865162400000000
1514	9.66336	2.2408498080492834	0.1614451000000000	0.0846014300000000
1516	9.66178	2.2288593095460345	0.1482065100000000	0.0976020700000000
1517	9.66178	2.1977375245808979	0.1115979050000000	0.0442537150000000
1518	9.66145	2.2091451983063632	0.1460773000000000	0.1049926150000000
147	20.23890	2.2115193638301576	0.1286532150000000	0.1260966150000000
148	20.14810	2.2072651462059438	0.1209924000000000	0.0665568300000000
1525	9.66111	2.2093240600381945	0.1574934500000000	0.1160748100000000
1526	9.66104	2.2386524038687581	0.1799738250000000	0.0878808050000000
1529	9.66080	2.2129137579170672	0.1334904550000000	0.0947149050000000
1531	9.65958	2.2260251046001591	0.1415694900000000	0.0915932650000000
1537	9.65484	2.2303400269686797	0.1381573000000000	0.1012511350000000
1539	9.65423	2.2181797264533056	0.0921289950000000	0.1466306900000000
1541	9.65415	2.2300912524371341	0.1236965000000000	0.0500907100000000
1543	9.65411	2.2388731735745058	0.1342804600000000	0.1032953850000000
1548	9.65323	2.2336583872847600	0.1420218000000000	0.0818732800000000
1549	9.65323	2.2352240514297002	0.1578616850000000	0.0916071050000000
1554	9.62796	2.2084478138240855	0.1432211400000000	0.0822630000000000
1557	9.62658	2.2110614825119304	0.1485524950000000	0.1023142050000000
1562	9.61583	2.2418428765471234	0.1398681250000000	0.1130890300000000
1569	9.61229	2.2256136780185423	0.1554383850000000	0.0619145300000000
1572	9.60674	2.2249896961526727	0.1568424650000000	0.0660595900000000
1586	9.59731	2.2735450885062090	0.1637516050000000	0.1697526450000000
1590	9.59629	2.2311796966157518	0.1142237800000000	0.0884626100000000
152	19.67710	2.2127348954375163	0.2321478100000000	0.0924270800000000
9	139.63100	2.2052040506486508	0.1833610350000000	0.0759986800000000
10	128.05800	2.1984948534122464	0.1564761400000000	0.0999942900000000
13	126.69400	2.1941243743186725	0.1438806500000000	0.1028429350000000
14	118.71200	2.2047827508495441	0.1668238400000000	0.0883068550000000
1601	9.58934	2.2015522889722248	0.1469272050000000	0.0571901350000000
1602	9.58931	2.1835772190147464	0.1576992350000000	0.0596887550000000
1603	9.58931	2.2154970083694785	0.1472104300000000	0.0895531950000000
1606	9.58877	2.2398256774115342	0.1245578200000000	0.0883071300000000
1607	9.58877	2.2400220949571614	0.1464362550000000	0.1296546800000000
1609	9.58865	2.2246501241641625	0.1420473100000000	0.0974979200000000
1611	9.58849	2.2170942956828026	0.1521916400000000	0.0970774000000000
1613	9.58849	2.1955937940868262	0.1464991600000000	0.0834822100000000
1617	9.58787	2.1976558066562348	0.1437747350000000	0.0948070250000000
1619	9.58777	2.2143731921507621	0.1324358150000000	0.1200125350000000
1622	9.58663	2.2103985377893713	0.1319709400000000	0.1023637700000000
1624	9.58434	2.2061039079793923	0.1014140200000000	0.1060872500000000
1625	9.58434	2.2175536079248364	0.1513914900000000	0.0432615300000000
1626	9.58386	2.1703256416186796	0.1084607300000000	0.0528784450000000
1628	9.58364	2.1995176604496929	0.1349607850000000	0.1198311050000000
1629	9.58364	2.2212019600375692	0.1681612100000000	0.1146260100000000
1636	9.58269	2.3687840030969953	0.2438784650000000	0.1121059000000000
1637	9.58269	2.2025617972637508	0.1612936200000000	0.0604625500000000
1640	9.58190	2.2410572293984097	0.1594159450000000	0.0658495750000000
1642	9.58167	2.1802766135653759	0.1137204950000000	0.0397859750000000
1645	9.58133	2.2379615029447812	0.1380287100000000	0.0716065550000000
1651	9.57473	2.2274886620782324	0.0951135000000000	0.0727628100000000
1658	9.57127	2.2166167277467261	0.1655394150000000	0.1003333800000000
1661	9.57124	2.2232304369458760	0.1420570300000000	0.0985812350000000
1663	9.57023	2.2281133352316678	0.1312514650000000	0.0846030650000000
1667	9.56748	2.2355578899859232	0.1516076850000000	0.0981023950000000
1669	9.56294	2.2375649819390584	0.1339011900000000	0.1107418000000000
1672	9.55930	2.2162207999646215	0.1505100950000000	0.0887355350000000
1674	9.55679	2.2239400859039544	0.1387120250000000	0.1171504150000000
1676	9.55202	2.2225579679200118	0.1545275700000000	0.0935298850000000
160	19.02050	2.2042718872335398	0.1373224450000000	0.0860206000000000
161	19.02050	2.2141831464786677	0.1674432200000000	0.0699184950000000
162	18.89830	2.2165344544501755	0.1598845300000000	0.0818749350000000
163	18.89830	2.2198315072281218	0.1550551200000000	0.0771252850000000
166	18.66980	2.2078474674882469	0.1363954250000000	0.0929542300000000
1680	9.54781	2.2341602296953003	0.1479737450000000	0.1148442450000000
1685	9.54687	2.1597168599745511	0.1238936700000000	0.0719231700000000
1688	9.53021	2.1986687613891447	0.1574319250000000	0.1041688900000000
1692	9.52252	2.1879271964870566	0.1507115300000000	0.0704261200000000
1696	9.51582	2.2175942362804366	0.1486280850000000	0.0988824950000000
1698	9.51319	2.2197747932274008	0.1425727450000000	0.0973322250000000
1700	9.51255	2.2742233317180807	0.2152825100000000	0.1425510550000000
1702	9.51053	2.2069060086652659	0.1627669500000000	0.0960538750000000
1704	9.50834	2.2323365773793293	0.1355897300000000	0.0755775850000000
1711	9.50323	2.2054606679243474	0.1140318350000000	0.0688595700000000
1721	9.48442	2.1582282304348501	0.1036318800000000	0.0790925750000000
1739	9.43735	2.2307173286694808	0.1414066800000000	0.0642664100000000
1740	9.43695	2.2251873643794453	0.1422500900000000	0.0610615900000000
1742	9.41095	2.2153887170678961	0.1493106800000000	0.0986087500000000
1743	9.41095	2.2261751022852110	0.1399196200000000	0.0543957050000000
1746	9.36075	2.2281626502609591	0.1575920150000000	0.1166225650000000
1748	9.33968	2.4091540679775556	0.2872610600000000	0.1417899300000000
1750	9.32657	2.2410147939922678	0.1596871200000000	0.1131429900000000
1752	9.31892	2.2383270094151322	0.1346560700000000	0.0766480450000000
1753	9.31892	2.2254626786470855	0.1553288700000000	0.0813854800000000
1756	9.30095	2.2143449938579511	0.1610642200000000	0.1067805850000000
1758	9.29419	2.2367358258066852	0.1588192200000000	0.1010086750000000
1759	9.29419	2.2311470301768326	0.1446240550000000	0.0814506300000000
171	18.56620	2.2177191579747877	0.1184898750000000	0.0498539850000000
172	18.38690	2.2119776130347617	0.1525013650000000	0.1073263100000000
174	18.33440	2.2002761747310293	0.1453184300000000	0.0922765600000000
175	18.33440	2.2107206850255916	0.1485607950000000	0.0623099200000000
1760	9.29040	2.2105008408251545	0.1430958250000000	0.1140228900000000
1763	9.28669	2.2348106271738257	0.1274498500000000	0.0637631200000000
1766	9.27618	2.2055057002791316	0.1251252300000000	0.1078902500000000
1769	9.27601	2.2301168526562871	0.1428055400000000	0.0971060700000000
1775	9.27078	2.1928593031610655	0.1921298700000000	0.0875347250000000
1780	9.26310	2.1665161699541757	0.1323192250000000	0.0489176950000000
1783	9.25991	2.2037215226777773	0.1649656750000000	0.0632263200000000
1786	9.25823	2.2302515435343957	0.0787340550000000	0.1106877250000000
1788	9.25791	2.2382269700920929	0.1383337000000000	0.1213298950000000
1793	9.25719	2.2354187446446834	0.1416330700000000	0.1039489250000000
1794	9.25625	2.1721653370895684	0.1007851950000000	0.0439685450000000
1795	9.25625	2.2159076111351586	0.1492942050000000	0.0602017050000000
1797	9.25601	2.2208987003782910	0.1488967450000000	0.1214387650000000
1798	9.25564	2.2233599444951286	0.1013676850000000	0.0476085250000000
1800	9.25542	2.2000372033198325	0.1217863050000000	0.0561587750000000
1805	9.25320	2.2083197087719291	0.1564109500000000	0.1181035200000000
1806	9.25229	2.2026078932167601	0.1544171600000000	0.0909090650000000
1809	9.25199	2.2300104806260403	0.1392985950000000	0.1102245000000000
1812	9.24949	2.1985954125509415	0.1530691800000000	0.0778856900000000
1814	9.24858	2.1897980271001236	0.1365030300000000	0.0957581100000000
1815	9.24858	2.2243749912117639	0.1547039100000000	0.0837069350000000
1816	9.24577	2.2289932849993885	0.1448730650000000	0.0565607050000000
1818	9.24519	2.2339719940411991	0.1416987850000000	0.1079887300000000
1821	9.24436	2.2352355515828837	0.1397359500000000	0.0366528800000000
1826	9.24000	2.2105079016017681	0.1451731700000000	0.0787647600000000
1827	9.24000	2.2206922538519174	0.1213728750000000	0.0803874200000000
1833	9.24000	2.2433817602292820	0.1579075250000000	0.1340357000000000
1834	9.24000	2.2451059931902329	0.1429661050000000	0.1210307200000000
1836	9.24000	2.2299713663035270	0.1183106350000000	0.0816665500000000
176	18.28240	2.2274208469971257	0.1566977150000000	0.0962504850000000
1845	9.24000	2.2249145923877922	0.1494383900000000	0.0914467800000000
1851	9.24000	2.2367406662332030	0.1427755450000000	0.0920340500000000
1853	9.24000	2.2374800311217755	0.1337050600000000	0.0680973050000000
1861	9.23882	2.2333644591623583	0.1356318750000000	0.1064546250000000
1862	9.23812	2.2232518319222603	0.1567246850000000	0.0940396350000000
1868	9.23567	2.2382242831192367	0.1323613400000000	0.0780673950000000
1871	9.23551	2.2018960675494124	0.1342643450000000	0.0931975100000000
1875	9.23490	2.1964612672475821	0.1385556200000000	0.0730981750000000
1876	9.23438	2.2210783426395300	0.1234287700000000	0.0986282850000000
1877	9.23438	2.2166393976656256	0.1570524650000000	0.1442155050000000
1878	9.23309	2.2282726857091704	0.1414642550000000	0.0992695200000000
1882	9.23219	2.2012256810100865	0.1562129450000000	0.0681283650000000
1885	9.23106	2.2343772160671054	0.1298537000000000	0.0719344500000000
1889	9.23018	2.2359829736330425	0.1940847850000000	0.1338502050000000
1890	9.22622	2.1755346171633549	0.1063676450000000	0.0916889150000000
1900	9.21053	2.2158486507559072	0.1175772900000000	0.0746721300000000
1903	9.19737	2.2261323160028970	0.1332205550000000	0.0578382900000000
1904	9.19634	2.2340036796346912	0.1363726300000000	0.0789068400000000
1908	9.18574	2.2028304019122746	0.1229343750000000	0.0991528150000000
1909	9.18574	2.2279356279885358	0.1685684050000000	0.0894382100000000
1914	9.18130	2.2403471395287844	0.1446112150000000	0.1010229550000000
1919	9.18028	2.2304549022795142	0.1045564200000000	0.0792535000000000
184	17.79570	2.2065377216828956	0.1644015000000000	0.1143480000000000
185	17.79570	2.2191709389793721	0.1446847000000000	0.1045753400000000
186	17.79430	2.2145248679640548	0.0980991600000000	0.0957419350000000
187	17.79430	2.2225964929628943	0.1415331350000000	0.1078562250000000
188	17.79230	2.2204744341343909	0.1543984450000000	0.0964817600000000
1920	9.17907	2.2222427419110407	0.1571257400000000	0.1040834500000000
1922	9.17791	2.2229252814411256	0.1485725900000000	0.1009444650000000
1927	9.17739	2.2318343275455281	0.0967282650000000	0.0938113400000000
1928	9.17710	2.1803905236360834	0.1449915500000000	0.0641740700000000
1930	9.17523	2.2043983504465090	0.1287779450000000	0.1142917800000000
1938	9.17204	2.2368568192285192	0.1416337100000000	0.0791637750000000
1939	9.17204	2.2334659757819422	0.1563008750000000	0.0508216100000000
1943	9.16873	2.1977434227857962	0.1608251750000000	0.0984568600000000
1949	9.15790	2.2429993438309337	0.1574662400000000	0.1118117000000000
1950	9.15340	2.2047837697349593	0.1467839950000000	0.0885402200000000
1953	9.15240	2.2066349760922548	0.1528534900000000	0.0970860850000000
1955	9.15182	2.2189153713359540	0.1531202950000000	0.1241949050000000
1957	9.14276	2.2026706793743078	0.1377324850000000	0.0944743800000000
1964	9.14000	2.1867115647554298	0.1535437850000000	0.0905694550000000
1965	9.14000	2.2194561430609681	0.1420328500000000	0.0905212350000000
1970	9.14000	2.2190131237148933	0.1576178900000000	0.1014512900000000
1971	9.14000	2.1985492577089811	0.1443869200000000	0.1001442500000000
1976	9.14000	2.2509843097868338	0.1336917800000000	0.1346576950000000
1979	9.14000	2.2025729393376725	0.1493092450000000	0.0814971050000000
1981	9.14000	2.2280674958926410	0.1637587350000000	0.0315797900000000
1984	9.14000	2.1619607794832754	0.0898194750000000	0.0856744900000000
1985	9.14000	2.2127552641798034	0.1316918850000000	0.1504378550000000
1986	9.14000	2.2317066440478501	0.1465092150000000	0.0582657800000000
1990	9.14000	2.2048384308037119	0.1437157800000000	0.0844115850000000
1992	9.14000	2.2308441186331307	0.1345014100000000	0.1019421650000000
1999	9.14000	2.1800680161529109	0.1315898100000000	0.0820500700000000
193	17.71340	2.2185204762295863	0.1436511600000000	0.1085735700000000
196	17.66620	2.2089542203147761	0.1603135450000000	0.0983386800000000
197	17.66620	2.2057731995195207	0.1517640800000000	0.1019505050000000
2001	9.14000	2.2290433743251308	0.1200176450000000	0.0783990300000000
2005	9.13999	2.2332648895526677	0.1336694650000000	0.1250699300000000
2008	9.13770	2.1981231293711949	0.1268291100000000	0.1071225200000000
2009	9.13770	2.2338099301515220	0.1593895300000000	0.0770843200000000
2010	9.13758	2.2370815781023379	0.1512709600000000	0.0896968600000000
2012	9.13558	2.2365491226964345	0.1238277000000000	0.0860603700000000
2014	9.13489	2.2311453219900819	0.1620504600000000	0.1278164450000000
2019	9.13416	2.1726731743356438	0.1291325950000000	0.0944718450000000
2021	9.13287	2.2019574713750290	0.1310296150000000	0.0800494650000000
2023	9.13245	2.2697319630489416	0.2042505400000000	0.0896067550000000
2026	9.13189	2.2127222984054433	0.1111707750000000	0.0610502450000000
2027	9.13189	2.2287505102926843	0.1566756700000000	0.0999608800000000
2030	9.11916	2.2066001050272850	0.1328821950000000	0.0802138750000000
2031	9.11916	2.2440340935929286	0.1479009200000000	0.1030497950000000
2032	9.11751	2.2378652796334970	0.1651725800000000	0.0917522000000000
2033	9.11751	2.2126349395720819	0.1538667900000000	0.0768199200000000
2034	9.10786	2.2230951617302326	0.1539390200000000	0.0736958400000000
2036	9.10508	2.2408498284338565	0.1704115250000000	0.0901958950000000
2037	9.10508	2.2742697930317166	0.1976903000000000	0.1250148700000000
2042	9.08550	2.2190150600913650	0.0957573400000000	0.1012702350000000
2045	9.06423	2.2380981323141036	0.1288963650000000	0.0909314200000000
2046	9.05605	2.2172570551572552	0.1641163600000000	0.1028480950000000
2049	9.04366	2.1872861558389314	0.1006951900000000	0.1102952750000000
2050	9.03912	2.2071499372888055	0.1584494550000000	0.0950115100000000
2051	9.03912	2.2298833266396594	0.1530286250000000	0.1125231500000000
2056	9.03142	2.2297990814992699	0.1649610949999999	0.1183390200000000
2057	9.03142	2.2277110110237044	0.1548923550000000	0.1093836000000000
2060	9.02477	2.2446630525316431	0.1552064300000000	0.1137199900000000
2062	9.02425	2.2296801374521062	0.1222165700000000	0.0964334200000000
2066	9.02185	2.2262951683635857	0.1420446450000000	0.1038975950000000
2067	9.02185	2.2393077064324056	0.1543897650000000	0.1200800500000000
2068	9.02041	2.2942711339561024	0.2115878050000000	0.1114015650000000
2069	9.02041	2.2315093411511500	0.1492689300000000	0.0673658950000000
2076	9.01653	2.2177278533663483	0.1524027300000000	0.1097610200000000
2077	9.01653	2.2396471477371671	0.1383821400000000	0.0796717900000000
207	17.27710	2.1902651876978498	0.1416759500000000	0.0883543600000000
2080	9.01619	2.2381485225745328	0.1731249500000000	0.1254920600000000
2083	9.01556	2.2035419703922914	0.1379748400000000	0.0905772650000000
2086	9.01160	2.2245125482201340	0.1496975250000000	0.1187568000000000
2088	9.01098	2.2329560112943385	0.1641362250000000	0.0746999800000000
2090	9.00911	2.2252950503991591	0.1102422650000000	0.0831694850000000
2091	9.00911	2.2089552650208448	0.1273135200000000	0.1089811200000000
2097	9.00734	2.2249586270373416	0.1483868600000000	0.0613444050000000
2099	9.00711	2.1745590546837694	0.1351915150000000	0.0693411100000000
2100	9.00469	2.2219616645795135	0.1527975400000000	0.0417023500000000
2110	9.00011	2.3375966360125640	0.2574336400000000	0.1200825450000000
2113	8.99981	2.2198854627133908	0.1704205600000000	0.1193349500000000
2114	8.99965	2.2302113484575137	0.1613861700000000	0.0760915700000000
2124	8.99371	2.2198752647613635	0.1047296850000000	0.0796989300000000
2125	8.99371	2.2277576847609519	0.1577705050000000	0.1140014050000000
2128	8.99078	2.2360190106133984	0.1551115800000000	0.1030537200000000
2130	8.98943	2.2388604936224277	0.1319059150000000	0.0656601350000000
2132	8.98853	2.2316617260973048	0.1293310350000000	0.0825747800000000
2137	8.98743	2.2309797815588279	0.0996422250000000	0.0876614650000000
2141	8.98605	2.2425170091092324	0.1451166350000000	0.0937830250000000
2146	8.98340	2.2217606375613772	0.1419896250000000	0.0928837450000000
2149	8.98311	2.2127015902728018	0.1603739900000000	0.0989458850000000
2150	8.98274	2.2211586323799715	0.1449907450000000	0.0802914150000000
2152	8.98141	2.2392824784015195	0.1268025600000000	0.0933520500000000
2155	8.98011	2.1981730559195749	0.1728867350000000	0.0910969100000000
2156	8.98000	2.1981214906631408	0.1521936500000000	0.0873900050000000
210	17.07690	2.2242812618896366	0.1541954000000000	0.0724383000000000
214	17.02200	2.1792255399489973	0.1292399100000000	0.0802384400000000
2161	8.98000	2.2321509508711932	0.1394902400000000	0.0885605100000000
2162	8.98000	2.2311535911897731	0.1847665250000000	0.0888632400000000
2164	8.98000	2.1893433446587869	0.1448736150000000	0.0706088450000000
2166	8.98000	2.2321482141832196	0.1602147200000000	0.0540546450000000
2167	8.98000	2.2287964234655995	0.1472899750000000	0.0658983150000000
2170	8.98000	2.2204794091981035	0.1435850200000000	0.1184227800000000
2171	8.98000	2.2441596800218719	0.1592940550000000	0.0837526500000000
2175	8.97946	2.2401867194548184	0.1370657350000000	0.0981161400000000
2176	8.97810	2.1966893724883811	0.1350827750000000	0.0973530850000000
2180	8.97481	2.1665610789615286	0.1241294500000000	0.0625873300000000
2182	8.97445	2.2415493971178271	0.1511396450000000	0.1169258400000000
2184	8.97257	2.2143102256443958	0.0658291950000000	0.1095956400000000
2186	8.97180	2.1641092024896342	0.1470378500000000	0.1012666650000000
2190	8.96742	2.2240899181218130	0.1644333900000000	0.1124435200000000
2191	8.96742	2.2475762769857663	0.1535074850000000	0.0976956750000000
2194	8.96342	2.1643049872070645	0.1229016400000000	0.0519457850000000
2199	8.95967	2.2015378451153191	0.1457915050000000	0.0991718600000000
2201	8.95899	2.2021563309735801	0.1713491000000000	0.0582022800000000
2205	8.95765	2.2028247898857445	0.1555174250000000	0.1241482750000000
2207	8.95637	2.2154493936328996	0.1511919400000000	0.0901400250000000
2209	8.95617	2.2102481449188836	0.1302794850000000	0.1132534100000000
2212	8.95552	2.2321279611400322	0.1166078150000000	0.0962566950000000
2214	8.95525	2.2088322790942221	0.1322368350000000	0.0975034000000000
2216	8.95504	2.2396753543397221	0.1583659050000000	0.1066030900000000
2217	8.95504	2.2308091884147334	0.1239281400000000	0.0714547400000000
2222	8.95293	2.1854980476170800	0.1115994500000000	0.0728958900000000
2227	8.95171	2.2299805157872430	0.1573620550000000	0.0676594550000000
2228	8.95049	2.2100792341673037	0.1535174650000000	0.1054390650000000
2231	8.95019	2.2316075992635054	0.1725920300000000	0.1117137700000000
2233	8.95018	2.2311303059858392	0.1751072150000000	0.1222414250000000
2234	8.94969	2.2338406312920474	0.1281527100000000	0.0759191100000000
217	16.98740	2.2047778871657675	0.1591336850000000	0.0899488550000000
218	16.98050	2.2085959453344990	0.1251923900000000	0.0724003200000000
220	16.93270	2.2149461940389874	0.1466516950000000	0.1051658450000000
2240	8.94271	2.1824219260222484	0.1610174050000000	0.0891361100000000
2241	8.94271	2.2224628614586308	0.1528897200000000	0.1431366350000000
2243	8.93885	2.2377755803047052	0.1106654450000000	0.0501774850000000
2244	8.93734	2.2319071983008674	0.1438969850000000	0.1023327750000000
2246	8.93637	2.2100489192245605	0.2157697400000000	0.0760027600000000
2247	8.93637	2.2366506975166622	0.1497077550000000	0.0858812850000000
2252	8.93060	2.2108987621267602	0.1596496950000000	0.1053088000000000
2254	8.92967	2.2161225853628621	0.0880914700000000	0.0715426450000000
2256	8.92952	2.2234301007264192	0.1133889750000000	0.0916305950000000
2259	8.92877	2.2002608398317904	0.1567614150000000	0.0847835500000000
2260	8.92662	2.2328328022775357	0.1431924400000000	0.0886097000000000
2264	8.92659	2.1897571533176476	0.1242944800000000	0.1029123500000000
2278	8.92315	2.2005671365065367	0.1538487650000000	0.1081801650000000
2279	8.92315	2.2310389974658200	0.1536578000000000	0.0883843950000000
2282	8.92271	2.2383095611281836	0.1441170150000000	0.1029497950000000
2283	8.92271	2.2049957753543494	0.1175348800000000	0.0750273700000000
2284	8.92246	2.2378432304555722	0.1507526050000000	0.1060293850000000
2286	8.91801	2.2346420692721893	0.1609753850000000	0.1030761400000000
2289	8.91786	2.2202961042388072	0.1324889800000000	0.0857902250000000
2293	8.91512	2.2335441430295440	0.1429341800000000	0.1080823250000000
2295	8.91384	2.2105421388707129	0.1696590200000000	0.0814605800000000
2303	8.90204	2.2240905459981302	0.1551987550000000	0.1176751150000000
2304	8.89888	2.2416343074674363	0.1359207250000000	0.1190397450000000
2306	8.89326	2.2448616146931593	0.1531566950000000	0.1217238950000000
2310	8.88775	2.2166495498233014	0.1620480900000000	0.1217503000000000
2311	8.88775	2.2230622579564634	0.1443125500000000	0.0820961100000000
2316	8.87173	2.2329567086829347	0.1507749950000000	0.0822350150000000
231	16.86680	2.2300612909889330	0.1841267050000000	0.0974155800000000
2320	8.86736	2.2245479757236515	0.1331154100000000	0.0797030450000000
2328	8.85706	2.1768095039779718	0.1405071500000000	0.0785278250000000
2331	8.85054	2.2470754454383064	0.1704768050000000	0.1186192000000000
2332	8.85044	2.2352052420667690	0.1466383250000000	0.1048800700000000
2335	8.85037	2.2375712208510969	0.1274607650000000	0.0928761400000000
2337	8.84817	2.2426817334404165	0.1848901750000000	0.1467845900000000
2338	8.84617	2.1891470390857486	0.1642677650000000	0.0899160250000000
2339	8.84617	2.2314485292715651	0.1595834100000000	0.0561353450000000
2342	8.83638	2.2462566382589397	0.1526174900000000	0.0631513650000000
2343	8.83638	2.2401962225034295	0.1530135350000000	0.0532502900000000
2347	8.82773	2.3508499790362443	0.2287572500000000	0.0803201750000000
2349	8.82689	2.2326813304557862	0.1342498500000000	0.0731162500000000
2350	8.82364	2.2177014494803289	0.1313815700000000	0.1299085450000000
2352	8.81628	2.2348331649869593	0.1545777900000000	0.0950100450000000
2354	8.81623	2.2413742680485393	0.1416462900000000	0.0998890000000000
2355	8.81623	2.1906289231965901	0.1629406300000000	0.0799847700000000
2357	8.81004	2.2467124014814646	0.1366435850000000	0.0717441650000000
2363	8.80658	2.2317112306417495	0.1273208150000000	0.1167495500000000
2365	8.80631	2.2052020453267831	0.1898506650000000	0.1165609750000000
2368	8.79150	2.2317780161872864	0.1477564000000000	0.1284223900000000
2372	8.78074	2.2230566524047095	0.1504566300000000	0.0817149250000000
2374	8.77878	2.2157569299689750	0.1308214150000000	0.0894935200000000
2375	8.77878	2.2181441149251313	0.1433000400000000	0.0903272600000000
2376	8.77192	2.2403919806232970	0.1764256900000000	0.0891486400000000
2379	8.75648	2.2171170252461621	0.1722861750000000	0.0404986200000000
2380	8.75301	2.2426673959086458	0.1408030850000000	0.1062210350000000
2381	8.75301	2.2382074843080542	0.1376660100000000	0.0347303150000000
2384	8.74216	2.2126430536098693	0.1225674450000000	0.0669550500000000
2387	8.74090	2.2068945848595813	0.1129503900000000	0.0764023500000000
2390	8.73721	2.2371420728081550	0.1457532750000000	0.0438091200000000
2397	8.72279	2.2101001953676991	0.1408920800000000	0.1031113250000000
2399	8.71645	2.2270303232215096	0.1642913600000000	0.0589810650000000
232	16.86620	2.2163557725723648	0.1570354950000000	0.1049788500000000
236	16.81790	2.2249438299100026	0.1561846250000000	0.1065798650000000
239	16.79440	2.2022881722723717	0.1555561150000000	0.0868922700000000
17	118.50600	2.2027502199196949	0.1130071900000000	0.0544433350000000
18	117.68400	2.1910890567286003	0.1212852350000000	0.1216614800000000
19	117.68400	2.2016355831997472	0.1599089200000000	0.0871061700000000
2402	8.70886	2.2269320022641477	0.1483309500000000	0.0987227100000000
2403	8.70886	2.2195281532637057	0.1129034250000000	0.0960406400000000
2404	8.70243	2.2316671494715377	0.1580208900000000	0.1211028150000000
2406	8.69579	2.2360070779888779	0.1319244950000000	0.0625066350000000
2409	8.69451	2.2266396319571040	0.1243124350000000	0.0917392250000000
2410	8.68958	2.1720478337002294	0.1326780050000000	0.0876414650000000
2414	8.67928	2.2236918881252734	0.1533995000000000	0.0992096500000000
2416	8.66682	2.2346629792438510	0.1521708600000000	0.1173733000000000
2417	8.66682	2.2345126799859609	0.1322908250000000	0.0972546500000000
2418	8.66452	2.2125298138976119	0.1279209700000000	0.0941641050000000
2425	8.64481	2.2222528822759600	0.1440151350000000	0.1203605250000000
2426	8.64296	2.1963698904766407	0.1476369200000000	0.0766222100000000
2431	8.62991	2.2449220084891439	0.1480635150000000	0.0645361300000000
2433	8.62916	2.2402244477592599	0.1208621900000000	0.0968157500000000
2434	8.62915	2.2335332946262825	0.1458797050000000	0.0964562700000000
2440	8.62799	2.1885494588623184	0.1454372950000000	0.0673457300000000
2449	8.62562	2.2306573103693657	0.1391042850000000	0.0985732200000000
2454	8.62494	2.2279957124392262	0.1521848450000000	0.1132934450000000
2460	8.62151	2.1878670051345273	0.1347920750000000	0.0854804100000000
2463	8.62143	2.2126384312963556	0.1114890300000000	0.0909637600000000
2464	8.62139	2.2359604621206954	0.1192779300000000	0.0964682200000000
2470	8.60630	2.2364037014304228	0.1151410650000000	0.0845992600000000
2471	8.60630	2.2270131410164291	0.1555651100000000	0.0924564150000000
2472	8.59504	2.2125682897037127	0.2078990450000000	0.0667675550000000
2477	8.58354	2.2392012732628883	0.1339938150000000	0.0487653550000000
241	16.69370	2.1909650154215403	0.1174373700000000	0.0997922900000000
243	16.68240	2.2083087461424182	0.1341218500000000	0.0818463700000000
244	16.67950	2.2170654257798255	0.1512561250000000	0.1010641750000000
245	16.67950	2.2245597522255935	0.1572027950000000	0.0902311600000000
246	16.65760	2.2102045129535277	0.1421763250000000	0.0879719100000000
247	16.65760	2.1765098816725437	0.1310472600000000	0.0347929350000000
2481	8.56453	2.2082363018225624	0.1365087600000000	0.0754339850000000
2482	8.55860	2.2403281355748024	0.1565590250000000	0.1128967100000000
2486	8.54908	2.2288484167280296	0.1308558550000000	0.0844596200000000
2488	8.54109	2.2433594460987059	0.1335073900000000	0.0702988200000000
2489	8.54109	2.2336401842440372	0.1588687250000000	0.1230267500000000
2490	8.53987	2.2253602577183385	0.1542393350000000	0.0506315300000000
2492	8.53909	2.2239066465204185	0.1584758350000000	0.0521288250000000
2497	8.53821	2.1967307513709309	0.1307466800000000	0.0942974650000000
2504	8.53734	2.2356151399710305	0.1573478600000000	0.1134932800000000
2506	8.53691	2.1863074228726096	0.1590778550000000	0.0904731600000000
2508	8.53661	2.2372461808647439	0.1236531450000000	0.0723312850000000
2511	8.53659	2.1994121508278699	0.1589984150000000	0.0750271750000000
2513	8.53601	2.2457746365277265	0.1654404200000000	0.0981325200000000
2519	8.53272	2.2438044001203101	0.1404481550000000	0.1202057750000000
2521	8.53184	2.2169471646572281	0.1356749650000000	0.0631065000000000
2524	8.53047	2.2107476563619022	0.1610790250000000	0.0760256000000000
2525	8.53047	2.2206572501287813	0.1184472800000000	0.0909356400000000
2528	8.52617	2.2342847242541453	0.1656341450000000	0.0879398950000000
2530	8.52522	2.1827353477794791	0.1488631000000000	0.1149428700000000
2531	8.52522	2.2338807754039340	0.1679613150000000	0.1004421800000000
2532	8.51847	2.1865645338433044	0.1529708300000000	0.1085780700000000
2534	8.51488	2.2209922314806589	0.0823808800000000	0.0576053400000000
2535	8.51488	2.2048108074713020	0.1379556150000000	0.0764111050000000
2536	8.51130	2.2075907585617505	0.1443702000000000	0.0981510550000000
2539	8.50858	2.2388847854106317	0.1360574300000000	0.0983058300000000
2540	8.50824	2.2127232944057473	0.1038899500000000	0.1112509000000000
2543	8.49075	2.2204468527273762	0.1643288650000000	0.0567702350000000
2544	8.48967	2.2292673260799201	0.1414618750000000	0.0943276850000000
2545	8.48967	2.2052565292436626	0.1416106000000000	0.1043901250000000
2547	8.48000	2.2367820501041948	0.1288754500000000	0.1280600100000000
2550	8.48000	2.2418293578356137	0.1386817750000000	0.0799823150000000
2552	8.48000	2.2885739976521449	0.2023299200000000	0.0492861000000000
2553	8.48000	2.2274223226930787	0.1591322400000000	0.0925511100000000
248	16.57590	2.2071726323444749	0.1479265700000000	0.0867686350000000
250	16.51990	2.3281711494529582	0.2368826450000000	0.1412256050000000
252	16.50140	2.1985396124480956	0.1419740800000000	0.1114880800000000
2560	8.48000	2.2052931630522585	0.1645815950000000	0.0840357700000000
2563	8.48000	2.2339087514584786	0.1182625950000000	0.1110134950000000
2566	8.48000	2.2424883703958964	0.1489918700000000	0.1002574450000000
2567	8.48000	2.2331831905648873	0.1574921200000000	0.0876240750000000
2568	8.48000	2.2222154995022709	0.1333566950000000	0.0514415100000000
2571	8.47797	2.2358136155141777	0.1860280650000000	0.1143291300000000
2573	8.47403	2.2345963182765649	0.1508873150000000	0.1236506100000000
2574	8.47213	2.2274921296755230	0.1336065950000000	0.0868473400000000
2576	8.47131	2.2511952026506510	0.1521815650000000	0.1324868350000000
2578	8.46680	2.2413945951277485	0.1313166150000000	0.0639282150000000
2580	8.46656	2.1913407687743516	0.1175093200000000	0.0967107200000000
2583	8.46167	2.2422149614977220	0.1406052850000000	0.0732886150000000
2584	8.46055	2.2180722957151846	0.1141732950000000	0.0851082550000000
2585	8.46055	2.2288348617491129	0.1155407250000000	0.0807806350000000
2591	8.44759	2.2352890235554850	0.1461421650000000	0.0896592500000000
2598	8.43092	2.2265571998213383	0.1338852500000000	0.0949045300000000
2604	8.42061	2.2436188850331402	0.1215419800000000	0.0775904700000000
2608	8.41614	2.2164891042399129	0.1278625450000000	0.0914961500000000
2610	8.40807	2.2311278522015279	0.1516427850000000	0.0931594300000000
2611	8.40807	2.2232432466370757	0.1459767350000000	0.1124237350000000
2615	8.40334	2.2106352292650406	0.1294220500000000	0.1112801550000000
2626	8.38446	2.2405254428909380	0.1424282950000000	0.1158574900000000
2628	8.37889	2.2365944043901078	0.1214648600000000	0.0953500700000000
2633	8.37012	2.2418819013088278	0.1770463350000000	0.0908928950000000
2635	8.36918	2.2249616158775383	0.1504545550000000	0.0979397100000000
2638	8.36731	2.2239194769377404	0.1225374650000000	0.0931476850000000
2639	8.36731	2.2240661934237220	0.1676777850000000	0.1338192750000000
259	16.44450	2.1943905923410760	0.1453164950000000	0.0824912600000000
262	16.21650	2.2190918251808451	0.1118803400000000	0.0581492600000000
2643	8.36655	2.2419242999139164	0.1551565900000000	0.1031372700000000
2650	8.36541	2.2462258542077516	0.1650771950000000	0.0870239750000000
2659	8.36450	2.2656911066837591	0.1303834000000000	0.0620990800000000
2660	8.36229	2.2376958763574124	0.1281964150000000	0.0758831950000000
2661	8.36229	2.2431311181087441	0.1654240700000000	0.0671535750000000
2663	8.35987	2.2272241351181217	0.1385771550000000	0.1061525750000000
2667	8.35941	2.2504671288424927	0.1521740350000000	0.0856497900000000
2669	8.35877	2.2359504303180482	0.1604001250000000	0.0663028500000000
2670	8.35560	2.2339611060463036	0.1370398900000000	0.0802104000000000
2672	8.35329	2.2083514087695137	0.1499465700000000	0.0803036050000000
2677	8.34964	2.2149782805118723	0.1584451000000000	0.0698646500000000
2685	8.34776	2.2325792212329358	0.1518721250000000	0.0938489950000000
2694	8.34473	2.2406652984570523	0.1593529250000000	0.1024606000000000
2697	8.34384	2.6039648678432639	0.2733294550000000	0.0910669950000000
2698	8.34301	2.1989194776965828	0.1521414950000000	0.0993735800000000
2699	8.34301	2.2241333813326709	0.1578054950000000	0.0962034950000000
2704	8.34054	2.2267764808526600	0.1110140300000000	0.0934672350000000
2716	8.31924	2.2270382747232809	0.1352908800000000	0.0953879750000000
265	16.21370	2.1384735081390769	0.1210686750000000	0.0514702950000000
266	16.20770	2.3134422010574838	0.1849398700000000	0.0774431450000000
268	16.15410	2.2126095334344242	0.1555150350000000	0.1104246800000000
271	16.15400	2.1975615351466353	0.1518708850000000	0.1149435650000000
2722	8.30872	2.2448425400149059	0.1567555600000000	0.0934767300000000
2729	8.30123	2.1934022681379610	0.1478439250000000	0.0805894600000000
2733	8.29158	2.2001881117894930	0.1203691100000000	0.0975917950000000
2734	8.27979	2.1866025797700761	0.1657544750000000	0.0694079000000000
2735	8.27979	2.2359339498422939	0.1453598850000000	0.1084860000000000
2743	8.27706	2.2384413795052449	0.1288662000000000	0.0879416850000000
2749	8.27052	2.2339447820861329	0.1381909600000000	0.0440209850000000
2750	8.27016	1.8674588113848518	0.1916552300000000	0.3399029250000000
2751	8.27016	2.2411928277580202	0.1524856150000000	0.0503093450000000
2755	8.26649	nan	nan	0.0000000000000000
2756	8.26450	2.2402784706487813	0.1307026400000000	0.0741073350000000
2758	8.26374	2.2313546128542772	0.1414857800000000	0.0829589800000000
2768	8.24687	2.2304327241198423	0.1433943000000000	0.0663589450000000
2777	8.23853	2.2867055287984290	0.2104127850000000	0.0382564000000000
2778	8.23466	2.2409803700478248	0.1128899350000000	0.0812154100000000
2780	8.23239	2.2386951576417236	0.1190324400000000	0.0754419300000000
2781	8.23239	2.2277549444084790	0.1447382400000000	0.1164872550000000
2785	8.22904	2.2288788643815534	0.1669574100000000	0.1257219050000000
2786	8.22882	2.2146096250197771	0.1485402600000000	0.1133388350000000
2795	8.21916	2.2197675081451220	0.1485899150000000	0.1139252550000000
2797	8.21880	2.2048058194308520	0.1401925800000000	0.0874590800000000
277	15.97560	2.1970028267875121	0.1730088000000000	0.0821050200000000
2800	8.21535	2.2048215859642224	0.1630330950000000	0.0898952250000000
2803	8.21484	2.2202591323705567	0.1484165050000000	0.0964359200000000
2807	8.20236	2.2306656501261317	0.1458723450000000	0.1128534700000000
2809	8.20000	2.2403342994199700	0.1289515450000000	0.0898095250000000
2813	8.20000	2.2351641971734404	0.1441480000000000	0.1061005150000000
2814	8.20000	2.2449992800280651	0.1230862150000000	0.0841886950000000
2822	8.20000	2.2751631613324053	0.1468671650000000	0.0979231100000000
2828	8.20000	2.2377324328901680	0.1538064450000000	0.1182529650000000
2831	8.20000	2.2425986427787348	0.1443609000000000	0.0587008050000000
2835	8.20000	2.2353102368636808	0.1402282250000000	0.0645850600000000
2836	8.20000	2.2303117755433228	0.1399987050000000	0.0598465650000000
2837	8.20000	2.2211171421889886	0.1568223650000000	0.1124151000000000
2842	8.19382	2.2051838394052563	0.1374282300000000	0.0409413500000000
2845	8.19066	2.2259017973021233	0.1063867300000000	0.1127328900000000
2846	8.18450	2.1637094766332616	0.1197064900000000	0.0640599250000000
2849	8.18384	2.2023847631467857	0.1382415150000000	0.0908570500000000
2851	8.18156	2.1851918241279162	0.1374654450000000	0.0861285250000000
2852	8.17698	2.2452836346500487	0.1637823550000000	0.0699095900000000
2853	8.17698	2.1892779092142156	0.1486214300000000	0.0916847100000000
2855	8.17129	2.2111873904284702	0.1352307150000000	0.0962408050000000
2856	8.17046	2.1775269986546633	0.1422090350000000	0.0491770350000000
2858	8.16935	2.2266914522335854	0.1276007500000000	0.0443576000000000
2859	8.16935	2.2045719840963871	0.1678381550000000	0.0889376950000000
2864	8.16645	2.2412932230250187	0.1405379900000000	0.0967613700000000
2865	8.16645	2.2320571769666220	0.1696076600000000	0.0782590450000000
2871	8.15953	2.2126380778637551	0.1179231050000000	0.1107532050000000
2876	8.14937	2.2472661964201612	0.1469504900000000	0.1172696250000000
280	15.79130	2.1907795990593653	0.0926280600000000	0.0788084400000000
281	15.79130	2.1778409559907850	0.1324461800000000	0.0836010400000000
282	15.71830	2.2220882431677191	0.1554969600000000	0.1077257300000000
287	15.37460	2.2226368636650253	0.1478534000000000	0.0988183350000000
2880	8.14488	2.2392925834379116	0.1448334400000000	0.0803332900000000
2881	8.14488	2.2368905850113054	0.1183362600000000	0.0805692600000000
2884	8.14298	2.2266319758778308	0.1429361300000000	0.0776815700000000
2887	8.13966	2.2287949161642566	0.1462277750000000	0.1203439900000000
2888	8.13955	2.2408839297610719	0.1583923900000000	0.0840889050000000
2893	8.13840	2.2097511480669216	0.1698362800000000	0.1310095100000000
2896	8.13696	2.2190557537163897	0.1395358450000000	0.0990692150000000
2900	8.13578	2.1971897177510655	0.1214374500000000	0.0589180600000000
2903	8.13443	2.2417224980068360	0.1287559300000000	0.0890563200000000
2904	8.13383	2.2433511416876786	0.1514403150000000	0.1075247150000000
2911	8.13048	2.2236887054725298	0.1857437400000000	0.0746121700000000
2914	8.12793	2.2113815201842364	0.1639065750000000	0.0994630500000000
2919	8.12592	2.2305649599448976	0.1819257650000000	0.1407004450000000
2921	8.12544	2.2351039578299359	0.1375219300000000	0.0649499950000000
2922	8.12272	2.1989219303815681	0.1281941600000000	0.0998397000000000
2924	8.12265	2.2459199444160372	0.1377224750000000	0.0961650700000000
2925	8.12265	2.2056570844963148	0.1410608650000000	0.1338991150000000
2928	8.12122	2.2408246928464082	0.1414088600000000	0.0998346150000000
2934	8.11876	2.1941850220668591	0.1450400350000000	0.1010752800000000
2937	8.11438	2.2226280515075847	0.1593385300000000	0.1119666900000000
2938	8.11091	2.2106827800802731	0.1454995000000000	0.1115484000000000
2941	8.11078	2.2293152828353771	0.1312303800000000	0.0859140150000000
2944	8.10951	2.2289162159201577	0.1386882800000000	0.1091656050000000
2945	8.10951	2.1926314268802312	0.1541009600000000	0.0870768100000000
2947	8.10739	2.1872428755382520	0.1325630600000000	0.0860653450000000
2949	8.10659	2.2393358815761091	0.1330709850000000	0.1116296000000000
2950	8.10431	2.2172208783684124	0.1273875550000000	0.0621799800000000
2952	8.09909	2.2442180821833340	0.1506161000000000	0.0806593050000000
2955	8.09854	2.2481607124762411	0.1454136700000000	0.1135859200000000
294	15.28500	2.2024695103524947	0.1253359000000000	0.1026369800000000
2964	8.09688	2.2233582527074902	0.1596040950000000	0.1225623450000000
2966	8.09614	2.2272111409827717	0.1267668800000000	0.0962059150000000
2967	8.09614	2.1960335171536776	0.1001432550000000	0.0619693350000000
2968	8.09578	2.2372797654450887	0.1394484600000000	0.0828246300000000
2970	8.09432	2.2465190083026965	0.1528096650000000	0.0877753650000000
2973	8.09383	2.2447125789110434	0.1360574250000000	0.0887729100000000
2974	8.09179	2.2434951293065528	0.1005971450000000	0.0808945700000000
2977	8.09157	2.2360308017629826	0.1486616950000000	0.0813922450000000
2980	8.09130	2.2343277201574945	0.1366712150000000	0.1552801150000000
2982	8.09088	2.2331602230436727	0.1398440800000000	0.1027860750000000
2985	8.09051	2.2464250627834441	0.1646611250000000	0.0742243200000000
2987	8.09000	2.2110484587616797	0.1397310500000000	0.0772462100000000
2989	8.09000	2.2125009098920536	0.1593699700000000	0.1160595800000000
2991	8.09000	2.2490633576277084	0.1397486000000000	0.0875961950000000
2995	8.09000	2.2213476234706779	0.1439809450000000	0.0742157900000000
2998	8.09000	2.2327453190992439	0.1285038450000000	0.0960622550000000
2999	8.09000	2.2400240189810887	0.1450501600000000	0.0820656000000000
3000	8.09000	2.2401129355542073	0.1065701100000000	0.0902074800000000
3002	8.09000	2.2287845288007313	0.1268584200000000	0.1106245550000000
3009	8.09000	2.2156398493811245	0.1652219700000000	0.0797400050000000
3014	8.09000	2.1919341210425936	0.1342272950000000	0.0965047300000000
3015	8.09000	2.2025350246998499	0.1313312200000000	0.0717825350000000
3017	8.09000	2.2414372721537252	0.1377254300000000	0.0866982250000000
3025	8.08933	2.2002260083679710	0.1374917350000000	0.0872814800000000
3032	8.08660	2.2157397790281075	0.1437970200000000	0.0470347550000000
3033	8.08660	2.2250528592424081	0.1514706250000000	0.0733494250000000
3038	8.08469	2.1937226202942748	0.0885299600000000	0.0601855100000000
301	15.20500	2.2231113680168910	0.1394514700000000	0.0907588350000000
3040	8.08242	2.2388458075682527	0.1329893300000000	0.1128917650000000
3043	8.08148	2.2344591600153492	0.1298312450000000	0.1042448150000000
3046	8.07997	2.2315897298343348	0.1278453750000000	0.0788710150000000
3053	8.07878	2.2232299148680257	0.1487477300000000	0.1177194550000000
3055	8.07877	2.2382888951802569	0.1562952350000000	0.0905209350000000
3057	8.07712	2.2375599832218467	0.1542098650000000	0.0712564700000000
3058	8.07629	2.2249641189445422	0.1060559550000000	0.0942446050000000
3059	8.07629	2.2469299106658007	0.1617042450000000	0.0678121800000000
3062	8.07519	2.1824114180841732	0.1531673500000000	0.0531576850000000
3063	8.07519	2.2386774497676560	0.1439932050000000	0.0947635950000000
3065	8.07504	2.2279812907189065	0.1841086350000000	0.1047453500000000
3066	8.07475	2.2067773455345217	0.1457673450000000	0.0592687250000000
3067	8.07475	2.2311906759866198	0.1166789300000000	0.0548462500000000
3075	8.07165	2.2034363607994831	0.1482724400000000	0.1004094000000000
3080	8.06908	2.2323237247729208	0.1396572800000000	0.0927956550000000
3084	8.06592	2.1771347840465030	0.1502044400000000	0.0458499550000000
3091	8.05591	2.2310314749863149	0.2598522850000000	0.1261450850000000
3100	8.05284	2.2456286742527269	0.1492977100000000	0.1356182200000000
3101	8.05284	2.2475288466743599	0.1354308550000000	0.0819523300000000
3103	8.05240	2.1571084952766171	0.1292424900000000	0.0737947300000000
3104	8.05108	2.2370533129559171	0.1403209400000000	0.0748555200000000
3107	8.05001	2.2149197430925045	0.1382460150000000	0.0430857400000000
3108	8.04961	2.2311777249371398	0.1303639450000000	0.0456967850000000
3111	8.04777	2.2204686957549220	0.1566816650000000	0.1115863100000000
3113	8.04733	2.2440231235179744	0.1736736100000000	0.0936429100000000
3116	8.04640	2.2111921509778991	0.1566762650000000	0.1061386550000000
3117	8.04640	2.2236636682711781	0.1499930900000000	0.1015839400000000
307	15.11510	2.2005185676247576	0.1626527600000000	0.0916544250000000
309	15.08880	2.1986305371567676	0.1511143750000000	0.1008166150000000
311	15.04170	2.2128925922844269	0.1613369500000000	0.1201223400000000
3121	8.04428	2.2474042854153047	0.1391777400000000	0.0952323350000000
3123	8.04340	2.2350099641573546	0.1647041850000000	0.0720963400000000
3125	8.04295	2.2343027205093158	0.1332497900000000	0.0927253750000000
3128	8.04112	2.2385797355216441	0.1135349400000000	0.0531888950000000
3131	8.04084	2.2348081131720443	0.1530110500000000	0.0954604000000000
3132	8.04055	2.2382465604173887	0.1454851950000000	0.0614080900000000
3136	8.03868	2.2016671235823035	0.1256333450000000	0.0767049750000000
3140	8.03554	2.1987511889375599	0.1247014200000000	0.1285004500000000
3143	8.03299	2.2452596414093429	0.1659763500000000	0.0891748200000000
3146	8.02833	2.2359968146656324	0.1669558350000000	0.1405200300000000
3148	8.02785	2.2983788504778202	0.2099316150000000	0.1495961550000000
3162	8.01282	2.2106722464021140	0.1523231650000000	0.1103380300000000
3163	8.01282	2.1997006835631185	0.1503603000000000	0.1051693600000000
3164	8.01094	2.2163773207497988	0.1311926500000000	0.0751236550000000
3166	8.01092	2.2369885907180898	0.1330262300000000	0.0860154950000000
3176	8.01068	2.1681796198087171	0.1073042150000000	0.1080675850000000
3177	8.01068	2.1859362688911417	0.1219337550000000	0.0768087400000000
3178	8.01058	2.2305204263331997	0.1676206500000000	0.0756478950000000
3180	8.01055	2.1754561894488669	0.1289950950000000	0.0574350050000000
3181	8.01055	2.2718499913694710	0.1652817300000000	0.0567364700000000
3184	8.01041	2.2192389432782753	0.1559826450000000	0.0916787250000000
3186	8.01038	2.2188142073779149	0.1583690900000000	0.1068135000000000
3189	8.01028	2.2342018749579791	0.1417710600000000	0.1041064000000000
312	15.02260	2.1751781960934515	0.1290770000000000	0.0829360100000000
315	15.01960	2.2142464316246278	0.1373452600000000	0.0859970650000000
318	14.98660	2.2112453439212700	0.1442702100000000	0.1091725900000000
30	76.54120	2.2005547668465848	0.1596591600000000	0.0962664400000000
321	14.98120	2.2186355671511264	0.1546609500000000	0.0546244750000000
322	14.93200	2.1962631806991122	0.1774800450000000	0.1087886400000000
327	14.79800	2.4050879754271639	0.2853009750000000	0.1360672100000000
328	14.72970	2.1925996242333672	0.1295502900000000	0.1076332100000000
329	14.72970	2.1972178517347785	0.1503963700000000	0.0880945950000000
333	14.68190	2.2291611998410934	0.1215327200000000	0.0773363700000000
339	14.65620	2.1775685155262163	0.1462316650000000	0.0710411650000000
341	14.65040	2.1995047458477703	0.1397255750000000	0.0955274150000000
345	14.64280	2.2232329586214652	0.1406160850000000	0.1043389200000000
352	14.56770	2.2240873090067801	0.1433193650000000	0.0956982450000000
355	14.55770	2.2213989878983242	0.1591802300000000	0.0994179300000000
361	14.54000	2.1741521714770076	0.1360101900000000	0.0681012850000000
364	14.51810	2.2010073930335943	0.1722412900000000	0.0935957050000000
369	14.49040	2.2002362048559987	0.1411180250000000	0.0909216400000000
371	14.46400	2.2244988490967579	0.1441366750000000	0.0777591100000000
373	14.42060	2.2268750309112777	0.1561237300000000	0.1197965300000000
374	14.41300	2.2060158876355236	0.1297594350000000	0.1144482000000000
377	14.40380	2.2089194233605416	0.1562743300000000	0.0799973500000000
378	14.38140	2.1923583183116016	0.1435328650000000	0.0663033750000000
381	14.36460	2.2100554906273433	0.1401292400000000	0.0873112300000000
384	14.28480	2.2103781553010009	0.1320399150000000	0.0928599100000000
385	14.28480	2.2288328157508550	0.1805269050000000	0.0891098100000000
387	14.18730	2.2257098212751378	0.1281613450000000	0.1077298400000000
391	14.17370	2.2222210285531090	0.1236258100000000	0.1099045500000000
32	70.71640	2.2024213974894589	0.1212114150000000	0.0509057950000000
35	68.84570	2.2026188951101284	0.1490443250000000	0.1030590250000000
36	67.20040	2.2072334445126538	0.1711606750000000	0.0400629950000000
38	61.69190	2.3462674386910956	0.2688912350000001	0.1135659000000000
409	13.91000	2.2414353298248875	0.1606370100000000	0.1336508350000000
410	13.90950	2.2231342317263008	0.1237478100000000	0.0706297850000000
411	13.90950	2.1900714946274769	0.1625495800000000	0.0782079350000000
414	13.85370	2.2204380289799488	0.1642438450000000	0.1305634750000000
419	13.68290	2.2069901479255094	0.1327653850000000	0.0523791150000000
422	13.54540	2.2335029932167587	0.1630591850000000	0.0623908450000000
424	13.54440	2.2041233005255472	0.1340664800000000	0.1145619800000000
426	13.50120	2.2304861624522259	0.1631183550000000	0.0558545700000000
428	13.46590	2.2018331733304706	0.1612492200000000	0.1021686650000000
430	13.44830	2.2161262259913466	0.1308166050000000	0.0644739200000000
434	13.38960	2.1851051839121802	0.1257394000000000	0.0903544500000000
436	13.38880	2.1861388996294235	0.1472566050000000	0.0518591750000000
448	13.33910	2.2069946609950510	0.1404794900000000	0.0982239100000000
450	13.33800	2.2304659097403823	0.1604889850000000	0.0380836800000000
451	13.33800	2.2176709882631060	0.0692534400000000	0.0850772500000000
452	13.33780	2.1995136826396338	0.1657500450000000	0.1198245200000000
458	13.32660	2.2190276093417070	0.1315069800000000	0.1147398350000000
459	13.32660	2.1887117542519032	0.1227173600000000	0.0903866350000000
460	13.31720	2.2292457019759793	0.1449391900000000	0.0746351850000000
464	13.29930	2.2261535610144052	0.1449092750000000	0.1176982450000000
465	13.29930	2.1963356837498638	0.1647212000000000	0.0768197750000000
470	13.28050	2.2208320882974730	0.1567145550000000	0.1217925450000000
471	13.28050	2.2334986921161346	0.1507279450000000	0.1129566600000000
475	13.26380	2.2165153368762596	0.1196107900000000	0.0662637950000000
479	13.23430	2.2016025513832469	0.1611622400000000	0.1184188600000000
40	59.62250	2.1960715970757736	0.1971116850000000	0.1331081650000000
44	56.03560	2.2022069631203274	0.1222426450000000	0.1213752350000000
481	13.21680	2.2175755482291772	0.1434511050000000	0.1062407950000000
484	13.21000	2.2096851087680993	0.0774618600000000	0.1037268750000000
490	13.21000	2.2180087279910854	0.1398491700000000	0.0754319850000000
497	13.21000	2.2374276822820649	0.1255954850000000	0.1362394550000000
500	13.21000	2.2670556053605084	0.2154961350000000	0.1021714800000000
503	13.20940	2.2141175310693573	0.1432037850000000	0.1097294350000000
510	13.20650	2.2226806892926323	0.1437959750000000	0.0952902200000000
511	13.20650	2.2185083601021645	0.1543519500000000	0.1243186800000000
516	13.20490	2.2191171896798618	0.1359196500000000	0.0494936950000000
519	13.20380	2.2167332806502489	0.1435964850000000	0.0943802200000000
521	13.20350	2.2279532472309596	0.1338730500000000	0.0875745950000000
522	13.19800	2.2162476928699313	0.1761508350000000	0.0469828450000000
523	13.19800	2.2168630586234030	0.1538708350000000	0.1073631900000000
525	13.19760	2.2288416557372801	0.1339567350000000	0.1017555750000000
526	13.19720	2.2259330600397900	0.1433573850000000	0.1224478500000000
527	13.19720	2.2225817363859059	0.1577079100000000	0.0984971800000000
528	13.19430	2.2327020388864858	0.1675319050000000	0.0885080000000000
529	13.19430	2.2014615457515632	0.1057331950000000	0.0854007050000000
531	13.19420	2.2218598540003129	0.1700345600000000	0.1035879700000000
532	13.19230	2.2226869029911582	0.1488559900000000	0.0732789500000000
535	13.19200	2.1931552275916895	0.1901546049999999	0.0341240600000000
536	13.19110	2.1967492546066696	0.1439416050000000	0.0577271350000000
537	13.19110	2.2169483982221592	0.1581363450000000	0.0834648100000000
538	13.19100	2.2221753642082440	0.1531197950000000	0.1255393550000000
539	13.19100	2.2106317089152525	0.1227870200000000	0.1086947350000000
540	13.16820	2.2126441969985327	0.0911088100000000	0.0711659500000000
541	13.16820	2.2176916008568437	0.1580255950000000	0.0896776750000000
543	13.14490	2.2232985356738229	0.1418222300000000	0.1157519400000000
547	13.09850	2.2203747045348390	0.1537314500000000	0.1016618800000000
552	13.07160	2.1974165343717678	0.1631491850000000	0.0565667800000000
557	13.05700	2.1954721427761705	0.1558390800000000	0.0840099500000000
49	53.59700	2.2048278457540080	0.1403268350000000	0.0831426600000000
51	47.21450	2.2044719255185794	0.1422024500000000	0.1003586650000000
52	47.09940	2.2008743940086175	0.1486357750000000	0.0931968600000000
53	47.09940	2.2050319704516737	0.1436912250000000	0.0949095250000000
561	13.04230	2.2287315563970576	0.1619775050000000	0.0851300050000000
564	13.01880	2.2175890384652810	0.1440785250000000	0.0530666600000000
566	13.01160	2.2266551176892007	0.1357319700000000	0.0815978000000000
568	12.98580	2.1735074394994767	0.1492680350000000	0.1132748900000000
570	12.98000	2.2044564053915923	0.1381678250000000	0.0894490750000000
572	12.91140	2.1667817275561188	0.1236364050000000	0.0827198300000000
583	12.78530	2.2107284013074495	0.1457098400000000	0.1004547750000000
586	12.70350	2.2255293872381250	0.1545710550000000	0.0992098600000000
590	12.66740	2.2243799655221737	0.1195974700000000	0.0974068700000000
592	12.65950	2.2234719616162000	0.1424268150000000	0.0815452650000000
595	12.64030	2.2023079672582968	0.1501129850000000	0.0908963550000000
598	12.62770	2.2105809122102209	0.1394026250000000	0.0877728900000000
599	12.62770	2.1677807786708234	0.1584575950000000	0.0615540750000000
600	12.60080	2.2160675202515132	0.1588172200000000	0.0728487000000000
602	12.59990	2.2044756647815658	0.1401644900000000	0.1433331050000000
605	12.58840	2.2209666619308819	0.1406305450000000	0.0974058400000000
606	12.57920	2.4185868391502647	0.2991226150000000	0.1531288700000000
610	12.56820	2.2224129913180679	0.1407857700000000	0.1035926400000000
611	12.56820	2.2125266601843059	0.1352853050000000	0.0756246700000000
615	12.55630	2.2280253758030444	0.1584455800000000	0.1097695250000000
621	12.52900	2.2275123354804305	0.1383804300000000	0.0923378950000000
623	12.52010	2.2624619347730959	0.1651144350000000	0.0857512700000000
624	12.48940	2.1763923981300470	0.1461096850000000	0.0635674250000000
627	12.46550	2.2183373374639714	0.1091589400000000	0.1025335150000000
629	12.44730	2.2109815661508909	0.1366468050000000	0.1038444150000000
631	12.43320	2.2323413197405126	0.1502940750000000	0.0497797000000000
632	12.42190	2.2055455310429242	0.1418984350000000	0.0929505050000000
633	12.42190	2.2183047785214915	0.1276964200000000	0.0414901250000000
634	12.41290	2.2222036561687033	0.1314986450000000	0.0902524950000000
639	12.39250	2.2293799483446182	0.1524372750000000	0.1062933700000000
58	42.54600	2.2266344462409959	0.1766456450000000	0.0910164700000000
59	42.54600	2.2061625400881848	0.1369766450000000	0.0943140950000000
60	42.09350	2.2077580757195152	0.1411931150000000	0.0915231300000000
640	12.36280	2.2027282122670675	0.1617421650000000	0.0906066550000000
642	12.35490	2.2093667303646010	0.1168469100000000	0.0668856800000000
645	12.34660	2.2320566565024671	0.1655215150000000	0.0563201100000000
649	12.32760	2.2095444393135462	0.1499859400000000	0.0884362900000000
651	12.31590	2.2236740120096226	0.1485593850000000	0.0836289700000000
654	12.30290	2.1764746858250121	0.1473755550000000	0.0771979550000000
660	12.28060	2.2259112754327832	0.1332291300000000	0.0558586950000000
662	12.27620	2.1522244008420919	0.1701955300000000	0.1085174250000000
672	12.26710	2.2375693025792471	0.1638804450000000	0.0833880250000000
673	12.26710	2.2084763091436437	0.1885080450000000	0.1322021750000000
674	12.26040	2.1952197144841206	0.1583297600000000	0.0745340750000000
676	12.25110	2.2325529237691137	0.1507511900000000	0.1219022050000000
679	12.25070	2.2121311646085120	0.1240451350000000	0.1065002050000000
681	12.24980	2.1987782067622690	0.1656174100000000	0.0809702150000000
683	12.24970	2.1992242753896298	0.1381586800000000	0.0866798500000000
688	12.24830	2.2339323066583758	0.1584088400000000	0.0761339750000000
693	12.24590	2.2158976562524244	0.1183793150000000	0.0822049250000000
695	12.24330	2.2221739768093860	0.1263068500000000	0.0751559400000000
698	12.24100	2.2362060476485439	0.1494458850000000	0.0407117900000000
708	12.23660	2.3212037148553448	0.2316087050000000	0.0856815350000000
709	12.23660	2.2340737625626517	0.1435028100000000	0.1127913150000000
714	12.23160	2.1664658970138819	0.1540133700000000	0.0577130150000000
64	36.87240	2.2095888681750200	0.1426955200000000	0.0769292750000000
65	36.87240	2.1899588258270679	0.1413049850000000	0.0907145050000000
68	34.70490	2.1872678567383708	0.1498674400000000	0.0982678200000000
69	34.70490	2.1918625094789208	0.1507295100000000	0.0730032450000000
71	34.34650	2.1994773222000332	0.1274843300000000	0.1016439450000000
721	12.20990	2.1974094582857915	0.1402248250000000	0.0334527600000000
724	12.19220	2.3398858776643867	0.2452319700000000	0.1354094600000000
726	12.19070	2.2320950267349402	0.1241739050000000	0.0740837300000000
729	12.18790	2.2193066684363583	0.0861009800000000	0.0339782850000000
736	12.18220	2.2077109034917535	0.1511825800000000	0.0974030750000000
739	12.17880	2.1771094451253861	0.1212932450000000	0.0860501100000000
741	12.17800	2.2335466658266689	0.1731275250000000	0.1217193900000000
746	12.16690	2.2317492206315950	0.1567976550000000	0.0948445650000000
749	12.16000	2.1647549318970936	0.1272393200000000	0.0615958600000000
751	12.14600	2.2177267421786984	0.1603361000000000	0.0927246750000000
756	12.04910	2.2326288793081863	0.1664186950000000	0.0787701600000000
758	12.04560	2.3371644483660541	0.2474070150000000	0.1119147250000000
759	12.04560	2.2454958325617667	0.1813680950000000	0.0976463000000000
761	12.03310	2.2005005888304376	0.1394222750000000	0.0786027100000000
762	11.98980	2.2125911495657267	0.1109674050000000	0.0706492650000000
763	11.98980	2.1849396400664722	0.1444759500000000	0.0788990800000000
765	11.96210	2.2081280535263441	0.2121339600000000	0.0633324150000000
766	11.96070	2.1991905907292808	0.1209423250000000	0.0985357150000000
768	11.93360	2.2202065480955588	0.1573436800000000	0.1032772600000000
771	11.91480	2.1933909568712791	0.1352802450000000	0.0948586200000000
773	11.90250	2.2297884468560643	0.1584707000000000	0.1049144750000000
775	11.87410	2.2249463748245217	0.1684597000000000	0.1080425550000000
779	11.86530	2.2235094276996001	0.1416846050000000	0.0708575450000000
780	11.85060	2.2287561533121547	0.1317916000000000	0.0938749200000000
786	11.81710	2.2188182533793501	0.1478111550000000	0.0963684300000000
791	11.79730	2.2328512916332719	0.1407421750000000	0.1029007500000000
797	11.77000	2.2234472013565889	0.1376734550000000	0.0999514250000000
798	11.74940	2.2206296974391959	0.1209192600000000	0.0983950550000000
74	32.32140	2.1920897582364955	0.1370135700000000	0.0711734900000000
75	32.32140	2.2093006992490745	0.1575683300000000	0.0886683150000000
