3	144.83400	2.1967682183988448	0.1332580600000000	0.0913135350000000
4	141.17100	2.1992906547185078	0.1334055900000000	0.0817130050000000
802	11.74220	2.2287826114614475	0.1330020450000000	0.0923862500000000
808	11.73530	2.2933753165899327	0.2415534300000000	0.1471804550000000
812	11.72650	2.2024022150372224	0.1528054050000000	0.0995519550000000
817	11.72430	2.1958610927251763	0.1506545400000000	0.0761738450000000
821	11.72220	2.2521801429034021	0.1780988950000000	0.1405234700000000
828	11.71240	2.1896239316057740	0.1335865650000000	0.0668479350000000
829	11.71240	2.3335049235530465	0.2254035000000000	0.0601695750000000
830	11.71140	2.2361425327669897	0.1362776050000000	0.0687243100000000
831	11.71140	2.2245711463208759	0.1645959900000000	0.1233265200000000
832	11.71070	2.1778492154621110	0.0975877700000000	0.0725438350000000
833	11.71070	2.1808172454653012	0.1362282750000000	0.0627699300000000
836	11.70160	2.2266463344734926	0.1442540550000000	0.0643611600000000
837	11.70160	2.2311069522531133	0.1602920200000000	0.0919631200000000
839	11.70000	2.2295886251645882	0.1070208100000000	0.0703582900000000
841	11.70000	2.2031758180554846	0.1515414700000000	0.1003267150000000
842	11.70000	2.1725729220875847	0.1212173600000000	0.0720921750000000
843	11.70000	2.3444977752838416	0.2452054600000000	0.0933172400000000
845	11.70000	2.1784962704062951	0.1192391500000000	0.0448334600000000
847	11.70000	2.2218117105294208	0.1428380850000000	0.0982579100000000
856	11.70000	2.2218573417891778	0.1139443150000000	0.0777589700000000
858	11.70000	2.2176011818486279	0.1211418250000000	0.0812064000000000
862	11.70000	2.2125374894993786	0.1827238550000000	0.1360276250000000
867	11.70000	2.4574218925003928	0.2508387500000000	0.0749448050000000
869	11.70000	2.2324320027648765	0.1450010150000000	0.1035110000000000
870	11.70000	2.2287683964580101	0.1805691300000000	0.1423626050000000
873	11.70000	2.2302542464525121	0.1250335250000000	0.0897835950000000
874	11.70000	2.2297274059871306	0.1404167250000000	0.0809043100000000
80	26.68980	2.2108262083132182	0.1387596850000000	0.0918635600000000
81	26.68980	2.3984884999219220	0.2548032750000000	0.1580338500000000
82	26.48190	2.2306932377873800	0.1623540900000000	0.1332286100000000
83	26.48190	2.2154004660886488	0.1476509400000000	0.0925272350000000
85	26.46800	2.2098168531021525	0.1108597000000000	0.0813165900000000
881	11.70000	2.2048316293067507	0.1484269000000000	0.0943816450000000
886	11.69360	2.2067177459136507	0.1611446900000000	0.0714575400000000
887	11.69360	2.1900449560195709	0.1212218150000000	0.0950368900000000
888	11.68810	2.2377172848409321	0.1632665900000000	0.0750646150000000
891	11.68000	2.2385078436683159	0.2108565950000000	0.1441272700000000
894	11.67530	2.1847371058399512	0.1335837150000000	0.0984135650000000
895	11.67530	2.2133940431381305	0.1298160350000000	0.0568093550000000
901	11.67020	2.2011035796747698	0.1543717600000000	0.0982686150000000
907	11.63960	2.2134475289727393	0.1194024550000000	0.0507169900000000
908	11.63210	2.2283723571125473	0.1449679950000000	0.0705150500000000
910	11.62890	2.2377831649244775	0.1513659300000000	0.0952514850000000
912	11.62220	2.1714728113271011	0.1448986000000000	0.0696497700000000
914	11.61880	2.2078724082212657	0.1487569750000000	0.0963137450000000
915	11.61880	2.2171127517859430	0.1375239950000000	0.0975204250000000
917	11.60350	2.2244356146099329	0.1140106550000000	0.0570708750000000
920	11.59250	2.2226605378739932	0.1477619250000000	0.0822930800000000
923	11.58810	2.2222117031456712	0.1199950600000000	0.0885732800000000
925	11.57950	2.2287898134781798	0.1219266550000000	0.0548971500000000
932	11.52700	2.2282614385802799	0.1379905500000000	0.0695647200000000
938	11.52030	2.1896720513611321	0.1234439100000000	0.1015216300000000
947	11.50830	2.2287830320578319	0.1322062800000000	0.0906328850000000
949	11.50430	2.2255639224730079	0.1343180450000000	0.0777028900000000
952	11.48170	2.2325982132672610	0.1490004950000000	0.0605337200000000
953	11.48170	2.2336494050887801	0.1428830400000000	0.1223038250000000
955	11.47710	2.2176351824975846	0.0876599500000000	0.1265922350000000
88	26.22460	2.2003392259277375	0.1382365850000000	0.0885509350000000
89	26.22460	2.2056440776167441	0.1246597500000000	0.1047705050000000
90	25.99150	2.2081551117761271	0.1583395400000000	0.0903210800000000
91	25.99150	2.1978664295388004	0.1021822850000000	0.0632565600000000
964	11.45440	2.2100633181624829	0.1321647250000000	0.0839005200000000
965	11.45440	2.1687967825791001	0.1459988650000000	0.0498233250000000
976	11.41910	2.1976240376736480	0.1402003150000000	0.0951305100000000
979	11.41090	2.2968073579191080	0.1877128600000000	0.1539884950000000
980	11.39810	2.2269756080039436	0.1284720900000000	0.0783889950000000
984	11.38880	2.2182645111911534	0.1634046450000000	0.0419007200000000
986	11.38710	2.2147475647567791	0.1299168750000000	0.0859572250000000
988	11.38180	2.2153405723952133	0.1520549300000000	0.1209952200000000
996	11.35540	2.2019425811034798	0.1354142450000000	0.1014100300000000
1000	11.34480	2.1884878493346238	0.1422408250000000	0.0711924550000000
1004	11.32070	2.2269060311391051	0.1233075900000000	0.0842731200000000
1006	11.30660	2.2822928711943571	0.2207302950000000	0.0976727300000000
1010	11.30350	2.2109078179521009	0.1402563550000000	0.0953758650000000
1011	11.30350	2.2126536101079348	0.1192077000000000	0.0411040600000000
1012	11.28590	2.2153927202570345	0.1297190000000000	0.0875546800000000
1015	11.28320	2.2268532289610863	0.1489769350000000	0.1029261400000000
1016	11.27850	2.2315701143638398	0.1583296850000000	0.1219352400000000
1018	11.27530	2.2015719571217458	0.1370850850000000	0.0645991550000000
1028	11.26650	2.2549389346271180	0.2031792100000000	0.1249569450000000
1032	11.24410	2.2184587338576467	0.1234972500000000	0.1023794850000000
1036	11.23560	2.2227663149338936	0.1538764350000000	0.1035261150000000
1039	11.23230	2.2244001926785288	0.1409910600000000	0.0647802150000000
99	24.92170	2.2000889378686566	0.1366393500000000	0.0909848750000000
103	24.57650	2.1838671662563276	0.1395208700000000	0.0941665300000000
1040	11.22350	2.2337292507223676	0.1531488650000000	0.1205792600000000
1047	11.18810	2.2347657257852789	0.1906228250000000	0.1330786900000000
1048	11.18260	2.2610662608478203	0.1511808550000000	0.1206875000000000
1050	11.18250	2.2223222989023683	0.0759822450000000	0.0529129950000000
1053	11.18230	2.2276184665746022	0.1302563800000000	0.0797758450000000
1055	11.17720	2.2031583752319905	0.1355724450000000	0.0833521950000000
1056	11.17510	2.2260569889420156	0.1387329300000000	0.0919904250000000
1060	11.14950	2.2239442211926677	0.1372709550000000	0.0845999250000000
1065	11.13930	2.2235492605717133	0.1434615700000000	0.0732826800000000
1067	11.13620	2.1889391688949043	0.1464733750000000	0.0437071550000000
1071	11.11750	2.2313517950393496	0.1757677750000000	0.1292165200000000
1074	11.08920	2.2220305150953128	0.1240596750000000	0.0573994250000000
1076	11.07770	2.2336419854847041	0.1674774150000000	0.1166580450000000
1080	11.06540	2.2336220017718094	0.1563329050000000	0.1109250550000000
1082	11.06380	2.1823957228381095	0.1892752350000000	0.0967556350000000
1083	11.06380	2.2386432518752386	0.1477344200000000	0.0867469450000000
1084	11.06310	2.2259671582012701	0.1336201050000000	0.0627860850000000
1085	11.06310	2.2288588771511950	0.1487673850000000	0.0791572600000000
1087	11.05860	2.2236269319867930	0.1466981300000000	0.1182722150000000
1092	11.03460	2.2035948109164050	0.1329476950000000	0.0955937900000000
1093	11.03460	2.2087563775884367	0.1540030450000000	0.0620626350000000
1099	11.02590	2.2084273338149569	0.1477357100000000	0.1009714900000000
1106	10.97450	2.2074237326472606	0.1553272400000000	0.1105099050000000
1111	10.96410	2.2328465277277467	0.1284743750000000	0.0819487850000000
1114	10.95360	2.2017377820561506	0.0991129000000000	0.0839314750000000
1117	10.93930	2.2461898796009980	0.1403869100000000	0.1241697150000000
104	24.51240	2.2111547665494888	0.1411086650000000	0.0919505300000000
110	23.82210	2.1986221524963114	0.1453742700000000	0.0957796500000000
111	23.82210	2.2102280741548679	0.1574013500000000	0.1090190750000000
1127	10.92830	2.2285261004088586	0.0800680750000000	0.0348304900000000
1129	10.92790	2.2370430593290864	0.1484344250000000	0.0846787700000000
1137	10.92380	2.2126186071028382	0.1207573700000000	0.0722220600000000
1140	10.92290	2.2076764928022521	0.1110848150000000	0.0671083950000000
1145	10.92230	2.2317018891819762	0.1452527650000000	0.0470282200000000
1146	10.92210	2.2341210288551614	0.1499876250000000	0.0815407550000000
1147	10.92210	2.2329007218897607	0.1516090250000000	0.1213851750000000
1152	10.91860	2.2327538758119960	0.1434349500000000	0.0537912400000000
1154	10.91650	2.2174268492674729	0.0701833400000000	0.0952837750000000
1155	10.91650	2.2347951395794063	0.1387765450000000	0.0764162300000000
1158	10.90520	2.2249771644818055	0.1428300150000000	0.1114016100000000
1160	10.90250	2.2096791926591903	0.1436685000000000	0.0838211400000000
1161	10.90250	2.2126498931890888	0.1768488700000000	0.0610321850000000
1163	10.90130	2.2338721185502552	0.1522498700000000	0.1212120500000000
1165	10.89690	2.2259812133748733	0.1517431000000000	0.0987841200000000
1169	10.88480	2.2359481264609049	0.1306942950000000	0.0894545300000000
1171	10.88460	2.2034585687524602	0.1608712950000000	0.0601604900000000
1172	10.88410	2.2047229453699146	0.1650859050000000	0.0698537400000000
1173	10.88410	2.1891776113263179	0.1337991050000000	0.0552234200000000
1176	10.88150	2.1975189405237248	0.1363579900000000	0.0993568400000000
1177	10.88150	2.1716540405025482	0.1189896400000000	0.0636881650000000
1179	10.84320	2.2331410185525735	0.1513749850000000	0.0682183600000000
1182	10.82110	2.2290688316372451	0.1583322100000000	0.1118346500000000
1185	10.76010	2.2326678386319267	0.1388026900000000	0.0955871350000000
1191	10.62350	2.2360120871880143	0.1326441850000000	0.0619679550000000
1193	10.61910	2.2071824531466140	0.1348257850000000	0.0782979700000000
1195	10.61840	2.2037047838137447	0.1424450350000000	0.0722648700000000
1196	10.61790	2.2407267520492229	0.1389283800000000	0.0819212500000000
1198	10.61770	2.1850463640353972	0.1638434800000000	0.1068055800000000
1207	10.61610	2.2396279047128020	0.1691358200000000	0.1095062500000000
1213	10.61400	2.2143591650940455	0.1860998450000000	0.1196233000000000
1215	10.61230	2.2008614994525568	0.1574193950000000	0.0930412500000000
1216	10.61210	2.2271078829367985	0.1559023950000000	0.0937075550000000
1217	10.61210	2.2210569409944680	0.1530748150000000	0.0493503950000000
1218	10.61090	2.3662780727507151	0.2558039750000000	0.1132670100000000
1223	10.61040	2.2048165602664023	0.1307157950000000	0.0697729350000000
1224	10.61010	2.1957838793263025	0.1658856400000000	0.0834300400000000
1228	10.58910	2.2243221430255176	0.1239722700000000	0.0898129400000000
1229	10.58910	2.2272105831555722	0.1592514700000000	0.1086764350000000
1230	10.58300	2.2041213829647077	0.1481924200000000	0.0819712500000000
1232	10.54440	2.2261344254118449	0.1442685450000000	0.1066446700000000
1234	10.52320	2.2110617231659151	0.1446774450000000	0.0812662250000000
1237	10.51650	2.1944557979752037	0.1436881600000000	0.1205929600000000
1240	10.47010	2.2394369680504704	0.1409912700000000	0.1155623850000000
1242	10.46930	2.1934395282533492	0.1462653450000000	0.1010212700000000
1243	10.46930	2.2244550180067812	0.1401426800000000	0.0972264300000000
1249	10.42930	2.2022009459132157	0.1348231500000000	0.0842472900000000
1251	10.41750	2.2213152299251013	0.1385870200000000	0.0645406400000000
1254	10.39910	2.2050044066588446	0.1205385250000000	0.1020102650000000
1255	10.39910	2.2288939866596640	0.1411501850000000	0.1018366400000000
1256	10.39850	2.2352219264705702	0.1446943800000000	0.0736878800000000
1258	10.39810	2.2210154320080462	0.1547400000000000	0.0722373450000000
1262	10.37670	2.2475208593494647	0.1793013250000000	0.1067584900000000
1264	10.36310	2.2431826227557314	0.1554148600000000	0.1343867650000000
1265	10.36310	2.2372235537372278	0.1491558450000000	0.0882838000000000
1266	10.35950	2.2326105824042664	0.1579624750000000	0.0692242450000000
1272	10.34210	2.2168485446185779	0.1394073500000000	0.0906085400000000
1273	10.34210	2.2199546442697033	0.1512895350000000	0.0946972550000000
1275	10.34030	2.2985261398637733	0.1989633150000000	0.0938208250000000
1278	10.33740	2.1992936996587868	0.1376445500000000	0.0755030750000000
1279	10.33740	2.2226889159480416	0.1101241250000000	0.0520555750000000
120	22.50900	2.2106567258844034	0.1363368900000000	0.1134001400000000
121	22.50900	2.2074704494602053	0.1430485750000000	0.0876643300000000
122	21.95780	2.2043088879857855	0.1409572550000000	0.0323340350000000
123	21.95780	2.2073456234443114	0.1102413450000000	0.0499020300000000
126	21.78800	2.2097679074550203	0.1596929200000000	0.0742776950000000
127	21.78800	2.2216205614438680	0.1572126900000000	0.1074632850000000
1280	10.32880	2.2421801283068290	0.1506838700000000	0.1494724850000000
1285	10.32170	2.2154962329663630	0.1467396350000000	0.0751619000000000
1286	10.32150	2.2303307568086508	0.1364393050000000	0.0771792450000000
1290	10.30710	2.1943588172943533	0.1583283950000000	0.1162389850000000
1293	10.29770	2.2274173630195522	0.1450013600000000	0.1083946700000000
1296	10.29030	2.2125888452040567	0.1561483950000000	0.1055124850000000
1297	10.29030	2.2133981799411067	0.1659623600000000	0.0972826700000000
1300	10.28650	2.2359488654015416	0.1383635600000000	0.0712842150000000
1305	10.28410	2.2427372325093717	0.1643881200000000	0.1468682100000000
1314	10.27740	2.2305828161611059	0.1415795650000000	0.0853579750000000
1319	10.27300	2.4142704004268132	0.2808695850000000	0.1026916800000000
1320	10.26090	2.1726609702416115	0.1327248800000000	0.0681535900000000
1321	10.26090	2.2266894073950514	0.1505615400000000	0.0918848550000000
1324	10.25040	2.2335117150918906	0.1286813650000000	0.0967352450000000
1325	10.25040	2.2345975694114228	0.1481402900000000	0.0898625300000000
1326	10.23910	2.2221969908762111	0.1255024750000000	0.0770980900000000
1327	10.23910	2.2448010156032350	0.2150432950000000	0.1491652050000000
1328	10.23050	2.2206408807765290	0.0971920800000000	0.1342871200000000
1333	10.20550	2.1964242302377479	0.1173646600000000	0.0792966400000000
1334	10.20380	2.2147306712659849	0.1295452450000000	0.0925486500000000
1339	10.19020	2.1852180034459949	0.1400364250000000	0.0832103700000000
1342	10.18510	2.2342238030441792	0.1525452850000000	0.1130335500000000
1345	10.18490	2.2410927987334666	0.1742394000000000	0.0830684800000000
1346	10.18350	2.2335975589814421	0.1281711500000000	0.0765221150000000
1347	10.18350	2.2548133206175529	0.1778191300000000	0.0919844550000000
1359	10.16060	2.2394439108793502	0.1712082250000000	0.0622438150000000
131	21.40930	2.2100440800145802	0.1364435150000000	0.0981111350000000
133	21.29740	2.2048490014902664	0.1439971800000000	0.0899342400000000
134	21.21890	2.2167959626185567	0.1577703550000000	0.0543795950000000
135	21.21890	2.2153319101744020	0.1563282200000000	0.1149947850000000
1360	10.15810	2.2128613946087832	0.1220422300000000	0.1072302400000000
1361	10.15810	2.2242048045614173	0.1342815900000000	0.0978118650000000
1362	10.15700	2.2025856749639359	0.1505751950000000	0.0577430000000000
1365	10.15050	2.2437137955304789	0.1649130750000000	0.1205799450000000
1366	10.15010	2.2326288779472545	0.1507123800000000	0.1159190900000000
1375	10.14090	2.2382022302957725	0.1479567050000000	0.0995036200000000
1376	10.13960	2.1964663018278827	0.1317539650000000	0.0451953850000000
1377	10.13960	2.1854989261111877	0.1451334900000000	0.0546427200000000
1379	10.13950	2.2431700178991241	0.1557774500000000	0.1092090950000000
1380	10.12850	2.2301944257641910	0.1404771700000000	0.1000658100000000
1381	10.12850	2.1847525451539487	0.1485613850000000	0.0521115850000000
1382	10.12620	2.2383231020506278	0.1606641000000000	0.0736573700000000
1383	10.12620	2.2097948774222731	0.1575857550000000	0.0743909350000000
1386	10.12610	2.2002227295237131	0.1246727600000000	0.0668357950000000
1395	10.12330	2.2078780653788148	0.1447998050000000	0.0421751450000000
1396	10.12260	2.2261531909169392	0.1367851750000000	0.1093412450000000
1409	10.07350	2.1773273003099729	0.1387100850000000	0.0857182800000000
1415	10.06280	2.2265182830645198	0.1367193750000000	0.0813082050000000
1417	10.05140	2.2249690263529436	0.1481886200000000	0.1018016750000000
1418	10.04880	2.1841243078605519	0.0927779500000000	0.0443601850000000
1425	10.04410	2.2631731958899475	0.2100126100000000	0.1486920550000000
1430	10.00540	2.2296055546139950	0.1358192700000000	0.0921411450000000
1433	9.97105	2.2124931367798992	0.1390307250000000	0.1109882000000000
1434	9.95261	2.2053087316903937	0.1654671200000000	0.0740070800000000
1436	9.94991	2.2092902037665887	0.1435446300000000	0.1051292100000000
1437	9.94991	2.2189125340194571	0.1075493950000000	0.0895031200000000
1439	9.93271	2.2313636216584003	0.1418918500000000	0.0689574950000000
138	20.82900	2.2172068768422504	0.1318490850000000	0.1157811000000000
140	20.53460	2.1942951172801171	0.1515726250000000	0.1064908150000000
142	20.48610	2.2160692630485013	0.1543796400000000	0.1118100600000000
143	20.48610	2.1968461774903916	0.1453367500000000	0.0901547600000000
1441	9.90524	2.2494419289391154	0.2050432600000000	0.1089568900000000
1442	9.82061	2.2356298490424780	0.1360120550000000	0.1066652300000000
1446	9.79928	2.2296846794188330	0.1383975500000000	0.0842645500000000
1449	9.79831	2.2069126833968755	0.1583167600000000	0.0973762250000000
1452	9.79790	2.1976460006698910	0.1312117450000000	0.1060765650000000
1459	9.79694	2.2271868300786943	0.1186142650000000	0.0847887250000000
1462	9.79521	2.2306716301755700	0.1720646350000000	0.0980571200000000
1464	9.79515	2.2405854183614955	0.1362591300000000	0.0703984150000000
1469	9.79345	2.2173210897052091	0.1585976650000000	0.1073147250000000
1471	9.79320	2.2085432423937297	0.1504965650000000	0.0997900100000000
1475	9.79288	2.2369503587451516	0.1448518850000000	0.0891731600000000
1477	9.79273	2.3873678491308614	0.2661577400000000	0.0595980400000000
1479	9.79166	2.2176848236601447	0.1020040450000000	0.0982807750000000
1481	9.79145	2.2388784266320840	0.1551249150000000	0.1120786100000000
1492	9.72526	2.2381649724790864	0.1347430650000000	0.0566548650000000
1497	9.70935	2.2373763885082183	0.1595310900000000	0.0693141950000000
1498	9.69595	2.2288423613384603	0.1165023600000000	0.0845014200000000
1500	9.67046	2.2247357108177876	0.1303679750000000	0.1041290750000000
1509	9.67000	2.1767552561185202	0.1255155250000000	0.1117986000000000
1510	9.67000	2.1782818837275029	0.1555960850000000	0.0843891300000000
1514	9.66336	2.2429762231648387	0.1552751650000000	0.0694582250000000
1516	9.66178	2.2299784143602204	0.1499782300000000	0.1014893850000000
1517	9.66178	2.1974099453158455	0.1091374250000000	0.0397680150000000
1518	9.66145	2.2098834427066123	0.1442787850000000	0.1053101150000000
147	20.23890	2.2134854567888040	0.1272643350000000	0.1273004600000000
148	20.14810	2.2076647402957996	0.1176422600000000	0.0656670650000000
1525	9.66111	2.2099371099735912	0.1613020600000000	0.1099304150000000
1526	9.66104	2.2399462325374979	0.1839708500000000	0.0914373500000000
1529	9.66080	2.2124952414567787	0.1149611950000000	0.0930919800000000
1531	9.65958	2.2272316211462768	0.1429903900000000	0.0913184550000000
1537	9.65484	2.2321826862034260	0.1424304350000000	0.1056501150000000
1539	9.65423	2.2194883695673862	0.0952987300000000	0.1441249250000000
1541	9.65415	2.2314414893599581	0.1247664500000000	0.0528064950000000
1543	9.65411	2.2406043332584002	0.1348756050000000	0.1037455300000000
1548	9.65323	2.2351578557768677	0.1476720650000000	0.0850186100000000
1549	9.65323	2.2378363051423622	0.1586552200000000	0.0943962200000000
1554	9.62796	2.2091412453592771	0.1416298400000000	0.0832433250000000
1557	9.62658	2.2144127108449259	0.1485446900000000	0.0969870550000000
1562	9.61583	2.2430307747542897	0.1409277200000000	0.1150406350000000
1569	9.61229	2.2275942801142565	0.1688094750000000	0.0655357550000000
1572	9.60674	2.2250226126193553	0.1551461800000000	0.0678573900000000
1586	9.59731	2.2760595544005513	0.1598087250000000	0.1682110800000000
1590	9.59629	2.2326467728059631	0.1181026000000000	0.0906514800000000
9	139.63100	2.2551409477203066	0.2039845650000000	0.1028924950000000
10	128.05800	2.1985396537569453	0.1742719550000000	0.1130794600000000
13	126.69400	2.1933526549976246	0.1685887350000000	0.1180822600000000
14	118.71200	2.2054431688282063	0.1758020600000000	0.1152372100000000
1601	9.58934	2.2015235945512375	0.1402236350000000	0.0514077050000000
1602	9.58931	2.1781546728741286	0.1579564000000000	0.0712981200000000
1603	9.58931	2.2164033838908699	0.1499694350000000	0.0907185600000000
1606	9.58877	2.2415636266570340	0.1276616500000000	0.0904567850000000
1607	9.58877	2.2420569445515994	0.1468473700000000	0.1287680600000000
1609	9.58865	2.2260089623188830	0.1417116350000000	0.0989398600000000
1611	9.58849	2.2174259565949064	0.1512478950000000	0.0959666400000000
1613	9.58849	2.1954941320466568	0.1452696200000000	0.0760027100000000
1617	9.58787	2.1971504134657294	0.1410719000000000	0.0937501750000000
1619	9.58777	2.2154381154939782	0.1310015950000000	0.1199406900000000
1622	9.58663	2.2109286789367228	0.1368470200000000	0.1032780800000000
1624	9.58434	2.2063482290866370	0.1042317850000000	0.1126482550000000
1625	9.58434	2.2179993893141883	0.1543241700000000	0.0456448350000000
1626	9.58386	2.1703405543733907	0.1042866150000000	0.0533244550000000
1628	9.58364	2.1992932445310411	0.1382763950000000	0.1341060150000000
1629	9.58364	2.2217531916014845	0.1632957350000000	0.1073816450000000
1636	9.58269	2.4244818984059053	0.2673199450000000	0.1177286050000000
1637	9.58269	2.2020437467656420	0.1624350850000000	0.0471764050000000
1640	9.58190	2.2435845495133040	0.1588474750000000	0.0584291350000000
1642	9.58167	2.1794245024072874	0.1283503850000000	0.0556674700000000
1645	9.58133	2.2395932404943237	0.1368982900000000	0.0737630600000000
1651	9.57473	2.2288402359984265	0.1041440700000000	0.0771928050000000
1658	9.57127	2.2167395889077390	0.1650542250000000	0.1043076850000000
1661	9.57124	2.2245049762191256	0.1449481050000000	0.0996698600000000
1663	9.57023	2.2294382894741434	0.1313973600000000	0.0836507450000000
1667	9.56748	2.2378799647322061	0.1361912400000000	0.0822833000000000
1669	9.56294	2.2390960595777032	0.1371839750000000	0.1127995000000000
1672	9.55930	2.2168913225129949	0.1439577600000000	0.0878851850000000
1674	9.55679	2.2248245630088697	0.1353079650000000	0.1151182200000000
1676	9.55202	2.2226534641253015	0.1570126450000000	0.0946468750000000
160	19.02050	2.2045672458696748	0.1357122750000000	0.0882277550000000
161	19.02050	2.2138641980919100	0.1681710350000000	0.0591062450000000
162	18.89830	2.2175881562739677	0.1595544950000000	0.0832164600000000
163	18.89830	2.2201274778640796	0.1590079600000000	0.0755226400000000
166	18.66980	2.2083292927273805	0.1367751700000000	0.0918689400000000
1680	9.54781	2.2370932519534144	0.1429230350000000	0.1185738300000000
1685	9.54687	2.1577080295691857	0.1336754900000000	0.0802597200000000
1688	9.53021	2.1981151864166462	0.1539535450000000	0.0996526400000000
1692	9.52252	2.1869946734152883	0.1448659300000000	0.0722969600000000
1696	9.51582	2.2177815882594847	0.1463060200000000	0.0991559900000000
1698	9.51319	2.2208339586365855	0.1429018650000000	0.0968091050000000
1700	9.51255	2.3052542825179319	0.2127439950000000	0.1445902050000000
1702	9.51053	2.2080812058325074	0.1576196650000000	0.0905918250000000
1704	9.50834	2.2338448482743436	0.1359310150000000	0.0690707050000000
1711	9.50323	2.2057359996749009	0.1101294550000000	0.0606657100000000
1721	9.48442	2.1562696343880097	0.1069358800000000	0.0827679000000000
1739	9.43735	2.2323319428399748	0.1430723200000000	0.0648966100000000
1740	9.43695	2.2270976803135585	0.1421569150000000	0.0590838250000000
1742	9.41095	2.2160652819011784	0.1532349050000000	0.1008242800000000
1743	9.41095	2.2271182527447753	0.1418794550000000	0.0474794100000000
1746	9.36075	2.2302131704052188	0.1553404550000000	0.1117642400000000
1750	9.32657	2.2426138188226870	0.1610458600000000	0.1131805350000000
1752	9.31892	2.2400133825827488	0.1357254300000000	0.0760377600000000
1753	9.31892	2.2275974555139397	0.1534368250000000	0.0817325200000000
1756	9.30095	2.2158786051365289	0.1603876350000000	0.0985874250000000
1758	9.29419	2.2378512526067351	0.1599474100000000	0.0957932300000000
1759	9.29419	2.2326022860076811	0.1562307300000000	0.0813284500000000
171	18.56620	2.2186286321256836	0.1158641150000000	0.0463275850000000
172	18.38690	2.2120364245189532	0.1543864850000000	0.1107979950000000
174	18.33440	2.2003445608461729	0.1437878300000000	0.0962388700000000
175	18.33440	2.2140932294203153	0.1408397350000000	0.0562727250000000
1760	9.29040	2.2107666855896313	0.1438341900000000	0.1118074600000000
1763	9.28669	2.2364931854286758	0.1295050200000000	0.0665141250000000
1766	9.27618	2.2058319793169834	0.1277989900000000	0.1056084600000000
1769	9.27601	2.2311215189013560	0.1423506300000000	0.0994062150000000
1780	9.26310	2.1645958307669013	0.1356680750000000	0.0468495500000000
1783	9.25991	2.2039698726899557	0.1698134350000000	0.0690083500000000
1786	9.25823	2.2320573720808876	0.1003847400000000	0.1215909300000000
1788	9.25791	2.2398722088734715	0.1351253650000000	0.1220064950000000
1793	9.25719	2.2369226252303860	0.1412658800000000	0.1035165500000000
1794	9.25625	2.1709356163345035	0.1032643600000000	0.0525147400000000
1795	9.25625	2.2166151499520454	0.1554850350000000	0.0680637350000000
1797	9.25601	2.2233295198073777	0.1506265750000000	0.1186041200000000
1798	9.25564	2.2245351602024552	0.0998891050000000	0.0444096900000000
1800	9.25542	2.1999986827990079	0.1175694450000000	0.0475736600000000
1805	9.25320	2.2087018838078358	0.1611387950000000	0.1156756150000000
1806	9.25229	2.2024519187177156	0.1555729300000000	0.0949195800000000
1809	9.25199	2.2323719940419822	0.1463093350000000	0.1087257050000000
1812	9.24949	2.1985972703819194	0.1500948050000000	0.0796616950000000
1814	9.24858	2.1891496147634730	0.1310469850000000	0.0930381150000000
1815	9.24858	2.2256164319574565	0.1438317150000000	0.0607377650000000
1816	9.24577	2.2306561079909613	0.1443175400000000	0.0574029000000000
1818	9.24519	2.2350250992206622	0.1420127950000000	0.1147649900000000
1821	9.24436	2.2374917618477403	0.1404502950000000	0.0379748600000000
1826	9.24000	2.2111709866487352	0.1418754950000000	0.0780682650000000
1827	9.24000	2.2216762500935330	0.1194685000000000	0.0777357650000000
1833	9.24000	2.2450557660391097	0.1585472750000000	0.1264091950000000
1834	9.24000	2.2471182123695250	0.1433151050000000	0.1213904850000000
1836	9.24000	2.2319509746855499	0.1180276950000000	0.0821119400000000
176	18.28240	2.2284586854290533	0.1557034400000000	0.0732437800000000
1845	9.24000	2.2249937934471600	0.1466881650000000	0.0990362500000000
1851	9.24000	2.2384976547573099	0.1469273900000000	0.0930450400000000
1853	9.24000	2.2389961727951349	0.1350275700000000	0.0694301350000000
1861	9.23882	2.2347371714508411	0.1346687300000000	0.1063301000000000
1862	9.23812	2.2244277245448765	0.1543420350000000	0.0984795300000000
1868	9.23567	2.2396249484010786	0.1333505100000000	0.0748826800000000
1871	9.23551	2.2019031315703281	0.1395628300000000	0.1117869000000000
1875	9.23490	2.1961937827230185	0.1381974200000000	0.0689223350000000
1876	9.23438	2.2220269211509596	0.1269420900000000	0.0978284950000000
1877	9.23438	2.2198777827493203	0.1556109300000000	0.1395714750000000
1878	9.23309	2.2301885002023742	0.1407445650000000	0.0998205400000000
1882	9.23219	2.2015451093543845	0.1593531200000000	0.0663487850000000
1885	9.23106	2.2367882419915217	0.1308498850000000	0.0708635800000000
1889	9.23018	2.2359767567121942	0.1886738900000000	0.1320502850000000
1890	9.22622	2.1745161564786866	0.1111865450000000	0.0875199100000000
1900	9.21053	2.2168660309303028	0.1181586800000000	0.0760506150000000
1903	9.19737	2.2276130782078587	0.1362387350000000	0.0582150500000000
1904	9.19634	2.2363332138096195	0.1359093950000000	0.0711105400000000
1908	9.18574	2.2029458242876299	0.1279783200000000	0.0971349100000000
1909	9.18574	2.2317508472862424	0.1681190250000000	0.0774713150000000
1914	9.18130	2.2420698658427449	0.1384008100000000	0.0860326350000000
1919	9.18028	2.2317140845664345	0.0989088450000000	0.0754363950000000
184	17.79570	2.2053212700856624	0.1513225400000000	0.1113476550000000
185	17.79570	2.2199226763774469	0.1426709150000000	0.1016840750000000
186	17.79430	2.2157526108856915	0.1003473550000000	0.0946351100000000
187	17.79430	2.2235897300507608	0.1442277900000000	0.1067150600000000
188	17.79230	2.2218062762761988	0.1507681050000000	0.1042035550000000
1920	9.17907	2.2235138628758917	0.1573219200000000	0.1106101050000000
1922	9.17791	2.2239322932908943	0.1533581800000000	0.1043218400000000
1927	9.17739	2.2333940857601551	0.0926614050000000	0.0855687150000000
1928	9.17710	2.1773844283602597	0.1514432450000000	0.0620113600000000
1930	9.17523	2.2045772409330198	0.1258753750000000	0.1160133650000000
1938	9.17204	2.2383115165547229	0.1510410450000000	0.0843735000000000
1939	9.17204	2.2349917102276029	0.1560874950000000	0.0496095100000000
1943	9.16873	2.1958742527934212	0.1568997100000000	0.0947855600000000
1949	9.15790	2.2443986419580972	0.1546628950000000	0.1140678000000000
1950	9.15340	2.2051114940605818	0.1461081850000000	0.0884811800000000
1953	9.15240	2.2063763097462359	0.1602242400000000	0.1008104200000000
1955	9.15182	2.2190613961317127	0.1695688400000000	0.1352056950000000
1957	9.14276	2.2027673466029500	0.1358041750000000	0.0939122650000000
1964	9.14000	2.1731810993092866	0.1590329650000000	0.0973105950000000
1965	9.14000	2.2206722934424947	0.1364472200000000	0.0834543550000000
1970	9.14000	2.2203099769211199	0.1573020900000000	0.0945150850000000
1971	9.14000	2.1979673771372266	0.1403306450000000	0.0998577600000000
1976	9.14000	2.2527616186478499	0.1311326750000000	0.1267838450000000
1979	9.14000	2.2025407626768114	0.1537237350000000	0.0788046400000000
1981	9.14000	2.2287857632592583	0.1628676450000000	0.0378263400000000
1984	9.14000	2.1603052121594772	0.0987483800000000	0.0923690800000000
1985	9.14000	2.2110052962099940	0.1422807100000000	0.1467195600000000
1986	9.14000	2.2334622778828170	0.1474276850000000	0.0472613250000000
1990	9.14000	2.2051738785647008	0.1493662050000000	0.0835337150000000
1992	9.14000	2.2332027908380558	0.1374206250000000	0.1003067400000000
1999	9.14000	2.1789724164626687	0.1284279750000000	0.0795589750000000
193	17.71340	2.2196178854407389	0.1436148050000000	0.1148837250000000
196	17.66620	2.2070195404021797	0.1565311300000000	0.0966183550000000
197	17.66620	2.2062357757889197	0.1518103000000000	0.1043430700000000
2001	9.14000	2.2302787184939752	0.1246318750000000	0.0792937550000000
2005	9.13999	2.2348030292135013	0.1364244400000000	0.1244334750000000
2008	9.13770	2.1984143831812157	0.1168952750000000	0.1045759950000000
2009	9.13770	2.2363989763172478	0.1618062400000000	0.0754010050000000
2010	9.13758	2.2384687051073242	0.1512066950000000	0.0899348700000000
2012	9.13558	2.2382932066443728	0.1238541850000000	0.0863101950000000
2014	9.13489	2.2323885960393643	0.1669950700000000	0.1330075500000000
2019	9.13416	2.1727954505707476	0.1355526250000000	0.1003883500000000
2021	9.13287	2.2020641916527097	0.1321191000000000	0.0845279750000000
2023	9.13245	2.2697136686687531	0.2037912900000000	0.0887663350000000
2026	9.13189	2.2134087765704891	0.1131063750000000	0.0687647700000000
2027	9.13189	2.2288171271776984	0.1589983900000000	0.0817503650000000
2030	9.11916	2.2070865841472975	0.1318030650000000	0.0779124000000000
2031	9.11916	2.2461328109668450	0.1498291200000000	0.1179072700000000
2032	9.11751	2.2394482660134090	0.1664922900000000	0.0871575800000000
2033	9.11751	2.2128306558624220	0.1578508000000000	0.0677398100000000
2034	9.10786	2.2253214987872041	0.1576111550000000	0.0725873700000000
2036	9.10508	2.2426417021677980	0.1669188900000000	0.0911169400000000
2037	9.10508	2.2835884366922188	0.2082772400000000	0.1278397100000000
2042	9.08550	2.2203941956622955	0.0985385050000000	0.1014246550000000
2045	9.06423	2.2398382206602245	0.1362411850000000	0.0994637850000000
2046	9.05605	2.2160600012854359	0.1642048700000000	0.1039712550000000
2049	9.04366	2.1874042597960854	0.0960590450000000	0.1085017250000000
2050	9.03912	2.2074452716650463	0.1581000050000000	0.0989920950000000
2051	9.03912	2.2310611032350987	0.1476024500000000	0.1073461500000000
2056	9.03142	2.2272429249669567	0.1602516000000000	0.1248815500000000
2057	9.03142	2.2298777188543926	0.1510063700000000	0.1004650700000000
2060	9.02477	2.2469751516721952	0.1575863850000000	0.1249811100000000
2062	9.02425	2.2311445002661863	0.1253220850000000	0.0959072400000000
2066	9.02185	2.2277365167395207	0.1409611600000000	0.1053655250000000
2067	9.02185	2.2412667378593842	0.1530942200000000	0.1278919350000000
2068	9.02041	2.2900646950886734	0.2032126000000000	0.1099078450000000
2069	9.02041	2.2335492475454659	0.1459796450000000	0.0595447750000000
2076	9.01653	2.2181604484842392	0.1542457950000000	0.1075536900000000
2077	9.01653	2.2414985491950992	0.1380688200000000	0.0795720300000000
207	17.27710	2.1902080166641298	0.1436679900000000	0.0892087900000000
2080	9.01619	2.2380979980294664	0.1725647800000000	0.1223588000000000
2083	9.01556	2.2033964798240664	0.1433758800000000	0.0933977750000000
2086	9.01160	2.2262269741931990	0.1512583250000000	0.1200181300000000
2088	9.01098	2.2342177640405865	0.1615140550000000	0.0748719850000000
2090	9.00911	2.2266779534065164	0.1089988750000000	0.0818868150000000
2091	9.00911	2.2091594805398764	0.1321320000000000	0.1009768850000000
2097	9.00734	2.2258649075098669	0.1554532700000000	0.0730905000000000
2099	9.00711	2.1725865215207434	0.1321401150000000	0.0690068450000000
2100	9.00469	2.2230831416910601	0.1515992850000000	0.0383617850000000
2110	9.00011	2.3233926232410838	0.2479454300000000	0.1116144200000000
2113	8.99981	2.2214778861518796	0.1686953850000000	0.1110605900000000
2114	8.99965	2.2315495788196369	0.1469612950000000	0.0660452150000000
2124	8.99371	2.2203134946504623	0.1050500650000000	0.0757261800000000
2125	8.99371	2.2297963913263423	0.1555216100000000	0.1187574700000000
2128	8.99078	2.2359651159341767	0.1510991150000000	0.1030677850000000
2130	8.98943	2.2407981605707215	0.1326942900000000	0.0656250850000000
2132	8.98853	2.2334404701953687	0.1392462850000000	0.0910427000000000
2137	8.98743	2.2318516744741235	0.1016481450000000	0.0802403550000000
2141	8.98605	2.2436069729113091	0.1450181350000000	0.1019559400000000
2146	8.98340	2.2229684646195147	0.1428538700000000	0.0935940150000000
2149	8.98311	2.2126345183047711	0.1562926600000000	0.1010499050000000
2150	8.98274	2.2217260914548929	0.1476175500000000	0.0766312850000000
2152	8.98141	2.2408296991644940	0.1253419400000000	0.0936829650000000
2155	8.98011	2.1981892706358304	0.1995577500000000	0.1072623400000000
2156	8.98000	2.1985456724552090	0.1548663600000000	0.0846633150000000
210	17.07690	2.2259376582460031	0.1530739650000000	0.0766489900000000
214	17.02200	2.1779179731888076	0.1426647400000000	0.0871843900000000
2161	8.98000	2.2335732353716291	0.1382416250000000	0.0881163600000000
2162	8.98000	2.2316149661457718	0.1807579400000000	0.0866785000000000
2164	8.98000	2.1890414584615283	0.1476223600000000	0.0723533000000000
2166	8.98000	2.2336660610117400	0.1635600650000000	0.0602737450000000
2167	8.98000	2.2295650401944322	0.1520762950000000	0.0631238700000000
2170	8.98000	2.2217878208294564	0.1469194300000000	0.1168828800000000
2171	8.98000	2.2466377441131606	0.1639112950000000	0.0840382050000000
2175	8.97946	2.2417916947610994	0.1308979050000000	0.0947168950000000
2176	8.97810	2.1962189010774384	0.1374084600000000	0.1014548950000000
2180	8.97481	2.1645511846812897	0.1148944150000000	0.0607724600000000
2182	8.97445	2.2439646390561392	0.1516055550000000	0.1178836700000000
2184	8.97257	2.2149594509048018	0.0647895900000000	0.1102346950000000
2186	8.97180	2.1677243438471892	0.1399468750000000	0.1010578050000000
2190	8.96742	2.2258462027904593	0.1667277050000000	0.1059165600000000
2191	8.96742	2.2491441135082750	0.1514837700000000	0.0985073700000000
2194	8.96342	2.1630957649714224	0.1284361950000000	0.0493121700000000
2199	8.95967	2.2015084844506858	0.1449238850000000	0.0964805750000000
2201	8.95899	2.1958861070350473	0.1716101350000000	0.0543657800000000
2205	8.95765	2.1907662175712002	0.1558158350000000	0.1167801400000000
2207	8.95637	2.2160662118423802	0.1499749100000000	0.0885533300000000
2209	8.95617	2.2107679846713459	0.1244542400000000	0.1106256850000000
2212	8.95552	2.2337248249436104	0.1223846550000000	0.0972594900000000
2214	8.95525	2.2093885557867834	0.1332405150000000	0.0973029750000000
2216	8.95504	2.2417345436572065	0.1549178700000000	0.1091190900000000
2217	8.95504	2.2321031069587738	0.1232860950000000	0.0756370350000000
2222	8.95293	2.1849686870827139	0.0991206150000000	0.0590071200000000
2227	8.95171	2.2312571490127735	0.1621421700000000	0.0644160650000000
2228	8.95049	2.2101494988812682	0.1494589300000000	0.0963502300000000
2231	8.95019	2.2335551006233296	0.1795801550000000	0.1135822200000000
2233	8.95018	2.2302782372161136	0.1748269900000000	0.1305441150000000
2234	8.94969	2.2364358383331444	0.1318399100000000	0.0767938650000000
217	16.98740	2.2052693941873294	0.1589186500000000	0.0870061850000000
218	16.98050	2.2090745103890135	0.1298638050000000	0.0714064300000000
220	16.93270	2.2159082677012707	0.1439447250000000	0.1126158050000000
2240	8.94271	2.1824569316629781	0.1602031650000000	0.0900136350000000
2241	8.94271	2.2231776839845256	0.1263843550000000	0.1387161550000000
2243	8.93885	2.2394227724023867	0.1123919900000000	0.0532597950000000
2244	8.93734	2.2328897553424172	0.1420506600000000	0.0994475900000000
2246	8.93637	2.2426800946061771	0.2710766300000000	0.1129673350000000
2247	8.93637	2.2381999432724902	0.1521140600000000	0.0895181250000000
2252	8.93060	2.2110230960330104	0.1636690050000000	0.0900552900000000
2254	8.92967	2.2167952712569550	0.0897845450000000	0.0741351000000000
2256	8.92952	2.2247604378031336	0.1204292800000000	0.0978763850000000
2259	8.92877	2.2028195134269302	0.1589366400000000	0.0881898000000000
2260	8.92662	2.2346237848002040	0.1370048600000000	0.0827863650000000
2264	8.92659	2.1891956229687350	0.1212267600000000	0.0981762050000000
2278	8.92315	2.2003518033566403	0.1408162050000000	0.1056010850000000
2279	8.92315	2.2293138526589482	0.1539331150000000	0.0925354650000000
2282	8.92271	2.2394464148940876	0.1430246750000000	0.1060752600000000
2283	8.92271	2.2051999540816198	0.1276089700000000	0.0826663550000000
2284	8.92246	2.2393033166009664	0.1496494250000000	0.1044264000000000
2286	8.91801	2.2380996061341634	0.1602510550000000	0.1013179000000000
2289	8.91786	2.2212001020396808	0.1287491000000000	0.0832887800000000
2293	8.91512	2.2350266371915080	0.1291225300000000	0.0896272650000000
2295	8.91384	2.2126627483244539	0.1572610050000000	0.1025153750000000
2303	8.90204	2.2246289849608329	0.1582524750000000	0.1159627300000000
2304	8.89888	2.2425940285762409	0.1356301400000000	0.1266005400000000
2306	8.89326	2.2469098553159705	0.1504535100000000	0.1155996800000000
2311	8.88775	2.2239321531972904	0.1466033850000000	0.0844279450000000
2316	8.87173	2.2336494318056204	0.1471023900000000	0.0767657700000000
231	16.86680	2.2515531344889044	0.1840822700000000	0.1925562700000000
2320	8.86736	2.2258010456743733	0.1327236250000000	0.0754465250000000
2328	8.85706	2.1747000175000077	0.1439641950000000	0.0814252500000000
2331	8.85054	2.2495266834543042	0.1750604200000000	0.1151701700000000
2332	8.85044	2.2359850806453179	0.1439363050000000	0.1067555100000000
2335	8.85037	2.2388359430903071	0.1339582850000000	0.0945979500000000
2337	8.84817	2.2233108108440391	0.2290430950000000	0.1582765100000000
2338	8.84617	2.1872853700302568	0.1598821450000000	0.0876522300000000
2339	8.84617	2.2336654537788641	0.1673218150000000	0.0607449050000000
2342	8.83638	2.2481788064309778	0.1526941650000000	0.0522028950000000
2343	8.83638	2.2422324035201524	0.1518344150000000	0.0568995300000000
2347	8.82773	2.3493633280279664	0.2288261050000000	0.0874424200000000
2349	8.82689	2.2339376496378938	0.1398461550000000	0.0732534400000000
2350	8.82364	2.2186045559836005	0.1307445500000000	0.1332431150000000
2352	8.81628	2.2379860371960598	0.1597616550000000	0.0960259150000000
2354	8.81623	2.2431980819122428	0.1386696500000000	0.0941779400000000
2355	8.81623	2.1941560677292742	0.1655689250000000	0.0573227350000000
2357	8.81004	2.2486338392691607	0.1354173700000000	0.0698169850000000
2363	8.80658	2.2323668862665604	0.1261940450000000	0.1163722850000000
2365	8.80631	2.3793074113131016	0.2759357800000000	0.1182981550000000
2368	8.79150	2.2330926530375388	0.1382896200000000	0.1248634400000000
2372	8.78074	2.2238310475222360	0.1347930550000000	0.0667112050000000
2374	8.77878	2.2169949693602047	0.1223453850000000	0.0776842800000000
2375	8.77878	2.2191643406430819	0.1445197400000000	0.0928718250000000
2376	8.77192	2.2431685504177405	0.1782987450000000	0.0923607150000000
2379	8.75648	2.2167770135252498	0.1718595850000000	0.0503246450000000
2380	8.75301	2.2442361151919732	0.1262017800000000	0.0980253700000000
2381	8.75301	2.2397880673547301	0.1354749850000000	0.0351363250000000
2384	8.74216	2.2134752067766104	0.1175939800000000	0.0501543150000000
2387	8.74090	2.2071709337872805	0.1031066250000000	0.0665548550000000
2390	8.73721	2.2385216424244136	0.1457693600000000	0.0444397500000000
2397	8.72279	2.2110689818405036	0.1406721050000000	0.1007924550000000
2399	8.71645	2.2277971396433482	0.1584813250000000	0.0572091700000000
232	16.86620	2.2178857495826332	0.1520984100000000	0.0926884500000000
236	16.81790	2.2259593193052787	0.1539200200000000	0.1080682150000000
239	16.79440	2.2026435341162052	0.1582537300000000	0.0835346450000000
17	118.50600	2.2028406456899390	0.1134440500000000	0.0535560000000000
18	117.68400	2.1903646562829899	0.1155619700000000	0.1190773700000000
19	117.68400	2.2024509571142064	0.1579545400000000	0.0811916700000000
2402	8.70886	2.2286922531421682	0.1502363350000000	0.0991876550000000
2403	8.70886	2.2204697883745510	0.1145223150000000	0.0934483000000000
2404	8.70243	2.2347149196156937	0.1615727000000000	0.1205010500000000
2406	8.69579	2.2372947129433771	0.1309611750000000	0.0551818500000000
2409	8.69451	2.2276818753800107	0.1297834250000000	0.0958890550000000
2410	8.68958	2.1714755103315371	0.1252283300000000	0.0812488750000000
2414	8.67928	2.2242229785454239	0.1503875450000000	0.0997600800000000
2416	8.66682	2.2358848520437808	0.1469344750000000	0.1249193850000000
2417	8.66682	2.2357740164748008	0.1225545200000000	0.0914467250000000
2418	8.66452	2.2126980280955846	0.1309529700000000	0.0951252100000000
2425	8.64481	2.2231666967402393	0.1506154600000000	0.1244389150000000
2426	8.64296	2.1963951323886426	0.1472052600000000	0.0750380400000000
2431	8.62991	2.2463024863385996	0.1479612450000000	0.0616171500000000
2433	8.62916	2.2418148908846831	0.1229784600000000	0.0984495750000000
2434	8.62915	2.2351084362662896	0.1323061900000000	0.0834026900000000
2440	8.62799	2.1879164443571715	0.1493069100000000	0.0696785750000000
2449	8.62562	2.2317592747685868	0.1369287350000000	0.0955390600000000
2454	8.62494	2.2296218915776480	0.1542589350000000	0.1113394150000000
2460	8.62151	2.1867274190910342	0.1357853400000000	0.0854943850000000
2463	8.62143	2.2126400547282183	0.1102389550000000	0.0908705650000000
2464	8.62139	2.2359629710443119	0.1214500800000000	0.0997368650000000
2470	8.60630	2.2379239985703987	0.1116477400000000	0.0821726700000000
2471	8.60630	2.2276347814794950	0.1551926100000000	0.0898476800000000
2472	8.59504	2.1958141980069676	0.1914404800000000	0.0565579200000000
2477	8.58354	2.2410048656657309	0.1334958850000000	0.0487482550000000
241	16.69370	2.1901739595613834	0.1171420100000000	0.1018129400000000
243	16.68240	2.2091095396491771	0.1334134450000000	0.0781003450000000
244	16.67950	2.2173423788022490	0.1549984900000000	0.1023086400000000
245	16.67950	2.2253782136866640	0.1581842750000000	0.0864370950000000
246	16.65760	2.2108829356365742	0.1403445950000000	0.0906681900000000
247	16.65760	2.1750063878362633	0.1315059950000000	0.0355137000000000
2481	8.56453	2.2087023826393151	0.1356703650000000	0.0694936950000000
2482	8.55860	2.2421017845882618	0.1565198500000000	0.1100528650000000
2486	8.54908	2.2290100075023580	0.1401211950000000	0.0936895350000000
2488	8.54109	2.2453765924918492	0.1352713800000000	0.0681418250000000
2489	8.54109	2.2343002356807036	0.1719004450000000	0.1378324900000000
2490	8.53987	2.2264646160775738	0.1498725700000000	0.0469898150000000
2492	8.53909	2.2255185997691740	0.1696405600000000	0.0721535850000000
2497	8.53821	2.1966091947202901	0.1304346650000000	0.0941262550000000
2504	8.53734	2.2375366722235168	0.1585823650000000	0.1081567350000000
2506	8.53691	2.1800502210884436	0.1570714100000000	0.0854159100000000
2508	8.53661	2.2390314938697031	0.1255529650000000	0.0727613300000000
2511	8.53659	2.1971682822497023	0.1608268100000000	0.0872585550000000
2513	8.53601	2.2467236574351945	0.1659905300000000	0.1001951300000000
2519	8.53272	2.2457281131799194	0.1406572700000000	0.1189446200000000
2521	8.53184	2.2176679858218540	0.1525721100000000	0.0742048150000000
2524	8.53047	2.2141034087205549	0.1672847400000000	0.0833436150000000
2525	8.53047	2.2214226826756001	0.1258963100000000	0.0958601250000000
2528	8.52617	2.2377174083257323	0.1653844600000000	0.0805535650000000
2530	8.52522	2.1820019339658816	0.1445074150000000	0.1004793200000000
2531	8.52522	2.2357813540202511	0.1732731200000000	0.1253161850000000
2534	8.51488	2.2223146101981084	0.0792214400000000	0.0522823000000000
2535	8.51488	2.2047967249525962	0.1248917850000000	0.0632824250000000
2536	8.51130	2.2079129632116903	0.1476412250000000	0.0999968050000000
2539	8.50858	2.2409095150856890	0.1387078500000000	0.0994669550000000
2540	8.50824	2.2125909026608777	0.0952940550000000	0.1138469200000000
2543	8.49075	2.2218619555296866	0.1664593800000000	0.0521115300000000
2544	8.48967	2.2305886781851241	0.1278871150000000	0.0876281000000000
2545	8.48967	2.2058625879283249	0.1425304800000000	0.1063797650000000
2547	8.48000	2.2386017251830164	0.1290694050000000	0.1295212450000000
2550	8.48000	2.2440826808760646	0.1362711850000000	0.0816041000000000
2552	8.48000	2.2885866067599738	0.2053796550000000	0.0436982050000000
2553	8.48000	2.2306351252431624	0.1650994850000000	0.0928179650000000
248	16.57590	2.2075102466759584	0.1472048600000000	0.0807598850000000
250	16.51990	2.3397593150889953	0.2393062850000000	0.1396634000000000
252	16.50140	2.1981984392477227	0.1471950650000000	0.1140591850000000
2560	8.48000	2.2086761168641176	0.1722973300000000	0.0907511200000000
2563	8.48000	2.2364328318270337	0.1200305200000000	0.1116672200000000
2566	8.48000	2.2450214488999647	0.1367593150000000	0.0880502400000000
2567	8.48000	2.2349636496299690	0.1557271850000000	0.0881790150000000
2568	8.48000	2.2237567956343316	0.1326484150000000	0.0534584050000000
2571	8.47797	2.2353747567794673	0.1778163850000000	0.1020662950000000
2573	8.47403	2.2360009215661729	0.1570854950000000	0.1282395000000000
2574	8.47213	2.2289885270461198	0.1384243250000000	0.0904781150000000
2576	8.47131	2.2531645819710304	0.1473849300000000	0.1400803250000000
2578	8.46680	2.2434686567554887	0.1305565200000000	0.0615790700000000
2580	8.46656	2.1906884777782505	0.1242511300000000	0.0956714400000000
2583	8.46167	2.2447443374618090	0.1437049100000000	0.0858198150000000
2584	8.46055	2.2190837995192205	0.1154317550000000	0.0879899900000000
2585	8.46055	2.2293340933386632	0.1147851900000000	0.0802577300000000
2591	8.44759	2.2366720529920592	0.1343524050000000	0.0809140900000000
2598	8.43092	2.2272417286229733	0.1172157450000000	0.0829662750000000
2604	8.42061	2.2454861066467950	0.1220386000000000	0.0775065300000000
2608	8.41614	2.2174560762470255	0.1159320550000000	0.0779899150000000
2610	8.40807	2.2324673507515063	0.1506180850000000	0.0829394250000000
2611	8.40807	2.2245268451512272	0.1456752550000000	0.1130173250000000
2615	8.40334	2.2111189829569624	0.1260577850000000	0.1103635050000000
2626	8.38446	2.2422578710159864	0.1412612500000000	0.1171126400000000
2628	8.37889	2.2385158391904882	0.1178698300000000	0.0946785000000000
2633	8.37012	2.2452733308074833	0.1759242950000000	0.0904807400000000
2635	8.36918	2.2267348084216874	0.1478000500000000	0.0978258800000000
2638	8.36731	2.2248909157032291	0.1201816000000000	0.0864566350000000
2639	8.36731	2.1911322623688001	0.1462586350000000	0.1337288550000000
259	16.44450	2.1924304406915653	0.1501797150000000	0.0837982850000000
262	16.21650	2.2199211162150507	0.1095290800000000	0.0503405700000000
2643	8.36655	2.2425961991261492	0.1500722100000000	0.1040895700000000
2650	8.36541	2.2484665636224599	0.1523064300000000	0.0682286300000000
2659	8.36450	2.2677918799199737	0.1299017400000000	0.0609181600000000
2660	8.36229	2.2392484482401716	0.1273680100000000	0.0769442200000000
2661	8.36229	2.2448477799822530	0.1636348350000000	0.0636859650000000
2663	8.35987	2.2301204413310041	0.1403211100000000	0.1087718450000000
2667	8.35941	2.2524985727664903	0.1548818400000000	0.0907810400000000
2669	8.35877	2.2359484226958437	0.1676063200000000	0.0579476600000000
2670	8.35560	2.2359251346842011	0.1349515000000000	0.0814922150000000
2672	8.35329	2.2087746863975251	0.1538109050000000	0.0778627800000000
2677	8.34964	2.2154070719770238	0.1605433300000000	0.0775477400000000
2685	8.34776	2.2340886797557160	0.1533440050000000	0.0895641750000000
2694	8.34473	2.2429923216533014	0.1561609100000000	0.1015529350000000
2697	8.34384	2.6069067100123959	0.2913687200000000	0.0920672100000000
2698	8.34301	2.1990173702713616	0.1469326350000000	0.1031351700000000
2699	8.34301	2.2255180933371288	0.1541662700000000	0.0924539300000000
2704	8.34054	2.2284006694295790	0.1146671200000000	0.0938696050000000
2716	8.31924	2.2282113742209262	0.1406058300000000	0.0988525050000000
266	16.20770	2.3141554821802970	0.1844906500000000	0.0735629100000000
268	16.15410	2.2127869120124362	0.1580427150000000	0.1194958200000000
271	16.15400	2.1946527890554526	0.1429448050000000	0.1122046100000000
2722	8.30872	2.2468875958483454	0.1510680250000000	0.0833303100000000
2729	8.30123	2.1933183560914236	0.1511255650000000	0.0751361400000000
2733	8.29158	2.2002063800987690	0.1130128800000000	0.0962125450000000
2734	8.27979	2.1861532298577329	0.1653568850000000	0.0643388200000000
2735	8.27979	2.2355368995024065	0.1425320900000000	0.1025954100000000
2743	8.27706	2.2401271720280045	0.1260350750000000	0.0849929600000000
2749	8.27052	2.2363161697697755	0.1380640300000000	0.0447498750000000
2750	8.27016	1.8983729206283335	0.1634666600000000	0.2774624050000000
2751	8.27016	2.2437086127457699	0.1551376950000000	0.0448669000000000
2755	8.26649	nan	nan	0.0000000000000000
2756	8.26450	2.2420944513024716	0.1291907550000000	0.0757873250000000
2758	8.26374	2.2327388336014962	0.1401045300000000	0.0848787400000000
2768	8.24687	2.2315867756474179	0.1451559900000000	0.0640036900000000
2777	8.23853	2.2839935397013198	0.2108603500000000	0.0414137750000000
2778	8.23466	2.2429045224667679	0.1146518000000000	0.0804730050000000
2780	8.23239	2.2406135819687911	0.1187904100000000	0.0777271700000000
2781	8.23239	2.2295339061865107	0.1453876450000000	0.1164112600000000
2785	8.22904	2.2301416623737436	0.1792835150000000	0.1435207250000000
2786	8.22882	2.2154213470413300	0.1522332100000000	0.1191455700000000
2795	8.21916	2.2211525390773583	0.1474250900000000	0.1156777500000000
2797	8.21880	2.2051460414149719	0.1436435000000000	0.0824886000000000
277	15.97560	2.1980637307495581	0.1663575850000000	0.0821202500000000
2800	8.21535	2.2046990814493803	0.1595775000000000	0.0867891150000000
2803	8.21484	2.2217720878238967	0.1548885500000000	0.1013952700000000
2807	8.20236	2.2325368907134413	0.1398681200000000	0.1144041000000000
2809	8.20000	2.2424185142258790	0.1244944900000000	0.0889915800000000
2813	8.20000	2.2375095127030180	0.1414451250000000	0.1036969200000000
2814	8.20000	2.2472079425212224	0.1200496350000000	0.0834658450000000
2822	8.20000	2.2762505260712120	0.1474697300000000	0.0978609500000000
2828	8.20000	2.2390554248294601	0.1578481700000000	0.1258748050000000
2831	8.20000	2.2424305206620794	0.1422021300000000	0.0568566750000000
2835	8.20000	2.2378382719732834	0.1385809350000000	0.0660690900000000
2836	8.20000	2.2315180667666747	0.1419053650000000	0.0611648750000000
2837	8.20000	2.2222158781220305	0.1483473200000000	0.1072126550000000
2842	8.19382	2.2055245192989679	0.1358253050000000	0.0418075150000000
2845	8.19066	2.2276146562434627	0.1090984050000000	0.1115498300000000
2846	8.18450	2.1640666727175870	0.1277936400000000	0.0567987600000000
2849	8.18384	2.2025264820802013	0.1351683050000000	0.0956578600000000
2851	8.18156	2.1848273925124611	0.1370001850000000	0.0910167350000000
2852	8.17698	2.2475163556945739	0.1680365200000000	0.0731063800000000
2853	8.17698	2.1900049475002206	0.1733695050000000	0.1059570850000000
2855	8.17129	2.2126446188596915	0.1293230850000000	0.1031709850000000
2856	8.17046	2.1746606534542439	0.1391253050000000	0.0498166600000000
2858	8.16935	2.2279199566180643	0.1251164200000000	0.0417929200000000
2859	8.16935	2.2048446910712300	0.1662061850000000	0.0928543400000000
2864	8.16645	2.2436651087800783	0.1318699200000000	0.0940165000000000
2865	8.16645	2.2333946458628091	0.1717647400000000	0.0756062450000000
2871	8.15953	2.2131886812964501	0.1990810600000000	0.1392014800000000
2876	8.14937	2.2484338501252119	0.1481792950000000	0.1207183000000000
280	15.79130	2.1916144020383328	0.0847279450000000	0.0748597800000000
281	15.79130	2.1766850595185372	0.1392530250000000	0.0809523000000000
282	15.71830	2.2234443520115943	0.1582582500000000	0.1095151550000000
287	15.37460	2.2238268016502771	0.1463394250000000	0.1039025900000000
2880	8.14488	2.2413147792845867	0.1489370900000000	0.0796402400000000
2881	8.14488	2.2386322406831942	0.1207781150000000	0.0807237350000000
2884	8.14298	2.2280163167133069	0.1438418950000000	0.0819200850000000
2887	8.13966	2.2288260085434666	0.1501480450000000	0.1241507400000000
2888	8.13955	2.2425717718972105	0.1589323400000000	0.0765792450000000
2893	8.13840	2.2326928551515408	0.1879789150000000	0.1303914150000000
2896	8.13696	2.2201453848615764	0.1352767350000000	0.0993557750000000
2900	8.13578	2.1969576714898271	0.1299895000000000	0.0574482750000000
2903	8.13443	2.2436956700826305	0.1305009250000000	0.0936848450000000
2904	8.13383	2.2453117800788380	0.1505946900000000	0.1105970550000000
2911	8.13048	2.2272889794943076	0.1815428950000000	0.0656524600000000
2914	8.12793	2.2126364745711844	0.1582088200000000	0.0933163800000000
2919	8.12592	2.2247893220804302	0.1746447300000000	0.1444193850000000
2921	8.12544	2.2371073643628070	0.1341786900000000	0.0680686550000000
2922	8.12272	2.1985635332652476	0.1270501350000000	0.0995925050000000
2924	8.12265	2.2479024406196295	0.1318097350000000	0.0918270950000000
2925	8.12265	2.2058633152504825	0.1286581800000000	0.1369263700000000
2928	8.12122	2.2429894474917238	0.1394360800000000	0.0953965600000000
2934	8.11876	2.1934629720143057	0.1572534650000000	0.0963739800000000
2937	8.11438	2.2244880913203500	0.1604820250000000	0.1043953300000000
2938	8.11091	2.2142376712861700	0.1502098650000000	0.1109011750000000
2941	8.11078	2.2308248308742549	0.1385358000000000	0.0915235400000000
2944	8.10951	2.2301266755750144	0.1456515600000000	0.1126247100000000
2945	8.10951	2.1917399724417175	0.1556500600000000	0.0879255650000000
2947	8.10739	2.1858984889121351	0.1357674600000000	0.0892347200000000
2949	8.10659	2.2413038891336052	0.1324396050000000	0.1110774300000000
2950	8.10431	2.2179074089396216	0.1339100350000000	0.0686685800000000
2952	8.09909	2.2464768484134536	0.1505274450000000	0.0779247850000000
2955	8.09854	2.2502465989811511	0.1455897500000000	0.1069644550000000
294	15.28500	2.2027725842438275	0.1323443650000000	0.1035628850000000
2964	8.09688	2.1774053845568631	0.1511485450000000	0.1359325100000000
2966	8.09614	2.2283341050939649	0.1187415300000000	0.0895597600000000
2967	8.09614	2.1975091128406379	0.1008053050000000	0.0681073600000000
2968	8.09578	2.2387694578416166	0.1473302350000000	0.1010065750000000
2970	8.09432	2.2483349060494300	0.1531937100000000	0.0840614600000000
2973	8.09383	2.2464641366615794	0.1371480350000000	0.0890677200000000
2974	8.09179	2.2454933872132461	0.0995919150000000	0.0790037150000000
2977	8.09157	2.2367745545382971	0.1449390800000000	0.0787023000000000
2980	8.09130	2.2331552340670728	0.1301072750000000	0.1536055250000000
2982	8.09088	2.2345965814266400	0.1414023900000000	0.1046622050000000
2985	8.09051	2.2491456930738027	0.1637875450000000	0.0747375000000000
2987	8.09000	2.2113747626911264	0.1358918950000000	0.0736324950000000
2989	8.09000	2.2118506577264361	0.1532685950000000	0.1045930900000000
2991	8.09000	2.2509394673873606	0.1499816650000000	0.0987082700000000
2995	8.09000	2.2221144748607320	0.1400294200000000	0.0721394700000000
2998	8.09000	2.2347371719380487	0.1315126600000000	0.1006284750000000
2999	8.09000	2.2417954752201354	0.1485910950000000	0.0901919400000000
3000	8.09000	2.2421307137225543	0.1076339500000000	0.0885654750000000
3002	8.09000	2.2299449440422840	0.1223936500000000	0.1097988900000000
3009	8.09000	2.2169102346049665	0.1635972050000000	0.0826294300000000
3014	8.09000	2.1919603177444311	0.1375437450000000	0.0923100450000000
3015	8.09000	2.2027075268468153	0.1275650600000000	0.0709258500000000
3017	8.09000	2.2438723002880256	0.1520996650000000	0.0894630850000000
3025	8.08933	2.2004320778814637	0.1414397450000000	0.0924593600000000
3032	8.08660	2.2172387097785884	0.1434905000000000	0.0475789650000000
3033	8.08660	2.2261791367289763	0.1438016050000000	0.0685815500000000
3038	8.08469	2.1935487080757579	0.0769309100000000	0.0502500450000000
301	15.20500	2.2244235207099430	0.1304110850000000	0.0856668700000000
3040	8.08242	2.2409701900401306	0.1347387700000000	0.1158958650000000
3043	8.08148	2.2371741739284734	0.1154940800000000	0.0974183300000000
3046	8.07997	2.2324609742086432	0.1271273500000000	0.0809878950000000
3053	8.07878	2.2241180856064995	0.1518868350000000	0.1163218200000000
3055	8.07877	2.2400442225868620	0.1438368000000000	0.0755624450000000
3057	8.07712	2.2389323123322500	0.1593404600000000	0.0726235400000000
3058	8.07629	2.2260627608361467	0.1029837300000000	0.0950590200000000
3059	8.07629	2.2488058833315412	0.1615535500000000	0.0709598350000000
3062	8.07519	2.1824050254629803	0.1518162700000000	0.0542420200000000
3063	8.07519	2.2405483368826133	0.1317545950000000	0.0849531450000000
3065	8.07504	2.2302043364605191	0.1772339250000000	0.1110589250000000
3066	8.07475	2.2070668309656996	0.1412531800000000	0.0517731850000000
3067	8.07475	2.2330065083276249	0.1122098800000000	0.0527264400000000
3075	8.07165	2.2033925377198420	0.1489358600000000	0.1005422450000000
3080	8.06908	2.2337126419382001	0.1351756350000000	0.0917107100000000
3084	8.06592	2.1750008097565017	0.1488108100000000	0.0501954300000000
3100	8.05284	2.2474842914281727	0.1514903850000000	0.1322332900000000
3101	8.05284	2.2497305375645764	0.1324070150000000	0.0835634300000000
3104	8.05108	2.2387353292799568	0.1387929750000000	0.0743531950000000
3107	8.05001	2.2164596647494159	0.1369206500000000	0.0418952550000000
3108	8.04961	2.2324291988568516	0.1295970300000000	0.0448026350000000
3111	8.04777	2.2213642313350555	0.1556420400000000	0.1096779100000000
3113	8.04733	2.2461102090202205	0.1753219700000000	0.0946933050000000
3116	8.04640	2.2141541556151840	0.1629692500000000	0.1024599350000000
3117	8.04640	2.2247859781098827	0.1468228700000000	0.1032075050000000
307	15.11510	2.2005282954311602	0.1665518100000000	0.0825978150000000
309	15.08880	2.1992055124226288	0.1485414850000000	0.0977400050000000
311	15.04170	2.2696005176057690	0.2089209850000000	0.1354824350000000
3121	8.04428	2.2492816025641336	0.1335385000000000	0.0937129100000000
3123	8.04340	2.2376193880887305	0.1681391500000000	0.0709714050000000
3125	8.04295	2.2358181428873962	0.1420084800000000	0.0980811050000000
3128	8.04112	2.2404187692852005	0.1126495400000000	0.0523590000000000
3131	8.04084	2.2359806458260403	0.1565053700000000	0.0912151550000000
3132	8.04055	2.2396008790696285	0.1440425500000000	0.0562015950000000
3136	8.03868	2.2019629693256970	0.1131866550000000	0.0722109600000000
3140	8.03554	2.1983101065678134	0.1237645500000000	0.1354402150000000
3143	8.03299	2.2457370981214724	0.1656764850000000	0.0891488250000000
3146	8.02833	2.2358360952118299	0.1680496650000000	0.1385007550000000
3148	8.02785	2.3074111809479594	0.2221526200000000	0.1421418000000000
3162	8.01282	2.2111534815002174	0.1426238300000000	0.1099277800000000
3163	8.01282	2.1993078647519884	0.1558508300000000	0.1065592150000000
3164	8.01094	2.2170628805978163	0.1345804850000000	0.0837738950000000
3166	8.01092	2.2383601558400579	0.1460410600000000	0.0975031850000000
3176	8.01068	2.1679598875560311	0.1110860450000000	0.1122961950000000
3177	8.01068	2.1852986953695765	0.1285323600000000	0.0772059150000000
3178	8.01058	2.2325921112167495	0.1543030250000000	0.0598870400000000
3180	8.01055	2.1754262164545493	0.1229429300000000	0.0673552000000000
3181	8.01055	2.2732510568747193	0.1635991450000000	0.0577134950000000
3184	8.01041	2.2198635263353954	0.1610906250000000	0.0923263250000000
3186	8.01038	2.2195249970692035	0.1564350050000000	0.1039009800000000
3189	8.01028	2.2359018256907790	0.1453210550000000	0.0996216700000000
312	15.02260	2.1743099067547527	0.1263868950000000	0.0784152300000000
315	15.01960	2.2146867439623072	0.1208567050000000	0.0707310900000000
318	14.98660	2.2148492546677221	0.1515825050000000	0.1195505100000000
30	76.54120	2.1963062495676402	0.1660497100000000	0.0941770750000000
321	14.98120	2.2194159498305650	0.1595207200000000	0.0672904850000000
327	14.79800	2.3247961235983938	0.2505900150000000	0.1028882350000000
328	14.72970	2.1921446338551207	0.1276897000000000	0.1065236300000000
329	14.72970	2.1967888786770224	0.1551112600000000	0.0877623300000000
333	14.68190	2.2301166011047577	0.1242480600000000	0.0798756750000000
339	14.65620	2.1770912278576033	0.1504168250000000	0.0807910200000000
341	14.65040	2.1994766408701327	0.1411986050000000	0.0961580600000000
345	14.64280	2.2240743043276034	0.1367436350000000	0.1025133000000000
352	14.56770	2.2249472039361655	0.1415223550000000	0.0946780950000000
355	14.55770	2.2228794367895359	0.1595415550000000	0.1019508350000000
361	14.54000	2.1729000024983907	0.1377795900000000	0.0686035700000000
364	14.51810	2.2269504597706709	0.1951999500000000	0.1155108700000000
369	14.49040	2.2001181111300889	0.1380688800000000	0.0892983450000000
371	14.46400	2.2256988687809520	0.1473116550000000	0.0743047200000000
373	14.42060	2.2281824784930064	0.1603448500000000	0.1265399450000000
374	14.41300	2.2062989714728523	0.1327452700000000	0.1063457250000000
377	14.40380	2.2093801483246467	0.1567912300000000	0.0653668950000000
378	14.38140	2.1920951214589266	0.1472354700000000	0.0714028650000000
381	14.36460	2.2107999717358311	0.1407909300000000	0.0854581250000000
384	14.28480	2.2108531867454042	0.1364715050000000	0.0946369200000000
385	14.28480	2.2287641123054018	0.1807897400000000	0.0864118900000000
387	14.18730	2.2266968523789190	0.1166062300000000	0.1013365950000000
391	14.17370	2.2237375392881855	0.1258518600000000	0.1118061550000000
32	70.71640	2.2026992800187943	0.1207614750000000	0.0489133100000000
35	68.84570	2.2026940561552952	0.1448837050000000	0.1024743800000000
36	67.20040	2.2068427518810561	0.1718317450000000	0.0442154300000000
409	13.91000	2.2434258310891346	0.1580458050000000	0.1325820850000000
410	13.90950	2.2240779468837855	0.1234275700000000	0.0717669250000000
411	13.90950	2.1907965545877572	0.1663854250000000	0.0763696200000000
414	13.85370	2.2194154864911648	0.1636387750000000	0.1281131350000000
419	13.68290	2.2076455954162575	0.1339607650000000	0.0573446500000000
422	13.54540	2.2344176835812291	0.1607490900000000	0.0657654550000000
424	13.54440	2.2041385196336973	0.1298826300000000	0.1097323000000000
426	13.50120	2.2325433978552849	0.1637586400000000	0.0472907850000000
428	13.46590	2.2226023830979145	0.1864088050000000	0.1220207850000000
430	13.44830	2.2169078612905961	0.1253526100000000	0.0639793050000000
434	13.38960	2.1842910537637521	0.1220173750000000	0.0886176450000000
436	13.38880	2.1863827102238620	0.1483005300000000	0.0561607700000000
448	13.33910	2.2074540493360244	0.1388919450000000	0.0965996550000000
450	13.33800	2.2322329727295012	0.1701381500000000	0.0616151550000000
451	13.33800	2.2187146051916042	0.0695882050000000	0.0854156250000000
452	13.33780	2.1980464420373131	0.1644282400000000	0.1202676550000000
458	13.32660	2.2201256021999631	0.1312328400000000	0.1125563750000000
459	13.32660	2.1881157743565023	0.1151733800000000	0.0906369750000000
460	13.31720	2.2302380033073663	0.1526143000000000	0.0800106900000000
464	13.29930	2.2272335096695790	0.1409808950000000	0.1145498700000000
465	13.29930	2.1892855579074442	0.1564779300000000	0.0841463050000000
470	13.28050	2.2217788251619348	0.1539595550000000	0.1205862550000000
471	13.28050	2.2345628561633868	0.1499031400000000	0.1127272700000000
475	13.26380	2.2177904565791806	0.1246754200000000	0.0702403300000000
479	13.23430	2.1985661614950351	0.1505606100000000	0.1124421500000000
44	56.03560	2.2024552223053226	0.1165830650000000	0.1166217150000000
481	13.21680	2.2185552790953014	0.1428735200000000	0.1096331550000000
484	13.21000	2.2091029950120289	0.0936504350000000	0.1099082300000000
490	13.21000	2.2189083243469985	0.1407779750000000	0.0767901250000000
497	13.21000	2.2365654073334054	0.1308626550000000	0.1375064250000000
500	13.21000	2.3694110540495590	0.2527751550000000	0.0886482450000000
503	13.20940	2.2147132502473967	0.1411778100000000	0.1127596750000000
510	13.20650	2.2234558439631473	0.1407130250000000	0.0931826500000000
511	13.20650	2.2189077241790094	0.1678472600000000	0.1315334250000000
516	13.20490	2.2199962927234109	0.1375550650000000	0.0478818400000000
519	13.20380	2.2173742919833082	0.1467557100000000	0.0954651300000000
521	13.20350	2.2295282400734129	0.1362624100000000	0.0932564100000000
522	13.19800	2.2178162487696271	0.1807498000000000	0.0541936200000000
523	13.19800	2.2173024463195170	0.1516194400000000	0.1044830600000000
525	13.19760	2.2299167507117894	0.1161646100000000	0.0926941600000000
526	13.19720	2.2266496228478245	0.1441582400000000	0.1228875250000000
527	13.19720	2.2226722725657808	0.1551405100000000	0.0933845450000000
528	13.19430	2.2338355215350170	0.1647558700000000	0.0858484450000000
529	13.19430	2.2014909666301739	0.1143230350000000	0.0896509350000000
531	13.19420	2.2240700837283951	0.1682037350000000	0.1006803950000000
532	13.19230	2.2237110105493954	0.1469909150000000	0.0735573600000000
535	13.19200	2.1291318465272155	0.1206639900000000	0.0581902150000000
536	13.19110	2.1969956884212407	0.1452950550000000	0.0625180950000000
537	13.19110	2.2176944727268446	0.1578238350000000	0.0894332800000000
538	13.19100	2.2226492625433560	0.1890353150000000	0.1467389250000000
539	13.19100	2.2135066040582134	0.1209215250000000	0.1083966300000000
540	13.16820	2.2126034585470999	0.0776550700000000	0.0705653850000000
541	13.16820	2.2185784626375389	0.1565974100000000	0.0840107600000000
543	13.14490	2.2245526906728919	0.1462873100000000	0.1191281850000000
547	13.09850	2.2206801364589381	0.1547568500000000	0.1161431750000000
552	13.07160	2.1973649578181358	0.1640171950000000	0.0624892000000000
557	13.05700	2.1944088635861125	0.1573825800000000	0.0809986400000000
49	53.59700	2.2053401241798873	0.1401783100000000	0.0852575950000000
51	47.21450	2.2048554543102052	0.1400313350000000	0.1007104050000000
52	47.09940	2.2009292500264808	0.1540725300000000	0.0923123600000000
53	47.09940	2.2053008550253401	0.1414779300000000	0.0939510950000000
561	13.04230	2.2290902799881147	0.1693786850000000	0.0875747600000000
564	13.01880	2.2181633440061526	0.1559570700000000	0.0637147100000000
566	13.01160	2.2278817082725082	0.1396699900000000	0.0857826150000000
570	12.98000	2.2045691316959757	0.1356153400000000	0.0861431800000000
572	12.91140	2.1650881529710913	0.1180401000000000	0.0898772500000000
583	12.78530	2.2110675083425906	0.1446125550000000	0.0986370700000000
586	12.70350	2.2259408110098340	0.1523301450000000	0.1010727600000000
590	12.66740	2.2249458399972406	0.1197681050000000	0.1002527200000000
592	12.65950	2.2245481664316649	0.1372547600000000	0.0804847400000000
595	12.64030	2.2025954658982383	0.1468692500000000	0.0931590800000000
598	12.62770	2.2110509816300237	0.1370574950000000	0.0904110400000000
599	12.62770	2.1658074850502618	0.1566328450000000	0.0466993350000000
600	12.60080	2.2158844967712552	0.1583390450000000	0.0772750400000000
602	12.59990	2.2209374735776635	0.1768140450000000	0.1545848550000000
605	12.58840	2.2221062365926465	0.1423729200000000	0.0952812150000000
606	12.57920	2.4184720130233743	0.2996360150000000	0.1530888900000000
610	12.56820	2.2237116272185267	0.1410035550000000	0.1058042700000000
611	12.56820	2.2123351413275278	0.1370276200000000	0.0606654700000000
615	12.55630	2.2298788914675880	0.1571256700000000	0.0967646400000000
621	12.52900	2.2295123441172087	0.1433861450000000	0.0950512350000000
623	12.52010	2.2623637411692288	0.1625684450000000	0.0875843750000000
624	12.48940	2.1745436950590262	0.1477781300000000	0.0648401450000000
627	12.46550	2.2191414956627584	0.1075261800000000	0.1051145400000000
629	12.44730	2.2140121101046808	0.1360127500000000	0.1034618600000000
631	12.43320	2.2334817266909486	0.1488778250000000	0.0435932700000000
632	12.42190	2.2071194180796185	0.1407127000000000	0.0940742500000000
633	12.42190	2.2191640277746822	0.1267162650000000	0.0416832850000000
634	12.41290	2.2232832211804516	0.1199762550000000	0.0817129950000000
639	12.39250	2.2308330955760511	0.1516356450000000	0.1092519150000000
58	42.54600	2.2278699841389695	0.1786643300000000	0.1179731250000000
59	42.54600	2.2067506474646388	0.1379677700000000	0.0955539850000000
60	42.09350	2.2080633137202184	0.1407843000000000	0.0916894650000000
640	12.36280	2.2042113249432247	0.1638375050000000	0.0807386850000000
642	12.35490	2.2097266300496230	0.1157223250000000	0.0682743000000000
645	12.34660	2.2333090845021242	0.1689272700000000	0.0631254050000000
649	12.32760	2.2099862755456883	0.1580225700000000	0.0900091850000000
651	12.31590	2.2249637255053583	0.1498547150000000	0.0834168950000000
654	12.30290	2.1757242557113834	0.1432878300000000	0.0777712650000000
660	12.28060	2.2268491305233651	0.1333806950000000	0.0568301500000000
672	12.26710	2.2351314366502888	0.1632032550000000	0.0793109500000000
674	12.26040	2.1948033718645905	0.1594692850000000	0.0701851900000000
676	12.25110	2.2341047160394263	0.1576264750000000	0.1231438050000000
679	12.25070	2.2126523644638820	0.1778258050000000	0.1279312300000000
681	12.24980	2.1879545545965349	0.1594936350000000	0.0856800350000000
683	12.24970	2.1991589458241405	0.1334624100000000	0.0717087100000000
688	12.24830	2.2350604190376733	0.1502071000000000	0.0674259350000000
693	12.24590	2.2167125410260438	0.1143476200000000	0.0694113450000000
695	12.24330	2.2235349850864274	0.1215457650000000	0.0741865300000000
698	12.24100	2.2361951013754884	0.1471491400000000	0.0413256350000000
708	12.23660	2.3206974323449470	0.2296879700000000	0.0768547000000000
709	12.23660	2.2352861415370069	0.1443550800000000	0.1118269250000000
714	12.23160	2.1796431857103249	0.1635638350000000	0.0591585800000000
64	36.87240	2.2100211622153667	0.1331280250000000	0.0682287000000000
65	36.87240	2.1886847559598097	0.1441586150000000	0.0943428150000000
68	34.70490	2.1764683387574562	0.1416617800000000	0.1091565050000000
69	34.70490	2.1912025840887024	0.1495007650000000	0.0668703650000000
71	34.34650	2.1993417572963745	0.1214933150000000	0.1013833500000000
721	12.20990	2.1973188820842360	0.1405178200000000	0.0336552150000000
724	12.19220	2.2862887909798979	0.2211422450000000	0.1432075650000000
726	12.19070	2.2334184043227916	0.1286692600000000	0.0743959000000000
729	12.18790	2.2200246408896263	0.0908726150000000	0.0420466200000000
736	12.18220	2.2081647705475160	0.1533441600000000	0.0932694000000000
739	12.17880	2.1761553914026259	0.1305730100000000	0.0976772150000000
741	12.17800	2.2325223426151557	0.1732212050000000	0.1297032850000000
746	12.16690	2.2328461971244007	0.1572262900000000	0.0879704700000000
749	12.16000	2.1629572692292518	0.1277189850000000	0.0625461550000000
751	12.14600	2.2173207350679465	0.1582361450000000	0.0962007900000000
756	12.04910	2.2345418159474182	0.1694456900000000	0.0933616350000000
758	12.04560	2.3389288202905356	0.2370899950000000	0.1061199050000000
759	12.04560	2.2481199603706781	0.1773115750000000	0.0990033950000000
761	12.03310	2.2005831292732898	0.1353819250000000	0.0758514300000000
762	11.98980	2.2125504331291115	0.1431256700000000	0.0903690250000000
763	11.98980	2.1845295368748316	0.1411017250000000	0.0654540400000000
766	11.96070	2.1992227511930911	0.1259688000000000	0.0953623500000000
768	11.93360	2.2214623091872241	0.1622213750000000	0.0990844900000000
771	11.91480	2.1927805989789855	0.1452938550000000	0.1074819550000000
773	11.90250	2.2317684844471608	0.1598772500000000	0.1048193500000000
775	11.87410	2.2266814644853623	0.1644605550000000	0.1071649900000000
779	11.86530	2.2251888661280614	0.1466515450000000	0.0757703800000000
780	11.85060	2.2288477032616498	0.1260529350000000	0.0921125850000000
786	11.81710	2.2192458190900370	0.1470715500000000	0.0923569300000000
791	11.79730	2.2342850228385926	0.1395175300000000	0.1041255250000000
797	11.77000	2.2246570149986660	0.1359931950000000	0.0957063700000000
798	11.74940	2.2216118588219405	0.1113116550000000	0.1012543250000000
74	32.32140	2.1916166237845713	0.1394597900000000	0.0739595150000000
75	32.32140	2.2097914224180304	0.1579703450000000	0.0824974300000000
