3	144.83400	2.1966947614193901	0.1371454150000000	0.0891990800000000
4	141.17100	2.1992423553841682	0.1339659200000000	0.1007924300000000
802	11.74220	2.2323212807149568	0.1293114050000000	0.0929601500000000
812	11.72650	2.2001321771299689	0.1561123800000000	0.1070957050000000
817	11.72430	2.1948299443349817	0.1550005100000000	0.0838134800000000
821	11.72220	2.2451155122291158	0.1718051500000000	0.1405866100000000
828	11.71240	2.1883591079887421	0.1316923400000000	0.0679721850000000
829	11.71240	2.3258418204032334	0.2238757900000000	0.0481268750000000
830	11.71140	2.2360470037509717	0.1398190700000000	0.0714679400000000
832	11.71070	2.1754800932339973	0.0944703550000000	0.0702028100000000
833	11.71070	2.1795581692636445	0.1325757850000000	0.0651789050000000
836	11.70160	2.2283765342584148	0.1442313200000000	0.0786774400000000
837	11.70160	2.2311707569632802	0.1651833600000000	0.0819481650000000
839	11.70000	2.2313582977317905	0.1040967150000000	0.0651469250000000
841	11.70000	2.2047621913145239	0.1509287250000000	0.1025723550000000
842	11.70000	2.1682632783474962	0.1256278100000000	0.0662611650000000
843	11.70000	2.3898069509044655	0.2577764800000000	0.0738687500000000
845	11.70000	2.1750071367702328	0.1146487150000000	0.0362092950000000
847	11.70000	2.2244449676939220	0.1436590850000000	0.0963353500000000
856	11.70000	2.2244049474633716	0.1109110250000000	0.0754140900000000
858	11.70000	2.2190289575052224	0.1323470900000000	0.0897103150000000
862	11.70000	nan	nan	0.0000000000000000
867	11.70000	2.4525001607091537	0.2550593600000000	0.0829150750000000
869	11.70000	2.2357895616129588	0.1453684900000000	0.1049837000000000
870	11.70000	2.2299012965617799	0.1796410500000000	0.1337858700000000
873	11.70000	2.2324297207620618	0.1384847050000000	0.0988967600000000
874	11.70000	2.2334389980540874	0.1484542500000000	0.0837672700000000
80	26.68980	2.2122459275203057	0.1407225150000000	0.0905131800000000
81	26.68980	2.3998181812688539	0.2556625000000000	0.1688839250000000
82	26.48190	2.2343038996924758	0.1575475750000000	0.1206767400000000
83	26.48190	2.2168720044499231	0.1519207600000000	0.0954488850000000
85	26.46800	2.2103832875689027	0.1034925100000000	0.0787239950000000
881	11.70000	2.2045815642753408	0.1548049750000000	0.0903460650000000
886	11.69360	2.2060487225092804	0.1587743000000000	0.0687200300000000
887	11.69360	2.1899971313207551	0.1163787250000000	0.0922187600000000
888	11.68810	2.2405178195159587	0.1642693350000000	0.1028047650000000
894	11.67530	2.1824135735210741	0.1265320850000000	0.0898132450000000
895	11.67530	2.2143741500831458	0.1268185500000000	0.0515396750000000
901	11.67020	2.2013709493634837	0.1546745700000000	0.0928420950000000
907	11.63960	2.2147737807718166	0.1255149850000000	0.0539769900000000
908	11.63210	2.2310696542587674	0.1454053700000000	0.0698498350000000
910	11.62890	2.2406184203746613	0.1506400350000000	0.0909244200000000
912	11.62220	2.1650120630745318	0.1320022150000000	0.0638072350000000
914	11.61880	2.2081134513838081	0.1493735600000000	0.0982544450000000
915	11.61880	2.2183366412759531	0.1354979550000000	0.0992747600000000
917	11.60350	2.2268115761234446	0.1184607250000000	0.0618424950000000
920	11.59250	2.2245327247423581	0.1393416150000000	0.0820496400000000
923	11.58810	2.2239888768541758	0.1210785000000000	0.0876943750000000
925	11.57950	2.2296536435419259	0.1213470700000000	0.0593610200000000
932	11.52700	2.2306678478871902	0.1338385850000000	0.0655888750000000
938	11.52030	2.1908929031608277	0.1308012450000000	0.1037157850000000
947	11.50830	2.2316818706604464	0.1305185800000000	0.0886995650000000
949	11.50430	2.2268605140054110	0.1429876050000000	0.0798185850000000
952	11.48170	2.2359342505818129	0.1474608050000000	0.0464000800000000
953	11.48170	2.2376821138521841	0.1414100600000000	0.1223002750000000
955	11.47710	2.2204748523511748	0.0771008000000000	0.1216107050000000
88	26.22460	2.2004281413471571	0.1414809700000000	0.0935403800000000
89	26.22460	2.2057890887601510	0.1322894700000000	0.1042329800000000
90	25.99150	2.2085647377282829	0.1600797550000000	0.0908456200000000
91	25.99150	2.1978541588375200	0.1075734150000000	0.0761435450000000
964	11.45440	2.2113156541494403	0.1240666950000000	0.0807299150000000
965	11.45440	2.1625285732994644	0.1364374650000000	0.0525301900000000
976	11.41910	2.1960012700851066	0.1525730450000000	0.0923884500000000
979	11.41090	2.3002481814214382	0.1866509050000000	0.1528363800000000
980	11.39810	2.2303521408547184	0.1320641800000000	0.0847596350000000
984	11.38880	2.2191870576589743	0.1645699000000000	0.0465523400000000
986	11.38710	2.2164288607300793	0.1298947300000000	0.0903907600000000
988	11.38180	2.2144974600572525	0.1672034900000000	0.1314252450000000
996	11.35540	2.2009419818077407	0.1474732500000000	0.1030970100000000
1000	11.34480	2.1890913121484683	0.1457524250000000	0.0736380950000000
1004	11.32070	2.2293548644627408	0.1284517700000000	0.0858949100000000
1006	11.30660	2.2822248373740015	0.2090616700000000	0.0965673100000000
1010	11.30350	2.2154584612630717	0.1455454950000000	0.1028787500000000
1011	11.30350	2.2124592959712519	0.0998149900000000	0.0554297200000000
1012	11.28590	2.2160018199475533	0.1225531400000000	0.0879193250000000
1015	11.28320	2.2294615457851239	0.1533572150000000	0.1032729700000000
1016	11.27850	2.2348097859778666	0.1538866350000000	0.1280358400000000
1018	11.27530	2.2015604533961812	0.1321661350000000	0.0516885400000000
1028	11.26650	2.2326002305717285	0.1947340750000000	0.1327156600000000
1032	11.24410	2.2205716706963350	0.1082581300000000	0.0911746350000000
1036	11.23560	2.2244262384677058	0.1552443550000000	0.0886926200000000
1039	11.23230	2.2272477606086816	0.1516916950000000	0.0791374950000000
99	24.92170	2.2003052451858336	0.1390999700000000	0.0883271900000000
103	24.57650	2.1766474486368304	0.1422621250000000	0.0900599500000000
1040	11.22350	2.2375582576621160	0.1493886600000000	0.1235481850000000
1047	11.18810	2.2420097235290060	0.1821613000000000	0.1139871650000000
1048	11.18260	2.2621354094744959	0.1465703300000000	0.1108967950000000
1050	11.18250	2.2252112014160774	0.0805633150000000	0.0603507500000000
1053	11.18230	2.2319910936056813	0.1357629800000000	0.0805973150000000
1055	11.17720	2.2039771565521513	0.1314918850000000	0.0819844150000000
1056	11.17510	2.2290939366532219	0.1282068100000000	0.0852191400000000
1060	11.14950	2.2263236289881148	0.1295785700000000	0.0797785500000000
1065	11.13930	2.2262337843272895	0.1486821450000000	0.0839004600000000
1067	11.13620	2.1887236050659280	0.1495236450000000	0.0423809150000000
1071	11.11750	2.2025194556900054	0.1753039950000000	0.1233650400000000
1074	11.08920	2.2245243037624522	0.1189053900000000	0.0500896300000000
1076	11.07770	2.2372742008351456	0.1628880450000000	0.1157034450000000
1080	11.06540	2.2357925221081540	0.1576271000000000	0.1235459200000000
1082	11.06380	2.1824135198522034	0.1734188550000000	0.0899710100000000
1083	11.06380	2.2425574369298364	0.1422523350000000	0.0792671600000000
1084	11.06310	2.2282050779174085	0.1317039050000000	0.0646480800000000
1085	11.06310	2.2311435612457591	0.1510970250000000	0.0829623950000000
1087	11.05860	2.2261371137568164	0.1464431150000000	0.1161072650000000
1092	11.03460	2.2040583308343185	0.1306160900000000	0.0916463250000000
1093	11.03460	2.2098259739949846	0.1435783150000000	0.0513218600000000
1099	11.02590	2.2094915958179406	0.1448563950000000	0.1015337450000000
1106	10.97450	2.2090126714674043	0.1492798600000000	0.1147526450000000
1111	10.96410	2.2366974883678497	0.1283501150000000	0.0825534600000000
1114	10.95360	2.2020579556089506	0.1017998150000000	0.0899194050000000
1117	10.93930	2.2491628552987737	0.1373521350000000	0.1200080700000000
104	24.51240	2.2125881530890190	0.1209565700000000	0.1011154450000000
110	23.82210	2.1985190108792869	0.1398136700000000	0.0896135800000000
111	23.82210	2.2107356977287829	0.1622171150000000	0.1079781650000000
1127	10.92830	2.2320957725092638	0.0862885050000000	0.0481529100000000
1129	10.92790	2.2405725912863557	0.1446377300000000	0.0771611850000000
1137	10.92380	2.2145971569341536	0.1169507850000000	0.0721986600000000
1140	10.92290	2.2083712027095546	0.1206811400000000	0.0814857350000000
1145	10.92230	2.2320767509258235	0.1430500350000000	0.0455273400000000
1146	10.92210	2.2381673224242689	0.1584250700000000	0.0828778900000000
1147	10.92210	2.2356308026459293	0.1459841650000000	0.1271089800000000
1152	10.91860	2.2371245037668235	0.1426570600000000	0.0467248250000000
1154	10.91650	2.2197152190849025	0.0676974450000000	0.0921120150000000
1155	10.91650	2.2383156691915325	0.1328682900000000	0.0772658550000000
1158	10.90520	2.2287617562814912	0.1460189750000000	0.1152128650000000
1160	10.90250	2.2109586916072348	0.1365709150000000	0.0882008200000000
1161	10.90250	2.2149263031305435	0.1421298650000000	0.0419582550000000
1163	10.90130	2.2383800523698065	0.1576247250000000	0.1230158150000000
1165	10.89690	2.2295094327421547	0.1564618300000000	0.1055654250000000
1169	10.88480	2.2392134026256070	0.1240848750000000	0.0836167350000000
1171	10.88460	2.2039801573185911	0.1590797700000000	0.0659378600000000
1172	10.88410	2.2047834417665633	0.1699332500000000	0.0727536750000000
1173	10.88410	2.1890975292255583	0.1313239700000000	0.0383217750000000
1176	10.88150	2.1969030821050346	0.1557232450000000	0.1102818600000000
1177	10.88150	2.1678727601371057	0.1267217200000000	0.0625682350000000
1179	10.84320	2.2370936585640129	0.1586288450000000	0.0770994500000000
1182	10.82110	2.2332995334299501	0.1574969100000000	0.0991895450000000
1185	10.76010	2.2368310936336835	0.1380931650000000	0.0970517900000000
1191	10.62350	2.2381546740180824	0.1393424450000000	0.0621304850000000
1193	10.61910	2.2079367196490320	0.1235080950000000	0.0765147600000000
1195	10.61840	2.2040194879788801	0.1497973150000000	0.0690353250000000
1196	10.61790	2.2446972485571108	0.1340570600000000	0.0833011350000000
1207	10.61610	2.2439629984367127	0.1632358100000000	0.1197777450000000
1215	10.61230	2.2001965951251368	0.1566955300000000	0.0980111850000000
1216	10.61210	2.2311030272836856	0.1600037400000000	0.0936211450000000
1217	10.61210	2.2230955122665792	0.1623070150000000	0.0883421550000000
1218	10.61090	2.3677056202384326	0.2478638700000000	0.0989445500000000
1223	10.61040	2.2047612034918811	0.1311716250000000	0.0717521550000000
1224	10.61010	2.2034906043251978	0.1706812550000000	0.0767286850000000
1228	10.58910	2.2265345570076263	0.1259106850000000	0.0894914750000000
1229	10.58910	2.2306172708299736	0.1590711250000000	0.1214704200000000
1230	10.58300	2.2047871082687807	0.1463710100000000	0.0836702100000000
1232	10.54440	2.2275355288729042	0.1502325850000000	0.1106471050000000
1234	10.52320	2.2128356283132455	0.1135967700000000	0.0577666700000000
1237	10.51650	2.2076492397052876	0.1708036800000000	0.1373528350000000
1240	10.47010	2.2430354621538204	0.1393792550000000	0.1120136400000000
1242	10.46930	2.2565898033613205	0.1997843300000000	0.0942469250000000
1243	10.46930	2.2276579375262733	0.1409204050000000	0.0957439000000000
1249	10.42930	2.2023360843041169	0.1313051800000000	0.0840682450000000
1251	10.41750	2.2241649191639534	0.1527039300000000	0.0791453550000000
1254	10.39910	2.2055564168699364	0.1195897150000000	0.1007576100000000
1255	10.39910	2.2315827395793844	0.1422278450000000	0.1008068750000000
1256	10.39850	2.2385459113802817	0.1433751400000000	0.0689619650000000
1258	10.39810	2.2218099799845388	0.1572796200000000	0.0731894350000000
1262	10.37670	2.2521639947851790	0.1772263200000000	0.1056423600000000
1264	10.36310	2.2470351760219422	0.1545179600000000	0.1252519400000000
1265	10.36310	2.2409669131028562	0.1536841300000000	0.0788391250000000
1266	10.35950	2.2367859396908414	0.1514101850000000	0.0652289350000000
1272	10.34210	2.2185073324035494	0.1349805150000000	0.0902763800000000
1273	10.34210	2.2207177909590583	0.1488356650000000	0.1021443450000000
1275	10.34030	2.2982080470276300	0.2011146450000000	0.0944150250000000
1278	10.33740	2.1992186954546100	0.1379709150000000	0.0737356300000000
1279	10.33740	2.2262958794751495	0.1075242850000000	0.0481712000000000
120	22.50900	2.2113771812407150	0.1324955750000000	0.1167972850000000
121	22.50900	2.2075513842168206	0.1451285450000000	0.0872671800000000
122	21.95780	2.2046561376893035	0.1455453650000000	0.0341310350000000
123	21.95780	2.2076270302698648	0.1168228200000000	0.0625214600000000
126	21.78800	2.2102900097854787	0.1624822100000000	0.0942029550000000
127	21.78800	2.2223593206245842	0.1621940700000000	0.1035497200000000
1280	10.32880	2.2467150134320226	0.1601016100000000	0.1415006350000000
1285	10.32170	2.2164711339349172	0.1507166550000000	0.0620631450000000
1286	10.32150	2.2318676000691391	0.1493360450000000	0.0951732350000000
1293	10.29770	2.2287718894798432	0.1455510300000000	0.1078721050000000
1297	10.29030	2.2154184320671231	0.1673677350000000	0.0875630150000000
1300	10.28650	2.2376166880042594	0.1437786700000000	0.0766095600000000
1305	10.28410	2.2464658028650581	0.1412709600000000	0.1439568600000000
1314	10.27740	2.2347822289816350	0.1358706450000000	0.0744192750000000
1320	10.26090	2.1686441497941016	0.1346512400000000	0.0504905100000000
1321	10.26090	2.2305913091542742	0.1507745750000000	0.1024324900000000
1324	10.25040	2.2365586161420943	0.1177830000000000	0.0920714400000000
1325	10.25040	2.2384749013483618	0.1476359700000000	0.0817836650000000
1326	10.23910	2.2255183447746369	0.1229696750000000	0.0742639900000000
1328	10.23050	2.2237746984403124	0.0971621000000000	0.1357538000000000
1333	10.20550	2.1963340023300342	0.1248347000000000	0.0837145950000000
1334	10.20380	2.2165700594226867	0.1120162050000000	0.0664825400000000
1339	10.19020	2.1809382917302220	0.1356828500000000	0.0805970400000000
1342	10.18510	2.2378437836899590	0.1530625150000000	0.1157866200000000
1345	10.18490	2.2448711324065522	0.1739311850000000	0.0823896850000000
1346	10.18350	2.2365565887098864	0.1266289150000000	0.0745575450000000
1359	10.16060	2.2437112231284000	0.1735756150000000	0.0649433600000000
131	21.40930	2.2107253775931768	0.1360899100000000	0.0963710600000000
133	21.29740	2.2045317707287881	0.1452044150000000	0.0927583300000000
134	21.21890	2.2179106383639695	0.1581627850000000	0.0324808550000000
135	21.21890	2.2154105668325941	0.1668939450000000	0.1155851550000000
1360	10.15810	2.2127189700095289	0.1157852700000000	0.1033683750000000
1361	10.15810	2.2273274516075796	0.1195362650000000	0.0895094150000000
1362	10.15700	2.2024577065583362	0.1435597500000000	0.0713099200000000
1365	10.15050	2.2492138459692028	0.1661005100000000	0.1298936950000000
1366	10.15010	2.2357662614451344	0.1480854650000000	0.1176169300000000
1375	10.14090	2.2416665388427850	0.1313167700000000	0.0848728650000000
1376	10.13960	2.1963296560077796	0.1360820750000000	0.0497529350000000
1377	10.13960	2.1834962397713866	0.1482105000000000	0.0469971150000000
1379	10.13950	2.2461979288245093	0.1557663650000000	0.1162767600000000
1380	10.12850	2.2324268570318653	0.1448250450000000	0.0952553850000000
1381	10.12850	2.1802451794921049	0.1447046200000000	0.0734101350000000
1382	10.12620	2.2432580380939369	0.1596986400000000	0.0774596650000000
1383	10.12620	2.2105318519659627	0.1588412650000000	0.0846298150000000
1386	10.12610	2.2006474172477981	0.1326223050000000	0.0915280750000000
1395	10.12330	2.2086800681419239	0.1391588000000000	0.0404110400000000
1396	10.12260	2.2304130278046088	0.1347081100000000	0.1107401600000000
1409	10.07350	2.1738731391859480	0.1395287300000000	0.0754639350000000
1415	10.06280	2.2301185328913844	0.1368346950000000	0.0845704650000000
1417	10.05140	2.2272402099019502	0.1450967350000000	0.1010323200000000
1418	10.04880	2.1829151151426647	0.0984860900000000	0.0461894800000000
1430	10.00540	2.2328013486319267	0.1388163000000000	0.0935549300000000
1433	9.97105	2.2139358451575069	0.0974710450000000	0.0932057450000000
1434	9.95261	2.2028928748252401	0.1663267550000000	0.0776082800000000
1436	9.94991	2.2103497125794238	0.1412891800000000	0.1044175500000000
1437	9.94991	2.2203742729681384	0.1017326550000000	0.0867397900000000
1439	9.93271	2.2350153874162721	0.1402388350000000	0.0678609600000000
138	20.82900	2.2183536801754182	0.1358990750000000	0.1184872600000000
142	20.48610	2.2180625008844679	0.1573362700000000	0.1095935750000000
143	20.48610	2.1963232576992771	0.1441335800000000	0.0973138450000000
1441	9.90524	2.3119298464359161	0.2320740700000000	0.1015763300000000
1442	9.82061	2.2398689979169260	0.1372285100000000	0.1082242100000000
1446	9.79928	2.2321472737907828	0.1376215450000000	0.0848946800000000
1449	9.79831	2.2063714190229047	0.1547952800000000	0.0954394250000000
1452	9.79790	2.2011384545541879	0.1347942950000000	0.1024825050000000
1459	9.79694	2.2311409640620767	0.1205069700000000	0.0850182500000000
1462	9.79521	2.2300878298408962	0.1757701650000000	0.0912472350000000
1464	9.79515	2.2450759529395476	0.1389349700000000	0.0780842600000000
1469	9.79345	2.2180218691584548	0.1591945250000000	0.1058759950000000
1471	9.79320	2.2090676643901213	0.1512724750000000	0.1021146400000000
1475	9.79288	2.2407606359460077	0.1452456400000000	0.0834722850000000
1479	9.79166	2.2190894897423870	0.1051454450000000	0.0995748100000000
1481	9.79145	2.2414268572871925	0.1521148500000000	0.1293396000000000
1492	9.72526	2.2419826093019446	0.1333237500000000	0.0544140350000000
1497	9.70935	2.2399497325163980	0.1495123600000000	0.0654679350000000
1498	9.69595	2.2309464450147329	0.1132366050000000	0.0826163400000000
1500	9.67046	2.2280341795705900	0.1035292900000000	0.0904459500000000
1510	9.67000	2.1753919588574253	0.1578398750000000	0.0638093300000000
1514	9.66336	2.2445916694490058	0.1504253800000000	0.0733731800000000
1516	9.66178	2.2350472810590678	0.1528259950000000	0.1029648250000000
1517	9.66178	2.1965944971971458	0.1355843150000000	0.0704983400000000
1518	9.66145	2.2130574515772632	0.1455495350000000	0.0964203250000000
147	20.23890	2.2123693666170370	0.1842248600000000	0.1438189350000000
148	20.14810	2.2085901637688581	0.1290438850000000	0.0814665500000000
1525	9.66111	2.2155047783963342	0.1651065900000000	0.1108603300000000
1526	9.66104	2.2413509771241955	0.1793632750000000	0.0886462950000000
1529	9.66080	2.2152334226300430	0.1368906100000000	0.0884311300000000
1531	9.65958	2.2304776897752885	0.1444312400000000	0.0890526500000000
1537	9.65484	2.2371164807074329	0.1466013050000000	0.1105047500000000
1539	9.65423	2.2224859940299266	0.0900885850000000	0.1421001050000000
1541	9.65415	2.2339595960402141	0.1237926100000000	0.0542287200000000
1543	9.65411	2.2449596150063300	0.1296934300000000	0.0979951450000000
1548	9.65323	2.2391102499278630	0.1618160350000000	0.0792900900000000
1549	9.65323	2.2409340380745908	0.1517804350000000	0.1006860000000000
1554	9.62796	2.2108683422732822	0.1353367700000000	0.0602556950000000
1557	9.62658	2.2161788965504163	0.1583438050000000	0.0905104400000000
1562	9.61583	2.2466841420774264	0.1417526800000000	0.1232361800000000
1569	9.61229	2.2305881851368063	0.1661743900000000	0.0364267150000000
1572	9.60674	2.2274031540693939	0.1533821550000000	0.0571662800000000
1586	9.59731	2.2792383733296933	0.1412255600000000	0.1683244150000000
1590	9.59629	2.2359673052979105	0.1100003600000000	0.0873233700000000
9	139.63100	2.3676463487372055	0.2552967850000000	0.0652482400000000
13	126.69400	2.3213314431358278	0.2633899250000000	0.1323861250000000
1601	9.58934	2.2015694610075842	0.1484336350000000	0.0535720700000000
1603	9.58931	2.2178366283147160	0.1483082500000000	0.0862281150000000
1606	9.58877	2.2454299180913111	0.1272739300000000	0.0877148050000000
1607	9.58877	2.2457168069610582	0.1433921400000000	0.1232977550000000
1609	9.58865	2.2283803640903130	0.1424670000000000	0.0994079350000000
1611	9.58849	2.2193532731116483	0.1474572550000000	0.0962873050000000
1613	9.58849	2.1954943184046374	0.1513293050000000	0.0838377750000000
1617	9.58787	2.1970279095513119	0.1325578250000000	0.0899364200000000
1619	9.58777	2.2176253017767613	0.1471064950000000	0.1194859300000000
1622	9.58663	2.2139974449234021	0.1382301200000000	0.0987381500000000
1624	9.58434	2.2068633122789278	0.1114590900000000	0.1172966000000000
1625	9.58434	2.2192589025754410	0.1602148750000000	0.0550937900000000
1626	9.58386	2.1702670873555339	0.0924625250000000	0.0400997450000000
1628	9.58364	2.2015478772041943	0.1138899450000000	0.1268342850000000
1629	9.58364	2.2249562361143975	0.1661706150000000	0.1157462600000000
1637	9.58269	2.2018139160387338	0.1614645000000000	0.0509082950000000
1640	9.58190	2.2477481349378325	0.1588582300000000	0.0613522000000000
1642	9.58167	2.1779725876150655	0.1245631900000000	0.0497050800000000
1645	9.58133	2.2434619252267414	0.1368211600000000	0.0719538750000000
1651	9.57473	2.2318480645453525	0.1017962950000000	0.0734858200000000
1658	9.57127	2.2165077555796255	0.1616508550000000	0.1070680500000000
1661	9.57124	2.2279895880191609	0.1330502500000000	0.0905500150000000
1663	9.57023	2.2317343444292521	0.1381384950000000	0.0937915650000000
1667	9.56748	2.2415682200542562	0.1459045700000000	0.1009173350000000
1669	9.56294	2.2426160285667085	0.1332359850000000	0.1095395150000000
1672	9.55930	2.2176869278649227	0.1429959250000000	0.0870603600000000
1674	9.55679	2.2273642822265756	0.1306305500000000	0.1109022350000000
1676	9.55202	2.2225092600317575	0.1560674800000000	0.0943471850000000
160	19.02050	2.2055218940020640	0.1363047250000000	0.0907885050000000
161	19.02050	2.2147516577363762	0.1617713600000000	0.0316207850000000
162	18.89830	2.2197435198752169	0.1715493800000000	0.1134018400000000
163	18.89830	2.2210274706079756	0.1598722100000000	0.0790238600000000
166	18.66980	2.2098622551206275	0.1389549300000000	0.0939478150000000
1680	9.54781	2.2403965488678304	0.1409949600000000	0.1140741250000000
1688	9.53021	2.1979276363297728	0.1480322900000000	0.1045678050000000
1692	9.52252	2.1852579317325467	0.1432349000000000	0.0563256150000000
1696	9.51582	2.2189592468765666	0.1516241150000000	0.0991245800000000
1698	9.51319	2.2229779412153738	0.1233478750000000	0.0824700100000000
1700	9.51255	2.2908651804953122	0.2101937850000000	0.1615289700000000
1702	9.51053	2.2089834929305212	0.1580736550000000	0.0919129800000000
1704	9.50834	2.2379161709996542	0.1354727450000000	0.0694523050000000
1711	9.50323	2.2062181017941378	0.1087772050000000	0.0614532650000000
1721	9.48442	2.1532426076511313	0.0970749550000000	0.0806567950000000
1739	9.43735	2.2365559525315661	0.1445903650000000	0.0630301200000000
1740	9.43695	2.2313159076407483	0.1435802600000000	0.0599575800000000
1742	9.41095	2.2176976832775055	0.1575344800000000	0.0932829800000000
1743	9.41095	2.2304125368373615	0.1400955100000000	0.0493108750000000
1746	9.36075	2.2335699000841016	0.1531331800000000	0.1123442200000000
1750	9.32657	2.2454859120546811	0.1503820150000000	0.1066888600000000
1752	9.31892	2.2426087892125226	0.1346428300000000	0.0821757800000000
1753	9.31892	2.2321052535194585	0.1439386450000000	0.0692120700000000
1756	9.30095	2.2185007097635991	0.1610733150000000	0.0980405900000000
1758	9.29419	2.2416137329207246	0.1529025050000000	0.1048262500000000
1759	9.29419	2.2379733681966143	0.1527939600000000	0.0879087350000000
171	18.56620	2.2202252370019631	0.1145256550000000	0.0422926150000000
172	18.38690	2.2133333891922242	0.1572211000000000	0.1235994000000000
174	18.33440	2.2000273982825589	0.1492351800000000	0.0937114150000000
175	18.33440	2.2147843729830021	0.1558910050000000	0.0607121600000000
1760	9.29040	2.2147310549143815	0.1397789400000000	0.1095180850000000
1763	9.28669	2.2399904297061215	0.1276302050000000	0.0623417850000000
1766	9.27618	2.2061522843078039	0.1326435250000000	0.1024082150000000
1769	9.27601	2.2342192843339261	0.1448272250000000	0.1054041650000000
1780	9.26310	2.1619592819842128	0.1332905600000000	0.0542948300000000
1783	9.25991	2.3843461094859677	0.2584113750000000	0.1148260000000000
1786	9.25823	2.2363985453438322	0.0943638400000000	0.1175800850000000
1788	9.25791	2.2443505926087028	0.1370467550000000	0.1198127150000000
1793	9.25719	2.2406824646035588	0.1417856850000000	0.1091756750000000
1794	9.25625	2.1676407574824501	0.1187834600000000	0.0578466650000000
1795	9.25625	2.2172968478686799	0.1588263800000000	0.0760719250000000
1797	9.25601	2.2276230659708420	0.1557334450000000	0.1185421050000000
1798	9.25564	2.2274134396765422	0.1027711950000000	0.0473176800000000
1800	9.25542	2.1999531618638115	0.1167606650000000	0.0426893900000000
1805	9.25320	2.2054514937502221	0.1588707550000000	0.1150327300000000
1806	9.25229	2.2037479058971110	0.1534348500000000	0.0905767450000000
1809	9.25199	2.2367228217173709	0.1425196450000000	0.1073303850000000
1812	9.24949	2.1985929020392900	0.1496011200000000	0.0713661700000000
1815	9.24858	2.2275791815669796	0.1473186050000000	0.0525686200000000
1816	9.24577	2.2347726961346495	0.1571763900000000	0.0844536900000000
1818	9.24519	2.2383924623985436	0.1412780300000000	0.1177845550000000
1821	9.24436	2.2403982390929538	0.1390476950000000	0.0314520550000000
1826	9.24000	2.2149847969691483	0.1259633100000000	0.0704668600000000
1827	9.24000	2.2245293881490693	0.1164499750000000	0.0761034100000000
1833	9.24000	2.2480885735302918	0.1671987200000000	0.1212272150000000
1834	9.24000	2.2512812306448842	0.1449167650000000	0.1169624900000000
1836	9.24000	2.2359386004464006	0.1201301600000000	0.0832702800000000
176	18.28240	2.2303663365362851	0.1593437300000000	0.0805322700000000
1845	9.24000	2.2249741224701363	0.1512520050000000	0.1051188100000000
1851	9.24000	2.2414002971049380	0.1428404900000000	0.0841205550000000
1853	9.24000	2.2425567041542096	0.1318794600000000	0.0625372600000000
1861	9.23882	2.2391481241217881	0.1320566700000000	0.1015386600000000
1862	9.23812	2.2272445256876074	0.1555277950000000	0.0935841400000000
1868	9.23567	2.2424714481639412	0.1343793800000000	0.0718611450000000
1871	9.23551	2.2013506608103972	0.1486211200000000	0.1210252100000000
1875	9.23490	2.1966558640830507	0.1374645000000000	0.0852006200000000
1876	9.23438	2.2243085379996992	0.1116366850000000	0.0872779300000000
1877	9.23438	2.2234253269154589	0.1555306900000000	0.1423715750000000
1878	9.23309	2.2332161453169612	0.1372472250000000	0.0975317550000000
1882	9.23219	2.2014970189828080	0.1661217950000000	0.0676045450000000
1885	9.23106	2.2403388515604341	0.1296648100000000	0.0709889150000000
1889	9.23018	2.2389652321334093	0.1519019250000000	0.1372074550000000
1890	9.22622	2.1720031367809867	0.1114414150000000	0.0878507200000000
1900	9.21053	2.2193643755257253	0.1200158600000000	0.0797182550000000
1903	9.19737	2.2304975925549195	0.1383751100000000	0.0567170050000000
1904	9.19634	2.2394372242835185	0.1354442050000000	0.0718688200000000
1908	9.18574	2.2031377507617207	0.1332057400000000	0.0963875000000000
1909	9.18574	2.2344128674227379	0.1675902050000000	0.0920208200000000
1914	9.18130	2.2445723118553804	0.1397579050000000	0.0805195700000000
1919	9.18028	2.2350383528769733	0.0992035950000000	0.0749152700000000
184	17.79570	2.2062360543418325	0.1473297750000000	0.1047220500000000
185	17.79570	2.2209960915485896	0.1455915950000000	0.1053337050000000
186	17.79430	2.2173061180969658	0.1184021900000000	0.1038491650000000
187	17.79430	2.2252644272953814	0.1404502100000000	0.1057383450000000
188	17.79230	2.2236502122015973	0.1522298150000000	0.1089995400000000
1920	9.17907	2.2256208435854457	0.1516863700000000	0.1101813750000000
1922	9.17791	2.2249688359808992	0.1502096900000000	0.0930980200000000
1927	9.17739	2.2374153470843248	0.1004459650000000	0.1004541000000000
1928	9.17710	2.1847242918547458	0.1741987000000000	0.0527563200000000
1930	9.17523	2.2048350238879362	0.1440646150000000	0.1171337300000000
1938	9.17204	2.2426001966161953	0.1477369950000000	0.0807343300000000
1939	9.17204	2.2396137250906847	0.1561521950000000	0.0530177650000000
1949	9.15790	2.2487037795854370	0.1556228550000000	0.1145693950000000
1950	9.15340	2.2054646352858769	0.1427469050000000	0.0881265400000000
1953	9.15240	2.2064932179816430	0.1578630000000000	0.1021915250000000
1955	9.15182	2.2196706430177771	0.1685283500000000	0.1306762550000000
1957	9.14276	2.2028474513153644	0.1413980850000000	0.0994578650000000
1965	9.14000	2.2221015035719596	0.1357473550000000	0.0895427800000000
1970	9.14000	2.2221822615598397	0.1569654500000000	0.0953224200000000
1971	9.14000	2.1977462332629494	0.1544796250000000	0.1067243200000000
1979	9.14000	2.2029815587652388	0.1527128400000000	0.0710921000000000
1981	9.14000	2.2335984861162901	0.1602493250000000	0.0449091950000000
1984	9.14000	2.1596628839135739	0.1003357450000000	0.0848889100000000
1985	9.14000	2.2183712711608536	0.1419196150000000	0.1440275600000000
1986	9.14000	2.2382603654580313	0.1472023500000000	0.0465248550000000
1990	9.14000	2.2057800417066096	0.1487258650000000	0.0890815550000000
1992	9.14000	2.2373512906081383	0.1370924400000000	0.1041746600000000
1999	9.14000	2.1771161636210214	0.1256075900000000	0.0644809800000000
193	17.71340	2.2204895545017918	0.1443398200000000	0.1148623600000000
196	17.66620	2.2074186043068256	0.1576364550000000	0.0888063950000000
197	17.66620	2.2071749369103491	0.1539427350000000	0.1054247750000000
2001	9.14000	2.2328843361486390	0.1166798300000000	0.0710129650000000
2005	9.13999	2.2359531190811772	0.1374411550000000	0.1268793950000000
2008	9.13770	2.2005785621181020	0.1261881100000000	0.1050325050000000
2009	9.13770	2.2411823512518478	0.1612954700000000	0.0849310750000000
2010	9.13758	2.2418549207274623	0.1525865700000000	0.0985512050000000
2012	9.13558	2.2419536301008702	0.1248022100000000	0.0865058050000000
2014	9.13489	2.2235015389596251	0.1588162450000000	0.1288469150000000
2021	9.13287	2.2024040208377778	0.1327457250000000	0.0927199250000000
2023	9.13245	2.2707525373796651	0.2162127350000000	0.0980806200000000
2026	9.13189	2.2125736833824265	0.0847280900000000	0.0494875700000000
2027	9.13189	2.2313068573556887	0.1611155050000000	0.0811587950000000
2030	9.11916	2.2081576704945531	0.1391282150000000	0.0821874050000000
2031	9.11916	2.2502196298448669	0.1654212650000000	0.1521115000000000
2032	9.11751	2.2416336069286689	0.1663141000000000	0.0891559050000000
2033	9.11751	2.2125757923132872	0.1496148200000000	0.0666943500000000
2034	9.10786	2.2300464940290299	0.1455368950000000	0.0719208900000000
2036	9.10508	2.2467724622169216	0.1641247200000000	0.0911806250000000
2037	9.10508	2.2822949984626666	0.1947585300000000	0.1286391950000000
2042	9.08550	2.2235477232654537	0.0919258400000000	0.1019765900000000
2045	9.06423	2.2425822946610334	0.1377384800000000	0.1010087300000000
2046	9.05605	2.2180326673363169	0.1657020350000000	0.1010473750000000
2049	9.04366	2.1874457636988964	0.0900789850000000	0.1056601800000000
2050	9.03912	2.2071136199895127	0.1588742300000000	0.0974552100000000
2051	9.03912	2.2333801604198005	0.1492773250000000	0.0969432900000000
2056	9.03142	2.2307480110900517	0.1555770250000000	0.1238184700000000
2057	9.03142	2.2316848056319425	0.1529564650000000	0.1031097700000000
2060	9.02477	2.2498237023326721	0.1571523050000000	0.1243088500000000
2062	9.02425	2.2344527723575700	0.1303303650000000	0.1017479850000000
2066	9.02185	2.2309811904212959	0.1379093150000000	0.1008134800000000
2067	9.02185	2.2462543838123126	0.1478003250000000	0.1402315100000000
2068	9.02041	2.2938807435117430	0.1971389850000000	0.1050662150000000
2069	9.02041	2.2378155709642780	0.1477768450000000	0.0729060450000000
2076	9.01653	2.2195179025873117	0.1516588600000000	0.1078388450000000
2077	9.01653	2.2461238942318036	0.1363183500000000	0.0807967650000000
207	17.27710	2.1887228180207545	0.1440566650000000	0.0846497700000000
2080	9.01619	2.2442583783848176	0.1672217800000000	0.1366424250000000
2083	9.01556	2.2034220753786244	0.1386948850000000	0.0951040250000000
2086	9.01160	2.2303548441473398	0.1512655850000000	0.1253453550000000
2088	9.01098	2.2354293492747028	0.1554927500000000	0.0680503600000000
2090	9.00911	2.2299178649137681	0.1101361600000000	0.0888334600000000
2091	9.00911	2.2101392399043891	0.1375382650000000	0.1072653050000000
2097	9.00734	2.2289308863135391	0.1563557200000000	0.0746640400000000
2099	9.00711	2.1674436272142312	0.1400347300000000	0.0834555500000000
2100	9.00469	2.2252405431184132	0.1531264450000000	0.0451951500000000
2113	8.99981	2.2234099571408170	0.1685600700000000	0.1215098850000000
2114	8.99965	2.2342995758685147	0.1440541350000000	0.0660699000000000
2124	8.99371	2.2225986264587902	0.1085228700000000	0.0770418400000000
2125	8.99371	2.2338420759256463	0.1575937450000000	0.1212705250000000
2128	8.99078	2.2358645363180578	0.1593522650000000	0.0880336900000000
2130	8.98943	2.2451867639608274	0.1321572100000000	0.0591359200000000
2132	8.98853	2.2370799133351791	0.1274417750000000	0.0906019850000000
2137	8.98743	2.2348156582347940	0.0961922650000000	0.0736277800000000
2141	8.98605	2.2480552143869481	0.1475553900000000	0.1005064600000000
2146	8.98340	2.2252952985626511	0.1436039400000000	0.0961642450000000
2149	8.98311	2.2124134234494774	0.2017573000000000	0.1145360050000000
2150	8.98274	2.2238901715762833	0.1499304350000000	0.0691696150000000
2152	8.98141	2.2447805979114763	0.1307609000000000	0.0921456250000000
2156	8.98000	2.1985145494110578	0.1569485000000000	0.0914771400000000
210	17.07690	2.2271086936874931	0.1425817600000000	0.0744317900000000
2161	8.98000	2.2382605205927182	0.1381251350000000	0.0911645950000000
2162	8.98000	2.2287307125535967	0.1786172250000000	0.0785801650000000
2164	8.98000	2.1865581797872697	0.1451006300000000	0.0545863350000000
2166	8.98000	2.2372203487805158	0.1589482350000000	0.0420348200000000
2167	8.98000	2.2334525239426872	0.1575923900000000	0.0863848700000000
2170	8.98000	2.2240167329319638	0.1513228450000000	0.1189174150000000
2171	8.98000	2.2511315578507407	0.1585595000000000	0.0839655200000000
2175	8.97946	2.2460942078032868	0.1340505950000000	0.0995756200000000
2176	8.97810	2.1960295790678650	0.1335129700000000	0.1031899850000000
2180	8.97481	2.1608812670083575	0.0937948750000000	0.0438954800000000
2182	8.97445	2.2471479881533978	0.1522592500000000	0.1252193750000000
2184	8.97257	2.2169367132011670	0.0695820950000000	0.1128131050000000
2190	8.96742	2.2359352887477852	0.1869705450000000	0.1285795700000000
2191	8.96742	2.2532018312677571	0.1404612050000000	0.0999441000000000
2194	8.96342	2.1595521085357423	0.1275259800000000	0.0604503250000000
2199	8.95967	2.2014792095364135	0.1460346700000000	0.0933523950000000
2207	8.95637	2.2171288957316162	0.1513417950000000	0.0875735750000000
2209	8.95617	2.2129917725514452	0.1401322350000000	0.1097333300000000
2212	8.95552	2.2382809919055169	0.1247901150000000	0.1004697900000000
2214	8.95525	2.2104027358092933	0.1363644300000000	0.0968937850000000
2216	8.95504	2.2448308920957549	0.1572376000000000	0.1091128750000000
2217	8.95504	2.2353418562970986	0.1214227650000000	0.0758182550000000
2222	8.95293	2.1834007424371671	0.1112089200000000	0.0768733350000000
2227	8.95171	2.2337307806088393	0.1677220250000000	0.0894663700000000
2228	8.95049	2.2108879312450509	0.1517174350000000	0.1044345650000000
2231	8.95019	2.2425662171027496	0.1638008850000000	0.1407088450000000
2234	8.94969	2.2402250216227806	0.1367432900000000	0.0827160000000000
217	16.98740	2.2055405928996543	0.1566213650000000	0.0790616600000000
218	16.98050	2.2100472175994921	0.1259485750000000	0.0642616800000000
220	16.93270	2.2163232126838870	0.1477959250000000	0.1163260300000000
2240	8.94271	2.1715408575894863	0.1671825300000000	0.1084008700000000
2241	8.94271	2.2275856590119680	0.1123073450000000	0.1295605350000000
2243	8.93885	2.2427926389365411	0.1130908800000000	0.0543044250000000
2244	8.93734	2.2369400806489348	0.1446155650000000	0.0926389150000000
2247	8.93637	2.2418072116214423	0.1501720800000000	0.0973151700000000
2254	8.92967	2.2184728331565111	0.0922276500000000	0.0779673750000000
2256	8.92952	2.2278893611521084	0.1176885500000000	0.0937316200000000
2259	8.92877	2.2068471435627077	0.1638893800000000	0.0930350050000000
2260	8.92662	2.2386616558460384	0.1351415800000000	0.0834635800000000
2264	8.92659	2.1891727559428062	0.1284283600000000	0.1049950900000000
2278	8.92315	2.2004475375134143	0.1502730500000000	0.1111825250000000
2279	8.92315	2.2252698490998601	0.1512099200000000	0.0930041550000000
2282	8.92271	2.2424792872424288	0.1445444100000000	0.1076336000000000
2283	8.92271	2.2056110233416550	0.1168994350000000	0.0785413750000000
2284	8.92246	2.2428579658247338	0.1524640900000000	0.1127657600000000
2286	8.91801	2.2431307771459008	0.1621797550000000	0.1059543050000000
2289	8.91786	2.2229551764509865	0.1347781250000000	0.0890144450000000
2293	8.91512	2.2393609125257457	0.1424068300000000	0.0997499700000000
2303	8.90204	2.2276464127050475	0.1551250050000000	0.1152862150000000
2304	8.89888	2.2459284615907102	0.1388000100000000	0.1205143600000000
2306	8.89326	2.2507456588347075	0.1473006600000000	0.1167838450000000
2311	8.88775	2.2257283281579987	0.1398739850000000	0.0802597000000000
2316	8.87173	2.2357101142641196	0.1512230150000000	0.0767020050000000
2320	8.86736	2.2282151861493453	0.1436656700000000	0.0896679800000000
2328	8.85706	2.1725465774027466	0.1355157900000000	0.0828186300000000
2331	8.85054	2.2504469207754618	0.1730931800000000	0.1201397550000000
2332	8.85044	2.2369291669376485	0.1400000650000000	0.1040530900000000
2335	8.85037	2.2419672386251341	0.1380343750000000	0.0983567800000000
2339	8.84617	2.2391831455249962	0.1697888300000000	0.0584959150000000
2342	8.83638	2.2523162947027817	0.1502741100000000	0.0572108300000000
2343	8.83638	2.2452234665965687	0.1501313550000000	0.0550939000000000
2347	8.82773	2.3483516378232441	0.2346437250000000	0.1065115700000000
2349	8.82689	2.2384861033872645	0.1428094700000000	0.0768818800000000
2350	8.82364	2.2211968204096673	0.1315113950000000	0.1333972650000000
2352	8.81628	2.2422111582677320	0.1534258950000000	0.0911868900000000
2354	8.81623	2.2457006102815473	0.1337151450000000	0.0864513800000000
2355	8.81623	2.1936667104637824	0.1570551300000000	0.0481821300000000
2357	8.81004	2.2526793457274006	0.1333447550000000	0.0679991200000000
2363	8.80658	2.2371748024611064	0.1306329850000000	0.1132947800000000
2365	8.80631	2.3132962807717923	0.2323875400000000	0.1524959550000000
2368	8.79150	2.2370658772761973	0.1368256350000000	0.1238948500000000
2372	8.78074	2.2262661630595879	0.1362669300000000	0.0676253750000000
2374	8.77878	2.2194885928490402	0.1203946800000000	0.0772802700000000
2375	8.77878	2.2217534540832520	0.1478583300000000	0.0937539200000000
2376	8.77192	2.2496179397867748	0.1801362700000000	0.0956406950000000
2379	8.75648	2.2193674377246038	0.1691774650000000	0.0488320500000000
2380	8.75301	2.2484792362880888	0.1321545550000000	0.0998941500000000
2381	8.75301	2.2439526963288081	0.1367783750000000	0.0314783300000000
2384	8.74216	2.2144937302296581	0.1272070300000000	0.0349250800000000
2387	8.74090	2.2079392272678882	0.1048691550000000	0.0712653500000000
2390	8.73721	2.2408390807602463	0.1463564800000000	0.0455982850000000
2397	8.72279	2.2142551428448338	0.1361717300000000	0.0935115200000000
2399	8.71645	2.2285296018533769	0.1572435350000000	0.0602849900000000
232	16.86620	2.2190998897592382	0.1531198900000000	0.0869051200000000
236	16.81790	2.2278515880675007	0.1523270250000000	0.1163477100000000
239	16.79440	2.2028395592860321	0.1518323950000000	0.0637869100000000
17	118.50600	2.2029662651243429	0.1200385200000000	0.0573590600000000
18	117.68400	2.1899583351630216	0.1403365150000000	0.1223146650000000
19	117.68400	2.2028809306597879	0.1674764000000000	0.0882186100000000
2402	8.70886	2.2311511769908710	0.1442881400000000	0.0990953500000000
2403	8.70886	2.2220902961040596	0.1203013450000000	0.0982974000000000
2404	8.70243	2.2359113714542804	0.1792354400000000	0.1337179350000000
2406	8.69579	2.2410633920679945	0.1286975450000000	0.0591109200000000
2409	8.69451	2.2308338203813722	0.1323676250000000	0.0990935600000000
2414	8.67928	2.2270628841560987	0.1468305000000000	0.1005233500000000
2416	8.66682	2.2358752839321285	0.1589151100000000	0.1219598200000000
2417	8.66682	2.2403639933350084	0.1239656700000000	0.0899724600000000
2418	8.66452	2.2148725742461379	0.1010810750000000	0.0796687100000000
2425	8.64481	2.2375200122304002	0.1779200400000000	0.1337623300000000
2426	8.64296	2.1966339766079082	0.1478359350000000	0.0732807300000000
2431	8.62991	2.2508166229981788	0.1483409400000000	0.0559285650000000
2433	8.62916	2.2451798452947602	0.1202542800000000	0.0994408100000000
2434	8.62915	2.2383993194961125	0.1370298150000000	0.0855985100000000
2440	8.62799	2.1855167912747078	0.1565078550000000	0.0815131850000000
2449	8.62562	2.2332778435273379	0.1405718150000000	0.1028421300000000
2454	8.62494	2.2323858064308024	0.1549877750000000	0.1092343750000000
2460	8.62151	2.1853359735336588	0.1325739400000000	0.0860457450000000
2463	8.62143	2.2126160239435779	0.0824766700000000	0.0853329700000000
2464	8.62139	2.2390436912972116	0.1152830500000000	0.0967009600000000
2470	8.60630	2.2413201796531381	0.1108080800000000	0.0813378000000000
2471	8.60630	2.2316281995732075	0.1553907300000000	0.0904818000000000
2477	8.58354	2.2455770778666020	0.1348119900000000	0.0587577350000000
241	16.69370	2.1878696507205033	0.1104333250000000	0.0932899550000000
243	16.68240	2.2107724989466426	0.1244932900000000	0.0676545650000000
244	16.67950	2.2182800439167094	0.1504311100000000	0.1032707700000000
245	16.67950	2.2272306509770075	0.1560363850000000	0.0888648950000000
246	16.65760	2.2149226030858298	0.1422719350000000	0.0773630650000000
247	16.65760	2.1730115875459077	0.1338407200000000	0.0408012700000000
2481	8.56453	2.2096032214021144	0.1405727150000000	0.0778020700000000
2482	8.55860	2.2467653273488941	0.1595831150000000	0.1108741500000000
2486	8.54908	2.2344321028118808	0.1353565450000000	0.0851388300000000
2488	8.54109	2.2496618818802157	0.1329780900000000	0.0719044900000000
2490	8.53987	2.2297700960990503	0.1502485500000000	0.0363845800000000
2492	8.53909	2.2287460983969876	0.1667389900000000	0.0519752750000000
2497	8.53821	2.1958376244664990	0.1430822150000000	0.0894001200000000
2504	8.53734	2.2418227284886774	0.1584983400000000	0.1105585150000000
2506	8.53691	2.2359046525114334	0.1919664150000000	0.0784409900000000
2508	8.53661	2.2436186736503987	0.1284246400000000	0.0767483750000000
2511	8.53659	2.1979545962102640	0.1748039450000000	0.0861913400000000
2513	8.53601	2.2493427440327691	0.1697504050000000	0.0996526750000000
2519	8.53272	2.2493320377805741	0.1405410950000000	0.1195634650000000
2521	8.53184	2.2191162658048409	0.1504941350000000	0.0754101600000000
2524	8.53047	2.2133244609173199	0.1826093150000000	0.0935326700000000
2525	8.53047	2.2232239653743622	0.1192795700000000	0.0926447050000000
2528	8.52617	2.2415875687379270	0.1549270150000000	0.0567881200000000
2531	8.52522	2.2359229909964857	0.1784445100000000	0.1146568050000000
2534	8.51488	2.2250754701798319	0.0858343700000000	0.0610184500000000
2535	8.51488	2.2052539312190582	0.1330003550000000	0.0774849850000000
2536	8.51130	2.2084433185045840	0.1468787500000000	0.0969977100000000
2539	8.50858	2.2447868646397748	0.1389716500000000	0.0954262050000000
2540	8.50824	2.2125379389677753	0.1250121000000000	0.0958096300000000
2543	8.49075	2.2225628379411986	0.1573072900000000	0.0437903050000000
2544	8.48967	2.2339689545610928	0.1356099000000000	0.0892580050000000
2545	8.48967	2.2085303853871219	0.1336213350000000	0.1199178350000000
2547	8.48000	2.2424584721163110	0.1239619850000000	0.1304674800000000
2550	8.48000	2.2483061306689684	0.1369164400000000	0.0796220150000000
2552	8.48000	2.2881721218567734	0.2117799050000000	0.0512998300000000
2553	8.48000	2.2344435783385355	0.1623451500000000	0.0901012750000000
248	16.57590	2.2081567294850095	0.1469279700000000	0.0826512750000000
250	16.51990	2.3670605360795198	0.2500397600000000	0.1363291950000000
252	16.50140	2.1988609255761151	0.1353216750000000	0.1067237650000000
2560	8.48000	2.2089955030617094	0.1634790800000000	0.0758461400000000
2563	8.48000	2.2406607395919478	0.1166309650000000	0.1108587600000000
2566	8.48000	2.2495262496055153	0.1380420500000000	0.0945756650000000
2567	8.48000	2.2358276431147237	0.1512371400000000	0.0785083650000000
2568	8.48000	2.2275832177954902	0.1324053200000000	0.0537603150000000
2571	8.47797	2.2424286133099960	0.1801077300000000	0.1057098450000000
2573	8.47403	2.2400766024058534	0.1835444300000000	0.1282323750000000
2574	8.47213	2.2315591507057957	0.1312988950000000	0.0871855950000000
2578	8.46680	2.2477716745995231	0.1305913850000000	0.0601501100000000
2580	8.46656	2.1899256418512327	0.1241721850000000	0.1000452450000000
2583	8.46167	2.2475030105741087	0.1408161850000000	0.0856994400000000
2584	8.46055	2.2208797275677297	0.1159819350000000	0.0896525900000000
2585	8.46055	2.2320720032570835	0.1164396850000000	0.0820717050000000
2591	8.44759	2.2408114131158912	0.1334420500000000	0.0827963500000000
2598	8.43092	2.2300421412187927	0.1158713100000000	0.0848793600000000
2604	8.42061	2.2498482991589359	0.1208211350000000	0.0735389950000000
2608	8.41614	2.2194869441685365	0.1249928850000000	0.0861972500000000
2610	8.40807	2.2368199840216483	0.1513389300000000	0.0839831250000000
2611	8.40807	2.2270918947535074	0.1407393950000000	0.1130114550000000
2615	8.40334	2.2126285431252328	0.1721677750000000	0.1285687050000000
2626	8.38446	2.2473690127889157	0.1418250100000000	0.1316843550000000
2628	8.37889	2.2430348880054272	0.1153630350000000	0.0931131400000000
2633	8.37012	2.2508408364418329	0.1787143400000000	0.0923800450000000
2635	8.36918	2.2311241185617443	0.1480184250000000	0.1032619400000000
2638	8.36731	2.2275374383836239	0.1152814950000000	0.0869564050000000
259	16.44450	2.1915803848453272	0.1617390700000000	0.0862533000000000
262	16.21650	2.2219979737338988	0.1148369450000000	0.0637060750000000
2643	8.36655	2.2457216276263554	0.1492561250000000	0.1043099250000000
2650	8.36541	2.2531115613577164	0.1558605000000000	0.0796859950000000
2659	8.36450	2.2720259660074480	0.1287763300000000	0.0633843850000000
2660	8.36229	2.2431889376565328	0.1278758600000000	0.0731913350000000
2661	8.36229	2.2487083646446617	0.1697913750000000	0.0726329500000000
2663	8.35987	2.2346350800363290	0.1421717900000000	0.1062144050000000
2667	8.35941	2.2554700361343154	0.1930424800000000	0.0976645650000000
2669	8.35877	2.2359669347284608	0.1651972200000000	0.0559119850000000
2670	8.35560	2.2371361723636882	0.1347916650000000	0.0840779300000000
2672	8.35329	2.2100455656824947	0.1582649550000000	0.0825167300000000
2677	8.34964	2.2158825553794519	0.1618445250000000	0.0549759800000000
2685	8.34776	2.2374714155324580	0.1408393400000000	0.0780098000000000
2694	8.34473	2.2475598993867196	0.1603136950000000	0.0951774450000000
2697	8.34384	2.6053319689028984	0.3028323000000000	0.0925171250000000
2698	8.34301	2.1984263946641507	0.1528306750000000	0.1033520050000000
2699	8.34301	2.2275995639664803	0.1570185650000000	0.0975025200000000
2704	8.34054	2.2317966779257219	0.1077677850000000	0.0903748950000000
2716	8.31924	2.2314733105820355	0.1431116000000000	0.1019559950000000
266	16.20770	2.3152200508597933	0.1858963450000000	0.0782543650000000
268	16.15410	2.2125925671052151	0.1460945300000000	0.0976209250000000
271	16.15400	2.2042388796098318	0.1547887400000000	0.1237820400000000
2722	8.30872	2.2515121089152621	0.1568561350000000	0.0861977700000000
2729	8.30123	2.1930300499867075	0.1462417750000000	0.0732613950000000
2733	8.29158	2.2004778502533746	0.1137169100000000	0.0963174300000000
2735	8.27979	2.2405995077481591	0.1427341500000000	0.1099448050000000
2743	8.27706	2.2448553142409780	0.1237733550000000	0.0835983650000000
2749	8.27052	2.2396919483645070	0.1378021150000000	0.0483973850000000
2751	8.27016	2.2480917306334915	0.1520141050000000	0.0378858500000000
2755	8.26649	nan	nan	0.0000000000000000
2756	8.26450	2.2457853286673579	0.1325615500000000	0.0720575350000000
2758	8.26374	2.2373402399365019	0.1498740800000000	0.0812664500000000
2768	8.24687	2.2352491871865778	0.1426815800000000	0.0571520700000000
2777	8.23853	2.2684737105122634	0.2050470700000000	0.0411139100000000
2778	8.23466	2.2472662891167059	0.1135247750000000	0.0840499750000000
2780	8.23239	2.2451957230418671	0.1213987900000000	0.0778712200000000
2781	8.23239	2.2341327038691308	0.1350879700000000	0.1135855850000000
2786	8.22882	2.2062303098547735	0.1573075750000000	0.1385691500000000
2795	8.21916	2.2231681039275317	0.1482674350000000	0.1151783350000000
2797	8.21880	2.2060178159709278	0.1392754050000000	0.0862226250000000
277	15.97560	2.1936059408127893	0.1619168050000000	0.0908832700000000
2800	8.21535	2.2041460111015976	0.1610399400000000	0.0926450500000000
2803	8.21484	2.2241459509694872	0.1541281650000000	0.1161634850000000
2807	8.20236	2.2361060027893798	0.1364068500000000	0.1121322100000000
2809	8.20000	2.2474792766520646	0.1253864100000000	0.0886411950000000
2813	8.20000	2.2413393122251049	0.1306295450000000	0.0938971650000000
2814	8.20000	2.2515396529931122	0.1217152650000000	0.0853723750000000
2822	8.20000	2.2788413686168889	0.1469029650000000	0.0961508900000000
2828	8.20000	2.2431000196266035	0.1566573650000000	0.1131414800000000
2831	8.20000	2.2471174687128226	0.1401707200000000	0.0541458600000000
2835	8.20000	2.2413835556217383	0.1353032350000000	0.0686279700000000
2836	8.20000	2.2353056944791407	0.1413718850000000	0.0538803500000000
2837	8.20000	2.2240772947949723	0.1538246600000000	0.1092458950000000
2842	8.19382	2.2064095167861959	0.1350466100000000	0.0416782800000000
2845	8.19066	2.2316077657920581	0.1046456600000000	0.1089630100000000
2846	8.18450	2.1903576281106591	0.2803986650000000	0.0849231850000000
2849	8.18384	2.2028025594527301	0.1374911750000000	0.0988846450000000
2851	8.18156	2.1846193524788973	0.1448238650000000	0.0962053550000000
2852	8.17698	2.2522734356305762	0.1679621750000000	0.0714007850000000
2853	8.17698	2.2694406824216062	0.2421535400000000	0.0985800250000000
2855	8.17129	2.2129413254950068	0.1546474500000000	0.1222668450000000
2856	8.17046	2.1715435434675485	0.1491992900000000	0.0440975700000000
2858	8.16935	2.2311281968823926	0.1237075300000000	0.0373757800000000
2859	8.16935	2.2059190080605786	0.1653715050000000	0.1056080200000000
2864	8.16645	2.2476919787952565	0.1356862650000000	0.1056448950000000
2865	8.16645	2.2393415594763804	0.1758595350000000	0.0723642950000000
2876	8.14937	2.2529381311166214	0.1501107000000000	0.1437371750000000
280	15.79130	2.1934534826463219	0.1054595000000000	0.0896394150000000
282	15.71830	2.2265718922569095	0.1557477300000000	0.1079450850000000
287	15.37460	2.2262442070055379	0.1431382150000000	0.1040000550000000
2880	8.14488	2.2462709596075188	0.1508694050000000	0.0820622300000000
2881	8.14488	2.2423622328120527	0.1201498900000000	0.0800343200000000
2884	8.14298	2.2316708868716200	0.1502011350000000	0.0778430650000000
2887	8.13966	2.2320760063410408	0.1528886050000000	0.1159985950000000
2888	8.13955	2.2425576062411641	0.1589771500000000	0.0993544000000000
2896	8.13696	2.2222446090628711	0.1385351350000000	0.0956631250000000
2900	8.13578	2.1963796841641052	0.1332767900000000	0.0647559950000000
2903	8.13443	2.2472734495668285	0.1452629750000000	0.1075072400000000
2904	8.13383	2.2491420431112812	0.1517177950000000	0.1241420050000000
2911	8.13048	2.2295927472244221	0.1701901800000000	0.0724641550000000
2914	8.12793	2.2125821785579687	0.1690527050000000	0.0855640600000000
2919	8.12592	2.2456583288661691	0.1960263800000000	0.1409600250000000
2921	8.12544	2.2412351701036370	0.1321729300000000	0.0657165800000000
2922	8.12272	2.1984824643253269	0.1351966000000000	0.0980808250000000
2924	8.12265	2.2522463446665859	0.1345528800000000	0.0928942800000000
2925	8.12265	2.2074723443188198	0.1142806500000000	0.1338779300000000
2928	8.12122	2.2471881638446485	0.1522483750000000	0.0991352300000000
2937	8.11438	2.2272476109800770	0.1549040600000000	0.0966699150000000
2938	8.11091	2.2154378413718501	0.1455284950000000	0.1078200600000000
2941	8.11078	2.2352973988714999	0.1437503550000000	0.1051464900000000
2944	8.10951	2.2329093790042664	0.1423672400000000	0.1093017650000000
2945	8.10951	2.1919069899255996	0.1701692550000000	0.0832313500000000
2947	8.10739	2.1842995977797437	0.1404217050000000	0.0934322250000000
2949	8.10659	2.2458538324486974	0.1332430100000000	0.1110949650000000
2950	8.10431	2.2194147227514964	0.1274203250000000	0.0656236350000000
2952	8.09909	2.2502929400323564	0.1487126800000000	0.0765078000000000
2955	8.09854	2.2554102773150357	0.1860287100000000	0.1257355500000000
294	15.28500	2.2030686491119238	0.1337411800000000	0.1009075550000000
2966	8.09614	2.2304816744418940	0.1155814300000000	0.0859343800000000
2967	8.09614	2.2008441717629759	0.1010667300000000	0.0676628250000000
2968	8.09578	2.2421110369334243	0.1533728650000000	0.1120633350000000
2970	8.09432	2.2545840748428079	0.1627233400000000	0.0958440600000000
2973	8.09383	2.2508167666269019	0.1377363600000000	0.0809134250000000
2974	8.09179	2.2500339206044182	0.0946217700000000	0.0742500450000000
2977	8.09157	2.2399291969568855	0.1446415850000000	0.0862750000000000
2980	8.09130	2.2305449336601977	0.1517296250000000	0.1583183400000000
2982	8.09088	2.2385957229794999	0.1404240700000000	0.1055495200000000
2985	8.09051	2.2530219058477026	0.1650210950000000	0.0776549400000000
2987	8.09000	2.2124991146694373	0.1410560000000000	0.0906498300000000
2989	8.09000	2.2338918892543624	0.2072940650000000	0.1172075000000000
2991	8.09000	2.2585783321094688	0.1505369550000000	0.1112147050000000
2995	8.09000	2.2242479219502242	0.1373542350000000	0.0702166000000000
2998	8.09000	2.2401952193160852	0.1316532500000000	0.1001313100000000
2999	8.09000	2.2477003377630447	0.1411259850000000	0.1026937150000000
3000	8.09000	2.2455594478800860	0.1038155200000000	0.0871011700000000
3002	8.09000	2.2339600547840925	0.1088736550000000	0.1025010700000000
3009	8.09000	2.2184446213770439	0.1595732900000000	0.0562303500000000
3014	8.09000	2.1918172262618971	0.1404195800000000	0.0916707700000000
3015	8.09000	2.2028597638602792	0.1288254400000000	0.0719637350000000
3017	8.09000	2.2477030536827054	0.1414162050000000	0.0766258050000000
3025	8.08933	2.2000084244068390	0.1431660900000000	0.0930331200000000
3032	8.08660	2.2199646048247206	0.1486674700000000	0.0548922050000000
3033	8.08660	2.2295942062272225	0.1451025800000000	0.0738129500000000
3038	8.08469	2.1926462913136255	0.0799749600000000	0.0519360050000000
301	15.20500	2.2261003730472586	0.1217842650000000	0.0815364100000000
3040	8.08242	2.2451447403006695	0.1331918500000000	0.1160512800000000
3043	8.08148	2.2413001907192873	0.1159434000000000	0.0961376050000000
3046	8.07997	2.2352776948526278	0.1287405550000000	0.0833410750000000
3053	8.07878	2.2262498132331268	0.1585108250000000	0.1220090750000000
3055	8.07877	2.2440174653692457	0.1423585650000000	0.0702301350000000
3057	8.07712	2.2435531970859515	0.1492022350000000	0.0652910950000000
3058	8.07629	2.2286049747616952	0.0993965550000000	0.0901344650000000
3059	8.07629	2.2523850645516856	0.1694144950000000	0.0786736400000000
3062	8.07519	2.1823915563100966	0.1429720400000000	0.0476458200000000
3063	8.07519	2.2441821411878373	0.1293089250000000	0.0850382200000000
3065	8.07504	2.2686278628596344	0.2138352600000000	0.1428135700000000
3066	8.07475	2.2070832707295787	0.1482230300000000	0.0600904500000000
3067	8.07475	2.2359053789429146	0.1092384500000000	0.0438509450000000
3075	8.07165	2.1944735318026320	0.1703403450000000	0.1186925550000000
3080	8.06908	2.2381781449848210	0.1306113150000000	0.0880525800000000
3084	8.06592	2.1753191306380248	0.1538452300000000	0.0377868300000000
3100	8.05284	2.2521037372522001	0.1590581250000000	0.1502439000000000
3101	8.05284	2.2559926327857043	0.1364243750000000	0.0802734150000000
3104	8.05108	2.2425566127838579	0.1364068400000000	0.0747487650000000
3107	8.05001	2.2189195464692015	0.1381621900000000	0.0424162950000000
3108	8.04961	2.2358337619577600	0.1285631300000000	0.0446979500000000
3111	8.04777	2.2236488612935430	0.1615514600000000	0.1194123650000000
3113	8.04733	2.2497377485913095	0.1696307250000000	0.0938003500000000
3116	8.04640	2.2120846657671516	0.1663001600000000	0.1006478800000000
3117	8.04640	2.2265586461949658	0.1513886600000000	0.1048138200000000
307	15.11510	2.1960390586165501	0.1668401450000000	0.1025270600000000
309	15.08880	2.1990152076575940	0.1433351300000000	0.1061992550000000
311	15.04170	2.2752915202501245	0.2101665800000000	0.1465175750000000
3121	8.04428	2.2533288894784764	0.1368861800000000	0.0931127400000000
3123	8.04340	2.2408080205229179	0.1608393550000000	0.0730671500000000
3125	8.04295	2.2397721395035846	0.1301129100000000	0.0971364850000000
3128	8.04112	2.2449584125331477	0.1129224400000000	0.0544355450000000
3131	8.04084	2.2378551286420048	0.1501619900000000	0.1011292800000000
3132	8.04055	2.2438021808742050	0.1451635250000000	0.0568014250000000
3136	8.03868	2.2026434555752235	0.1270729450000000	0.0772749750000000
3143	8.03299	2.2477177009966129	0.1534591950000000	0.0650684950000000
3146	8.02833	2.2357079662553225	0.1585030400000000	0.1148504200000000
3148	8.02785	2.2959776791891278	0.2148637850000000	0.1220949750000000
3162	8.01282	2.2152288778913514	0.1587936200000000	0.1085381650000000
3163	8.01282	2.3279415592817267	0.2466701200000000	0.1192223650000000
3164	8.01094	2.2186478418587727	0.1404012750000000	0.0884098700000000
3166	8.01092	2.2407915476172779	0.1329417600000000	0.0854725950000000
3176	8.01068	2.1649263199442150	0.1278125550000000	0.1248524350000000
3177	8.01068	2.1838389914178737	0.1343594300000000	0.0732618700000000
3178	8.01058	2.2356270076039473	0.1697579800000000	0.0746260200000000
3180	8.01055	2.1733672776366291	0.1291708100000000	0.0620879550000000
3181	8.01055	2.2762187566667182	0.1631699500000000	0.0558567950000000
3184	8.01041	2.2222552457779878	0.1586608000000000	0.0925930250000000
3186	8.01038	2.2219750388762347	0.1573986600000000	0.0938442100000000
3189	8.01028	2.2388281238813552	0.1460284700000000	0.1041286550000000
312	15.02260	2.1718402694682428	0.1393217600000000	0.0867426500000000
315	15.01960	2.2154165691369196	0.1222776900000000	0.0706363100000000
318	14.98660	2.2182555095067604	0.1423389550000000	0.1172165100000000
30	76.54120	2.2157868063285244	0.1981438700000000	0.0923052550000000
321	14.98120	2.2212822495708808	0.1493020450000000	0.0443694300000000
328	14.72970	2.1914452870384218	0.1271423350000000	0.1088518450000000
329	14.72970	2.1967335988349737	0.1629072500000000	0.0900727450000000
333	14.68190	2.2326819163642453	0.1215471650000000	0.0773871500000000
339	14.65620	2.2253400620939914	0.2030355700000000	0.0789925750000000
341	14.65040	2.1993927116132079	0.1345759250000000	0.0952704800000000
345	14.64280	2.2249812784334213	0.1439232950000000	0.1046914450000000
352	14.56770	2.2271697159461215	0.1415826950000000	0.0961066350000000
355	14.55770	2.2241146644945560	0.1635321700000000	0.1052900850000000
361	14.54000	2.1714727324599639	0.1344589400000000	0.0734018300000000
364	14.51810	2.2871320630895888	0.2249581950000000	0.1235910900000000
369	14.49040	2.1996470818406419	0.1450831050000000	0.0902124600000000
371	14.46400	2.2286646275987394	0.1526349300000000	0.0795969200000000
373	14.42060	2.2922831313420207	0.2297453850000000	0.1450792950000000
374	14.41300	2.2067939180243470	0.1491627650000000	0.1156464700000000
377	14.40380	2.2105622728495771	0.1408888900000000	0.0511968550000000
378	14.38140	2.1917596993983657	0.1470441650000000	0.0715653350000000
381	14.36460	2.2125476579592966	0.1546561700000000	0.0826012600000000
384	14.28480	2.2126456035851958	0.1324481250000000	0.0891842800000000
385	14.28480	2.2375053441294552	0.1841068800000000	0.0737979950000000
387	14.18730	2.2296794620009526	0.1115409000000000	0.0952325400000000
391	14.17370	2.2267882152977623	0.1243335550000000	0.1121388650000000
32	70.71640	2.2028882678333317	0.1218346700000000	0.0535790800000000
35	68.84570	2.2033509854087248	0.1496354600000000	0.0994218150000000
36	67.20040	2.2086318776508334	0.1773970400000000	0.0898725250000000
409	13.91000	2.2461189736065319	0.1633831750000000	0.1297877850000000
410	13.90950	2.2262398388042999	0.1254815350000000	0.0741029950000000
414	13.85370	2.3166764445957004	0.2469253850000000	0.1527276450000000
419	13.68290	2.2091487149265729	0.1447004000000000	0.0676416000000000
422	13.54540	2.2384412595089005	0.1640347850000000	0.0708576750000000
424	13.54440	2.2046478866815833	0.1314441600000000	0.1092546900000000
426	13.50120	2.2370463695774703	0.1667847000000000	0.0682538450000000
428	13.46590	2.4511873297434859	0.2923428850000000	0.1266414400000000
430	13.44830	2.2185726462705500	0.1277098400000000	0.0632293450000000
434	13.38960	2.1810346853664155	0.1183646900000000	0.0745528150000000
436	13.38880	2.1843883170600447	0.1439774950000000	0.0512884300000000
448	13.33910	2.2081167351925979	0.1383863950000000	0.0961653350000000
450	13.33800	2.2346881501290934	0.1613130200000000	0.0331742450000000
451	13.33800	2.2208558488518371	0.0715075350000000	0.0871445450000000
458	13.32660	2.2226195836413583	0.1336894650000000	0.1130581750000000
459	13.32660	2.1869608335764683	0.1168607600000000	0.0959640700000000
460	13.31720	2.2329470034496754	0.1437421100000000	0.0770660100000000
464	13.29930	2.2306307808403596	0.1357883050000000	0.1167857000000000
465	13.29930	2.1907039470299732	0.1621849450000000	0.0811506400000000
470	13.28050	2.2244622486133765	0.1525809450000000	0.1167637650000000
471	13.28050	2.2360074567242552	0.1519785500000000	0.1149813550000000
475	13.26380	2.2203919829883847	0.1252789950000000	0.0736097500000000
44	56.03560	2.2029435083542763	0.1237152400000000	0.1234718900000000
481	13.21680	2.2205143898012740	0.1431090400000000	0.1066604250000000
484	13.21000	2.2077774754424921	0.0735236800000000	0.1023377250000000
490	13.21000	2.2201727701503087	0.1359224600000000	0.0709537100000000
497	13.21000	2.2339243157843351	0.1249476350000000	0.1376492750000000
500	13.21000	2.3741280287548676	0.2446316900000000	0.0500703150000000
503	13.20940	2.2149812798725836	0.1499079200000000	0.1169428950000000
510	13.20650	2.2259913146130619	0.1447487650000000	0.0979363650000000
511	13.20650	2.3409650835704761	0.2432110900000000	0.1884215450000000
516	13.20490	2.2210143426768365	0.1393644000000000	0.0496677850000000
519	13.20380	2.2188288716858624	0.1488412300000000	0.0997292900000000
521	13.20350	2.2316093686988836	0.1381059900000000	0.0837904450000000
522	13.19800	2.1862174952167623	0.1645808150000000	0.1166605150000000
523	13.19800	2.2180780481181603	0.1553244800000000	0.1153355750000000
525	13.19760	2.2329444791308219	0.1174427900000000	0.0923348400000000
526	13.19720	2.2286410680982378	0.1471788600000000	0.1269186350000000
527	13.19720	2.2246026821055498	0.1550457100000000	0.0980307850000000
528	13.19430	2.2359557218247614	0.1602774750000000	0.0825212950000000
529	13.19430	2.2014142923434203	0.1124984150000000	0.0880134650000000
531	13.19420	2.2249598820828531	0.1784200750000000	0.1072341450000000
532	13.19230	2.2260619601602176	0.1515409300000000	0.0707222500000000
536	13.19110	2.1971393119307221	0.1491349000000000	0.0638061600000000
537	13.19110	2.2212865131340243	0.1594376200000000	0.0906093650000000
539	13.19100	2.2157495618681287	0.1187484750000000	0.1031719950000000
540	13.16820	2.2128165752961375	0.0655367150000000	0.0803881100000000
541	13.16820	2.2214803743843916	0.1587306600000000	0.0825752250000000
543	13.14490	2.2265733162459900	0.1505429800000000	0.1188943400000000
547	13.09850	2.2209953033320060	0.1465793750000000	0.1108633750000000
552	13.07160	2.1985242803493126	0.1664852350000000	0.0569433550000000
557	13.05700	2.1952188810886550	0.1599251850000000	0.0728844400000000
49	53.59700	2.2057650015512125	0.1192861850000000	0.0678448500000000
51	47.21450	2.2049216206801345	0.1409108000000000	0.0980533400000000
52	47.09940	2.2020724569830850	0.1500518050000000	0.0912243100000000
53	47.09940	2.2062706394002882	0.1454855700000000	0.0924261400000000
561	13.04230	2.2287347119588521	0.1678748050000000	0.0892877500000000
564	13.01880	2.2198041044771082	0.1538875050000000	0.0550225750000000
566	13.01160	2.2314081018545147	0.1430955100000000	0.0872353600000000
570	12.98000	2.2051477588419561	0.1385724800000000	0.0902530500000000
583	12.78530	2.2160622146876738	0.1467706000000000	0.0945510550000000
586	12.70350	2.2290215092499617	0.1608098400000000	0.1105621900000000
590	12.66740	2.2260367056258334	0.1194049350000000	0.0996626250000000
592	12.65950	2.2273881998750920	0.1385439200000000	0.0850828050000000
595	12.64030	2.2030064441536479	0.1487885600000000	0.0902124800000000
598	12.62770	2.2142798363687612	0.1422944950000000	0.0818213250000000
599	12.62770	2.1882260389126551	0.1540740400000000	0.0368766950000000
600	12.60080	2.2158785882556677	0.1582818350000000	0.0784606900000000
605	12.58840	2.2245332072854338	0.1281769450000000	0.0842404200000000
606	12.57920	2.4180496231159863	0.2922463750000000	0.1588511150000000
610	12.56820	2.2260827296639278	0.1407499900000000	0.1091681350000000
611	12.56820	2.2131777119129170	0.1623711950000000	0.0689940850000000
615	12.55630	2.2333351626393632	0.1587331300000000	0.1096474550000000
621	12.52900	2.2320870666457626	0.1358006050000000	0.0897722850000000
623	12.52010	2.2648133337391241	0.1674300250000000	0.0921328450000000
624	12.48940	2.1712284720389929	0.1433788050000000	0.0624908000000000
627	12.46550	2.2206128990904861	0.1001561000000000	0.0969327500000000
629	12.44730	2.2153786814464289	0.1313408650000000	0.1055250450000000
631	12.43320	2.2373124831639357	0.1488773950000000	0.0435052250000000
632	12.42190	2.2094070186124961	0.1377181800000000	0.0913064950000000
633	12.42190	2.2211503600658005	0.1241284100000000	0.0351882750000000
634	12.41290	2.2253924889883954	0.1202479050000000	0.0783106750000000
639	12.39250	2.2329662471851561	0.1505794350000000	0.1099032650000000
58	42.54600	2.2177197686294257	0.1765289000000000	0.1281634250000000
59	42.54600	2.2078240247219032	0.1398077700000000	0.0998112300000000
60	42.09350	2.2089720731926414	0.1446179150000000	0.0876760200000000
640	12.36280	2.2034523488594426	0.1668310200000000	0.0836597900000000
642	12.35490	2.2104727564216544	0.1340545400000000	0.0867058250000000
645	12.34660	2.2358888061316238	0.1821087750000000	0.0629586750000000
649	12.32760	2.2113540243622518	0.1509207500000000	0.0965880950000000
651	12.31590	2.2273735431208395	0.1371334400000000	0.0685301800000000
660	12.28060	2.2296149576122799	0.1313991250000000	0.0527481900000000
672	12.26710	2.2322105995020163	0.1686533650000000	0.0868920300000000
674	12.26040	2.1947534996421658	0.1542608250000000	0.0681527950000000
676	12.25110	2.2385995521938398	0.1585455900000000	0.1135618050000000
683	12.24970	2.1980116832957175	0.1309584100000000	0.0773663800000000
688	12.24830	2.2395386381970939	0.1609376500000000	0.0650262700000000
693	12.24590	2.2182885061045234	0.1079682700000000	0.0580281450000000
695	12.24330	2.2264358254309120	0.1223973050000000	0.0724227050000000
698	12.24100	2.2377906908978136	0.1480118800000000	0.0406930800000000
708	12.23660	2.3059727961191738	0.2294410100000000	0.0888545900000000
709	12.23660	2.2390695720318607	0.1409273000000000	0.1112370500000000
714	12.23160	2.1741351204336148	0.1549622950000000	0.0666999400000000
64	36.87240	2.2104826209344712	0.1373872750000000	0.0726035900000000
65	36.87240	2.1880057484501974	0.1403699550000000	0.0874328800000000
68	34.70490	2.1729244436108965	0.1422473450000000	0.1079280350000000
69	34.70490	2.1901055939163263	0.1480924000000000	0.0644111650000000
71	34.34650	2.1992895921872444	0.1255218050000000	0.1044482250000000
721	12.20990	2.1966898825931094	0.1396969300000000	0.0326587750000000
724	12.19220	2.3285571728280523	0.2437380550000000	0.1536192050000000
726	12.19070	2.2373443851843122	0.1312566450000000	0.0758219550000000
729	12.18790	2.2218575505061349	0.0974209150000000	0.0507406700000000
736	12.18220	2.2083574286504146	0.1552489950000000	0.0953229150000000
739	12.17880	2.1735268126589045	0.1033442850000000	0.0906800750000000
741	12.17800	2.2211912589392218	0.1816954000000000	0.1359759900000000
746	12.16690	2.2371137176979206	0.1569208000000000	0.0886120050000000
749	12.16000	2.1607399879847908	0.1299625100000000	0.0648076800000000
751	12.14600	2.2176376779542397	0.1622581800000000	0.1074079450000000
756	12.04910	2.2377448288631956	0.1684763850000000	0.0950293350000000
758	12.04560	2.3411560426147195	0.2515173700000000	0.1239299650000000
759	12.04560	2.2509823111810032	0.1782158100000000	0.1018720450000000
761	12.03310	2.2005469202376489	0.1170541000000000	0.0569460900000000
762	11.98980	2.2116038949768742	0.1232129150000000	0.0862762700000000
763	11.98980	2.1813496734594229	0.1400309150000000	0.0638050750000000
766	11.96070	2.1993898293463774	0.1190639200000000	0.0992606800000000
768	11.93360	2.2243733731719031	0.1614165950000000	0.0971183900000000
771	11.91480	2.2777955218592880	0.2241124600000000	0.0929617550000000
773	11.90250	2.2340888213262060	0.1493453750000000	0.1307034650000000
775	11.87410	2.2293319108759220	0.1703027150000000	0.0889676600000000
779	11.86530	2.2274551216778340	0.1414622850000000	0.0675391750000000
780	11.85060	2.2307646935361438	0.1325330000000000	0.0945272050000000
786	11.81710	2.2217445924595314	0.1454696850000000	0.0910415550000000
791	11.79730	2.2383557882383411	0.1272530650000000	0.0915794100000000
797	11.77000	2.2276943841094941	0.1184445250000000	0.0794813550000000
798	11.74940	2.2234905286553097	0.1152902900000000	0.1038935500000000
74	32.32140	2.1899170046342071	0.1315284850000000	0.0765954700000000
75	32.32140	2.2110139875903831	0.1476619900000000	0.0897644750000000
