147.49
4.06995
4.35645
4.69902
7.67354
6.61961
4.04413
4.19556
5.98005
6.05012
5.62748
4.99103
6.39008
6.09737
5.95941
4.08821
5
4.59597
11.4275
7.71594
4.72137
5.30174
4.88565
4.86181
5.98162
4.65639
16.7447
5.94109
4.27006
4.94294
4.04813
6.50003
4.05404
4.12811
5.8738
4.99201
9.58719
4.85628
4.73062
5.9849
5.11851
4.14228
6.99024
4.43023
5.11225
12.6426
8.0773
6.88144
4.49598
6.83207
4.44442
11.8474
4.1747
4.24173
6.74909
4.95835
4.34973
5.6707
4.16424
4.02935
4.49998
4.12503
4.01006
4.67039
6.38195
4.41998
4.26004
11.4765
8.85313
5.65792
7.71764
7.11878
4.19992
4.16991
4.15883
5.97077
4.46989
4.73684
5.91927
4.24722
5.84
5.93497
5.68967
5.78332
4.54794
4.28517
10.1737
8.08467
6.35654
6.7791
6.95937
4.04727
5.27085
4.12611
4.25742
6.25027
5.18987
4.73165
5.01785
6.59951
4.41572
4.11536
5.59931
6.43016
8.47765
4.19882
6.96937
4.18313
4.44866
7.47851
4.04241
4.78988
8.08245
4.01982
7.91167
4.44085
12.2634
5.78232
4.33431
5.61069
5.50983
5.45059
4.24928
4.35462
4.31335
6.62067
4.55085
4.41005
4.322
8.99044
4.96843
5.17417
5.25325
4.65214
7.64305
6.3534
4.72232
4.7176
4.17418
4.44217
4.40855
8.46518
6.25985
6.38959
4.7212
4.56983
4.74063
4.43296
4.40991
5.72922
4.48033
9.30426
4.35666
4.49604
4.591
11.7813
6.42442
5.20148
8.45468
4.10089
11.6989
4.7229
5.87348
6.53933
6.99964
4.00913
5.18578
4.27849
4.8659
4.59223
7.84714
5.06002
5.97
4.12003
4.13999
8.09294
5.20191
12.2316
5.3892
6.98731
5.14163
4.48027
5.0267
4.28634
4.57993
4.38007
4.99183
7.54955
4.88651
8.36841
5.25044
5.55295
7.69092
8.63574
5.01801
4.07706
4.7601
4.96945
5.97077
4.21994
13.2591
4.80712
5.1782
4.72298
4.83876
4.59996
11.4633
5.02974
19.1647
4.62812
10.9107
4.49919
4.41018
4.14775
4.01005
4.62903
12.0077
4.40989
4.2838
5.01829
4.69001
5.97021
4.012
3.99999
4.38024
10.6989
5.10067
5.28648
7.52274
5.24962
4.8072
5.3273
4.45389
5.10844
4.35962
4.69002
5.52889
5.01269
4.28973
7.08998
9.18256
4.07001
4.84521
5.16271
6.47736
6.0502
4.09257
8.00877
4.60806
5.71699
9.5655
4.17605
4.2355
4.44068
9.23965
6.39975
4.50597
5.80851
5.5769
4.32269
4.83509
4.93996
5.93792
5.3398
5.22447
7.65335
4.4998
4.17992
6.17766
5.51977
10.799
4.78748
8.30517
4.66661
4.1351
5.97092
4.13999
4.87395
5.28839
4.91079
6.12474
5.92542
5.28955
4.5419
5.29829
13.3205
8.19246
5.4294
5.51229
6.71299
7.37675
4.27199
5.13333
7.6703
4.95559
10.2032
5.47005
4.59101
17.0194
6.1303
4.70147
4.91992
7.96701
4.24997
4.74682
4.21993
15.7958
7.96823
5.75065
5.39051
4.99862
4.0073
5.00235
7.71899
7.78068
7.58673
4.51447
4.18026
5.38343
5.39993
6.6059
5.30005
4.20982
5.04993
5.16018
5.68948
5.04957
5.61665
5.12072
11.9134
4.39697
4.80723
4.25844
4.26001
6.19983
4.842
8.53196
6.29109
4.82301
6.88013
5.55312
7.67002
4.81861
6.88888
4.80941
8.86501
4.72836
4.26026
7.24264
4.85937
6.63621
4.01006
4.18303
4.21997
4.04529
4.99021
4.16844
4.85701
9.58656
4.49795
4.86081
9.55964
5.58146
4.48954
5.37312
4.04598
4.25273
5.81957
4.71994
4.39812
5.73561
4.34562
4.14427
5.02036
10.2908
4.72996
7.13508
4.57918
5.96899
5.32036
4.93558
4.49133
5.3205
6.03861
6.49957
4.2698
4.01021
4.84509
6.40735
6.98751
4.63996
5.28004
6.20121
6.00964
5.78503
5.27576
4.44731
4.28445
5.91367
4.83879
4.23581
9.13833
4.74542
5.22934
4.77777
4.50192
4.12992
5.51014
4.7012
4.37998
5.49543
4.02
5.48187
5.02823
4.39944
4.76516
6.78751
4.69003
9.14174
11.0747
4.05258
7.66761
5.82782
4.41559
10.9148
5.91751
4.21954
4.25077
4.4119
4.98057
4.86085
4.83234
4.09047
4.16608
8.83498
9.50083
4.02906
6.61945
5.67304
4.54933
5.11441
4.12996
7.55246
4.24842
6.76593
4.95505
5.01257
9.01225
4.86598
6.48823
4.50584
4.70921
4.73006
7.99125
5.04026
4.2457
4.86089
4.62985
12.7991
6.84314
4.84378
4.80728
4.70351
8.94695
6.75211
4.67121
4.53006
4.34599
5.9784
4.13974
4.62017
4.78462
4.71987
6.24975
4.02
10.7151
9.31129
8.53221
4.00829
16.4703
5.30527
4.08396
4.86386
5.97052
4.86595
5.00324
4.14
5.0701
6.08247
5.95959
4.01998
4.16579
4.28682
7.83814
5.02105
4.13117
7.82623
5.46914
4.81901
4.05999
6.84932
4.06005
4.05646
4.73002
10.7466
7.48502
4.85771
4.79428
5.4245
4.35595
4.59215
5.93664
4.11828
5.42788
10.6545
5.39013
5.37206
5.36306
6.19163
20.5872
7.67028
8.97676
7.71618
5.94029
7.04994
4.79443
4.01999
5.00964
13.1918
5.16946
4.4242
7.52754
4.13375
4.58473
4.03979
5.57741
4.3653
5.15909
4.75638
9.13998
6.88055
4.012
4.39977
4.09196
4.11982
5.32049
4.06107
5.02848
4.94043
4.99017
6.64546
6.88094
4.56992
5.56954
4.296
4.41101
4.08502
6.80212
4.09318
4.94317
6.15791
4.50022
5.64405
4.63993
4.73005
6.62189
4.82357
4.49785
4.5237
4.57963
4.33156
5.77021
5.76014
8.21793
4.34715
4.29202
6.15727
4.28273
4.92139
4.44046
8.06408
5.65769
8.96572
4.9916
4.99998
4.44863
7.77621
5.9401
8.82243
4.03092
6.98595
4.13498
5.14537
4.49995
4.47575
9.36204
4.60472
5
4.78462
4.57145
7.75231
4.35313
6.77997
6.99988
5.06385
4.58509
4.82
10.7468
4.93969
7.34905
12.9359
4.15682
4.57009
4.35377
4.42998
5.20353
4.57896
5.1418
4.22672
6.58259
6.10483
5.75275
4.25318
4.67784
4.14212
7.39761
4.8227
4.41
5.28996
6.13964
5.95341
4.19966
4.59321
4.18517
7.77916
5.12282
4.9074
7.78094
6.23931
8.63441
4.86258
9.14179
8.9326
16.7893
4.10059
4.41996
4.77224
41.5344
4.83472
4.2001
5.56063
4.77838
4.69999
26.5246
5.28082
4.21926
4.92507
4.31313
8.20009
4.28512
4.50593
4.92764
4.19051
5.08958
6.31772
4.42435
11.4726
6.43223
5.40002
4.29983
4.74091
9.22604
4.52148
4.12469
4.19133
19.2498
6.49995
4.93868
5.16798
7.25216
4.34
4.19857
9.66394
4.285
4.33103
5.0181
4.839
11.7016
4.18779
4.30225
4.47979
4.19429
4.7499
4.46202
7.51339
4.07593
4.50586
5.40028
4.21001
4.55972
6.45934
4.05501
5.63143
5.45344
6.77993
3.99999
5.06884
5.17088
4.1663
4.45962
4.96768
6.48742
4.55737
4.59597
4.47635
4.8275
4.74588
4.19019
4.05549
4.35346
14.8456
5.15863
4.52015
13.1956
5.21879
4.43024
26.1401
4.41029
4.05995
6.81732
28.0782
4.30914
4.88418
5.14388
5.40044
4.35977
5.91367
16.4602
4.04919
4.73253
4.41109
8.11443
4.90953
4.76
4.99997
4.35376
4.27256
8.85629
4.43155
5.3395
10.0586
5.32626
5.00547
6.0595
4.98861
7.57217
6.33965
4.41009
5.17599
4
5.50578
4.70944
5.18986
4.13878
7.18551
6.61898
26.6747
4.40991
6.77581
6.34045
5.9381
4.00992
6.17991
5.33599
4.861
4.1198
4.80348
9.48333
5.13316
6.80042
6.99947
5.98505
6.10545
5.19021
4.75006
5.24969
5.57786
4.1895
11.5744
5.96102
6.63143
4.83719
8.53797
7.09003
5.52782
4.29175
4.96853
4.28156
11.6342
4.38004
5.91412
4.45082
4.01197
7.80313
4.35612
6.87927
11.0552
4
4.47015
5.7382
7.00016
12.5897
4.48996
4.90009
4.01201
4.68953
5.01805
4.09145
4.18877
4.6404
4.79451
12.5197
7.68019
7.69165
4.34003
4.01793
4.59385
12.198
4.50001
4.83879
5.07562
8.78127
4.94033
5.67112
7.51298
7.31305
6.54144
11.1139
4.40009
4.18668
4.03869
4.61938
4.34643
4.1699
6.46034
4.63023
4.23272
5.91378
6.10417
4.87797
7.91949
5.64337
4.22001
4.40746
5.48181
6.33982
4.60117
6.18552
9.08621
7.71937
6.48811
4.73518
5.38985
6.50072
4.27002
6.55999
4.39186
4.38302
5.01793
8.36069
13.0886
4.35559
4.70019
4.08501
6.24506
6.87963
6.34639
6.60205
5.33757
8.89967
5.55909
5.89161
4.26026
6.50125
4.34
4.19462
4.34996
5.30462
4.249
5.36257
10.9173
7.36541
4.3184
4.37997
4.46975
5.0297
7.7859
4.41534
4.43979
4.58448
4.07502
16.6981
4.14194
5.71642
4.59994
4.86071
6.14934
4.17537
8.09001
4.05004
5.10018
6.33983
5.0175
4.27361
4.80502
4.04717
4.33506
6.0451
4.83045
4.24767
5.76
4.19228
4.41903
4.13014
7.04093
5.00731
4.56028
4.183
4.81774
4.56199
4.39127
13.1853
12.5726
4.80706
5.7788
4.38822
4.18016
4.38937
4.80798
6.23233
4.14205
6.14244
4.47101
4.59031
8.27008
7.6698
6.53008
4.97028
4.45915
4.01477
6.3902
4.7401
4.07259
6.61739
4.82403
16.4669
12.259
6.58733
5.98995
5.56728
4.47102
4.58188
4.03009
6.96936
4.69985
4.57472
11.8233
4.62575
4.23855
16.476
4.14098
5.97899
13.3154
7.10612
4.40992
4.13001
5.00849
4.41097
4.331
4.2823
4.81984
4.58831
4.15438
5.13324
6.51561
5.83119
4.42705
5.00888
4.14179
4.7515
4.27992
5.75752
4.29983
5.28977
4.37027
4.86217
4.944
6.98118
5.06186
4.77968
4.63641
4.21002
6.05026
4.60571
9.13914
8.30208
5.96074
6.50528
4.9
5.71973
4.17423
5.30051
4.22024
4.89723
4.1202
4.0747
7.86804
6.82619
4.45063
4.71942
4.10847
7.59734
5.459
4.32232
4.69
5.42755
4.01625
4.49794
14.6563
8.22613
4.52831
4.76312
4.99997
5.20017
5.23793
4.54763
4.25762
7.33799
13.2161
4.62607
6.52993
20.8853
5.29028
5.04
5.10973
6.91809
4.28292
4.93995
4.63002
4.26662
4.79986
4.79011
5.1839
19.6385
4.29188
5.01005
4.40635
4.93994
4.53304
4.40994
4.25985
5.32726
4.39748
4.81993
4.05005
4.12003
4.59966
7.98999
11.3565
4.97123
6.8443
4.98802
11.5094
4.33999
4.21876
8.91215
4.40007
4.71696
4.19661
7.90423
4.00099
7.44116
4.87773
5.23061
4.41001
5.14179
4.25928
4.72264
4.05502
4.0508
4.13502
4.92703
4.26802
9.13856
4.17997
5.22439
4.08508
4.07712
5.67482
5.32678
4.33959
4.45561
4.79078
6.88521
4.03176
5.30647
8.61331
8.53267
5.74185
5.81229
5.78574
5.65161
5.75049
4.58643
12.3051
15.1759
5.55595
6.61914
5.16616
5.19071
4.01854
7.67028
4.49999
4.20006
5.10066
4.79503
4.19468
5.38651
5.06968
4.62982
4.87854
4.89989
6.71177
4.02005
5.98929
4.40008
6.79038
5.89059
7.77805
4.56889
4.30126
4.82332
4.21059
5.19002
4.21002
5.23098
4.41278
4.58509
4.83457
4.28
5.14032
9.49034
5.00864
4.33997
6.43072
4.48006
5.47919
6.49465
4.08024
4.17074
4.31623
4.85245
4.25323
4.0122
4.73006
6.25992
5.57607
8.07432
5.06049
10.1193
4.16587
4.70859
4.30697
4.89999
4.57901
4.18317
4.02994
4.01158
4.74062
4.055
4.5934
4.92326
4.3558
4.31302
3.99999
12.3425
4.90161
16.4715
6.14786
4.75031
4.45364
4.59106
7.24841
4.80803
5.51822
4.94079
4.41901
7.50984
4.08572
4.74527
7.88262
4.0857
4.06501
4.45094
4.83228
8.95478
4.4985
4.04883
4.54257
4.839
7.12177
9.15709
4.06999
4.85214
5.56826
4.10002
5.48099
4.47713
7.77025
4.25976
5.95377
7.23954
4.28977
5.77132
5.66994
10.9292
4.65062
6.76463
4.98975
4.14186
5.78045
5.94902
4.42413
5.19946
5.08342
5.46645
5.58451
7.55537
5.00714
5.55707
5.62859
4.28059
5.95322
6.79841
5.46554
4.49999
4.41007
4.25
6.50146
4.34841
5.57806
8.62901
10.7433
6.38862
6.45336
6.0595
5.28933
4.41001
4.26802
5.13055
5.0013
6.40295
4.44224
14.6426
5.55715
4.45237
4.14002
4.80702
4.76015
6.04764
5.14001
5.83197
4.5135
4.96316
4.05666
5.43885
4.17057
5.93308
4.1573
5
4.25962
5.04993
4.49
5.95871
8.09114
4.20187
5.68831
4.99999
4.99592
6.95469
5.55984
5.73454
5.25287
4.49996
4.63899
4.11994
4.07504
5.96073
23.1725
7.49862
4.63991
4.29987
10.6066
4.23221
6.26069
4.18876
13.3204
4.81994
4.26804
4.29088
4.39969
4.51028
4.5077
4.33115
4.61964
4.97066
6.25048
4.39901
5.13421
7.14109
4.25273
4.31018
4.54641
4.56044
4.30162
6.40168
7.80242
7.23947
7.37276
4.1035
4.78464
5.21238
4.65653
4.94037
5.32015
7.96881
5.42989
6.18038
5.93929
4.67021
7.90449
11.5927
4.85792
8.91157
11.8474
4.0289
4.24923
7.88256
19.2056
4
4.00689
4.83927
7.25036
5.48782
4.72899
5.00004
5.5102
9.24012
5.62047
5.30601
6.09093
4.12514
9.23853
4.60106
4.665
4.92034
5.56273
8.35854
4.0569
4.49996
6.40598
4.18392
4.14386
4.16699
8.05054
4.46992
4.13998
5.91612
4.18461
7.11963
5.01788
4.6271
4.6165
4.86095
4.40001
4.93997
4.18005
4.96965
4.31284
9.13888
6.99973
4.80003
4.28057
4.73897
5.18812
4.99142
4.82661
4.66571
5.32699
5.64999
6.88302
4.66222
4.88168
7.86539
5.87316
4.39874
5.23815
5.57099
4.08318
7.18112
6.06766
4.01
4.6198
6.46623
5.17079
6.17302
4.47691
5.11679
4.67993
6.50823
5.62084
4.57021
4.76573
7.11878
7.04899
4.29009
4.63682
4.76003
4.26809
4.35001
6.25004
6.50001
5.26656
9.63891
5.06922
4.50002
9.30238
4.70978
4.47483
4.05499
4.50001
5.59937
4.43812
4.94
6.52649
4.04346
5.17
4.59563
6.65399
4.11919
4.42397
4.68997
4.17612
4.07
8.05395
4.00002
9.19568
4.53204
4.69994
4.41195
5.9135
4.44081
4.26997
4.7233
5.95016
5.04261
4.04891
4.17539
5.33228
7.99009
4.15092
4.72946
5.12695
8.35572
11.6821
6.40363
7.48225
9.01194
4.92169
4
4.82794
7.04486
5.06386
4.19958
4.49799
10.1327
7.88851
9.21944
4.41979
5.88975
4.14296
12.9059
4.93568
4.49291
5.13341
4.25226
4.50002
14.9659
4.43296
4.95389
8.19245
9.68277
6.83891
9.66154
5.01363
5.27261
4.27623
5.15104
5.21969
5.26619
5.59896
8.04319
8.44299
10.3076
5.95873
8.9553
4.59982
4.74703
4.4901
10.9173
4.47175
5.28955
4.04886
4.45076
4.95637
6.73115
4.24874
7.09272
4.50005
5.59479
5.94015
4.57984
4.72266
6.1699
4.07954
5.25119
6.56144
4.39745
4.80707
4.22833
5.71492
8.35759
4.92164
12.5605
6.05933
11.0476
9.08518
4.01301
7.97027
4.38017
6.43345
10.3821
4.34008
5.78205
4.9632
13.2387
4.78521
4.29999
4.6686
6.78583
5.4297
5.97359
4.41995
6.04353
4.061
5.00992
13.2136
5.43943
4.21009
4.94001
6.20067
5.68922
4.11924
7.78009
4.41958
4.61965
4.75031
6.13193
6.35869
5.74657
4.38829
4.47027
5.20138
4.20967
4.81774
4.60942
4.35084
5.11026
4.34
4.39618
4.29221
5.62373
6.99027
5.89004
4.75661
4.31221
5.32008
4.17145
4.18004
8.61355
5.62821
